6.596872620140198
7.070503694589901
7.534432103922921
8.012921991307598
8.361011226162162
7.847589451183616
8.208327549206063
6.109050724038222
8.312875828137802
8.35121361864204
6.6952944084352914
7.303359823457468
7.845518208895273
6.713244782953614
7.3440409655427
8.149594394717242
7.098785917689664
8.07769521878507
7.739157689411213
7.2713003608392945
6.64255734474695
4.645736586665583
7.731820573828731
7.4613614523789575
7.154876767666362
4.628500428226287
7.961675884701683
7.597721976891071
7.9392542256692105
7.811468731237029
7.817431912188567
5.796248149754459
8.62119696622395
7.011348638436042
8.905657825709739
8.318882066281384
8.727267214065424
8.088863575692617
6.7303083662161995
8.001624860333555
7.10843692129542
8.645958815997123
7.631777626871083
7.209457622476011
7.401227798246495
6.9081507749741125
5.901466645006707
7.628462368348986
8.539588119244755
6.975317690540432
3.5936142387978327
7.129932344498039
7.964094674728658
7.710733908782277
7.379462470330543
7.409619349167996
8.210261757949349
6.961316684391019
6.711177869003263
7.8363588444014916
8.399033749562143
7.618476328709292
7.416311111522914
7.49637980228412
7.771292715962385
8.007719848998871
6.562376092498155
7.337893705988144
6.458377326457022
7.322820501240557
4.629234009815052
7.944001954305827
7.902549989853466
8.570438646050427
7.674376476957428
8.901963687173284
7.243606372925148
7.205766038701413
7.05536129120957
7.891423967691059
7.750067723929956
6.214182219700591
7.228399931256604
6.591339897584753
7.5344991878127185
8.071459561770011
6.099707665656879
8.486100897817114
8.346848541444867
7.916178688939303
6.518760347152
7.717339788079681
8.330725551167555
10.096672825424985
8.104073363621062
6.904692249413534
7.189174843854625
7.942912055587195
8.11286350571711
8.482350208843949
6.630580466806239
8.207233716579434
8.061635712638433
7.155494830944665
8.022791693273414
7.826711914291136
6.4792801863329235
6.668173506729537
8.52717027512916
7.397491643378226
7.4933742996682255
8.603518516427604
7.770653798979542
7.9186433884120895
6.85143885832173
6.014360933709591
7.858684698938429
9.421081833471751
5.879844747731299
6.459399927911937
7.813841679803288
7.38853083726079
7.172851970827431
8.302650511516205
7.5428561735369435
6.982417547551252
7.391609167502811
5.795826048987337
6.6148645847282275
7.782026850117832
6.628631170275399
7.985814520842791
7.2147286164635975
7.087026672913747
6.8609622015584
6.742403885948622
5.672251338201977
7.680813737205151
5.945862436201036
7.085567934976331
9.07362694135
6.522151749429675
5.653285479147268
6.8294341127039875
7.385585366862343
7.7824546570312645
7.759934946817358
8.113619799606036
7.175331734198178
8.17922759847059
8.683363018049624
7.4948700801446435
8.344395894963377
8.676864346206793
7.212706138237297
7.637452727953541
7.347814406654214
6.544829015425665
7.621247568795767
7.009425719032653
6.2414570702518954
7.787778096193018
8.128030556386937
7.604765133018709
7.434703350215745
6.395832299143985
7.044034676094046
6.892680900875306
7.33852052156838
7.891413940074436
6.855332656961465
7.569038072149224
7.701573119194796
7.566629975449671
7.971984685497864
7.475323151840324
6.902894196009711
7.400991564450098
9.101604202360129
7.166436034245919
7.683747057041764
5.480938147463327
8.22473645619432
7.637999796884074
8.230201637934673
8.892907339662269
7.496168222945878
8.31603509908169
7.343173608371213
8.232517747443241
7.74721330767786
7.689098408844497
8.072236413151574
6.954172324519995
8.127833701520332
7.741083141738684
6.697080278154642
6.826145941319185
7.853621289373789
5.4568328234069945
7.969878356193828
7.4170538056677495
6.903076170305335
6.6779093338803825
7.213008235888744
7.925491389887396
7.685571390149539
7.6432502657374215
7.826503885299771
7.872739083254521
6.91481279372113
7.921749585492435
8.17938411929762
9.235051902633856
8.967807777510714
8.219139321312852
1.7240294694507712
1.6938968751782995
1.798330191475497
3.045168930691104
1.6217958622836346
1.9197071631556057
2.023198004145147
1.857581467664662
1.9689880276065979
2.4782346418395544
1.299987608090999
1.7349828594024186
2.180814432818894
2.4900446407279606
5.202672773531821
1.749811237176775
3.24030564346392
2.319104034597906
2.779785238337027
1.7240294694507712
1.804577634258588
2.041829503146894
3.0202223640597254
3.088138713163832
1.9639703102837673
2.8921194489698743
1.9332845580652411
2.653877727075646
2.9474525134295173
2.2295572471091125
1.8700377793309435
9.151468737942517
8.901026577849784
7.654638137445897
6.033338554041857
6.83692578395341
7.604943610631279
8.370408057460908
7.779461767425518
6.989257367676675
5.207698462284692
6.955403260183795
8.069746102751845
7.511044820995356
6.461433996090265
8.524067333015344
8.606993748523239
9.103338671015011
8.218264478101602
8.661720909150228
8.209770736302445
7.801481599410774
5.354103428104092
6.993751545000934
6.872266274279153
7.092821434306611
7.721839057702249
7.8749966088724745
7.730836110220584
8.072003411830837
7.440503675866513
7.801406898230582
9.059128778464927
8.695245551794981
8.001266936217576
6.759596507745468
7.459409655981223
9.311000432850824
7.402237935786079
8.148478179042616
6.823055090972937
7.8134013963532745
7.363025343551499
7.85704994920485
8.237153567425427
7.481415428188309
8.582794029934567
7.556440169401638
7.199165804675834
7.5280651674437795
7.6006437352507366
3.2242116862369543
9.944612453983051
7.0818621699337285
6.4894777920263085
5.2111266554028965
6.636491372127075
5.48916291478869
7.839410264215375
6.0072545675617235
7.713875450577584
7.89252165529361
8.85309730581074
7.887971855550639
8.097100681692215
7.8778993875628505
7.302551242591772
6.512657937338669
7.1766319195006245
7.9210505839122565
8.920236934000593
9.38100444411921
8.639162458248812
6.638903406276395
8.014412383368128
7.342053031526242
7.193752342265593
7.651947716341835
7.574504276680843
8.130440319319174
6.408107767000585
7.5352557289516024
7.819412934892246
6.2532904011491866
7.619361052804791
7.897398123998004
6.836856243136301
8.970206531217015
8.812104294862664
8.273698562120863
7.76375179266727
7.758156240448279
8.290116057753309
7.745279521412163
8.023885616861008
7.801865576326595
8.157175299957782
7.457069525871531
8.48126078351713
7.510142194008651
8.527506242203524
7.822190281782933
7.770845141553735
8.937744986007067
7.609430574443591
7.295464867540527
8.61595268755385
8.960692127785705
8.449323013541683
8.725421391047927
8.232903800186204
9.486458030703563
6.330793184991615
6.4466767267250775
7.877162654408412
8.460538544995226
6.0362539957441985
6.83732119745744
7.686155074586174
8.140402405145391
7.089592841305096
8.456198655526446
8.294645363496693
8.402697683415347
7.529581399078704
8.004170249357404
6.309454641710625
7.624040795846678
7.855973429838802
5.843057831374798
7.045589742663568
5.242929814465153
7.791083031827979
6.236514091869408
8.136870695090458
7.674078955967309
7.3176502475522325
6.951963892649488
8.056868466320234
6.553184848235482
9.598756051449115
6.580203256596066
7.483371622253106
7.64878701373106
5.467238277951999
8.20480592620739
8.095535108212196
7.606514614949134
7.759520643928578
6.675055073213109
7.557819807177102
7.406446057351255
6.8088984628485765
7.684907912497038
5.0649220376496356
8.073876042073735
7.4316612269472895
7.196152777436989
8.276904266908044
6.672410391431109
7.701054301921259
7.742800993357919
7.281712625712579
6.251888942997626
6.058481476526254
5.947036679434911
4.6132884008814585
8.193540554619467
7.849549167673931
7.566227243792769
7.78455074070207
8.939461385297388
8.29804028227261
7.370100222591126
8.37808262690433
9.48416472801529
8.286887846360962
7.935333237751892
7.258996895453537
6.866148236261193
7.020718003542409
8.08074116108868
7.539577506817025
8.564368890035862
7.026708558418594
6.346606060279193
7.504392635069471
6.399982358709048
7.487455184916579
7.733963123080717
5.279510639978881
8.53629204316974
7.893192281342712
7.645570766972668
7.599990444392846
8.029948601179463
6.104335910927741
8.314990860221508
8.687929234336996
7.194575237469996
8.672920256072747
8.675266600228962
8.517905502272718
7.212865637050289
7.127911125092743
6.896614513714727
6.594889429954224
7.5269398061817885
7.8502824762358365
5.0432358482731265
7.126690151632833
7.699848306644421
8.847526822586255
6.943442997303791
8.60196921521835
8.824369578675373
6.396130089954532
8.041306605186117
7.97065735606745
6.759797295675502
7.611712156754706
7.132005708059317
7.500138773851759
6.316834432485905
7.425268402944331
4.406384008149366
6.204038782867255
7.446519854313522
4.980804777963095
7.362327258742823
8.033426036692154
7.411415842238584
6.324485443435573
8.43224241620615
8.863156757825687
7.82007718397179
7.711762617339254
7.600624771377804
5.250609341280977
5.133862800945071
5.523407422865309
8.026283995553875
8.086484919560505
8.224192516946989
9.276073797298444
8.231373578752653
7.591831880782944
7.317120134845242
7.535544575899644
8.209701445614726
7.143947081605692
7.256909050336667
7.1024332658486236
5.347423780186691
7.013246352591317
7.589192784393793
3.9653703827802826
6.3109645804373695
7.802013377855383
8.159370105320285
7.25709558476728
7.508785866853534
4.592060689871059
6.688377561426725
7.426784864381216
6.707956661052954
7.106261851893728
6.226003353001682
8.062388320538094
8.350615633652911
5.673020760443624
6.903344047444602
7.2040825471631305
7.865836677346634
6.793066913518658
8.113723664405605
7.691662319036807
9.197630165193956
8.260155916084877
8.044157170161297
8.475710484073474
8.165019411235392
8.607451951437188
7.887010858704894
7.983190864632515
8.77237823244943
8.752946050254506
5.201618807228208
7.400011040616157
7.72585139959336
8.37816062274349
8.130245518527758
7.627559305514502
7.7480591259626745
8.27167811231915
7.763727425876042
8.72740303381669
7.14585690175556
8.67627900797119
9.090037538902527
5.7605067147790265
7.296709212666476
7.5900329259887105
7.139298226228219
7.7691278555996695
7.615129085123138
7.313733039621587
6.06468029629549
6.899804079586481
8.20384311222433
7.3283841678751
7.9789692190819155
8.590301794156442
8.33206661742549
7.7216221954550415
8.640529722055366
8.342361105961267
7.816986663781773
6.601393863914629
7.847134939123911
8.022660930501399
7.303205184092256
7.170176838589788
7.947816998584156
7.419180759654336
7.345358896769554
6.792568278251284
6.082235823261985
7.521824204755672
8.287990786017643
6.720843821807865
7.79700588026476
7.42415395692
7.296460085794574
7.748083614626691
8.349851314249191
8.434646989470949
7.936529225756523
7.528831146087142
7.502791057334962
5.332703149257951
7.762440901748848
6.325636565147773
7.071210761284892
7.936707586753865
7.157995065958232
7.534604561703158
7.658415333676935
7.6126359746286125
5.227474255744392
7.738091539485486
5.697603001421967
7.508774932073305
6.7350832973251755
7.5375627325482775
7.805779161071561
7.397934971750369
8.255158485494935
7.364667500194006
6.504171156941137
7.11601384914149
8.1488881731886
6.899521457156061
6.716788442807403
7.562729298915757
6.209997413656875
7.291074279801046
7.328746524901555
6.318824714622487
7.311315106263621
7.209399616148688
6.9484816799315094
5.495369377569314
7.591270488218507
9.168310352534029
6.3874118806122695
7.2809237532945215
6.245096890990103
8.472988866273088
8.357935297255912
7.155376740007073
8.093332566362442
8.776931590606324
6.622369817365805
7.859475771542517
7.679382541770644
8.03406754185548
5.685015266489115
7.8181072864517835
4.791643185690593
5.231045017028603
5.043183667046438
4.769401079547633
6.692389621327404
7.926352103805133
6.295182390787546
6.845341582735525
5.768586515279685
9.050927932168571
6.476798103603834
6.98475166985993
6.700010484431074
6.8623170122809185
8.491813792084429
5.423542576286566
7.077393162472349
7.515855061797726
8.141785363756103
8.492740821356673
7.704803366500256
7.361715078537072
7.964323501048621
8.458295570390884
8.104721821747622
6.714055577944537
7.596224971381222
8.038733236693977
7.0896247630149105
4.803955398252682
7.794402808240546
7.301830285881973
9.136746070521632
4.633926128860252
8.828097990876401
7.449292443496504
7.063909035138348
7.211411001673896
7.748116353197368
6.811317791256553
8.844271895993657
7.291932910635572
6.181937449283932
8.09029442184625
7.028772490612056
7.776071349437351
7.812596082643269
8.172674628594233
5.319669278181371
7.915389705464696
8.066412852342825
6.927965049725337
6.131511784129698
8.395814061260658
7.221497426159523
6.0213758996343945
7.575760218118843
8.968923372522157
7.864760703406275
6.110421407585541
7.477906841324773
6.21044458565948
8.227168805864395
6.242584784133305
7.744922069432183
7.7875407664303555
6.751323318687062
7.263059840173213
8.68105318414235
8.669372961133007
8.61859835660347
8.700543729560689
7.407410168675019
7.040844034364081
7.734533844954488
7.601368593957141
7.641014316406816
7.216838780513405
6.171630621073804
7.293431685746224
7.428160965865913
8.646516299178401
8.056155466534982
8.179751356471051
8.576417228294996
9.09753167018767
8.166735372453509
6.761522817796583
8.317382373016507
8.226997391928373
7.613007587341145
8.114093459170956
7.453280891589854
7.893888424394974
8.38767946632792
7.650239916175667
5.976850383511476
7.616766751218142
7.8396266393766165
7.138728561031957
7.599918116016095
7.39984472361991
7.788651951954015
7.664311682512699
8.417090857695353
8.20171616428951
7.683785167038725
7.448729878965097
8.113644744463503
7.043078411123167
5.874030240353275
5.238799571522628
8.312279829204149
6.9979806674338985
8.067746465520843
7.4770515546807115
7.654479899247246
6.621366256568763
7.268782874838343
6.785204640437854
7.1899857035825265
7.346941946550535
7.972487372570984
8.01664487912846
6.981547739787546
8.26126426756732
7.712498441387748
7.6672611196629195
7.3087428141680455
7.468142283502561
4.956431843136871
7.417396271751898
5.813732406772003
8.010024455195643
5.682462519039482
6.180972288509244
5.178867124778093
5.360975960725156
5.627481033959061
7.707234211832237
7.796891433650304
7.040554357575335
8.188182137199785
8.369576712573203
8.361458378608432
8.94752628721967
8.078805618953789
7.732767884612793
6.7705883143670285
7.934295525053448
8.537624295393854
7.979059527221112
4.784154720518515
7.583885436206691
7.330290562471204
7.037855787036602
7.107545659719668
7.64117586035054
5.5355862397776345
4.829860060478298
7.3357095274397786
6.76619460450873
7.493960396349507
7.007254785897225
8.336751817127682
6.232660934296397
6.589941366472475
8.322968278989483
6.272405578024852
6.633225653258972
7.2702678418846975
6.743143292539916
7.147476978796849
6.252247656247406
8.324092097863744
7.8432815993524
7.438417716445548
8.27647317457567
7.376093448920375
7.0618839576481935
8.840683898993694
7.21799188412993
5.345623021935478
7.870081646289744
6.722337314702866
8.104931669044042
7.4528171252712045
8.260543758638526
7.244259997038721
6.688355273768777
5.759291394586366
6.620606289972972
6.914334823408595
6.607247299139158
