5.86
7.58
9.72
9.44
9.14
11.1
8.74
6.84
9.3
9.76
7.34
5.66
7.8
8.08
5.96
8.24
7.04
9.54
9.1
11.12
6.04
7.86
9.06
7.36
6.94
8.3
9.32
8.66
7.82
7.56
6.08
7.02
10.2
6.72
9.44
7.02
17.18
8.28
6.72
11.4
7.32
11.68
9.26
7.02
6.12
6.6
6.52
9.68
13.46
8.02
8.36
7.84
7.8
7.36
7.48
7.94
8.8
11.22
8.96
7.62
11.6
6.54
7.54
7.36
7.7
9.52
7.54
7.08
6.84
9.02
6.4
9.34
9.54
9.26
10.98
9.28
7.2
8.38
6.42
10.76
11.04
7.08
7.62
11.74
7.84
6.12
11.84
8.14
11.24
8.68
7.2
7.28
21.64
10.46
10.0
7.02
6.2
8.1
10.04
8.6
8.08
8.08
7.9
5.26
8.28
8.16
14.7
10.4
6.96
7.54
7.92
11.54
11.0
8.32
7.3
5.58
8.42
12.88
7.32
9.18
11.02
11.44
10.84
9.66
8.34
8.96
8.86
8.54
11.56
7.28
6.66
6.82
8.1
7.22
7.08
6.82
7.44
8.24
8.8
9.42
11.46
7.6
8.8
6.02
9.08
5.94
7.1
8.68
14.26
9.0
8.34
7.76
6.0
8.44
8.42
11.64
6.92
26.34
9.18
6.78
6.72
7.48
8.4
8.8
9.6
6.98
6.12
6.84
6.62
8.78
7.5
7.08
8.7
8.46
8.48
8.64
8.54
7.26
9.78
6.36
7.8
5.12
10.42
9.06
6.34
7.48
7.18
9.16
9.8
9.94
9.76
8.34
9.36
6.82
8.24
9.22
8.1
6.46
8.18
8.12
8.1
7.74
6.6
7.62
7.6
10.62
12.7
8.12
6.88
8.62
9.34
8.8
11.36
8.32
7.54
8.6
2.0
2.56
2.0
6.44
2.16
2.0
2.28
2.0
2.0
1.96
2.0
1.96
2.38
2.0
9.1
2.34
2.72
3.46
4.6
2.0
2.24
3.84
2.58
2.5
2.12
4.3
2.0
3.44
2.1
2.46
2.0
12.64
8.28
7.26
6.84
6.38
9.06
8.94
7.4
8.84
5.96
8.96
12.18
7.92
13.14
8.96
12.64
11.6
8.82
10.78
7.36
6.62
8.14
9.02
8.36
6.94
10.3
8.0
8.3
9.96
8.98
7.7
9.56
8.88
8.28
6.5
5.4
9.58
7.46
10.72
7.3
9.06
9.02
12.6
7.14
8.82
13.14
10.3
8.8
7.78
9.08
8.32
14.88
8.88
7.4
7.12
6.96
6.42
10.0
6.14
7.14
7.8
10.34
9.54
11.72
7.36
8.72
7.44
9.02
9.08
9.9
10.38
10.18
8.22
8.04
7.4
7.5
6.92
8.34
9.1
5.74
6.6
11.44
6.1
7.68
7.52
8.38
8.98
11.32
8.36
8.7
9.48
8.74
6.12
10.38
6.3
6.34
6.1
8.1
8.02
10.16
9.44
9.1
8.98
6.96
8.4
13.74
16.52
10.22
10.7
9.04
11.14
11.94
7.56
7.04
9.0
6.98
9.58
9.16
9.22
5.86
7.38
9.36
7.76
5.44
11.64
9.28
8.76
8.74
7.88
7.18
6.44
10.84
5.68
9.18
10.94
8.02
6.32
6.74
7.2
10.76
7.96
8.4
7.08
6.88
9.28
8.14
7.38
6.54
6.56
7.74
7.16
5.36
5.8
5.86
9.94
8.28
6.2
12.1
7.66
7.96
8.06
6.06
6.44
7.2
4.94
4.36
7.56
9.72
5.48
9.98
11.28
9.6
11.68
12.04
13.32
10.94
13.92
10.12
15.56
12.48
7.8
7.14
7.26
6.14
6.56
6.88
8.28
8.88
9.16
5.32
10.1
8.36
10.18
11.32
9.54
6.6
10.7
12.28
15.5
11.58
8.2
8.92
7.66
8.24
10.04
5.62
8.44
6.62
5.8
8.24
8.6
8.34
8.94
7.26
8.2
8.86
10.4
10.26
6.96
7.72
7.06
7.12
6.96
8.36
5.94
5.9
6.34
6.56
9.46
9.5
8.06
6.54
9.68
8.22
9.02
9.56
6.52
5.88
6.14
4.98
8.18
9.1
7.96
8.96
8.58
9.34
8.5
6.6
7.28
7.28
8.78
6.62
7.54
7.12
9.68
8.78
7.52
10.14
8.18
8.68
6.02
12.8
7.12
8.44
7.72
9.36
10.34
11.5
9.98
6.06
7.1
10.56
9.12
11.92
7.4
7.36
8.58
8.5
14.82
9.44
9.32
8.38
8.6
10.98
7.86
9.78
7.14
6.76
6.66
8.36
10.96
6.8
9.36
8.94
9.28
7.18
5.5
8.2
12.0
6.56
7.46
6.98
6.5
8.14
9.08
6.22
7.86
7.72
9.28
8.34
10.72
15.84
10.88
17.8
12.98
14.5
13.1
9.22
10.0
9.32
7.28
8.44
11.74
8.7
9.62
7.82
10.46
6.22
8.2
7.46
8.26
7.86
9.38
7.7
13.02
8.28
9.6
8.54
8.3
6.7
8.54
5.7
9.78
8.5
6.94
12.04
8.66
8.06
5.48
9.72
8.0
7.6
6.2
8.0
8.42
8.14
7.94
7.18
6.4
13.98
10.04
8.1
6.84
5.62
5.82
9.38
8.6
6.2
10.26
7.9
7.64
5.1
7.58
22.42
9.2
9.4
7.98
10.48
9.92
10.02
6.58
9.4
6.94
6.9
6.72
8.86
4.96
9.1
6.64
5.78
5.82
5.88
6.96
8.42
7.36
7.88
5.52
12.76
6.78
7.48
6.64
7.9
9.62
6.92
7.06
8.64
9.62
7.78
7.96
7.76
6.98
7.64
12.8
8.0
9.7
10.16
6.38
6.92
6.96
8.12
12.94
9.16
15.76
6.1
7.06
7.1
9.66
8.02
9.74
6.22
7.34
7.34
7.72
10.72
8.92
8.68
5.74
9.92
7.88
7.42
6.88
9.94
7.4
5.12
10.72
11.42
13.18
6.52
9.08
6.4
9.38
6.22
9.4
12.74
10.36
8.76
10.78
10.02
6.66
9.08
7.0
7.64
9.9
5.54
8.42
6.88
5.7
9.5
9.64
11.46
10.3
8.3
10.84
8.18
11.2
9.96
9.8
9.2
7.9
10.0
11.26
7.32
15.82
8.3
7.34
8.84
10.3
11.32
9.14
9.86
7.84
8.02
9.04
11.28
9.88
8.74
9.76
8.94
5.46
5.58
10.4
8.36
7.28
7.42
9.16
7.14
7.44
7.36
13.68
7.8
12.18
8.3
7.42
8.46
9.48
10.12
9.12
9.32
4.88
7.58
7.38
12.66
6.34
6.86
4.74
7.58
4.38
9.4
7.76
7.94
7.86
10.58
10.96
11.04
9.64
8.78
8.58
8.68
11.2
8.12
6.02
9.6
8.08
8.14
7.88
8.28
6.2
5.94
10.9
7.84
5.88
7.44
13.42
6.1
7.12
9.72
7.28
6.78
7.06
17.24
5.62
9.84
7.04
8.1
8.08
10.0
6.62
8.06
8.12
10.26
6.18
8.2
6.76
7.94
5.08
8.96
8.1
6.0
11.16
8.26
8.24
7.6
