2.6818181818181817
2.5590277777777777
2.5726141078838176
3.5760869565217392
2.217391304347826
2.3925925925925924
3.404
2.8923076923076922
2.3768115942028984
2.446945337620579
2.736625514403292
2.7716535433070866
3.1547169811320757
2.3920454545454546
3.25
2.823529411764706
2.4244186046511627
2.7936507936507935
2.4095744680851063
2.364734299516908
2.4244186046511627
2.5359116022099446
2.8663793103448274
2.549019607843137
3.9642857142857144
2.8923076923076922
2.601328903654485
2.7149122807017543
2.2803030303030303
2.707482993197279
3.649746192893401
2.75
2.909090909090909
2.6556603773584904
2.342245989304813
3.054054054054054
2.3579545454545454
2.838709677419355
3.0903614457831323
2.278481012658228
2.919047619047619
5.037914691943128
3.7604790419161676
2.5761904761904764
3.6416938110749184
4.421875
3.0903614457831323
3.0903614457831323
2.9494949494949494
2.6734104046242773
2.7804878048780486
2.538258575197889
2.7066666666666666
2.7547892720306515
2.9238578680203045
2.5708661417322833
2.324324324324324
2.6556603773584904
2.5940959409594098
2.45679012345679
2.4870466321243523
3.0418118466898956
2.5497076023391814
2.636842105263158
3.25
2.6820276497695854
4.205405405405405
3.1336898395721926
2.80794701986755
2.919047619047619
2.646090534979424
2.2803030303030303
2.3768115942028984
2.8776371308016877
2.3768115942028984
2.6013986013986012
2.780821917808219
3.3777777777777778
3.673469387755102
2.780821917808219
2.6820276497695854
2.3925925925925924
2.8
3.0254237288135593
2.4144144144144146
3.730769230769231
2.5761904761904764
3.2712550607287447
2.586206896551724
2.3920454545454546
2.3461538461538463
2.50210970464135
2.691780821917808
2.532258064516129
2.970731707317073
2.8333333333333335
2.38728323699422
3.087866108786611
2.9494949494949494
3.375
2.3318284424379234
2.841860465116279
2.772020725388601
2.538258575197889
3.265486725663717
2.475195822454308
2.609865470852018
3.0148148148148146
2.5733333333333333
2.5708661417322833
2.5590277777777777
2.79253112033195
2.707482993197279
2.4095744680851063
2.314516129032258
3.2444444444444445
2.5392156862745097
2.3195876288659796
2.676348547717842
2.9397590361445785
2.7716535433070866
2.5209580838323356
2.4512820512820515
2.38728323699422
2.8106796116504853
4.162790697674419
2.2
3.43359375
2.4870466321243523
2.5392156862745097
2.8372093023255816
2.538258575197889
2.50210970464135
2.2882096069868996
4.6
2.3333333333333335
3.2088888888888887
2.2739726027397262
2.2579710144927536
2.3333333333333335
2.4512820512820515
2.5706521739130435
2.780821917808219
2.342245989304813
2.601328903654485
2.538258575197889
2.278481012658228
2.7116279069767444
3.1964285714285716
2.5483870967741935
2.461988304093567
2.4186046511627906
2.6703703703703705
2.725
2.8663793103448274
2.3575757575757574
2.4361702127659575
9.36936936936937
2.5046728971962615
2.4186046511627906
2.546511627906977
2.5121951219512195
2.707482993197279
2.4186046511627906
3.894088669950739
2.532258064516129
2.2170542635658914
2.546961325966851
4.164383561643835
2.50210970464135
2.5733333333333333
3.0254237288135593
2.74
2.80794701986755
3.016949152542373
2.4923076923076923
2.5209580838323356
2.3680555555555554
2.278481012658228
3.5384615384615383
2.7066666666666666
2.4915254237288136
4.829787234042553
2.3318284424379234
2.475195822454308
2.2945205479452055
3.0254237288135593
2.538258575197889
2.5046728971962615
2.198019801980198
2.379432624113475
2.3333333333333335
2.2861736334405145
2.515463917525773
2.7116279069767444
2.5726141078838176
2.93006993006993
3.7180851063829787
3.1818181818181817
2.473684210526316
3.2088888888888887
3.4879725085910653
3.2061855670103094
4.07
2.416289592760181
2.6129032258064515
3.2712550607287447
2.5359116022099446
2.364734299516908
2.436046511627907
2.5328947368421053
2.3513513513513513
2.416289592760181
3.292134831460674
2.5209580838323356
2.4144144144144146
2.3046683046683047
2.3768115942028984
2.4244186046511627
2.5701754385964914
2.8372093023255816
2.7545219638242893
2.3579545454545454
2.676348547717842
3.0599078341013826
2.8684210526315788
2.203319502074689
2.664335664335664
2.4144144144144146
2.772020725388601
2.6820276497695854
2.79375
4.011396011396012
2.7545219638242893
2.5046728971962615
2.5590277777777777
2.2298850574712645
3.43359375
2.7547892720306515
2.3333333333333335
2.538258575197889
2.5046728971962615
2.449275362318841
3.6666666666666665
2.4074074074074074
2.4523809523809526
2.4766355140186915
2.7149122807017543
2.364734299516908
2.3701657458563536
2.342245989304813
5.457142857142857
2.3768115942028984
2.736625514403292
2.4512820512820515
3.265486725663717
2.532258064516129
2.3318284424379234
2.6703703703703705
3.029126213592233
2.9047619047619047
2.4244186046511627
2.7545219638242893
3.1365638766519823
3.087866108786611
2.538258575197889
2.8663793103448274
3.757575757575758
2.2127659574468086
3.272727272727273
3.0418118466898956
2.461988304093567
2.3118279569892475
2.5761904761904764
2.5311004784688995
2.532258064516129
2.5046728971962615
2.3564814814814814
3.7161290322580647
2.5046728971962615
2.6118721461187215
2.45679012345679
2.314516129032258
2.2514619883040936
2.217391304347826
2.6013986013986012
2.8316831683168315
2.446945337620579
2.4512820512820515
2.4244186046511627
2.5359116022099446
2.3680555555555554
2.436046511627907
2.2739726027397262
2.3920454545454546
2.3920454545454546
2.278481012658228
2.5761904761904764
2.446945337620579
2.6556603773584904
2.5761904761904764
2.3579545454545454
2.3896103896103895
2.707482993197279
2.538258575197889
2.4361702127659575
2.3768115942028984
2.5733333333333333
4.380597014925373
2.5311004784688995
2.461988304093567
2.3564814814814814
2.4144144144144146
2.7443181818181817
2.4870466321243523
2.5940959409594098
2.2945205479452055
4.900709219858156
2.7716535433070866
2.203319502074689
2.712121212121212
2.416289592760181
2.475195822454308
2.436046511627907
2.888888888888889
2.664335664335664
2.4244186046511627
2.4606060606060605
2.7142857142857144
2.625
3.441666666666667
2.8095238095238093
3.5596330275229358
2.3461538461538463
2.2579710144927536
2.3352601156069364
2.4186046511627906
2.5590277777777777
2.2666666666666666
2.446945337620579
3.9791666666666665
2.4512820512820515
2.8106796116504853
2.416289592760181
2.6556603773584904
2.4606060606060605
2.532258064516129
2.364734299516908
2.6703703703703705
2.707482993197279
3.029126213592233
2.4635761589403975
2.3579545454545454
2.564784053156146
2.664335664335664
2.4361702127659575
3.265486725663717
2.6820276497695854
3.4878048780487805
2.446945337620579
2.4144144144144146
2.5934065934065935
2.564784053156146
2.248447204968944
2.4805194805194803
2.736625514403292
3.649746192893401
2.7905882352941176
2.475195822454308
2.5046728971962615
2.609865470852018
2.823529411764706
2.3575757575757574
2.4523809523809526
2.2945205479452055
2.3925925925925924
2.5940959409594098
2.6820276497695854
2.216867469879518
2.2808988764044944
2.823529411764706
2.4095744680851063
3.205223880597015
2.364734299516908
2.3920454545454546
2.1620111731843576
2.5046728971962615
4.0687285223367695
2.2721518987341773
2.8663793103448274
3.43359375
2.2579710144927536
2.6118721461187215
2.3048327137546467
2.5357142857142856
2.38728323699422
2.538258575197889
2.3768115942028984
2.609865470852018
2.5733333333333333
2.5209580838323356
2.217391304347826
2.0741839762611276
5.368421052631579
3.0714285714285716
2.460526315789474
3.2254901960784315
2.996389891696751
2.3118279569892475
2.3920454545454546
2.3333333333333335
2.538258575197889
3.205223880597015
3.1347517730496453
2.7905882352941176
3.1150442477876106
3.419753086419753
2.816326530612245
2.9166666666666665
3.0
2.69811320754717
2.7116279069767444
3.08
2.475195822454308
2.2945205479452055
2.7142857142857144
2.3333333333333335
2.4049586776859506
2.5
2.3579545454545454
2.379432624113475
2.4915254237288136
2.4805194805194803
2.4095744680851063
2.272727272727273
2.7804878048780486
2.3352601156069364
2.7066666666666666
2.4512820512820515
2.2564102564102564
2.7346938775510203
4.771929824561403
2.5761904761904764
2.888888888888889
2.80794701986755
2.5708661417322833
3.087866108786611
2.9494949494949494
2.702127659574468
5.03030303030303
2.9047619047619047
2.7443181818181817
3.125
3.3381642512077296
2.3579545454545454
4.0687285223367695
2.449275362318841
2.364734299516908
2.4277456647398843
2.4571428571428573
2.446945337620579
4.0687285223367695
4.771929824561403
2.7547892720306515
2.221590909090909
2.7116279069767444
2.314516129032258
2.5046728971962615
2.187878787878788
4.4972972972972975
2.4857142857142858
2.6703703703703705
3.0903614457831323
2.3392857142857144
2.780821917808219
2.707482993197279
2.3333333333333335
2.702127659574468
2.601328903654485
3.3292181069958846
2.6703703703703705
3.0120481927710845
2.198019801980198
2.3680555555555554
2.5726141078838176
2.909090909090909
3.2564102564102564
2.7149122807017543
2.5209580838323356
2.4805194805194803
2.601328903654485
2.601328903654485
2.314516129032258
2.209756097560976
3.272727272727273
2.217391304347826
2.609865470852018
2.4857142857142858
2.662857142857143
3.1547169811320757
3.2254901960784315
2.198019801980198
3.0903614457831323
2.5940959409594098
2.473684210526316
2.3461538461538463
2.3195876288659796
2.2514619883040936
2.6118721461187215
2.949367088607595
2.564784053156146
2.6129032258064515
2.475195822454308
2.449275362318841
2.4523809523809526
2.3564814814814814
2.707482993197279
2.9320388349514563
2.216867469879518
3.0903614457831323
2.707482993197279
