5.02
9.44
3.78
15.32
11.42
2.72
2.48
6.48
2.98
2.76
5.06
7.44
4.9
3.14
3.64
2.62
9.4
2.3
5.88
3.02
2.8
3.68
4.1
8.9
3.36
3.62
3.32
5.04
2.16
2.68
3.52
5.0
5.12
5.22
3.86
4.76
5.86
3.46
5.18
4.84
2.02
4.26
3.48
2.5
2.9
5.32
6.04
4.96
7.0
5.34
4.72
5.34
3.3
2.58
1.9
4.42
2.24
4.56
6.0
2.46
5.98
1.9
3.54
2.34
4.68
4.5
3.54
7.36
3.2
4.46
3.8
4.0
6.04
5.84
4.3
3.78
4.64
5.54
4.64
2.62
3.02
3.34
3.6
5.56
5.4
2.32
2.92
3.82
3.2
4.24
4.4
3.04
4.94
3.98
5.58
5.8
4.24
6.04
5.68
4.94
3.84
3.78
14.24
4.54
2.38
2.26
3.66
7.02
6.58
3.3
3.18
3.92
4.64
6.62
7.4
4.12
11.74
17.64
6.94
3.4
9.94
2.58
6.62
2.48
2.88
2.88
3.06
2.28
2.62
3.82
7.04
6.62
9.06
15.5
6.78
14.46
2.84
5.22
11.94
2.64
6.72
6.0
11.32
12.92
4.56
2.48
4.18
13.02
3.34
3.6
3.02
9.28
3.38
4.62
10.54
2.42
4.72
4.56
5.94
6.44
5.92
3.08
4.44
4.98
3.1
2.1
3.58
15.66
7.14
3.8
4.78
5.16
4.92
7.14
3.44
6.08
5.02
6.18
4.0
7.06
4.1
4.54
4.54
7.04
5.18
6.04
5.58
5.1
3.04
5.5
2.7
4.18
6.58
3.08
4.34
4.68
2.94
2.52
3.88
5.34
9.0
1.8
7.92
4.28
4.84
6.42
6.7
9.08
13.96
7.1
1.74
3.94
5.18
3.14
2.06
3.54
4.66
2.7
3.26
9.42
3.44
4.9
4.36
6.18
6.14
1.78
1.94
5.04
5.2
6.38
5.28
2.9
2.86
3.68
4.14
3.22
2.44
4.54
5.22
8.66
3.84
4.6
3.0
3.26
3.4
5.46
5.66
7.5
9.56
2.66
5.56
3.82
8.42
4.68
5.68
5.4
2.26
4.62
9.2
8.52
3.3
5.02
4.5
4.62
9.8
4.48
11.04
4.24
14.4
11.04
7.64
7.76
7.86
2.48
4.46
8.98
5.14
22.0
3.44
10.14
3.76
2.62
18.74
3.64
4.6
3.42
5.7
6.1
7.68
7.08
2.98
6.76
2.7
4.22
7.2
3.82
4.42
4.84
2.62
2.88
5.12
5.5
5.32
8.8
5.32
8.22
4.6
3.64
3.36
4.8
18.94
8.24
3.46
14.06
8.28
5.68
5.1
10.08
5.32
16.32
12.42
12.08
4.12
2.02
4.06
5.4
2.34
13.34
5.42
3.08
8.94
12.04
2.44
9.54
4.42
4.98
4.22
6.6
4.82
3.6
9.44
5.78
7.92
3.08
3.94
8.52
2.72
5.68
12.46
2.3
4.28
6.4
10.32
12.62
5.28
3.9
5.6
5.5
7.08
7.4
3.0
4.52
6.04
4.84
11.0
3.68
3.68
4.82
7.88
2.66
2.14
16.76
4.96
4.94
8.5
5.2
2.36
20.54
6.96
9.78
3.9
3.8
7.58
6.48
