7.586538461538462
8.76595744680851
4.693069306930693
6.821917808219178
7.568627450980392
2.5555555555555554
4.2105263157894735
4.666666666666667
3.8372093023255816
4.154545454545454
3.847457627118644
4.903225806451613
6.954545454545454
3.3972602739726026
6.226950354609929
4.7190082644628095
3.0172413793103448
4.095652173913043
5.620689655172414
5.437037037037037
4.588235294117647
7.725663716814159
4.148936170212766
7.7
3.7777777777777777
4.76
2.9066666666666667
5.5344827586206895
2.9444444444444446
3.4854368932038833
4.411290322580645
7.457142857142857
5.205128205128205
5.321428571428571
3.9583333333333335
6.5
9.933333333333334
5.0777777777777775
4.846153846153846
6.769230769230769
3.9326923076923075
3.727272727272727
5.507246376811594
4.411290322580645
3.986111111111111
4.4950495049504955
7.586538461538462
6.782178217821782
4.411290322580645
4.6
4.0131578947368425
5.230769230769231
4.529411764705882
5.0777777777777775
5.64367816091954
7.568627450980392
3.597938144329897
4.197802197802198
4.4950495049504955
5.233532934131737
2.9444444444444446
5.032258064516129
5.892086330935252
6.461538461538462
6.869565217391305
5.896907216494846
6.027777777777778
8.660194174757281
3.9583333333333335
6.226950354609929
5.068669527896995
5.2
4.7190082644628095
4.406779661016949
6.154761904761905
4.142857142857143
3.933609958506224
5.518987341772152
6.294117647058823
4.76
6.051282051282051
5.455696202531645
6.347368421052631
4.693069306930693
6.75
4.7190082644628095
3.659340659340659
5.555555555555555
3.9846153846153847
6.666666666666667
3.953488372093023
5.853658536585366
4.350877192982456
4.6231884057971016
6.681818181818182
4.951807228915663
3.7333333333333334
6.555555555555555
9.432432432432432
6.794871794871795
4.693069306930693
6.365384615384615
4.7190082644628095
4.350877192982456
6.0
4.142857142857143
4.913043478260869
6.26
5.4
5.625
4.683333333333334
5.263888888888889
8.25
4.605263157894737
7.115384615384615
4.6
6.526785714285714
6.7272727272727275
6.746987951807229
5.518987341772152
8.142857142857142
7.389830508474576
7.430769230769231
6.782178217821782
5.5344827586206895
3.7448979591836733
4.056603773584905
4.666666666666667
5.174418604651163
7.225806451612903
7.568627450980392
3.849462365591398
9.291666666666666
7.568627450980392
5.783783783783784
13.0
7.806451612903226
4.317829457364341
7.112903225806452
7.226415094339623
6.1652892561983474
6.26
12.454545454545455
9.904347826086957
3.933609958506224
4.76
5.012820512820513
16.626666666666665
8.816091954022989
4.4950495049504955
4.271028037383178
5.666666666666667
5.174418604651163
7.243243243243243
9.104477611940299
6.921052631578948
4.317829457364341
3.857142857142857
7.218181818181818
6.142857142857143
10.035294117647059
4.582278481012659
5.285714285714286
4.686274509803922
3.5161290322580645
3.463768115942029
4.055555555555555
8.193548387096774
5.068669527896995
6.051282051282051
6.840909090909091
4.693069306930693
6.151162790697675
8.122448979591837
5.5
5.0777777777777775
4.836363636363636
2.9753086419753085
3.5161290322580645
6.563218390804598
5.101694915254237
8.660194174757281
7.095238095238095
10.518518518518519
7.115384615384615
8.639097744360901
6.44
10.081967213114755
5.928571428571429
6.1652892561983474
5.068669527896995
6.75
6.75
2.8333333333333335
6.7272727272727275
7.7
4.877862595419847
5.677966101694915
7.086021505376344
7.159090909090909
8.26595744680851
4.666666666666667
6.0390625
6.467391304347826
5.068669527896995
14.5
4.6
8.886363636363637
7.866666666666666
7.2976190476190474
3.6153846153846154
5.266666666666667
4.14
3.7007874015748032
6.372093023255814
3.731707317073171
4.666666666666667
9.128571428571428
3.290909090909091
5.230769230769231
7.511111111111111
6.0390625
4.406779661016949
10.72972972972973
8.699248120300751
3.6153846153846154
6.176470588235294
4.308333333333334
6.75
7.865979381443299
6.746987951807229
5.161290322580645
4.119760479041916
7.680672268907563
7.226415094339623
4.321428571428571
3.4782608695652173
7.767676767676767
6.0390625
4.418181818181818
4.7272727272727275
3.7007874015748032
5.928571428571429
4.317829457364341
8.515873015873016
5.263888888888889
6.75
4.6231884057971016
4.411290322580645
5.285714285714286
6.051282051282051
7.389830508474576
6.921052631578948
5.0588235294117645
8.380281690140846
10.87012987012987
4.119760479041916
7.3
4.142857142857143
5.530120481927711
3.787878787878788
6.696969696969697
3.5555555555555554
5.233532934131737
6.963855421686747
4.76
4.714285714285714
6.75
6.54
12.195652173913043
8.689655172413794
4.410596026490066
4.271028037383178
5.709677419354839
7.435643564356436
6.0390625
6.532467532467533
8.52
5.174418604651163
6.54
5.263888888888889
4.875
9.6
4.877862595419847
4.973684210526316
3.0
5.530120481927711
4.973684210526316
6.954545454545454
6.532467532467533
8.660194174757281
6.76530612244898
7.5
5.333333333333333
8.418032786885245
6.666666666666667
3.6
5.233532934131737
4.605263157894737
6.461538461538462
7.218181818181818
7.159574468085107
4.119760479041916
7.25
7.3478260869565215
6.333333333333333
5.525
6.837837837837838
3.659340659340659
8.26595744680851
3.592233009708738
8.440677966101696
6.0390625
4.304347826086956
9.337662337662337
5.0
8.380281690140846
5.705882352941177
4.923076923076923
25.232558139534884
23.804878048780488
8.704918032786885
4.76
3.9846153846153847
4.588235294117647
6.896907216494846
6.782178217821782
3.8297872340425534
4.903225806451613
4.529411764705882
7.511111111111111
5.64367816091954
3.156862745098039
6.363636363636363
5.796116504854369
4.2727272727272725
7.806451612903226
7.829268292682927
7.558139534883721
4.418367346938775
7.246753246753247
6.481481481481482
7.185185185185185
5.896907216494846
5.029850746268656
6.6421052631578945
3.2788461538461537
4.048780487804878
11.5
3.5849056603773586
7.344827586206897
6.0390625
6.1652892561983474
9.243243243243244
5.924050632911392
6.566037735849057
4.6
5.743589743589744
6.4375
7.3
6.0390625
4.471698113207547
6.876106194690266
6.4
4.9375
4.177777777777778
6.154761904761905
9.24
6.734939759036145
3.590909090909091
3.0306122448979593
19.92982456140351
5.068669527896995
5.5344827586206895
10.37037037037037
4.8474576271186445
6.645833333333333
7.568627450980392
6.526785714285714
8.0
5.6117647058823525
5.16
6.1652892561983474
6.0
