2.6502463054187193
4.1395348837209305
2.6436781609195403
4.117647058823529
2.6956521739130435
3.9166666666666665
3.8333333333333335
2.973333333333333
3.308641975308642
4.134408602150538
2.399441340782123
3.3055555555555554
2.9572368421052633
3.4
5.409937888198757
2.7017543859649122
2.657439446366782
3.4285714285714284
2.6331877729257642
3.608040201005025
3.2198795180722892
2.686619718309859
4.5
2.5483870967741935
1.97098976109215
3.04778156996587
2.515151515151515
3.738095238095238
2.786206896551724
2.842391304347826
2.8451882845188283
2.9310344827586206
2.48868778280543
2.7333333333333334
3.0053763440860215
3.3540372670807455
2.7017543859649122
3.4921630094043885
2.851063829787234
2.3973333333333335
2.973333333333333
2.9310344827586206
5.010309278350515
2.652173913043478
3.673202614379085
3.365558912386707
2.52803738317757
2.0505050505050506
2.6118721461187215
3.0533333333333332
2.7244897959183674
2.786206896551724
2.2338709677419355
2.8540925266903914
2.4831460674157304
2.5
2.5294117647058822
3.608040201005025
3.308641975308642
3.4285714285714284
2.45910290237467
2.9537366548042705
2.875
3.5342465753424657
3.308641975308642
2.9741935483870967
2.4634146341463414
3.2698412698412698
2.330578512396694
2.0247524752475248
2.2151898734177213
2.484978540772532
2.608695652173913
2.825301204819277
3.7756410256410255
2.399441340782123
2.973333333333333
2.4978540772532187
3.320359281437126
2.6614481409001955
2.0247524752475248
3.4823232323232323
2.3820224719101124
2.4831460674157304
3.114391143911439
3.372549019607843
2.2338709677419355
2.5454545454545454
2.1856540084388185
2.090497737556561
2.5851528384279474
2.9794520547945207
4.104166666666667
2.7017543859649122
2.3819095477386933
3.7857142857142856
3.114391143911439
2.3973333333333335
2.624031007751938
2.769911504424779
2.484978540772532
3.372549019607843
3.726973684210526
2.801980198019802
2.556201550387597
3.5426356589147288
3.3846153846153846
3.582089552238806
2.815436241610738
2.5337837837837838
2.956989247311828
2.5921052631578947
2.533333333333333
2.7017543859649122
2.815436241610738
2.9310344827586206
2.5294117647058822
2.6331877729257642
2.3461538461538463
2.815436241610738
2.815436241610738
2.8594249201277955
3.2375886524822697
3.039426523297491
2.664516129032258
2.467005076142132
2.48868778280543
3.9315068493150687
2.484978540772532
2.7244897959183674
5.011320754716981
2.467005076142132
6.142857142857143
2.686619718309859
3.411111111111111
2.652173913043478
3.3817427385892116
2.543103448275862
2.7333333333333334
2.426470588235294
2.8777777777777778
3.533333333333333
2.3155339805825244
2.7244897959183674
2.467005076142132
3.726973684210526
2.556201550387597
2.186335403726708
2.52803738317757
2.287671232876712
3.5238095238095237
2.624031007751938
3.2198795180722892
2.6614481409001955
3.189873417721519
2.423076923076923
3.723684210526316
2.1744186046511627
2.5318181818181817
2.9794520547945207
2.689922480620155
2.624031007751938
3.039426523297491
2.5125
3.1904761904761907
2.4978540772532187
2.5125
2.426470588235294
2.786206896551724
2.4166666666666665
3.3817427385892116
2.2968036529680367
2.9784172661870505
3.54
3.3540372670807455
2.5318181818181817
2.45910290237467
2.9572368421052633
2.624031007751938
2.801980198019802
2.241516966067864
2.524
2.52803738317757
2.652173913043478
2.3781094527363185
2.4120481927710844
4.347222222222222
2.4978540772532187
2.2961672473867596
2.7470355731225298
2.409090909090909
2.8451882845188283
2.8
2.7814814814814817
2.5337837837837838
2.183098591549296
3.039426523297491
2.2699530516431925
3.069090909090909
2.6436781609195403
2.786206896551724
2.786206896551724
2.3771186440677967
2.753846153846154
2.842391304347826
2.7449664429530203
3.4846625766871164
2.6118721461187215
2.5851528384279474
2.669230769230769
3.4846625766871164
2.6614481409001955
2.3884892086330933
2.9630872483221475
2.608695652173913
3.400576368876081
2.8555133079847907
2.5
3.12751677852349
5.16376306620209
3.114391143911439
1.943661971830986
3.1530054644808745
3.04778156996587
2.669230769230769
2.9537366548042705
2.287671232876712
2.4831460674157304
3.3035714285714284
3.726973684210526
3.5238095238095237
3.1927710843373496
2.5921052631578947
2.891566265060241
2.815436241610738
2.8451882845188283
3.1
2.4166666666666665
2.421276595744681
2.3973333333333335
2.769716088328076
2.8451882845188283
3.0
3.365558912386707
2.9537366548042705
2.3819095477386933
3.4823232323232323
2.956989247311828
2.241516966067864
3.315068493150685
8.657794676806084
2.8594249201277955
2.4120481927710844
3.308641975308642
3.726973684210526
3.1271186440677967
2.961937716262976
2.3973333333333335
3.365558912386707
3.039426523297491
3.0980392156862746
2.275
2.608695652173913
3.0
3.4823232323232323
2.786206896551724
2.6614481409001955
2.815436241610738
3.547752808988764
2.8526315789473684
2.2151898734177213
2.3819095477386933
2.8594249201277955
2.5
2.753846153846154
2.619047619047619
2.556201550387597
2.421276595744681
2.63855421686747
2.4293193717277486
2.786206896551724
2.2994011976047903
3.2375886524822697
2.426470588235294
2.8594249201277955
2.7915057915057915
2.53125
2.839622641509434
2.961937716262976
2.4120481927710844
3.189189189189189
2.9216216216216218
2.624031007751938
2.6502463054187193
3.7247191011235956
2.708171206225681
3.5238095238095237
2.842391304347826
2.4293193717277486
3.1271186440677967
3.7381974248927037
3.5238095238095237
2.066666666666667
3.0833333333333335
2.2664576802507836
2.186335403726708
3.4653465346534653
3.0192926045016075
2.287671232876712
3.3448275862068964
2.657142857142857
2.6315789473684212
2.652173913043478
2.48868778280543
3.4823232323232323
2.52803738317757
3.2954545454545454
3.136986301369863
3.365558912386707
2.657439446366782
2.9741935483870967
2.875
2.6118721461187215
3.1540785498489425
2.686619718309859
2.556201550387597
5.288065843621399
2.7915057915057915
3.1530054644808745
2.4831460674157304
2.9682539682539684
2.399441340782123
3.2954545454545454
2.971223021582734
2.533333333333333
2.521276595744681
4.231884057971015
2.7333333333333334
2.791304347826087
3.2
2.8526315789473684
2.3781094527363185
3.7756410256410255
4.111111111111111
2.9896907216494846
2.48868778280543
2.5318181818181817
3.4921630094043885
3.2698412698412698
2.2968036529680367
2.9741935483870967
2.5851528384279474
3.8333333333333335
2.801980198019802
2.275
3.4921630094043885
3.1271186440677967
3.365558912386707
3.4823232323232323
3.2375886524822697
3.9376558603491274
2.7017543859649122
2.1744186046511627
3.257217847769029
2.2941176470588234
2.186335403726708
2.8451882845188283
2.5294117647058822
2.4831460674157304
3.422641509433962
3.257217847769029
2.9682539682539684
2.3973333333333335
4.090225563909774
2.6333333333333333
2.7333333333333334
2.7814814814814817
2.3771186440677967
3.2954545454545454
2.467005076142132
1.97098976109215
2.524
2.0052631578947366
2.624031007751938
2.5851528384279474
2.224
2.225806451612903
2.5337837837837838
3.562162162162162
3.411764705882353
2.9784172661870505
2.786206896551724
2.48868778280543
2.090497737556561
2.45910290237467
2.786206896551724
2.5125
2.5
3.039426523297491
3.0
2.5
2.7915057915057915
3.65625
2.7244897959183674
2.686619718309859
2.5337837837837838
3.105095541401274
3.673202614379085
4.3119266055045875
3.0980392156862746
3.8660714285714284
2.522935779816514
3.1271186440677967
2.4120481927710844
2.532608695652174
3.2954545454545454
3.54
2.399441340782123
2.0
2.825531914893617
2.10752688172043
2.7017543859649122
3.308641975308642
2.956989247311828
2.224
2.932584269662921
3.0
2.2338709677419355
5.0
2.8451882845188283
2.7470355731225298
3.2375886524822697
2.961937716262976
3.032967032967033
2.956989247311828
3.8251366120218577
2.7704918032786887
2.64
2.3155339805825244
2.7244897959183674
2.4285714285714284
2.6331877729257642
2.484978540772532
2.365296803652968
2.093264248704663
3.3618677042801557
2.3820224719101124
2.5337837837837838
3.2598684210526314
2.7017543859649122
3.1271186440677967
2.7333333333333334
3.4285714285714284
2.65
3.9212121212121214
2.2338709677419355
3.189873417721519
2.426470588235294
2.2151898734177213
2.4570135746606336
2.9630872483221475
2.10752688172043
3.3618677042801557
2.556201550387597
2.2151898734177213
3.092485549132948
3.8628048780487805
2.52803738317757
1.975
2.9216216216216218
2.6614481409001955
3.490566037735849
2.5294117647058822
2.981132075471698
2.9285714285714284
2.5125
3.422641509433962
3.422641509433962
2.9784172661870505
3.767123287671233
2.5125
2.7333333333333334
3.422641509433962
2.686619718309859
3.1530054644808745
2.7244897959183674
3.1530054644808745
3.189189189189189
3.731707317073171
2.6436781609195403
2.9537366548042705
2.6614481409001955
2.328719723183391
2.9216216216216218
2.8777777777777778
2.6614481409001955
2.9806451612903224
2.769911504424779
2.543103448275862
2.8451882845188283
2.7470355731225298
2.7470355731225298
2.961937716262976
3.608040201005025
3.037037037037037
3.092485549132948
5.484210526315789
2.6614481409001955
3.9212121212121214
2.786206896551724
2.3884892086330933
3.0
2.48868778280543
4.025974025974026
2.8451882845188283
2.7244897959183674
2.842391304347826
2.9806451612903224
2.556201550387597
3.525
2.664516129032258
2.3819095477386933
3.257217847769029
3.3333333333333335
2.038793103448276
2.608695652173913
2.2699530516431925
2.6271929824561404
3.092485549132948
2.2151898734177213
2.7449664429530203
3.547752808988764
2.5
3.8628048780487805
3.189873417721519
3.320359281437126
2.2151898734177213
2.708171206225681
2.815436241610738
3.365558912386707
3.4313725490196076
2.786206896551724
2.9806451612903224
3.4823232323232323
3.032967032967033
6.490974729241877
2.484978540772532
2.467005076142132
3.2375886524822697
3.7846153846153845
2.7244897959183674
2.6331877729257642
2.484978540772532
2.6436781609195403
3.037037037037037
4.317460317460317
3.257217847769029
3.0
3.0397350993377485
3.3618677042801557
4.247368421052632
2.657142857142857
2.543103448275862
2.467005076142132
2.932584269662921
3.5342465753424657
4.031746031746032
2.664516129032258
2.961937716262976
3.422641509433962
2.144385026737968
3.039426523297491
2.9469026548672566
2.8594249201277955
2.652173913043478
3.062015503875969
2.6614481409001955
2.5
3.125
3.1530054644808745
3.726973684210526
2.6118721461187215
2.5851528384279474
2.4180790960451977
2.543103448275862
2.4293193717277486
2.4293193717277486
2.066666666666667
3.4444444444444446
1.92
2.1242774566473988
2.241516966067864
2.287671232876712
3.7756410256410255
2.4166666666666665
2.608695652173913
2.521276595744681
2.689922480620155
2.4166666666666665
2.708171206225681
2.815436241610738
1.905511811023622
3.6315789473684212
2.4285714285714284
4.090225563909774
2.7470355731225298
2.9682539682539684
2.608695652173913
2.6502463054187193
2.9572368421052633
2.7058823529411766
2.5337837837837838
2.3155339805825244
2.020408163265306
3.256317689530686
3.215686274509804
3.4846625766871164
3.365558912386707
2.5876288659793816
2.7470355731225298
2.22
2.4166666666666665
2.3819095477386933
2.556201550387597
2.4285714285714284
2.6118721461187215
2.4
2.467005076142132
2.6331877729257642
2.8594249201277955
3.6231884057971016
2.8451882845188283
3.75
2.769911504424779
2.1856540084388185
2.423076923076923
2.4166666666666665
3.256317689530686
3.1271186440677967
2.48868778280543
1.7941176470588236
3.9565217391304346
2.421276595744681
2.2338709677419355
3.3070866141732282
3.4823232323232323
3.744186046511628
2.8813559322033897
5.253275109170306
2.4831460674157304
2.8555133079847907
2.6118721461187215
2.9784172661870505
2.3781094527363185
2.2664576802507836
2.5
3.4313725490196076
2.9310344827586206
2.801980198019802
2.0991735537190084
2.664516129032258
2.973333333333333
2.9741935483870967
2.467005076142132
2.5921052631578947
2.961937716262976
