1.72
2.14
3.8
3.4
4.0
2.84
3.5
5.9
3.96
3.8
1.74
2.54
2.9
3.24
2.84
2.84
1.76
4.02
2.54
2.6
3.3
1.88
2.28
2.38
3.92
3.32
4.22
3.86
2.26
3.06
2.24
2.24
1.96
2.42
2.2
2.04
1.4
2.98
2.4
2.48
3.88
2.9
3.88
4.06
4.28
2.36
2.36
1.88
2.76
1.8
2.48
2.18
2.32
1.28
3.84
2.26
4.04
2.86
2.12
2.1
2.02
1.2
2.44
3.08
2.56
2.42
2.02
3.82
3.16
1.96
1.52
2.48
3.54
1.62
2.8
2.38
2.28
2.0
1.86
2.7
1.56
2.3
1.34
2.32
2.56
2.22
2.1
2.34
1.92
2.22
2.48
2.54
3.7
3.06
2.52
2.64
2.08
1.26
1.34
2.12
1.5
4.2
2.72
2.58
2.62
3.02
6.32
3.22
3.2
1.16
3.4
1.92
2.18
1.78
1.96
1.96
1.62
2.44
1.88
1.38
1.32
1.24
2.74
2.24
1.76
1.7
2.68
7.28
1.2
1.48
3.64
6.48
3.02
1.34
1.74
1.64
2.54
2.02
2.3
2.06
1.26
2.88
1.16
1.4
1.56
3.4
2.22
1.4
2.16
1.46
3.06
1.96
2.2
3.0
3.84
3.78
4.34
1.78
2.82
1.22
3.54
2.72
2.44
1.52
2.24
1.86
1.74
3.24
2.5
2.28
1.72
2.58
1.56
3.3
3.06
1.86
2.16
3.6
1.84
2.26
1.58
4.16
3.04
2.4
1.86
1.34
2.22
1.98
1.32
1.64
2.22
4.76
2.14
1.22
1.28
1.72
2.38
1.52
2.42
2.22
2.16
1.88
1.86
2.6
1.96
2.4
3.98
3.06
2.08
2.1
3.46
2.48
2.92
2.64
2.76
3.84
1.82
2.88
1.52
5.52
2.38
1.34
3.24
1.88
1.76
1.84
1.18
4.68
2.88
2.92
1.9
3.44
1.72
3.62
1.34
1.5
2.4
1.64
2.62
2.16
3.78
2.1
3.02
2.38
1.84
1.7
2.24
2.0
2.56
2.46
4.34
2.24
1.56
3.42
2.02
2.52
2.64
3.2
3.44
1.92
2.48
2.0
1.78
2.52
2.34
3.56
2.9
2.0
3.04
2.6
2.34
2.24
2.34
1.44
2.1
1.12
1.82
1.44
2.38
1.34
2.54
1.54
2.4
1.54
2.8
2.14
2.08
1.88
1.7
2.16
2.8
1.66
2.46
1.58
1.9
2.12
3.32
2.58
1.4
5.44
2.9
3.02
1.82
2.38
1.38
1.54
2.46
3.86
1.8
3.98
1.8
1.76
1.92
2.94
1.94
2.32
2.94
3.16
2.6
2.6
2.24
2.58
1.72
2.4
2.28
2.84
4.36
2.22
2.26
1.82
2.64
1.66
3.04
1.4
2.82
2.42
2.0
1.54
3.58
2.42
2.7
1.32
1.98
3.36
1.7
2.28
1.92
2.84
4.08
1.48
1.94
2.46
3.34
2.92
1.6
2.74
2.5
1.68
1.82
3.22
2.62
2.84
1.36
3.48
3.16
1.2
2.22
1.58
2.16
2.28
3.62
1.94
1.08
3.3
1.7
2.64
1.54
1.22
2.44
1.92
1.24
1.3
2.46
1.72
2.36
1.94
3.38
1.04
2.58
3.6
2.78
1.42
2.34
1.32
1.4
2.16
1.82
1.86
2.34
3.12
4.04
2.3
2.66
1.48
4.94
1.18
2.92
1.94
2.48
2.52
2.08
1.34
2.38
1.56
1.86
2.02
2.94
1.54
1.52
1.88
1.16
1.86
2.46
1.76
1.92
2.14
2.24
1.32
4.72
3.28
2.9
2.78
1.92
1.98
2.58
2.76
1.9
1.66
1.44
2.24
1.56
2.08
1.34
1.52
1.48
2.2
1.66
1.4
1.46
1.26
1.78
1.16
3.4
1.56
1.76
2.06
1.52
1.58
1.42
1.6
2.0
1.78
2.66
2.38
1.42
1.84
1.76
2.94
1.4
1.66
3.0
2.64
2.26
2.46
2.2
1.56
2.0
1.74
1.64
2.42
1.16
2.02
1.58
1.74
2.62
2.22
1.34
2.66
3.34
2.66
1.86
1.82
1.14
2.34
1.72
1.94
1.62
1.74
1.38
2.38
1.76
3.08
2.7
4.08
3.06
3.3
4.28
2.48
2.14
2.36
1.82
2.34
1.32
2.72
2.16
1.32
2.66
4.18
1.94
2.66
1.8
2.56
3.5
2.54
1.24
1.86
2.02
1.5
2.58
1.64
1.96
2.96
2.16
2.2
1.96
2.38
2.76
2.04
1.64
1.44
1.74
1.56
1.62
1.86
2.9
2.34
1.3
1.66
1.36
3.12
1.72
3.3
3.2
3.26
5.8
4.26
3.5
3.8
3.16
1.84
2.16
1.94
1.88
2.56
1.8
2.08
3.46
2.7
2.34
1.98
1.22
2.08
1.88
2.78
1.96
1.96
1.9
1.6
3.9
1.68
3.16
2.42
3.54
1.48
1.56
1.66
1.62
1.92
4.12
1.26
1.8
1.5
2.86
3.98
1.58
2.24
1.26
1.62
1.7
1.48
1.46
1.24
2.24
2.1
2.96
1.64
2.32
1.7
3.32
2.82
1.86
1.72
2.22
1.82
3.58
3.16
2.66
2.6
1.38
1.9
2.66
1.48
3.38
2.4
1.82
1.88
1.66
2.78
2.5
1.86
1.66
2.44
6.7
1.42
2.22
1.98
2.72
2.94
5.04
2.14
1.58
3.04
2.36
2.1
3.46
3.34
4.88
1.74
5.02
1.44
3.38
1.42
2.56
2.3
1.98
2.1
2.78
2.6
3.54
3.08
3.2
1.9
1.6
2.16
3.68
1.78
