2.3311954
2.2027583
2.4451241
2.096506
1.3958426
2.3339791
2.3659651
1.9845335
1.89943
1.8248615
1.9408667
1.7793151
2.3302722
1.8917245
2.0701466
2.468656
1.7134209
2.142035
2.5365806
2.28545
2.4235444
2.697267
2.515271
2.5280764
2.1111653
1.8102136
2.4322667
2.5796447
2.14393
1.8742332
1.7602106
1.650065
2.265069
2.0695057
2.181975
1.5340163
1.7645772
1.8585541
1.6160845
2.3937373
2.7996836
2.8316908
1.7117542
2.4300418
1.9225075
2.7517183
2.330145
2.3826542
1.1550384
2.247964
1.6112567
1.6786923
1.8840481
2.3918395
2.2951045
1.4408898
2.7499707
2.3719811
2.00948
2.8972948
2.3363419
1.9360447
1.9869187
1.5086724
1.9833002
2.524693
1.8613564
2.9176097
2.439888
2.1319385
1.9334215
3.0651813
1.7513385
2.2693672
2.2186632
2.273277
1.634876
2.0793767
1.3944435
2.328562
2.47968
2.279395
2.423998
2.22718
2.183074
1.8967925
1.6702121
2.3423214
1.7550498
1.5681776
2.2906308
2.0927477
1.6411448
1.4708382
2.0552914
1.6713039
1.8079643
2.1708183
1.2939373
2.0715094
2.3779678
2.6695998
2.1059566
1.7468251
2.0347729
1.9888673
2.5282216
1.6490167
1.5950596
1.6936618
2.3479147
2.3998895
1.8251292
2.0931878
1.4561372
2.9443758
2.7480147
2.2259595
1.7088985
2.1578445
1.7282056
2.507108
2.3566165
2.2101898
1.7781274
2.191041
1.5950596
1.8622165
2.530966
2.5072596
1.6043983
2.3260517
1.8157418
1.8947636
1.8159444
1.7295935
2.2342238
1.6287422
1.7293174
2.352077
2.154364
1.9062927
1.9801481
2.5590787
2.4373968
2.5296767
2.4552777
2.4477892
1.8844385
1.62592
1.9874972
2.4285526
2.4705234
2.0517092
1.7182381
1.617624
2.2150812
1.6893754
2.5584586
2.3276975
2.0623689
2.633537
2.3672078
2.3672078
2.0632927
1.6913769
2.4591334
2.5483503
1.7547991
1.7765383
2.0963798
2.2667212
1.9025887
2.4432213
2.0431151
2.4113088
2.350318
2.5828183
2.422411
1.9925014
2.146831
2.4656522
2.6651745
2.6553574
2.378291
2.3437433
2.3432803
1.6936618
2.5752466
2.3091073
2.4491143
2.3556886
2.5255964
1.9979709
2.1625237
2.5244317
2.3831778
2.8030686
2.2283788
2.1081975
2.5214183
2.350515
2.0969124
2.2737849
1.7656243
2.116551
1.991682
2.4602604
2.1074305
2.0814676
2.6203256
2.4682984
2.2143893
2.633472
2.1901119
1.869735
2.136203
1.8897809
2.028492
1.7198424
2.6495183
2.027629
1.9063289
2.634729
1.6051826
1.6404757
1.7645772
2.154262
1.5937576
2.4889684
1.6773487
1.6744403
2.3794894
2.1075363
1.776226
1.7305729
1.7710404
2.1678677
2.5255585
2.7053745
2.5794115
2.2523928
2.4427772
2.7497158
2.739297
1.6585152
2.4777827
2.0889463
1.7557548
1.6800246
1.627274
1.9611057
1.6811217
1.4908029
1.9784256
2.5860739
1.8016117
1.7715083
2.6807353
2.5063527
2.4593291
2.322309
1.7645772
2.0074594
2.8400145
1.6291826
2.0243897
1.6619508
1.6020467
2.2484777
2.023622
1.5771027
1.963439
1.617624
1.854296
1.6043983
2.3178635
2.2847705
2.199647
2.9254453
2.7642899
2.69834
2.1469707
1.2749848
2.307721
2.7468014
2.3874712
2.5738878
2.4219823
1.7262748
2.0064917
2.4251962
2.1893878
2.0578623
2.0309691
1.9028498
2.2767596
2.3802817
2.1721137
2.6316404
2.544783
1.9674485
1.7009264
1.757231
2.069381
2.4185948
2.5740323
2.5394244
1.5218207
1.7700573
2.3195536
2.507489
1.3097147
2.5952082
2.5707428
2.1780136
1.8751254
1.2399521
1.6496797
1.4841034
2.7054384
2.3583436
1.6947263
1.1706986
2.0596104
2.5439079
2.5334077
2.382436
2.3045626
2.188168
1.4766345
2.3995137
2.2291765
2.171352
1.8409805
2.261717
1.8208739
1.7031134
2.1003337
1.4284825
2.6171439
1.5713489
1.7368654
2.2571821
2.58822
2.5029159
2.4736733
2.245205
3.162085
2.4274096
2.833439
2.6089356
2.5534585
2.6638145
2.3006802
2.2904782
2.0658176
1.6811217
2.021433
2.1798508
2.123419
2.45685
2.4744854
2.649784
2.5918324
2.6545355
2.387539
2.029626
2.142473
2.0456028
2.3075097
1.7983818
2.1664376
1.6815598
1.6132438
2.2437613
2.4682622
1.9510794
2.3749373
2.6739902
2.2772262
2.8965755
1.9410552
2.6466894
2.3493805
2.5743713
2.669134
2.2000644
2.5515146
2.101224
2.833439
2.6577926
2.5080845
2.0233097
1.7439533
2.4370196
2.4812818
2.7015522
1.6520954
1.6936618
1.4826287
1.6861515
1.9685465
1.8730581
2.0705626
2.1181197
2.2125378
1.662345
2.619907
2.0466638
1.5989089
2.07051
2.4398255
2.0646093
2.2791038
2.0215971
2.512893
2.5110433
2.284007
1.7455841
2.5881124
2.4358635
2.2131166
2.2717252
2.2591438
1.8106456
1.8970314
2.3477125
1.6684625
1.8349154
2.9525852
2.3554144
2.3045487
1.6540197
2.7370937
2.4259098
2.5619073
1.815118
2.4701848
2.1501777
2.612219
2.6043136
2.360969
2.7895112
2.0117686
2.3368192
2.6915023
2.3916636
2.4411407
1.9920563
2.258381
1.931563
2.2715988
1.8158011
1.6512091
1.6843715
2.1277723
2.5393898
1.7101934
1.9757161
2.391718
1.8703496
2.2631764
2.594056
2.03909
1.9038229
2.341477
2.2887611
2.06216
2.088385
2.327971
2.6349268
2.0671625
1.8313311
2.4888024
2.179122
2.6466687
2.391409
2.4463272
2.5230675
2.5006676
2.378565
2.404842
2.3620234
1.9590861
1.6053711
1.5231638
1.9913809
2.007649
2.0698323
2.106205
2.0615156
2.4297283
2.5804586
1.5003399
1.8894525
2.3512375
2.2330642
2.2083087
1.6231525
1.8088222
2.618669
2.5531049
2.2175179
2.2158954
2.5918324
1.8224674
1.7543616
2.4435716
2.456378
1.7717133
2.6252768
1.6227369
1.6442745
2.167574
2.4424806
2.327971
2.7058625
2.0073268
2.4522057
1.6539431
1.8937813
2.7713196
1.7905468
1.5425899
2.4037251
1.7700585
2.1982086
2.1606803
2.4343169
1.8861644
2.4787803
1.6420463
2.9554543
2.5248694
2.4102843
2.0993938
1.9895077
2.068151
2.1888347
2.183399
2.513734
2.5843825
2.7578704
1.9743049
1.7946377
1.81738
2.3452485
2.099754
2.1718524
2.6323895
2.145363
2.6531749
2.3438268
2.3997304
2.0428712
2.3144987
2.2005596
2.393393
2.227035
1.8343077
1.4784391
1.2508233
1.6408813
2.538173
2.3122616
1.7137798
1.9802421
2.4272084
2.3685746
1.8950168
2.0326686
2.4435787
1.6461724
2.5035584
2.5274
2.6302001
2.4307675
2.5742853
1.4526464
2.2751603
2.392136
2.5536647
2.0087147
2.0081217
2.3761551
2.9483142
2.378437
2.6698277
2.8475862
2.1424308
2.3730054
1.6752725
1.5305723
2.2366288
1.9129184
1.788759
2.4887295
2.4162602
2.0206065
2.1688643
2.6170447
2.4924555
1.8702747
2.333205
1.8515446
1.7507213
2.8117695
1.7736185
2.1705198
2.0360425
2.0360425
2.3266392
2.2178864
1.9610256
2.6945348
2.1972632
1.8691139
2.5136962
2.5492456
2.4359903
2.5905712
2.1469712
1.8107834
1.8311088
1.9293134
2.310247
1.4254773
1.6710123
2.0397692
2.0345669
1.968939
1.9781245
1.6975999
2.1350384
2.7550035
2.1685216
2.6059844
1.9224952
2.5804663
1.662345
3.1751344
2.3163366
2.3188505
2.3741918
2.2823205
1.5841691
2.233706
2.144261
2.353447
2.2373838
2.5733037
1.6335212
1.8614966
2.3056617
1.631841
2.5503488
1.6266448
2.4737034
2.7566633
2.5716786
2.0832841
1.7602106
1.7560371
1.343048
1.650223
1.6395737
2.4285793
2.088622
2.268035
1.8507911
1.9227631
2.9365618
1.6469876
2.585389
2.6245434
1.5247899
1.7705741
2.3741617
1.6826215
2.5755935
1.6584866
2.3621233
2.2677612
1.5052181
1.5379915
1.9373856
2.2730253
1.7414243
1.7754767
2.2833204
3.2518291
1.7563589
1.6287422
2.1823916
2.6697888
2.173297
2.130674
2.130674
2.3721454
2.1635222
2.2412877
2.057311
2.169064
1.8318145
2.3975024
2.7691832
1.6904635
1.6735885
2.5737174
2.0991874
1.7239746
2.0451956
2.0590572
2.344324
2.3018727
1.6936618
2.0811002
1.6843016
2.4383304
1.817125
2.594056
2.5322802
1.714085
2.2845507
2.4293077
2.0881963
2.1689568
2.4022408
2.431316
2.2500086
1.8461113
1.484256
2.295527
2.3428063
1.5550438
2.221683
1.2028484
2.1892943
1.6184496
1.8958197
2.3614411
2.6790323
2.089476
2.6092696
1.7009888
2.375935
2.5340393
1.6202838
1.8380076
1.7047528
1.8040161
2.4471493
1.8516722
2.26231
2.8030686
2.269024
2.303836
1.8282353
1.7158599
2.292044
2.3262033
2.1046848
2.3192291
2.892186
2.155894
1.8182094
2.0566225
2.1701524
2.185361
1.971453
1.3501263
2.545026
1.8820566
3.221528
2.4182618
1.8092308
1.7424301
2.7361822
2.2087975
2.0980144
1.881995
2.2228434
1.485784
2.3387003
2.2761228
2.3032947
2.1007142
2.1313996
1.8330352
1.490565
2.4329896
1.6413957
2.019168
2.212504
2.012196
2.1311097
2.0150332
1.9068439
1.7272533
2.0465984
2.0549264
1.0771266
2.7751024
1.7607642
2.158989
2.3856397
1.5860568
1.7117406
1.7351973
2.4450293
2.2410986
2.329813
2.3209474
1.7798384
2.2697508
1.8464143
2.4202332
1.7658136
2.883507
1.7266176
2.1685266
2.1020434
2.5094306
1.7824559
2.51271
1.8207346
1.809853
1.9786704
1.6800199
2.5890422
2.4268105
2.735594
2.496935
2.4290857
1.9156344
1.5851396
1.7031134
2.1871378
1.744924
2.4703414
2.3259306
1.5120311
1.6299162
1.7788811
1.971995
2.3696485
2.2787685
2.070063
1.793269
1.7634304
2.2033896
1.7550498
1.8096465
1.4549162
1.814411
1.534118
1.975555
1.6843016
1.6900549
1.7120514
2.363873
2.576226
1.7560505
2.3124433
2.5757632
1.7859428
1.553723
2.3915005
2.1243536
1.6811217
1.6288556
1.4989531
1.3749299
2.5333467
2.0962362
1.8059781
1.8306848
2.0637836
2.0964875
1.7468207
1.9578358
1.4160335
2.1776702
2.3026247
2.7533605
2.8484526
2.4415007
2.4402964
1.6136435
1.736865
1.922457
1.5565922
1.8576086
1.7814113
2.3061562
2.1425433
2.9453893
2.2391443
2.7589679
2.0899622
2.6738255
2.3040228
2.329339
1.6039766
1.7379735
2.1563244
1.5454346
2.7385478
2.2097573
1.8757508
2.139412
1.2515419
2.7303824
2.1788
1.8589151
1.6172754
1.3256072
2.228303
1.6911998
1.7336061
2.2960598
1.6975999
2.508136
1.7101934
2.2663116
1.3832936
1.9977409
2.6969364
2.4966116
1.5999737
2.2121081
2.1276798
1.6871693
1.776482
2.7033527
1.6066637
1.5991406
1.7111995
2.6813889
1.5105377
2.8475862
2.6927433
1.8608361
2.4099288
2.7005994
2.5910964
1.8476627
1.5755163
1.6343622
2.115559
2.2354722
2.4028602
1.3533002
2.2393355
2.3652802
1.5222486
1.8486195
1.8589488
1.4549162
2.0744927
2.3130782
2.0257127
1.0341761
1.6867831
2.509086
2.286611
2.3742251
2.260382
2.0218449
1.6710123
2.0062418
2.4494014
1.3291438
2.2735453
1.8886579
2.9234917
2.620787
2.4849265
2.892138
1.9038446
2.0717916
3.000452
1.4832909
2.3644507
1.7768892
1.3654308
1.1172252
2.5218406
2.159087
2.264518
1.6992205
1.7439533
2.1910546
2.2486985
2.398241
1.9667511
2.1384616
1.9773228
1.963039
2.3309875
1.7514614
0.8945509
0.6943599
1.1590061
0.9413118
0.9001219
0.6943599
0.79567206
1.1228149
1.0473955
2.2354326
1.87265
1.8801047
1.577793
2.316887
2.3334622
2.0548973
2.408689
2.3363624
2.0677571
1.6187233
1.5394777
2.606916
1.9202232
1.9812425
1.8589814
2.0258808
2.1916158
1.9614208
2.3106337
1.6904635
2.482729
2.4372048
2.1884012
2.3368192
2.4050407
3.6740687
2.0205264
2.545617
2.427681
2.369267
1.8013451
1.8609775
1.4700198
2.4829888
2.7860994
1.880306
1.662345
2.2933588
2.695988
1.3854405
1.7885725
2.7599876
2.237794
2.3165746
1.6055545
1.8277868
2.4135458
1.9099299
2.4536963
1.9011855
1.543519
2.4640112
2.4429574
1.7608387
2.4271379
1.8668219
1.7556324
1.5890363
2.1812897
2.168242
1.9629482
2.0491257
1.9874064
3.041825
2.829577
1.9152324
1.7120572
1.7295935
1.5999737
2.1525798
1.6800199
2.2094438
1.7295935
2.2094183
1.8893889
1.9875383
1.6820403
2.043589
2.0868092
3.151828
3.0151346
2.0673208
2.3111284
1.7963817
2.1093717
2.125278
2.38103
1.9659815
2.056807
1.6803361
1.8418896
2.6761475
2.3339863
1.7833846
1.8941166
1.5106403
1.70932
1.9774393
1.962029
1.6491121
2.1457667
2.9773693
1.7624729
1.9242277
1.6830263
2.6289024
2.2267876
1.4391463
2.751642
2.2016897
1.9869018
2.2275708
2.332455
1.8905625
1.1977613
2.0406938
2.087353
2.2870064
2.2870703
2.2153437
3.2985532
2.754694
1.8672087
2.009809
2.0940711
1.8607203
2.5566037
2.5250614
2.1696944
2.8965755
2.4363515
1.96447
1.132716
1.6351476
2.3348799
2.4449854
2.6119156
2.32542
1.3813846
1.596544
1.5691096
1.8054084
2.7361915
2.096765
2.582737
1.9113555
2.3895745
2.1537886
1.6928835
1.9724003
2.123946
1.9122188
1.6172754
2.1207619
2.0257127
1.747968
2.7069807
2.392624
2.2933302
1.743364
2.430033
1.9615729
3.1002374
2.0460758
2.3144083
1.9988006
2.0743432
1.3832936
2.912674
2.2939935
1.7332137
1.7580916
1.7789623
2.3612947
2.0323806
2.2474928
2.7407398
2.4374835
2.0078933
1.5307797
1.6288556
1.5989089
1.5899366
1.743364
1.6242789
1.7982253
1.8437587
2.211824
1.6890824
2.6474652
3.624788
2.3719301
2.6945996
1.9109775
1.9312785
2.4419587
2.8358817
2.6726747
2.2486598
2.4605174
2.239665
1.7662277
2.2062433
1.5515987
1.807286
2.0316505
2.5552216
1.6772101
2.463019
2.4845393
2.0834932
2.9009962
2.7681124
2.5106323
1.8840238
1.820437
1.6583997
1.9898665
1.7031134
2.3446422
2.3149853
2.4142036
2.1063194
1.8746026
2.4917736
2.6353285
2.5949845
3.2200997
2.688644
2.5155225
2.0419347
2.3902702
1.3740346
1.7272533
2.5973628
1.8751619
2.5815728
2.6206918
2.4281678
1.3810375
2.337711
2.3755586
2.4468265
2.6292126
2.9079287
2.8830986
2.116458
2.6451263
1.8830562
2.2177672
2.5971715
1.9561192
1.9313898
1.673766
2.2090166
2.0298605
2.6043458
2.1866226
1.9337023
1.8928642
2.3372207
2.6325376
1.9109254
2.3715577
1.8376651
1.9409988
1.9071811
2.1854324
1.6381806
2.7334888
2.1408834
2.750585
2.4908094
1.9420592
2.3915005
2.7481673
2.4804196
2.1011124
1.6505156
2.47968
2.1880615
1.6242789
2.0354366
2.2636247
1.6461724
1.9747896
3.0134401
1.5036407
2.562986
2.3328488
1.8514771
1.4632819
1.8006507
2.2140508
2.657914
2.384212
1.9489683
2.8830986
2.1499805
2.359672
1.7180787
1.9736836
2.2925212
1.63696
1.8897359
2.1581147
2.0132315
2.3204377
1.9002899
2.4604871
2.365883
2.5477397
3.0552802
2.4273038
2.3865218
1.905655
2.6080284
1.7395
2.1270616
2.5566118
1.7949553
2.3979816
2.1974032
1.5918143
1.6025801
1.7130406
2.6915023
2.6261747
2.5370734
2.2717867
2.661336
2.224174
2.1663513
2.2316642
2.227091
2.2300186
2.0892475
2.2665985
2.4853377
2.7713196
1.9122291
1.583364
2.4205256
2.535275
2.3897295
1.8255084
2.2724125
2.0056262
2.5094306
2.6812725
1.814652
2.0943985
1.647206
2.4258041
1.9861593
1.9598747
2.7006361
1.6710123
1.9923433
2.1241934
2.2229648
1.2351891
2.6576276
2.6584706
2.7833395
2.7106295
2.7713196
1.4701654
2.3211052
1.9609706
2.2339385
2.5308123
2.2658806
2.169566
2.5933924
2.4512005
2.4450064
1.6228247
1.6067421
2.2861521
1.9994111
1.9111923
1.6381806
1.6719089
1.7288598
1.5682218
1.728691
2.5965893
1.5426427
1.707466
1.7439258
2.2601118
2.15877
1.7895433
1.7344953
1.4503942
1.9962889
2.1421514
2.2121556
1.9738836
2.5026371
1.876517
1.9210788
1.9272504
1.7642319
2.5953023
2.4711256
2.5515146
2.6030374
2.9180012
2.3247216
2.381567
1.9575288
2.5742853
2.0576813
1.9790336
2.1012988
1.7804798
2.5289302
2.1784687
2.8117695
1.97832
2.1525555
2.207868
2.5237396
2.2787237
1.9340905
2.2116065
2.661081
1.6312155
2.0510178
2.648171
2.2958384
2.4551046
2.408959
2.5282075
2.2424154
1.6807908
1.775574
2.1683958
1.7008277
1.6340469
2.1511114
1.5466477
1.645339
1.7466763
2.3686018
2.5622206
2.0823817
1.9620929
1.7188689
1.7717052
1.6598241
1.8433468
2.28592
2.2710447
2.1542573
2.3948355
3.024162
2.4951541
2.2428825
1.917576
1.83496
2.3197079
2.1463065
2.0259662
2.508136
2.4436102
2.675938
2.0530257
2.4457464
1.6735888
1.501824
2.2991574
1.9232224
1.2944064
2.3114552
2.2267444
2.492323
2.4491143
3.8548148
1.9229125
2.2111325
2.8234866
1.9046674
1.7162989
1.9191488
1.7734928
2.633263
1.950269
2.2024934
1.7061503
1.8582788
1.5829275
2.5399451
2.427657
2.379389
1.874598
1.6250468
1.581297
1.4359354
2.074688
1.959143
2.2040272
1.6294571
2.3654833
2.218843
1.9152486
1.6284721
2.543675
2.6074052
2.5856125
2.1780958
2.2204206
1.8642206
1.6883825
2.4607956
2.331951
2.5918376
2.289958
2.106873
2.3165746
2.2209644
2.2904897
2.0506313
2.1557548
2.5569715
2.3872354
2.5515592
2.0639825
2.3104205
1.7410712
2.3187542
1.8245546
1.9770821
2.1240335
1.9756343
1.9398422
2.0559874
2.027882
2.5885813
1.8452224
2.437503
2.1399012
2.48276
1.60374
1.6831126
2.1309605
2.1229575
2.0526714
2.6724143
2.4844813
1.5358021
2.0333858
2.4790177
2.4377522
2.5224504
2.3296783
2.1637447
2.6789834
1.6288556
2.8646286
1.4310433
1.8142909
2.7354991
2.2882397
1.7047986
2.5528643
2.9447308
1.8469746
2.3786602
2.0578218
2.2619991
2.8035145
1.5836875
2.2429492
1.5503116
2.1641035
1.7557706
2.3802974
2.2426043
2.1369343
1.7195364
1.7629788
1.6287422
1.6381806
1.7349327
1.6350703
1.5869316
2.6323895
2.3653426
2.155169
2.4224176
1.976355
2.3899913
1.9691179
2.6508596
2.3625066
2.0711184
2.240305
2.3456635
2.1117258
2.5049682
2.4049177
1.7800276
2.209722
2.2323835
2.6056688
1.8660939
2.1703196
2.3053503
1.8867998
2.4484997
2.2121189
1.7989458
2.503291
1.9196268
2.0740488
1.7134209
2.1945877
2.080871
1.3460181
2.3406453
2.3979132
2.174405
2.0818748
1.7706507
2.3869596
2.7968576
2.2632816
2.2730458
1.5602845
2.5179489
1.6899915
2.596483
1.7015626
2.054324
2.8386254
1.6686225
1.7895433
2.7360127
1.8302532
1.8659328
1.7710646
2.272581
1.6811217
2.1183472
1.778049
2.2587934
1.8115832
2.4224734
1.7180787
2.130776
1.7425655
1.817125
1.8257699
1.8118913
1.45241
2.051921
1.7190361
2.0841064
2.4386759
2.4472046
1.9490954
1.6036566
2.1514606
2.0227113
2.1220806
