3.422131419611445
2.795121950984822
4.2080155417290035
6.111283985601408
3.840368627800366
3.029420920577862
4.67452780413448
1.9191821122432198
2.8793260751191183
1.9918120004722046
2.840383354644043
1.8078954364824527
3.1869071966997216
4.812918748411679
4.250112323867498
3.4846055023816285
2.2906549576284343
2.6556034930382846
3.9426889629912583
7.941703138643192
3.8230365188477067
4.566420039605957
4.646645624637966
3.7955460466049433
4.160325288551674
2.8838076291148633
3.7262454422575177
2.755145365180586
2.9687298543608316
2.915403594149514
1.919342424331898
3.0914478388256663
2.919138247070063
4.281352546337218
2.778052261598047
2.993866233355385
1.7866308708151108
2.1212350191706513
2.0212052837579733
3.71983295409054
3.8839224682156357
4.792232692597804
1.4764898527865618
3.2411355706844382
4.020998808416063
2.8606481656151823
3.4932253951457355
5.855832930944801
2.0914536352849322
3.3598553997688003
1.9808106841194564
3.1353189515779105
3.293421630330393
4.589760830202249
3.5800375589913687
1.526735267748683
4.188526260711128
3.394621727457118
3.3847055082470767
3.865208381100088
7.212075263930246
4.645815397402717
3.153401428511798
1.89856020759579
2.7283884946897476
2.393196009804576
2.2038007101064223
4.067040706694159
5.388512614236528
3.429069789684619
1.6918503472328132
5.109641342633264
4.807483476377119
2.2879008779016243
3.5934103667328783
3.650016800481828
2.1292553678900688
2.778669933160576
2.821605778739368
3.755790105996887
3.649270090633554
4.290741394591152
3.5824846418875724
3.3125464082051908
2.7537090266511197
2.896139655385217
2.4188636479612513
3.9780718723039072
2.6190660077812598
1.9887655660254262
3.2686905932562325
3.952089038484037
3.907941737937905
1.946232290453606
4.1860106885640676
1.9280625267172786
3.5039240119621393
2.008165006476491
2.6869237342034116
2.5597234626773
3.2247027818884955
2.9923026946386555
3.5770354842846372
1.809414903882819
2.322623941925735
2.126844805561023
4.025699466096696
2.931216903648193
1.8126936841007697
3.075819803701963
3.9226008081287853
3.36678079255343
2.3118417232486435
2.3521091280710626
1.8660610618845241
3.971903366342722
6.50558559041014
2.860495669464534
2.299514740747988
4.8848353282683155
2.200726615233636
3.3061989858957306
3.551122715273175
2.829911911913492
3.0706347963853466
3.5095480083493515
2.2307463684425035
2.0525652358648725
3.583112924644393
3.062133848086952
2.077381268858844
3.2004314787671575
2.8941612829312318
3.2040143434114596
1.9739024912788024
2.7079565432216106
4.134194997651953
2.1504265496984836
2.9951494074283613
3.0906817507154827
3.1235218528927566
2.103028894040907
3.899262636432871
6.130883253640642
3.43039170330498
2.6876039073324676
4.139948135729594
4.217373246660298
2.585436755050093
1.3961414529228566
4.217154241984544
4.33284578952627
2.7039497857073314
3.9408470483366993
1.6074257363818356
2.0582626630176897
2.5148495597806604
1.6233746099046351
4.33920664794509
3.9848385258321772
5.905407005029411
3.9511132101024082
1.0828893122030043
1.4440197214167132
3.75380540175094
3.1077914714806605
3.090977997545666
3.6283970571085105
2.364698834972331
2.5549202950714616
2.875007808719393
3.0576661470599023
3.4931439793763714
3.711891911431779
2.372740010728087
3.4727125803779684
4.145262231317929
3.6950618101076325
3.2455402968874036
2.330633302502541
2.147413728710426
6.081020249892355
3.4961024840398798
4.601399750991386
2.901029996177107
3.608751886948476
3.807535249763513
2.223231747860094
3.922707748650352
1.6744579645600615
4.216969866082558
2.8208483040372103
3.4382706924556965
3.2079432264450536
4.776781476612968
5.676314599528379
3.843909881735691
5.184686121053972
2.6935192457598833
2.2989826807302665
6.758419294214337
3.837672147687381
3.9468744971260423
2.959844344939466
2.584003763568535
2.7651314241150744
3.5877729951126858
2.5896691315911253
4.237732915383031
2.429012453205918
4.750079701001028
3.781660869354775
2.728090396015891
3.9000080291079655
3.424731391169341
1.6319370685009158
2.7233878066599586
2.3787292124738353
1.945462821993557
2.1243149767130625
3.7356390017692878
3.146612871024865
3.7305229206484705
3.3695408085466836
1.615457004237186
1.615457004237186
1.7487599647602128
5.170273523676628
2.362509680740305
4.0248962380496085
2.4443368568887958
2.3473843354464865
2.809794576778063
2.079296840706077
2.7200451502340672
1.9598494198569092
1.5792674881351783
2.1132675266029253
3.891003234875022
9.985770834677458
5.6297793957507105
4.948253683192786
3.8914437544384812
4.3434958266763415
4.250169502121885
2.0717022597224575
4.688065274895507
3.0079241437714312
1.785425206729587
2.1063377503508547
1.9055613912264795
3.1814163979020784
2.0804774656222667
1.7216142717727587
2.323956121331413
3.574054356289438
2.519964726549291
3.3808915936656354
4.002029971494186
3.567528384823666
4.681764922839309
3.6247841260054083
1.8653213324832003
2.5612351617632823
5.45448664332141
3.0988500742525216
2.9189599830256507
1.656152172075052
1.4908975597063585
3.079074661438668
2.515518132951244
2.0839400138370503
1.485876074221561
1.5422189102044337
2.3140633614321997
1.6487699362184258
4.157225686742446
2.797219153604314
3.3175299658130557
9.888418934096036
4.580848803346949
4.38978911891634
2.2774280848314614
2.079051489001085
2.8515469341684274
4.2122311253831715
1.9736954563014608
4.1023101613239765
4.228552746440242
1.9453236375090297
2.216859644237612
3.4065619303812853
2.79281536877253
2.0751273605084126
2.9392760580843724
4.348354832502173
4.163199817670241
3.623583391291162
2.9812346928764364
2.2081141389463093
5.055513774813904
2.7968956280631194
3.37394841174733
2.3013045969654016
2.8014296764750686
3.7815759034114835
3.7594389561328487
5.616267855701379
1.73290807318984
2.895642740690866
3.5011216110694314
4.484740889657832
2.7010927409795666
3.430346973345517
5.039196329654131
3.499105385879204
4.334835723145886
6.59926698401488
4.148755272678794
3.322570775394662
3.280383871149623
2.3326936370161286
2.0152497826404985
4.396389185092402
4.148818417022722
3.478090155699054
4.513483680581825
12.4499056459409
3.4505578537122417
3.9495382553727953
1.9594574754720806
3.304958593925392
5.356034365199764
1.9795127984495313
3.0938326510581904
3.039371835607652
3.411198452785427
3.8479115207937102
1.329878695321156
2.203566379903943
3.508082000739673
1.9758205960988224
1.2608283331899524
3.9111295670065824
4.350573265796161
2.319294203296196
4.094591533058366
3.5481831326673405
4.085071142941883
4.029211071119547
6.05570074581588
3.4343154325998
4.346502703603604
4.206492880549733
2.4264392378309334
10.012566896833937
4.762818191898625
2.15930153474204
2.167506082591403
3.110898805067784
5.447251469564941
3.927726724323434
2.1700779797881697
3.833973015480928
6.190594946935111
3.8661930175917756
2.3377567126165752
2.289425662471192
3.302141125341705
4.798811711584049
4.731693229876162
5.191992730263094
5.095292143204328
1.482961185402263
2.0886574336593147
6.670181596172257
4.21947660981826
2.56078091200074
3.858555971464153
4.292500857463523
5.041876388647477
4.4173567447127855
3.640370523026336
3.4790115618576447
3.7062572253275854
4.287744279723343
3.338778602099279
3.801281762818168
3.586421958695627
2.437012203566977
5.160202156356566
6.272183650649022
3.4880813055662947
2.883594928804462
2.485475946207537
4.4071076292582445
4.660677940917562
4.372985857874038
2.9348149227382865
2.9407205336657043
2.2251961542370275
1.7908371298456338
2.962356003982696
1.528458998519467
2.4886691808159735
3.824450057518126
3.1360942180680453
2.004854438214419
3.653661039855446
2.2745352165261834
2.3099572632895304
2.785084165323632
3.1614626614818238
3.4416411920392944
4.473830095949692
3.548053660525589
4.965331287742145
3.831065961723174
3.056001057034722
5.314201391590054
3.5641040663052994
3.8053958466856956
2.7752985528388816
4.0721283925257765
3.306469116637898
2.51545808928844
2.6267251955416957
3.997779476804865
2.2780045258978916
1.9628482022616456
3.512699349560342
2.5266111252606365
3.3635230630046085
1.836016728982051
4.060572131739894
2.903528134387065
3.322528460345411
1.9486437990969696
4.406717088792199
2.0987256081383396
5.281599365070115
4.5850079898679885
2.3474357323316597
4.091293812529301
4.238090735633942
3.284173857920958
4.008721555801365
3.6985220282658897
2.821797862445481
2.103280243800028
3.0402396665175884
3.0585080483591303
4.1673284070606105
2.8172809308462634
2.366469700241226
2.546351080872956
2.4363293595304456
3.4094723386570314
2.271599098211212
2.318971607108525
3.7049453358329565
2.786360209283848
2.2775458612197013
3.914117875122899
2.9459146254002393
3.194027763735466
3.252195327483621
3.211959977785145
2.733824070987206
2.4470124329123166
3.5562718104659288
4.507444684119714
3.6827845439074256
2.670613041291555
3.0800903320293584
3.1505312326538144
4.567300527648175
4.01088544761045
4.09212633782603
3.3208293551816563
4.608651683812895
3.8158133145019146
3.0119003098563093
3.397905259657443
2.614088632017537
3.1778528066764444
2.5828042224102132
3.0923710924604353
3.41998983267034
2.696961257015646
3.4568374438181055
2.4202106242830275
3.7825097350784045
3.6693169041422045
1.972736630611927
2.419892316911576
3.862379498953517
4.785743812844196
5.346984412724293
2.000798012368845
3.1435913728015232
4.30830362679357
3.0113041862661314
2.7867206157030853
3.2367042758323046
3.0235110800352003
2.2332859096770634
2.8975466283935343
3.8410407030253233
3.8771884805638637
1.4790127753603324
4.616083457775279
4.686398980401239
2.2174704297309913
4.233033177611431
2.264200276156695
3.7807336660130737
4.838340577171916
2.488594772036726
2.5710550468439237
2.1468573915919094
2.67962413782073
4.130607348515929
2.0247946290091736
1.8912229909905203
2.9129215410346343
2.1732878597820395
3.696088538905326
3.696143199342031
3.352029691255601
1.9647803636128531
4.0016338688095
2.3643361772247564
4.1562128628308175
3.3009499360635988
3.453056795117547
3.830048099077342
2.063396374701775
3.0123614103527236
3.492539072542896
2.8495623983216856
6.780291038437359
3.5340130138705517
4.574339369250309
2.8265422100412514
4.123184452635432
2.271590251457569
2.922591039596881
3.048681802745118
2.416745002234163
3.5491230888691305
3.544751076651285
3.7828473428710785
3.0931558238335937
2.827595291926447
2.5150396391860714
2.813911723635675
2.3368351326729138
4.474169347988184
3.051767338537123
1.9407461693756396
2.119625813530133
3.028600980302273
2.317995777084026
3.3643247842084043
3.0365510218914795
3.1673071109011643
2.475551542041107
3.1327153435649713
3.4893929931397096
2.583326817820195
2.4180161089141965
3.3583878448211024
2.4640351532996125
4.250536370061624
3.7686879271615052
4.26489990033897
3.6930929208513126
3.2857696974273
3.3613596021929975
3.3577344960269597
3.481644100698037
3.9572042438807737
2.9361606787086085
3.3037389711602922
2.5979039520269307
3.4116271459326315
4.911019793839837
3.802944552808737
2.952784167929288
2.382165552262745
2.22457084670675
2.7936188147892733
3.478885326757663
4.36879062188453
3.5629881455504098
2.3943025168560284
4.608760135568396
3.6556473586268474
2.9807340735455963
3.152604580673765
5.095819780331616
4.496749100494991
2.8776273799257073
3.198845809360057
2.8699086727132586
3.6975821333662737
3.9191912779462665
3.7073844581504214
3.5852924461307083
3.1802252296282068
3.042617449939772
2.004086100187064
3.3451527017544715
3.3728230978880864
4.25152522770336
2.760242175555214
6.651659093184305
3.1616379207795418
4.111478850352138
2.9319046651936116
3.098612888492684
3.7126696758981326
3.458677000503553
1.3360142390999672
3.0057899919375903
2.72300351036596
2.10759523508679
1.8400226601106395
3.110372474792473
2.9156394146199593
2.3594643874130337
2.1043003633300543
1.7086133441912639
2.132878043173857
3.8971583209788285
2.76534086526653
3.598342958614483
2.7412277418655675
5.067932466389219
1.82719664867868
3.2283558693960925
3.187259920435067
3.31658966468197
3.84784701543109
3.105204439189052
2.130247507227951
3.2384357776164694
3.5891607807535197
2.997864985624502
3.401655464601619
4.916960128584663
3.773602921240789
3.9881304097808346
4.006629604375261
3.005051715180208
3.758578226825834
2.05904670614046
4.8388689957343525
3.95467652613394
4.969793728229338
3.355638257439038
2.048055100089772
2.9692841898787976
2.9018244687847385
1.4369153893872162
3.0916106942612673
2.6035474050532645
5.421562156795823
3.3911101726897366
3.404438529318018
3.1172116624330366
3.5013209972306654
2.2976849325137385
3.3403348713675642
3.63399306175967
2.445511636333028
2.6942666661705137
4.843710353585081
1.9959380976611807
3.4656391682902625
2.2507762145086074
3.7791996633273133
2.6709777006173363
3.6695367059728645
1.9170815668510524
3.1003260460914106
2.386958817553474
2.8908178656705026
2.801931055131121
3.027507409693318
4.027907443373784
2.458967616348878
2.339777852056367
3.6301020630926075
5.276049667279329
3.0514524161715255
4.2689386957550095
4.448164452056823
4.483160232698238
4.319016281096994
4.483160232698238
4.165889138302511
4.876191371743585
4.833887728305222
3.3901702076977003
3.497311222099723
2.1081579940104085
2.422481146886286
2.7377708095170954
3.414361623425573
1.883641882047501
2.5824972124127914
3.107323148661937
3.265649723497384
3.13599925180031
3.3798062737015693
3.356121314508508
2.67634771077991
3.352459413785231
2.4090066172516056
5.071312985406747
3.8752286149280777
1.3024509682100804
2.8102281505597295
3.422595702363575
3.113439388763083
2.4961066992571377
2.9367245727574525
4.334230896692941
2.2437472645229395
3.039050455147768
1.7058361946300804
3.319199949115743
3.3170439374812384
3.3917084559341606
2.7013133479401796
3.322841121982146
2.5553051001686047
2.038333058064769
2.2426435422561193
3.373130425638913
3.402217421487393
2.179580250345454
9.622189212925933
2.502827028275671
3.426395262740507
2.9994946009630445
2.8233870979728684
2.7565320823743367
2.5519733514761236
1.8270300696907507
3.2529765471866456
2.588080357426864
5.203252283549511
4.24794395857474
2.6294786741064122
2.4733828506218978
2.85866878571796
2.6928717781704172
2.535548216652676
2.4716378225964317
2.4009608187462077
2.639826124219348
4.794257764248851
2.524648637438771
2.739004759416846
2.586027978132968
4.7289014640588425
4.727214825253662
3.829485979240877
3.4484519441914814
3.007055088705941
1.8946797863603153
4.840289493364069
3.15234396458821
2.228892682922313
5.81858127362086
6.691131368939368
3.0662776889025443
1.9490443337834074
4.092983988905068
3.471535794695463
3.192511172860964
3.434459361890223
2.3417057343324252
2.497568784047731
1.698549947073623
3.9305854556163684
2.4626145119717933
2.9686238603656228
4.236468760877767
2.1351511507812835
2.6766439801197532
4.510833695371901
3.1945349379954897
3.2286334326817543
3.3728463407683162
2.265338039285385
2.38929496326133
1.8089320567524356
2.599767192197429
2.2421882927243026
4.544811200587358
2.083175532313458
4.0054580037678695
4.592117292338471
1.9580761043457722
2.5779869614467565
1.7210521388752704
5.582529453996442
3.666378846907183
2.3899260778339064
2.9194162627429874
2.9997514722431693
4.023668259153778
3.2143977078038932
4.024994459934728
3.0249978712156267
6.477251698967808
3.860640938563792
4.2438799377772805
5.595546506957755
3.366149567622026
2.3798021003786802
3.775460342608672
3.0767486577546626
3.7043826188592046
2.3634697967241336
2.2110728333545646
3.372889883043568
3.3463002093337075
4.337084323957173
4.49393133040547
2.422600532571375
3.6551429318780775
1.9406583558571677
2.6982518739327284
3.4442306251896646
1.2734842852684878
3.050016246091225
3.6020769273796582
2.37702561454301
1.590159130206566
2.135897191689423
2.83204198860316
2.925094295218558
4.579172773632598
2.797694847781465
2.7880570171310013
2.508395549064535
3.0031467906302103
1.3694845733286363
2.7134281657298636
1.9172678901699618
2.543685682703291
1.5943664140069198
2.5885701355784163
2.4829951551407357
1.7376712382241413
2.11694365882663
3.377247469596045
3.7427666471943946
3.327361972907563
3.9567969227831243
4.733296142063539
2.192862201458942
1.6125899888110682
3.7973702511678376
4.0391857382237
2.4510621683119247
1.8507599079886998
2.870763756494045
1.6426946821600164
5.520512349236169
3.5107222219033436
2.475475573907498
3.685030654624677
1.907160507906627
2.23795793268829
3.0471908071469436
2.890655972003543
2.796044600909984
3.0012734042344325
3.1017318906380074
4.686600514845241
3.653829044564583
3.3904580094093313
3.653262807702089
2.607392063240509
2.437836372256586
2.9904380042594654
2.259991802842914
2.7217471022225292
2.1962418537451778
2.9253611288663683
3.0520347008588886
4.87377690525948
3.5165652337527953
4.9387742382185085
2.525085634166305
3.389747468342185
5.44953011464249
5.744106486825371
3.520992822278397
2.065974206848093
2.593173030288448
2.0574659728259794
3.8958510994062987
2.9306051463432206
2.6602601993177877
2.9206532877628475
3.0500798780566023
3.9242073498959393
2.1441323064783546
3.039779416589077
1.7498931054213485
2.350525870791532
3.116256647184876
4.934634123577755
2.5270180887092413
2.42613146132633
2.189722701986861
3.3424241938155386
1.9887528988023115
3.8074402669437837
1.7754373232984204
2.2631401329890797
3.800511121001876
3.9366098293749654
2.738948129505785
3.107472401045307
4.419368476060328
1.7592740560337976
2.824265223695997
4.126253530800442
2.1486148034786545
2.491335845171497
1.9542012571389604
3.4821154989457033
2.104096223813117
3.882913311400511
4.210719408517681
3.4034419500737063
5.141421418801358
4.707760924803885
2.9656139100495222
2.2791359207613047
4.1993389353735955
1.9548739668049606
2.641511569664046
3.9814013616424555
3.2986692885103674
3.3975606458358247
3.7334458942800044
4.015200492977635
2.78883242210488
2.9487041999640917
2.2468446612070725
1.695008791756287
3.009598332052689
3.8876054042847996
2.294665884999958
1.8069560017545696
2.2255234536461206
3.043148449894336
2.648600208418923
4.740464823047459
4.02899848685641
4.512628086313171
1.7654946758369012
2.5519825063749173
4.48057320083136
3.8550558625231393
2.39179364410558
3.200836345265149
4.2724880423328315
3.903502959451974
3.499206025712706
3.532857421680091
1.7422850847329585
3.6681914521929424
4.924932550306269
2.4127339584779905
2.4033405107338113
1.8098700230070384
1.965738399811394
2.7969280630664475
3.9022132531843794
2.5930366567687004
3.222816999525881
1.7554827934628245
2.6022948695849015
3.8683740785261342
2.7174192916400846
3.262752084088314
2.8218582757716932
3.364243600866094
2.200168915375682
3.1901398011597957
3.4479715866873257
3.0489886953873797
1.1634758654498587
1.3446738093079398
0.8711029663721033
1.388440691290094
1.248980212422603
1.1294861054320455
1.1426633345373651
2.1845020274026172
1.2861456933768118
3.540460404635833
3.3894439845400472
2.4511284910339786
2.774148463401187
3.9083967673550504
1.9553924856569735
3.3666826079259127
3.5899334908782383
4.557579347713127
4.85866138389241
2.222632327941213
2.263170226867737
5.014610389676219
3.030446275888833
2.2905783814490546
2.2965797085010196
1.774095586963705
4.4035097155369165
3.7899573725789133
4.7056063999679
1.8277544052150112
3.8471093545455104
3.6847983308129777
5.663640459837721
4.022182658821355
3.1887364883697082
6.202907213795696
3.721902916486743
2.4323542988445745
2.4997050439188424
3.8997620510321678
3.073715508977859
3.382756806390844
2.083432741216816
3.601386156941432
3.911012848287115
2.377163487133943
2.0111303054514558
2.087382808260904
3.6436341926414912
3.2150156716328793
2.4803776264861535
3.4443678234031454
2.7966855766361896
2.9407503043722736
2.0995125416274796
4.322862598761027
3.6441776247481794
3.5486217109578844
7.058549310053542
2.1488770678512483
2.0469260523266355
2.778228009601306
3.7844732072397598
1.3274338467396054
3.9195234032141686
2.9705504442404234
3.4116283093497293
1.2710453180063246
2.9608617315574155
2.6121914720555175
5.141021227780477
3.471787301605137
2.816689350175401
3.904399413594651
4.810442854906597
1.9873170832325215
2.073551867199758
2.102808081071252
1.6716840880904724
3.9266191291395525
1.6899535097553624
3.903082959151061
1.9640962299026936
4.0432614539834075
3.156509187914108
4.387605225704206
2.835614750813061
2.436866627514658
3.4255592782466713
4.148447820953923
4.202914833387064
2.46640512434909
3.4765540169490343
1.842198217677361
6.657240605938602
5.137534002617141
3.8413267368217743
3.433815452481732
3.0688489469902756
2.912625410338465
1.9730175765309552
4.71096025844892
3.6908280859074503
3.0426746945397336
2.9939931434177303
3.3643843031730865
2.275095028162327
2.7786414827891344
4.285320447660251
5.4312153205016855
2.1617469348169873
5.430225367145853
3.255613403435874
2.0534475696343777
4.328807215137207
3.4380840287059935
2.6006694857395245
2.40966044334995
4.195257990307918
2.0490748401449665
2.0517141045461433
2.517283382123493
3.372138530116037
3.96549406843972
3.7690294223801177
2.937952785818827
2.766028438767417
2.6520908793815403
3.1039666587097123
4.1196298329499585
5.805741490802208
5.256904995916303
1.7452305009438187
3.5528673638202077
1.7930520245085577
7.464662485080922
2.628221775927979
2.875849328952291
3.1485214419761816
3.9480625398217666
3.916547529131909
4.456097148508647
2.1407532374222065
6.955971819517714
2.6287965064083116
3.1098419523793512
5.5940294498111545
2.1334528391855643
1.7811266061915878
2.3217523532003166
2.398439214324632
2.2900586926064976
3.2275600426804574
2.7878226148362226
3.738399079455173
3.6685152956587626
3.7665887357491883
4.652685083243622
2.0005360966818224
3.088834601410759
2.664824194045902
4.080748270382402
1.8621729662956898
2.8563737451410005
1.935811454543449
1.7598531900153465
5.419323749650738
2.9941378814640887
2.7603052468542653
2.1294480258279145
3.160040034529304
3.0964521756689143
3.631513824240722
1.9309978950548177
3.8329013126301366
2.3021828866296095
3.7618254206217587
2.46457171566305
3.6606220128586844
2.2764253131827603
2.4817501283514143
3.5927149361004207
2.105331127505383
4.21055024180426
4.589091799625351
2.7209659852919237
3.3731684507872357
2.8577468887534447
2.1924500777089446
2.613529592929177
2.0005062899165127
2.419373183351151
1.6755008824391668
2.4864240846141543
1.741139128247178
3.060088992122849
2.7569532484802926
1.7803611876522794
2.495323388755196
3.6277533235272688
3.538028630773222
3.0325951843628025
3.1089109655352405
2.2103045517885658
2.18117805356996
2.3084976274190665
4.873795941847571
3.4837150971109123
3.3686351384666007
3.3730897253923975
2.210264442046432
2.6496129931270613
2.7888130350811693
1.8092647673655178
3.0364509702295104
2.739715387968319
4.810822024540263
2.6375567967355944
3.5002624099687565
3.264243242334725
2.2466903610105886
3.521603187289144
4.102255860190315
4.314793481548187
3.366050375952221
2.5967924149034225
1.9570642828835192
4.164216913497946
1.285006703966749
2.367839650738593
2.835717709133978
3.6665565834289704
4.364354360278187
1.855051826726781
3.63316988726145
3.9846008031318876
3.427925233613366
2.970764854600091
3.745573332432655
4.686239696952994
8.197758552558252
3.7102851376176353
3.2507514168595586
2.308474253513152
5.194739574089171
2.8385502700325493
7.385007155693017
3.6798500509255607
3.0047228631737695
3.6975499170739696
3.044134970702028
4.319697737595459
4.1753682745957725
3.3067868073784483
4.06166443100381
4.831586287748267
3.083457552343892
2.651942901740672
1.628395691091375
2.7297638894662213
3.061542099209858
2.429391885192836
2.552209010904284
2.61063888827225
3.239529384984451
2.3109523919329074
2.869520102956098
3.456304526522221
2.3591573725714023
2.838014080585469
2.839866015962554
3.88984627719274
3.6974941239859147
2.8953042742580446
2.9290301404042007
3.8453079456840054
2.677007818171288
2.720517048272698
2.5833236726038056
3.587739514531054
2.408243398696534
4.468590281837893
3.819238850414145
2.5663669638175794
2.838146395957493
3.7048253425879265
3.677681730259647
2.9073382573834485
5.505706307182835
2.6656870608643253
2.938563847134695
1.888113402305928
3.501123940139445
2.77923283195193
1.885288271205519
6.4386011774245295
4.2758819774787105
2.0945668356990503
3.4010388805533083
3.747755079784537
3.1380024719916064
1.3600626643032656
3.031497153755916
3.4709111392412275
3.9672835888622955
3.457799622064842
2.5681878692318225
4.013309342177051
3.125871139516782
4.121550711004387
3.928960050650967
2.7690472040480567
2.621878779387001
2.6290229628781976
9.17800393662073
3.312268495072142
4.243357829653863
3.3649729836181517
1.2718060441813948
3.5345684825249672
2.4373315416123793
4.013099809897055
5.0441724660623795
3.6800147888956776
5.969161405423047
2.36434225419373
3.2943851914793347
2.3904409164902805
2.4885708460565885
3.114050050122586
2.771328081963866
4.721738560215121
3.654534357161285
2.067936119130022
2.0532229784656577
2.095556423547821
3.845264737201647
3.834427309075621
2.346341130506344
4.79072633383165
4.856669790700916
1.8316046217361552
2.6933862075184156
2.2937078805905498
2.9545431775634046
2.6505788832320474
2.0661239997405527
2.387747615362572
2.7416072647330103
4.481328466358035
1.8289300734060407
2.6655109347902433
2.539863255785469
3.774378788873846
3.0777246506555342
3.2108810425047363
3.548077420783211
2.734301339562188
3.7348402740387523
3.389102965961865
2.8402429359540844
2.667157038130263
2.080815295595902
2.5438746251165245
2.3718045166135413
2.4763046161320696
5.0387510333397065
2.473454947750319
3.2634815335093874
2.714389973332928
2.763602382720479
2.5167772504130337
1.6177360132513379
5.503823444013632
4.638597321792818
7.082980842967358
4.509054632315135
1.974580929383479
2.50332584348492
2.186778755439775
1.9759250989368957
3.049829152272269
2.8065170202447955
3.903510186281521
4.97671756843511
2.772645713046355
2.7441491296031493
2.8250870621000383
1.7521039791118689
7.379253374630302
4.187990864482532
2.0498024810777613
3.0447345778923522
3.5210692842907325
2.198135059867278
2.951583983488354
2.4894061777985126
2.9561025942732684
1.5177265397521684
2.5106640206117166
1.9541277647229534
2.433826746301843
2.160159777568441
2.226848622506514
2.1333779345596704
2.192965797995498
2.949685945516541
3.320312216079178
3.5345412366662305
2.2041052719169247
2.972028920653505
2.414435264377309
2.4410095212426564
2.9133033442289524
2.8216844448483895
3.181935937105479
3.3454652897797255
3.883675263249029
3.332037650802752
4.682784559116844
4.392238031286309
3.028866990099794
2.7167012675355795
3.3224092364415494
3.5985349181522444
3.0602645997439106
3.2795775505107274
2.888778149008084
3.2583467308157545
2.4921339782703353
6.002239548552196
2.9501640161599494
3.953287160949319
2.00387428756383
3.879699940229728
3.0676032542975444
1.878944757168345
2.5550517787468694
3.7050797324838927
2.4454195133057244
2.40433303687505
3.746449771573029
2.5679559012031343
3.412339362683173
4.758950000714877
5.81943708779366
5.263613800929953
1.8746608026489617
2.1397015287173327
2.8825908363213286
3.1555775136426223
1.8409261182059018
1.871815479451139
2.129746923405754
3.1535919956383873
3.502889457677087
3.5013427611203034
3.675478741079966
2.6167291854366104
2.7955699014098805
2.3971605030806376
2.898649963144898
1.8886280993391056
1.8255192551532162
3.1989874451596005
3.045937865559732
2.49954491186931
3.0024433330600826
4.775416505689255
4.8322217115529655
2.8032365018818513
3.7268894594065567
2.504942010898264
3.016007878085483
2.8465397673445954
3.689516508440604
3.44315883297838
2.6786828225715125
4.541056297000953
3.954839636246706
2.9401662128120845
2.5539440593470224
2.122676915915132
2.806780918841045
2.5380617282017135
1.7494836545725325
3.6865423706315212
3.49444286838403
2.929013157779459
4.754053338103736
8.604011190277072
2.3195630418091753
3.729401711222137
4.129045444981374
2.983800370556165
2.3626336889956296
3.02822534113014
2.734022568937142
4.493894870068023
2.6072552278105707
2.8654391330324334
2.7050356909714557
3.623176592669586
4.008221265254491
4.051588622036082
2.7162211988253375
5.866793126913974
3.5222619656744567
2.7869807240217215
4.290205194602154
4.290205194602154
1.8996972714506697
2.611305517516635
2.626118013097658
4.039991017236542
4.4561866294530095
3.66638619355176
4.08815939964496
4.485929838706847
3.9966040726400798
3.5130652509656723
3.708007775599388
3.323284389756987
3.126461634151385
1.8292056441040787
2.7604375908522027
3.3934859588785407
3.6088689774527833
3.3024813782716786
3.469318107210062
3.763423926533088
2.7632974865826783
3.731049023911451
4.802524793304347
3.8223639198549733
3.5594144567173895
4.145622151496167
4.763786536810552
3.2026799485466615
3.1245435985976213
3.374247659145621
2.5623271856353487
3.2992351938439324
2.6331322113675233
2.1922825876357477
2.9417357068568903
1.103748356384296
3.8363327439603143
2.5647819532989757
2.718961513979539
3.9896752705822944
2.354688186237002
4.000880960498
3.2576753680134307
2.616727885508678
2.870504317975132
3.819552603054706
3.1403008414644775
2.88147053629841
2.786730641385481
5.347259107504793
4.4317250748485355
2.428027844108546
7.1668187808196455
2.6408487363528876
4.574757018583042
4.529774289807737
2.6394817854363826
2.190294296569643
3.5105612306203113
1.6354688341334573
3.490685007342907
3.1083502489946966
2.8492357277656324
3.6218426941719524
3.0283622898249227
3.460222707819344
3.2093373134231955
4.873023601620594
2.915599014128367
4.443961597362669
2.5924690981921525
4.957955032032853
7.921030817382966
2.460946057976438
4.127943827135692
2.7135968527508427
2.3836880676006196
2.9123139342374302
2.674382357735985
2.1049005266821146
3.2185406326044195
2.170410651852506
2.8016289783316695
2.2779460052508815
2.3760635189798975
2.3760635189798975
2.366730290796826
2.659119855055573
3.6184030662420708
3.509800361589477
2.4654697499015494
3.2904131382961923
2.396397923335963
3.854107230707326
3.03180545914494
3.6275037896753406
3.730325315187032
3.4817266480619473
4.492921932949907
3.765709249379393
3.2260144615338406
2.991377445065014
3.36577199904666
3.752083042001242
2.552432064049839
2.978149704574928
4.0879796733163065
2.4332611073518917
2.093258719704591
4.091863186068126
2.4000356400449205
3.9023387020053666
3.04789673507575
1.7957671423928385
3.1505197005344874
2.603339229379477
4.196492747795776
2.2454790402777207
4.044212160267958
2.2068790883398743
2.3691485124457463
3.2308256922659058
2.92270549301668
2.877160586986554
2.7405649768888827
2.3331237987303535
3.871434136583314
3.9099072279743643
5.9212050185568215
5.1211240497526065
2.6247743673193096
2.5623455995336464
1.846611991375348
3.428951175248296
3.692669099357716
2.3285824730611946
4.726000831906482
2.354958110422259
2.3800904181965685
4.693035850787957
2.47454029607612
1.973227020091994
3.5681731355270276
3.1486986827817267
2.6306943148598485
2.5692120587863627
2.56685573866074
3.5288933277098855
2.2132644917607225
3.4738046349298655
2.4214534470427664
2.569107793913749
2.0390318647739125
2.4475594476205815
4.643875905617044
1.742038106926789
2.3083697375036993
2.434393566097433
1.4326020538672355
2.791991507155757
2.57992091432493
3.5161158551889704
2.2074403179424382
2.8019128486116847
3.649570205446247
2.6218121608070772
3.60745000040776
