6.154413961884724
7.547636643207394
4.913977602066176
5.75605264039751
7.679289234797318
3.7209816590077107
3.0133488805271766
5.379438828169497
6.000329897015072
3.928051428525117
3.2761901118870025
5.758064112202842
3.108586398947822
2.9007698335355436
5.923277593167457
5.138726208168992
2.8294032834709557
3.665631429140233
5.076888578403992
3.361149338185644
7.977984583390176
5.211913588452138
6.435555336519146
5.294902959782785
6.363797880675898
5.35296805335572
5.477829590688711
4.445176400619131
3.7333082959332247
4.882163716076898
8.08958656228874
4.091631639024113
8.44462328913616
3.746206450658487
4.895345941976179
5.464540405998001
5.503167164030983
4.285389068961582
3.67957418419742
7.046738050260881
5.067043542182041
5.1461066663216695
4.6136935616970876
4.348787754409307
6.734110257720036
3.526748927393697
3.4116989843251173
7.013994423465203
4.83327034831722
5.24694553977627
2.7515917372486998
4.956032254865553
7.259969562265445
5.512705740480638
4.890611902899075
10.499674223602659
3.3364431598010014
2.376609434828546
3.6824012372672286
3.9859054615369596
5.768347919539536
7.1428610934518915
4.895733683164017
4.2980047041800304
2.9374920788238614
4.828679500597353
5.035622567095161
4.927483215213874
5.088636271983049
5.203585262616936
4.865711859901826
4.500683046650047
5.805728037888759
5.248974512661427
8.030257508267855
3.623478336548107
3.1492849339540796
7.012539532367922
5.118234210900511
6.19121516002112
3.3804355789707965
5.72073493450884
5.393355247231479
6.960352727195413
7.5471032245463325
3.9834536138465175
4.5202313514168315
3.7553070598756437
6.893512574928834
5.6166748915544025
6.775208728817197
4.657435190683765
4.111642644001534
7.2678794284993
4.803858801267792
5.576120083388005
7.387127699598474
2.973680136990228
8.032767333605957
3.8628874165999996
6.453391573472029
4.941570516266689
4.947559106061073
6.5104839021774294
4.822430817481211
4.9765623915135
6.866448512786791
3.8919578609341032
8.239187478375559
3.626620924688702
5.84800681865977
6.670869474717505
4.27768649794225
5.047265368374277
5.670044078953081
4.801506292515852
4.863145611706227
3.862000693909793
4.339639240279796
3.9353945935924606
4.073169613278802
3.665632397175599
5.384358437964874
3.7593664888252403
5.144885926333764
3.408111578250324
3.6792133243166956
4.7529602746988076
4.130488322205361
7.937341426219024
2.6281504827437114
6.623028466358149
7.528762416134871
4.120782901988861
4.243123944277585
5.7364207764549375
5.493689255632718
5.551587244292795
4.04007746483936
6.018025241066847
3.636791237139254
6.309197080654743
5.101176584734278
5.03219548961237
5.981765346211357
7.622979106568371
5.493057556656773
7.177591259925553
9.757288586113994
6.241591820885801
9.091120360253901
7.757385164103318
3.769835162260442
2.3229488195530683
4.48204376293983
2.9259278635098513
4.497976543976218
7.201548165036235
9.335673195485349
6.588312649002566
5.284533888646852
3.1386305729742556
3.774555368820745
6.316391186199091
3.8045663499384452
4.674548375450498
6.404016988850561
5.673210128576167
3.7565944800129767
6.9395831958862635
4.896526153971878
5.182151629025005
6.014678332117593
2.092555010170663
5.244782153031408
3.468995104342389
3.396322881927186
5.411844778594375
3.7096370301961725
4.133928613264866
4.4204850203901564
6.7003907003452765
5.995466113094136
8.128536143893175
3.9226249925148227
3.5472111702577345
7.709903022946426
4.150274617735596
6.48252396188629
7.361341923367099
3.9247600283452204
4.695641820072185
4.885385959366971
5.095787298883684
5.162524636556149
5.225749026301707
7.210292304235757
6.378972749118098
4.617306417569907
6.625826460444672
4.83635637058976
6.281459515327057
4.6546094260247655
3.572090808688357
4.742689072182207
5.1213471301285365
5.275926123574686
4.0891229850143365
4.3649105930969165
4.983441947353209
2.913616940649519
4.225937788702449
5.14871599083859
4.775451960720949
4.764817036872676
2.937352486009962
5.327303613248967
2.5815210800983057
3.2996259656928637
3.1459143549547193
8.729743596955107
4.429257313027382
3.0885084117192574
5.834591695762445
3.429047968325124
3.74487720672541
5.244091154899198
4.164189563080483
5.363414221121699
3.7621120030435007
6.079023410728113
4.364034607445241
2.581961278785134
8.332565274201396
6.086284913493723
4.9707169836957465
4.484315289558512
3.744131050644267
4.501568473730478
5.3311487426278745
7.234693113854507
5.367060323353888
3.7394858934435296
5.905019943553747
6.727555665347503
3.9690443512570948
4.394198899450623
5.669986879238647
6.171883324881105
3.513950012305583
5.228004310221637
4.022771170806199
3.145449268737053
4.74850403455932
3.700838636820732
5.170495800966751
6.056798402066645
3.5243652180782616
3.1105370723351147
4.815156591686158
3.428045987953362
4.926419599182503
6.370272939609014
2.882525174362828
4.76883611172576
4.984784865703857
4.094274433601552
5.263337099171063
4.130725024127596
3.4458997849817625
4.056756583846575
3.7680873514606774
1.1286617974799709
4.025760400182661
8.88730803654175
5.395894183037191
5.657370239253681
4.1124581801861115
3.908357994159843
5.385128397595879
5.228132099975105
3.067740381948991
6.595636882914403
3.515729184699548
6.813366016729307
2.5847075701554254
6.115778743728189
8.21158706162225
5.950798207753326
7.30853345412275
9.247865846024645
5.653903424490225
4.507856817131181
4.069808632591389
7.281194999854804
9.82927971689961
4.663131314311938
5.827221824664586
4.761085089573909
5.58101890986212
3.639043534363487
4.091223422099749
8.048558983844803
3.6865887897490883
2.8679064479337093
5.35752877884174
6.508150153928412
3.0298663481830306
6.24009021199872
6.519372027809328
6.688593916290542
4.199438213485962
5.504820380152575
4.3202830814455435
5.548371571057054
5.3475273350929555
6.437582323101682
5.640397854220664
4.10595680596564
4.511137013638347
4.265298257661496
2.5825354384609303
5.514793016213685
4.867440264123506
6.238112020951012
8.481433371300342
4.779749907067723
4.322495774752763
5.067480096803054
3.677449722862677
8.206988342680575
5.035420118130837
3.717889999646715
3.2435845574981954
6.631536123607656
5.020121412931908
8.230857666283091
5.318422919514703
7.189081740392394
8.283777361675744
5.64535082910912
7.150240169253404
5.3782654497508755
1.9818939840057908
7.915290269640538
5.501306610316892
5.224586240748642
5.741637292898651
3.865461634988751
6.696428065934321
4.661016182537302
6.891542506776324
9.194149133018414
5.292518314628311
5.17130714999062
2.5634397126336976
4.516553132071336
7.8993399839164935
4.720513993825535
6.467073276613992
6.144806011552128
4.174194601128818
4.470081765413047
4.510271221940121
8.334024639941827
5.458239201880191
5.7565310834459575
3.4445990530581594
5.062294616009996
3.8664387835713536
6.879088906134143
6.5180450019338885
3.986826280533071
4.2628586734147795
5.645070633578013
6.543122908614434
3.64925567832347
5.879489568855885
6.064097033915433
5.950290764855003
6.664451555859884
6.408491179741806
7.712939214626141
5.436645892088004
6.082385129078799
3.4038054597903074
5.846676526214633
5.595851691282227
6.492577319215844
5.312043909442671
4.631135860499914
6.024287452539763
5.26471225008307
7.889950803243205
6.9155507285975855
8.385491576513076
5.5784662783230745
3.7330319738861277
4.860152277106391
2.642576957415377
5.805139591706025
4.466692211087687
3.489102950780837
3.9608665650563095
5.466462074897241
2.4865016934171775
2.51885677286051
6.1795404255074216
3.9960903968963235
5.04160884204865
7.028676671233792
4.126434347071971
8.443156641776172
5.107419653487233
4.861105706398232
10.879203441778683
18.052532381349817
4.748490677268777
4.914022444956747
4.027316636548961
4.215165971797756
5.290253745104692
5.676893917979307
5.777937997763612
7.101252824554843
6.300410353505964
6.30475415560041
6.429616449804864
5.074460118121344
8.117008495441679
4.086429727495776
7.635776286061608
6.782443952278788
8.669179961281861
5.018717107861178
10.284083751383452
6.931376587945944
17.73009190110171
5.175513444208233
6.222747539428147
6.239687588579805
2.7928192526101134
7.398184582330901
6.656387653919745
8.231041734726288
7.8622286358915
4.783116709825966
3.494673860883698
6.527372315528165
3.2796467594010665
3.2329308299076738
5.538401414818256
6.306141440284298
8.462235012165156
7.365143479869495
8.840542602624032
7.54262348308368
5.709113997258129
7.445154988685543
5.65513509666436
6.452572377715271
4.577413034094788
6.519190931643457
4.958843791129676
4.582745740561132
3.243489147634227
6.1411339786102745
6.02712766966044
4.80027635721148
3.9528908281313258
6.3329882648681854
4.370058839332376
6.217096512776955
8.573744456638318
5.182326661358229
7.67215579001677
3.4992809316415427
5.909124902136664
4.734658416100107
3.6490428295083257
5.934903931454625
6.645078615239727
5.33553768084727
5.58715031196276
7.641114052538794
10.070824826039615
6.774943982109227
4.464624969503071
5.50446041485931
2.6950054103139283
3.303648288445812
6.175721576003826
1.2435689892578086
3.820928600461915
7.137439154642466
6.0278927842069825
3.4582105533572163
3.3983252127807435
3.5009640043864665
4.574691262735697
6.360960543488144
4.2575685281614675
4.5585051422602545
10.797720428792978
3.023026420304982
6.459203945954261
2.092515980997806
5.63391488809304
6.279587194421356
3.7788980398901746
5.87498007168214
6.191284066942312
5.956315946890406
3.696042326075057
8.307749196421932
3.901594997165673
3.8298830114730333
5.577326185488559
5.099053106449771
5.943975124434452
5.927293483922785
6.019643441549808
5.033139881707381
5.307425657579832
5.8976628510817894
4.280168383563534
6.868385937949497
6.203875152316209
3.647734158115472
5.505862601724517
4.579301270173591
6.2293727258715474
5.690978187689368
6.461548096696756
3.982239443563146
3.0701103324216854
2.2231915109087126
4.210191449721772
6.567294214774141
2.889527945434417
3.9297750996196235
5.598523520641942
7.73337444851482
8.118746677525019
5.720539073747404
4.336936155352502
5.748338159211273
3.3810058659806472
4.413677203244752
4.0794241627624
5.069041692390442
4.064972095882156
4.064457235803164
2.789314427855621
3.601691913639938
3.0555925345314865
5.38704077564866
6.142952993271988
3.7687557273095793
5.91129953083567
6.155531449191135
7.882594230607132
7.443832547585471
7.883531210126223
5.3887024019577066
7.885829600758932
4.587850709661065
5.507443061766361
8.23254546657683
4.58417139479049
4.782263192739842
10.873136809704805
4.333054467128593
5.619636590172505
7.555668900470352
6.370422064100878
5.537097064227107
5.3169816171813356
8.001640167092965
5.403954614501797
3.962171459625647
4.670809153690419
4.271102033164599
5.624376521456374
5.7107645481888865
4.496324965934394
4.453837693133183
5.397678869357718
6.317645224643655
5.854607616215157
3.825684510667059
4.409405298633513
3.680217651961682
5.014157415092329
4.553578656431947
4.265181023123129
4.907224451760429
4.534128713082686
5.587399845530657
4.4950552197890055
3.0162661425860073
4.442160373907055
4.241826775685556
6.542408475907949
5.906575759718863
5.090540626577017
1.4786979990016766
4.849496820907276
3.9245386648925447
5.31987311153354
2.0677172085966506
3.812285636420074
8.855233004145912
6.8370870465863165
3.5370009950951395
6.325665705950782
5.682389206868877
7.927462542553239
5.104356628854498
5.587832880856091
9.511520362882417
5.400396527450914
4.8345141166221826
5.226366135523948
5.085435730458644
3.507468251356199
6.8054908920562225
4.412922675886059
5.011271474682884
7.6124705272388455
6.339136135234469
3.052132458300778
6.985671720353815
6.49135481291042
5.853543302030784
4.660515422873914
5.848157333474319
6.674955388197241
5.285547347134594
3.672177290786242
4.862394529203621
4.65767762901058
9.706558202173904
5.507553616600125
4.630508742178876
5.978232445292746
4.444727538924809
5.719423737848978
3.8654919881171637
4.851233707914496
4.195081274161009
5.402795699467198
6.221077421219895
2.3196533730606324
4.5644084778751886
5.790267835592756
3.699774272199906
6.671332849901951
4.789986850602114
4.4922895887996175
2.423063777957255
4.84875594804647
4.965254779115836
4.657967220927195
8.247709507350672
3.3694362065152004
6.280333138395164
4.637851958171781
2.5265681183713715
6.461692316364725
7.018900498491307
3.1949632515608712
7.113847064138683
4.6300107627051545
8.0410478142336
2.4454271363021216
4.781373859984639
2.2485175831395887
4.097951946226452
2.4698629577754585
4.009925595749315
7.50057251068203
4.305812765404837
6.773618636629265
8.12671203260213
4.138959285856778
3.5454979146776644
6.499091458406126
3.579788839402894
5.297599901134144
5.14594313416618
4.008320696186564
5.542895882861806
6.152078873479489
4.5756588675987295
3.3265373389900157
1.633634834621028
4.228850225538539
2.9546807797819534
3.5206124575780606
7.831703042278831
3.5406307340227836
4.9373814649221
2.670321765508391
8.88141499186211
4.245534658104719
4.068500124072342
3.1503358177354377
4.739092574575788
4.950432659147783
5.3443040571879425
4.644561077698861
5.423007882946852
3.4173978962236444
3.656429195167025
5.48769877978782
4.806876788301902
7.427590341232659
1.9998656523891503
5.112254203210758
7.492178132145115
4.771099929613017
4.4283009015477255
3.009439540109394
7.20294394057749
5.539308143241488
3.3613556872364403
3.924381954964673
7.080477750472798
5.896581744247802
7.07016689046946
5.7319347567382914
4.443575930909639
3.679143581600107
3.9325543533147287
6.151279468345682
3.8078313363173177
4.8794875457525135
4.049255763298717
4.4441969067537075
4.636799871266204
3.85299505634772
3.8122465666256913
3.227512917733858
3.596803497088653
3.832971090328839
13.56089561730329
5.691703704522374
5.60608831374214
8.460026183290273
4.817094044946612
5.174816875928289
4.834620520067572
4.34264563402501
8.034249819314025
4.323282128296294
7.363556882629849
5.254904010438311
6.790497770864873
4.8054625614850055
4.737721573375117
5.354546329570999
3.56917846075611
5.4681116197468365
3.61875963764091
5.336637423416869
3.743185579631173
5.471943541059737
4.424186369773511
5.151048050149089
5.62303722169721
4.879328549837998
4.7806999967880435
5.167051209520602
7.587792073053727
4.550138039028031
11.407099808876321
5.662267122419829
3.9493433694512605
4.944131147591904
5.0337116773020645
5.182052454365025
5.889011005533658
2.675439675982196
2.221103931617732
5.713712084915151
5.855665671945436
5.103556577174086
3.98287348214264
4.840891975108678
8.28183063298291
6.094911015366444
5.769131041037625
6.407600795505248
3.842094019804046
4.836795204941398
2.9243247588439982
5.907259141695874
5.912261682113132
5.144051027342454
3.8896587947617838
4.986945638657289
6.0575815569455145
6.737870853925366
3.1286891865460795
2.0851322764101377
4.9932641583506205
5.028552671061547
5.268434994700874
4.949260478826205
4.036602817817208
5.565321011087444
5.852758378009048
7.397011240494309
3.3903355044568744
4.027812631123601
4.627689759032521
4.751685349449939
6.607191224308299
3.5713307392003406
3.66845096084659
4.706528106314296
6.116086160659354
3.444348371918967
7.462549981573658
5.942196381411609
4.955293087866806
6.041630719015169
8.78201958441042
3.908756180029969
3.867320333147589
4.89555540057083
4.698483686746466
5.475809252767611
4.856111615879437
9.745252689506454
4.993941174715931
12.20909066083455
4.59258864663382
5.401091561556809
2.752939455139455
3.516158378815496
6.133575054579873
5.026137530341788
3.9107958046810287
4.435889653029189
5.9635154668823915
7.624831889526027
5.854123130690414
2.610532945060044
3.2077919687802203
4.428558782191295
6.65803107730948
4.5810815203052515
5.081615627862544
4.531741499119587
4.752636855527149
6.023067849892993
9.260646966555214
8.564741580875827
4.339669403046669
10.81017271226881
3.329353360664676
7.912013440907104
6.037530044517698
4.474370802259925
3.8308278370908657
6.306134667563691
4.5309629073035245
6.121461001636167
5.91575019690003
6.007091796165128
5.2708902370056325
4.966647297259997
5.816865990958229
5.208599355881852
5.330385408162653
5.208988765178576
4.28647074124293
6.844389714385508
4.262462956834925
4.752064691929796
5.403438591319055
4.479850118285822
4.068961239076219
4.210757041895884
4.728498102674719
5.964024730696342
5.010925329994583
