4.842959821992853
3.9799024026279866
10.856807660603517
4.694207168548326
2.8877507393004866
3.732680058763312
3.7996096948108233
7.893791477369549
2.919544830816695
5.179532006596986
5.372810632091207
5.353453835599775
2.4485714558320146
2.2674628040685225
4.86779281025433
4.994290985168154
5.543275335307007
2.8760589806130796
4.505451018661644
3.088140877522547
3.385853406059799
8.308672596096795
10.130559325198865
3.3175586956665386
4.0137697213958035
4.898209233503205
4.420422171771273
4.561107772804216
3.558708126383063
2.9836457169167985
14.702622199722116
3.8457887704914273
1.9907251833440744
4.6630466810063576
5.855751195494011
8.280148189720896
5.1388075265873745
4.228226731671879
4.2606251831431905
3.3409124724668047
3.416098649514318
3.3511784977396215
4.4167719905446425
4.042750959517247
2.8002276216313455
3.963623733691521
2.104705367670051
3.425698065767851
3.7120698704815793
3.767358975404079
2.483114112671444
4.3587080958570645
3.812302498474068
8.022371626987448
3.543813032239416
3.382951818138212
3.0962427443600804
3.37848253152902
1.6619558344986765
4.590207854742809
2.619761123899658
2.0510290710584904
2.667013381823213
2.8195891366547285
1.6844072090912279
2.3304898545549606
2.2012325646882815
3.06153877982886
3.7289245936428825
2.3032753850821734
3.765581998075909
3.8141197684342125
5.037471848894963
2.6043081741679166
5.425171197284884
4.773467069393331
5.0384146822517035
4.539812176510341
2.5467629419597784
4.350309566239919
3.5736586494156977
2.6512096314675553
5.8573493758267725
2.7074218276155317
2.7598868697921244
4.095884643910375
3.9824776776434403
4.696410359096727
3.930238923183369
2.386716608320029
3.9949761334802982
3.50298679060584
2.6279508015146873
3.0440913435228305
2.916444834728232
3.074994791400359
4.493119415241831
2.394458711529043
4.32769022135323
3.0449613060544793
3.182422079927117
4.638786373625553
4.959654461811886
2.9513472956235165
4.133055097756825
3.9143006560782827
5.407790112024671
5.44408373438747
3.7190447058460046
3.7821610647130903
4.6974827277853075
2.3624333651070253
4.773063289499456
4.931978839350505
2.9706158030344407
5.522108248894384
3.08273037693812
2.299174617607294
4.860842890023404
4.567104335899071
1.6516852110238787
5.9834359553457706
3.550525990218696
3.0484021281393647
3.880780267085443
3.097214233481178
2.778140249004407
4.321653362072472
4.058476304536732
2.5848972246215536
3.231553023699035
4.1045914208589
4.474807226289214
4.404431359180688
2.63791844489114
4.278035114293025
2.3845658931103175
5.09360560174525
4.984518729645981
3.8850996333983185
3.5692657340592184
3.334450718775417
2.9667710934430627
3.6535328807427434
4.196910442713663
4.446850774472216
3.304228900538946
4.0483888142169535
4.331338193928551
2.8468953232969394
2.7749963972547596
3.7761772612847264
4.820081287266416
3.986750647383337
4.876555419778981
5.447045512786818
4.093892123266803
3.932526740703053
3.046129958920067
4.0554117328519705
5.661188958958009
3.3445074445827165
4.015553278019123
3.332797131978147
2.797330805453508
2.6122521686587334
4.127273165293137
5.39282841042632
3.91584210243108
4.824520498815377
3.0670293080658335
3.4955522529369665
3.271041467592656
3.0150236726536024
3.3016113298912306
3.4018277735366516
4.824108836507433
3.4650563193665556
2.4782761335550774
2.088381867578238
3.6772297983436766
2.25362972157293
1.912473532587695
1.1605232161479475
4.30083307161403
4.676547475333754
0.6116233290973158
2.5613947772011407
2.766161879126227
3.7517900019440606
6.430674131530641
4.077881949230025
4.176960301836317
2.548401355105959
4.364271575925914
2.3368028859885532
3.8275731725032007
1.1525291988450668
5.453776998433573
3.638150373963963
5.086624988990437
3.3438271918495563
3.0726541786613044
2.072849621240154
3.011998561817918
4.3472760660670575
3.9208368451024804
2.881222624644078
4.07858585636741
7.021586908423614
3.488932494433718
3.8567820863915494
6.077620732650725
2.224572077833484
6.968701408612844
3.235511062290178
4.888934787580125
4.085388486895487
6.394118262323516
3.780699602708834
2.8992185007984324
3.9928110108901063
2.7086009240799958
3.1441268569083545
4.169623934752866
3.737775586294347
2.9475951972988765
3.0238889397195656
2.246124054028555
2.8212206770654524
4.8265916506262005
4.8255793875790065
4.105745150006353
2.950799917380729
5.036030704123761
4.446942827297131
3.723880019679814
2.969008004538789
2.4155572847555016
5.062381984020565
3.3700027228398777
0.9960647768400512
4.107299653829876
3.36048053462248
2.6580836668376886
4.782277815157552
3.2893305493164067
3.341749188064735
4.26376683859645
2.8030840811593523
3.3441140154027833
5.122169159809697
4.227731778806696
4.555916578304583
3.3051025386715165
4.2657613165037835
5.155288458639927
5.308949939385719
3.4338867374222173
2.648384571120018
4.5974861561403895
2.225805256075277
4.808273211382258
7.441452115913048
3.321305994816897
1.2762346998445804
4.896612063223327
2.357804880492261
3.347789654683593
2.470775601265903
3.590990280695285
4.679885347206219
4.011157662791803
3.7905662335865475
3.9925511929261566
4.160894901797562
2.1366085397137873
2.00073441893073
6.9321656788997466
4.629292456108989
6.050026061269565
3.141899500759547
4.358889849904108
3.004682123375026
6.204090393076109
4.855135637233065
3.7077090574343967
3.6136606271137857
3.2846859303057765
3.9350507279964266
3.215364394726282
3.6043205196533985
3.549389619925691
2.8869323355490275
5.503035772155907
4.796888064347529
5.3760330957667
5.642806556888472
6.106730891248894
2.857972430954866
6.600829929907798
3.2958159452120754
4.436682421195056
2.708338904176813
3.4902991925696134
4.433529158941443
3.9292329417649077
3.711853379178893
4.541524347787853
2.0322664497798977
3.890612416769086
3.4367921264390993
4.121547961841422
3.4523707582293324
1.677754366970483
1.6929099658928153
3.292989854245453
1.739364582405907
2.7360298996973156
1.7714680937319538
1.8143428084418183
2.233954601244688
4.566653941866933
3.0973394444966793
3.083037120630325
2.5032656910290174
3.784074274744787
5.371308352041791
7.384621821990496
3.694462612536839
4.737813152160051
2.8013788556490242
4.00868047968613
2.6715530468595574
3.1921680268726664
3.9816028787511337
3.56171531361392
3.8187928980822927
2.067331840985653
3.727123385099345
1.4169370193923545
2.8563722472792143
2.035832425191184
3.379654331645407
2.245545580134371
3.0901287286456687
3.0638582435213
1.976666072113824
1.7632234574315515
1.0712962354007947
1.1352720624057808
1.5060580451516545
1.6938471245021833
1.2242306192168015
5.440777521588308
4.74923485204188
3.0326330865241293
3.1940433740512213
3.003735348383594
3.7703575742198634
3.207646292119743
3.373566492407232
2.4422317603917025
1.9865172320730056
4.027050770681795
1.6846809500569164
3.6787128928524715
3.880653823006485
3.9865934226898005
4.288499699552924
2.5057106712756596
6.340186633622527
4.396027776010992
5.276164311271245
5.328053969026528
3.3802917086603697
4.018301374992601
3.534634125282645
2.121062406122834
2.881349483768886
3.6057204039042685
3.9198871507874045
3.3232446916233482
2.915127735701841
4.386010789782507
4.091520125559366
3.5997987006073298
3.609670013736446
6.375262434315045
3.551161406899561
4.015152567118166
3.895646874931837
2.3865883943123114
4.655471558418956
4.730510332216062
4.0321745050942415
4.369358628094126
2.6560715656070752
3.6635589086529112
3.1651753014759647
4.763569668248287
3.7745023556829387
3.404444024718656
4.885801970057234
3.77412763110058
3.2662714339763568
3.5847064916150972
3.2286013308772787
3.287661910068724
3.0196160336165137
3.457042138867959
3.5225077030882277
3.693769315571816
4.176993168449583
3.0609108578504043
5.4128927940662
4.10564805208175
3.6065767695784703
3.7358176916402974
4.78987602525982
4.440031792306194
3.5822853944160955
2.1758757596665963
3.6233342445402283
2.5928698153140557
4.348389552069538
1.8235042296526252
2.1180655317607098
3.034070502363917
2.658107082906738
3.8672470548317572
3.508541048106595
3.48065866969973
1.0854082014007078
3.97105678844298
4.094810922188884
4.379748905585982
2.61082520455226
4.2978454997652396
3.883098363536944
3.687824485336353
4.471675900920566
6.321072796602052
3.2912069824586054
4.6422859351309835
5.401303430259942
2.5496439721354105
3.192471552218699
4.098592029833771
3.552035144552754
4.496378249385607
4.0982441604533815
2.0471616681062623
3.679954682026826
2.96719251707186
2.6459946445007585
2.6676459129155465
3.561258191646917
5.51756526395047
3.9018730597041826
10.663409785768806
3.995782310126035
5.557732045610967
3.787829962396913
5.352032870551645
3.7421861163200196
15.165866176960972
5.1392020359256945
6.335418303962854
4.895522300942859
3.7231601795960243
4.157467084947648
5.699661320107638
3.181438379359715
4.8524538361619385
6.588750702768807
4.642085372049943
3.951463404305019
3.115389921633456
4.404781237838483
3.5066281847816807
2.3368871728672738
2.6340504678617886
3.549990506514977
3.7394524974258423
2.534615965570883
4.000591820668356
4.200888241238037
9.059929829470722
4.006851946534418
3.8110270716591343
3.248581477768062
3.643838694665002
3.4711792067779315
8.778372303186352
4.095604291584037
6.837002565762276
3.770789845640065
2.8488751484253227
6.40172644772351
3.3448651654934127
5.16060711621
2.991666935434338
4.062309665209536
4.31879247992528
3.0542487637212976
1.9389119256412444
3.99759027875209
5.691836936957352
2.7302888967698453
5.40715310530405
2.7073345783982647
3.9639064525381205
2.3825287045814005
5.9608204288384545
3.297235618978763
4.869181577120703
3.787431151969764
3.703782707801924
1.759861479751048
4.281329582969457
1.912624012771235
1.731003151715325
3.6845450335100174
2.6417733605762286
3.7370521187417247
5.466542728889585
3.1189953344117236
6.560236229013265
3.124598138766876
2.4730525860651937
2.4180427955549395
5.449005682134907
2.4078889836065915
2.052083217249401
1.9729061033352602
2.0576699088660786
3.632871832593423
6.046305728278249
4.249462333263332
4.1002095785579105
2.321467453617184
2.704668100092295
3.0463944380658896
8.957867566408071
4.758478267654391
1.9426685187568604
2.6400706657533473
3.435885517045361
2.0327191186652396
3.6001583938456956
2.404857335240213
3.780020422593668
4.490027634639705
3.221844516066082
2.1834268300542727
3.0049821726199397
3.1499586841307194
5.031977657986116
2.9582879383216216
2.586240014768143
3.442778116412313
3.888738643765964
3.758546672702363
3.0770767659472846
4.187132794661225
3.6888413042608774
2.9699479629122973
2.7687704910375905
3.8169418128002537
4.7597240459909465
2.7637208611988484
5.795193137036031
1.261367469984887
2.7391529360460525
3.584702052934523
3.149154132898342
4.144659259703872
2.134683864169321
2.945573339244379
2.6538781404305287
4.4505215856711455
6.607722786218796
2.9721481951838395
6.085644062059206
2.29264238510436
1.1202976910321438
3.646258524625937
5.957179454236492
2.952526949139294
3.244506704587373
2.970309859679763
5.060091648990505
2.237927402065155
2.663791079135711
3.9404580141549905
8.043834635665647
1.815078458981927
2.760599406860012
2.6616992217260007
2.3937677487522153
2.1116537305841
1.9402707461552733
2.2138502456379117
5.377142129617641
5.394418998653624
2.719346713992954
5.1011815519862145
4.505709789535591
4.918868532106606
2.202978134789002
3.7428663642705717
6.085041250923925
2.7537832150054413
3.5789785722605556
4.47974874243882
4.601808864078903
2.4774854799836206
4.935990325331787
2.46991786133917
5.655126620567293
3.9407984374278158
4.735306628144343
5.876874439303001
3.819554490164156
7.409661988799631
3.3118681013844835
3.0701651078355003
1.6339405333586836
5.233864915202295
4.0715382835542355
4.584561416895782
4.215525114845985
5.560106176311178
3.640041731669851
4.773608502178964
3.998218753024967
2.896602504147476
2.5229000884822312
3.242404509674026
3.9397740119340856
2.0876085959508934
3.6049159579468357
2.641722437165098
4.905628056851899
5.310058187521699
3.914473953971816
3.4466694509096247
4.188510502101545
2.5931720170079897
3.360298571654175
4.703429022915914
3.408086206094736
5.155498187881271
2.370279293496191
2.3071563263501087
3.687405037547173
4.490700923265884
4.976048703494042
4.691727846160128
2.723420188174987
3.875018612404517
4.1623794418349345
4.115598004346067
4.221436406768607
2.8987874750914187
3.858116020391018
4.081485761029525
3.500016305976558
3.3531199576972184
3.5739265247980865
2.5174022134603526
3.382017872700558
2.154521410272372
2.863087178652072
4.107705817593221
4.348297355693414
3.2204707405773068
3.880575449186488
2.842342760072404
4.539308058900364
3.594959218545657
5.855641100734235
3.1740573063314144
3.166296780987031
3.6657247040007443
2.4286603349029448
1.8948169439882072
2.7717939842546877
3.641525664088481
2.969253392103368
2.994340086877082
3.8782461258687495
3.0343148548369885
4.050950147924551
9.91786209813093
3.757868306670131
2.7117649360831364
4.01976452962311
3.7941821775764746
2.670220754213391
3.6441194164007387
3.0043409580942546
1.713203636395808
1.5500891115028697
5.374076067800693
5.104912312215999
4.002715307300497
5.462607525182762
4.702232540117055
5.160718383956775
4.620392749230035
3.832205097803455
2.6484247566341788
3.7737243794423483
4.076137407045191
4.12145358210271
3.099738413677757
2.929876177280031
3.6440997621296902
4.525243173691872
3.0401650971008967
3.8970111837847714
4.911588340196069
2.9354789353195487
4.649951069968616
2.3094447579939263
4.298943548413345
2.2096549529412957
3.128213945825211
4.1994888441284
4.019177046739139
2.5411881481468206
2.55272608525958
3.363128803629395
3.081782521514312
3.048468395952863
3.445153100310086
4.620600312774074
3.4281452242950388
2.504873857356728
3.354776747683808
1.4963314854094716
2.4707428315812443
4.1689444395962525
3.7940313970069086
1.6251631342983235
3.325621476077204
3.424861813107096
4.799005261214415
2.438456723742291
4.053412335920079
2.8425062672776784
5.462429765349573
4.051837114418849
4.814561716206937
3.516447461843276
3.139905311220232
3.4518264812498747
3.7368798468318474
4.3310765904480215
4.305020472269833
3.4569251704627786
4.162233946533958
4.453288661899895
4.866326682677588
5.003593778121667
1.7328840417694344
4.446284136144148
3.654987597347061
4.415015708719076
3.007503620227019
3.493464282755914
3.7952642433713075
2.1028556043671434
4.800326635999212
5.16093585734744
1.7038667121796862
2.784964517257547
2.8147640147402506
4.295777675718272
3.99078517567969
4.1133160698717335
3.352559226017288
3.3032590831637427
4.337097870408628
4.990626382673866
3.6673323856426125
2.2911927143666126
4.59184334740768
2.9923648590997103
2.34834883040928
3.8777738071710592
3.028982059660713
2.960759025330074
4.736685779207851
3.1600115035967344
6.365119651543456
4.7624148751264945
5.385236042506865
2.800968244818402
5.060850704950765
3.3684743660133085
3.764830805734904
5.39731161393147
7.389880219022376
2.7935940945321196
3.8136432545698464
4.892317638701255
2.810796519436342
4.741704060145446
2.645628818496628
2.927012243848638
3.4020363901638233
3.124503257173612
3.7319344711583287
3.8099479446570057
5.0646335937771285
4.543653883737499
5.049376136129496
3.1571736297707345
5.137439741974535
4.3839974018251135
3.2783918034914614
2.9731417535206104
3.9274600667319017
4.030633983640966
3.6631557779163884
4.311176767120169
3.2013315456940985
3.895218255877756
5.7300595022280785
4.8436408824631485
2.2556364838196217
2.485926212785168
2.907068212475173
2.116123071086341
3.2548614050874227
3.325716614078426
3.069593287939062
2.3314496301269965
2.2842262555402484
4.582141480511108
3.131961068929935
4.281500388207648
2.662194739125874
4.755463470854151
3.418354740092858
5.5345022458617485
2.6284197715967985
3.774349695435641
2.7999647832331513
2.0575070723670854
7.174915953760166
3.9526106978124904
3.444904894792251
3.9693932120909077
5.9036680981282625
2.8420486667154328
3.4457256051886613
3.321220714728792
3.6078945521770356
2.1161230718088087
3.0353257402903933
3.1474453598130094
6.809643133436262
2.1012079355690028
2.174836462803969
4.909408910646314
6.621996652032502
3.9434222472113762
3.384108118482646
2.069340740765058
4.194997264886173
4.6895157884286585
3.7858762534278596
5.416707141038686
3.6181376237395475
4.666940854195272
3.4454282704192076
4.019777938786335
3.900557961545865
3.2337699318927315
1.959435910106025
5.792106998893894
3.2949677602784786
4.019686517352932
4.555205101222622
4.156592749072683
3.3698648495558134
3.215870537783761
4.524690019454394
4.017997780766695
4.327994116394065
4.242751021396691
3.118541962958271
3.6680216485823065
3.4985384062497453
3.676734327720454
5.159541044174821
3.253630171918869
3.589379291520663
3.651051479509014
4.2017141430996245
2.3158690031252367
4.011007662746875
4.45897476962468
3.9109415661189346
2.317873759197939
3.7767101663841087
3.1110440450212558
3.25825093993881
4.760154558938954
3.3019838754996123
3.206732718422574
3.966655090437571
3.546602720223019
7.780769778154189
4.061900932137803
3.346462661744611
2.518510009768394
3.117546209810425
2.8439192158597275
3.602244206676229
4.159335928007165
4.367438405652246
3.0275109217054363
3.0160580665970906
5.286372049986069
3.416610163350272
1.7114844010497665
5.007998354826173
3.567153553472646
3.7508590428681874
3.2884122027872467
4.67714189576868
4.084211217824745
4.830306608667431
3.1027483854910325
3.4561687216532753
6.101476863454628
3.7620139545266458
2.283580373199628
7.126920394600966
3.989683496709552
4.444682398676139
4.922164911801745
4.017956625108208
4.996166439259658
4.383690800615448
4.58544329320626
6.388565465071768
4.353359014546579
3.468976432534382
3.7969515473165587
3.8254448201587903
4.356023869006099
2.7739055595443616
2.3218417785145737
2.844579711477051
5.11395296530788
2.1993656734597495
3.926865621539231
3.037178818167975
3.0255388665888625
2.4639952218744208
2.448007706379841
3.5121852514761436
2.7125596199003827
2.998178098790077
3.6536926158898586
2.9902690391961735
3.6755330976891787
4.127712986453044
5.496142728532045
2.603915015408083
2.253078559351001
3.6027705431702053
4.949811535077385
2.2422932618572444
3.7699978423638627
4.3501595061852285
4.306240391855263
3.1031703816761245
3.6459741284381755
2.8658055378831393
3.6622816160527134
1.074088529830625
5.7112507003307496
3.5982284703988645
3.5420999528862245
3.9931865001832385
4.009677718255261
3.733482055951884
3.4589941165505547
3.2098603370127288
3.454625128982002
4.242161835483711
3.15334626707257
5.201758255149038
2.8403315488023892
5.288803402845599
5.3057311850381685
5.178657288757944
2.921411172281313
5.25478342573067
3.622612767681728
4.607704715612183
4.64772365435242
3.1631204607504437
4.759139085488797
2.8786487835016126
2.431014980606483
5.517444824184784
3.278663884731624
2.1444413633744777
4.37279199674852
5.051158268485196
3.9407748374104137
3.908182009882195
3.2118745537125317
2.4024734030875594
2.7212461385044366
3.204883927950864
2.2516914611596976
4.386031589426591
2.601296075816033
5.177279221802655
5.324150739155994
2.09425674983363
3.7203804366904474
6.204075008514354
4.606077258281585
3.2143007434017217
2.643007985328846
4.345765139174125
2.7122550094490747
4.370711396145159
4.329856740424863
2.3435041533365686
2.5182249863884296
3.9171244157284804
5.30740696966267
4.090050025894728
2.6602738675328372
8.785602031947414
3.194091514405079
2.8092150814062973
5.470008893678636
2.1560352872583906
4.877957093275064
2.708972149531483
3.4351432154947616
3.9411130909626073
2.8466370441951234
3.1408969927908488
6.857175951614126
3.9856826608054865
4.444508438685592
3.102222471707789
3.4410737750659774
3.3123964818777356
1.5992902831001992
3.9749787604187365
9.386120893788965
2.7696062726339625
3.1148411084901535
2.885669520440682
3.8446237398740637
2.818183691184997
3.390636598862686
3.1255912086359423
3.200582549349141
3.62690292667038
2.71196937424885
4.181486296378151
4.032316761823946
3.853079812415478
2.63696712771804
3.5873239602954987
2.832765344975105
4.685203815537073
3.2959050509183325
3.0971817275868014
4.135978565006485
4.323137020722572
2.704274740588797
3.443394208009083
2.2011428401148216
2.159871424109345
1.1521718650565742
1.4554017292497583
2.679370514505441
3.497319088222735
3.7760736939613837
2.517266486007039
2.7402884581391795
3.0774662720413413
2.74036136438374
3.5895488978682577
4.043905083370935
3.2166807789876124
1.5674047051425746
4.475599536512352
3.2630327923195104
1.723149987928108
3.3318744014539856
4.0991429383121005
2.8091886958622783
3.3421365703561383
1.733649049042836
5.336029627499123
2.5699439978111687
3.3103578758538195
4.970888362776986
4.565543249079796
4.382007249064889
4.333234640066569
3.5301103014855744
3.0699920339870563
6.600575315422244
3.3893036593010772
3.640945100739085
4.333121455526897
5.642272657885721
3.4925852274816247
4.984655135639775
7.091493748137183
4.586278174852261
3.4862559200202794
2.9924686591306013
4.226752694930053
3.696538241971902
4.184254021569676
4.26861470823857
3.5690443882834377
5.098427358074858
4.6226174543545
5.108554585580527
5.486227274521502
9.652236803619031
3.818506717813144
4.504420980033668
5.764091831084372
3.2089979056905857
9.661414564905924
4.245225099421912
3.155150005629998
3.3292670983527555
1.4337091391825936
2.33943102744573
1.1990236503338598
3.3885742275071515
4.829380932756985
3.921415002230908
2.9948015576312312
5.1107920452353115
2.8010951915272466
3.268221031554594
3.630227643887475
6.149540655691618
1.7610408837727232
3.3001460461519123
4.342770313912323
4.155369786565328
2.651374457627072
3.1489043387481517
2.207597900032644
4.011418119391842
3.392601494978981
3.83850779043607
4.496299816570176
5.739770876449121
3.8982973054365226
5.759129054775141
4.860269467628211
5.255718871111526
3.9078603861807752
3.2159163380931113
3.471331827050197
1.781694975087148
3.8680793304625656
4.082774207153601
3.549050997006105
4.4416336138473245
3.2145548359434626
4.121545358435503
3.0927858500350878
3.5876555184306014
5.1244744347279685
4.100675252265358
3.729591734380874
3.4316814815374306
5.751493614166925
2.480075124704638
2.8788657381758624
4.852783663795619
4.715880834135892
4.517955513423685
4.115023586989874
5.373152445950647
4.0207431344472635
2.003316190176257
2.385274282201244
2.8599818049076196
3.530061806874085
3.50565989015697
2.9178043326861003
2.808904450737087
4.724915606480255
3.916821739017082
4.207554955102108
3.3658775093592017
2.514406604986415
6.507135108899042
5.203627431025229
2.4338475726280335
4.4643205813215685
3.916675810053657
3.0694422242703965
3.1951159875135096
3.580396565363055
3.0440566997267915
3.5736627334663624
2.937495704085315
5.288594523703123
5.172620113127593
4.873531938382181
4.448965501308882
3.1973810957802624
3.5635771019961733
5.212572176851347
3.816753336727457
2.369425896131415
3.8928188446240903
4.074509723433534
4.237836329278939
4.653695370774747
4.211829142521748
2.5453610339924184
4.601536574690712
3.369119025562594
7.527420860778558
4.2328820551087
1.7676388917057244
3.015060122935645
3.851826180351037
3.512026601400724
3.0032190672692267
3.683850654697615
2.28715010167198
3.7516103400196235
5.240099667951847
4.042235928485195
4.258555686738199
4.1050863504706365
2.012754013631397
4.259332031938425
2.5890937585226834
2.909165301053768
4.293774135720555
3.1442310950204178
2.3778409684975985
3.7257284225380496
2.900539015291779
4.222584717038748
2.8139674148060267
2.8273524050199312
3.685242101612855
3.3863043219290883
3.066805420300541
3.692494044362638
3.111777530953217
4.5155438869004145
4.737233036432402
3.1804561332414107
2.1749796102642645
2.075899859161316
3.101049795413948
2.6742794526617435
4.022391137148391
4.37780686786954
2.022386170401414
2.6103725132099176
1.7272764855194622
4.292318390028217
4.9348125482268905
5.112312284874354
4.013630280803025
3.5699956601036664
4.53592369266351
4.553304383351368
3.09247655596143
7.085198762733532
2.6295011657037395
4.701655806976957
6.1775531765907346
5.245218028435682
4.0386147417658975
4.1172603776877255
5.340326244599753
4.332621719648525
2.4911159660098217
3.551602762871338
5.264433098307328
3.2878081559208643
3.315915930441689
4.98180294260777
8.169175577442376
4.216523094238303
3.750832270267706
4.926570641048507
4.230404152659507
1.7469856329231983
2.5129462362296704
4.962554704041449
4.671652635280492
3.696806488768905
3.106536714027699
1.5129577920635362
3.821268659516327
2.9434839780081266
4.250615162423069
9.59807175200706
4.332547814233878
4.068783176300099
4.992931660783959
1.683930829096707
2.197771186465889
1.4408809043444408
6.637070957247167
4.109147328320201
4.585666829256541
5.691793952954964
0.8551184874634161
2.224566461484736
2.7354953482497866
1.6427346369484594
3.913118654798397
3.9673766943870246
6.042483714753322
3.4446679247965686
3.5121256132873198
2.742680612321896
2.6069671716534266
4.485232633114673
6.074139039748786
4.747576105650333
5.748403506359718
3.275255478728476
2.4249754192259023
2.8351399133691912
2.6025760426701887
2.826008359865971
4.303060395008848
3.800816537760149
4.494813072281123
4.896682827774536
3.892879777039144
4.6308582811168275
5.158076326454646
6.5671968799845155
4.148827608698781
3.9840193449319847
4.169433924683907
2.6395091269156166
3.652195641748677
3.757854784887371
3.1041857615634063
3.487143306375887
4.125179071224113
2.5740183681154796
3.096849353230856
3.7306136667791754
3.3133082383207033
3.389003211530291
3.7401449883343596
3.694397716242506
1.6857922053847632
2.8543733923609644
4.141920919653279
3.4928287287629622
3.8944230244286357
1.6403807920061695
5.401432544470086
4.784642587138813
3.250075311169152
2.4386164068588987
4.4729702910068365
3.9053050211989473
2.4014240061668
4.606800908696159
2.5775449797687346
3.461435481817107
2.554157237945167
4.1999246539526185
7.095846532211608
2.6816613385825345
4.3210650031425
4.710406493557992
2.0226528247171873
3.121864496833852
3.989342493070954
6.946894350670364
3.201662585261315
4.714587407416762
5.707819813599558
3.1472108506040706
3.8590356909256274
5.126715413650687
3.0998009991351294
3.151044041821588
2.41313312439605
3.877505741277927
2.589818173587774
2.5905302686201295
3.0214400024221555
3.473361264799959
2.971987107817082
3.1846222002812725
3.719607053038871
2.9549606443063854
4.101010799951401
3.5365124260284144
2.9100149755989975
2.7526382475177886
2.9372298901316958
3.6369837120514616
3.1447688106025873
3.889298267380087
5.625292885202883
4.059005334162462
3.6403141713543032
4.053624837894759
3.2284626188885492
2.542633025526066
2.191109851698018
3.8504901763171273
2.7328466582992186
3.334309339917173
4.980768840366169
3.197645417907125
3.7730014511672567
2.489145567838207
4.511870593020572
2.732454074939236
4.520185482920797
3.037070841848877
2.558441579950564
3.7063775039637603
3.2338891061115924
3.5923815825902046
3.625306854894132
4.160325503120474
4.478160206570741
4.157597911799308
3.349558967835956
4.694151949282568
3.0745568308013946
3.69676427598482
3.1071703058007234
6.031284322691109
6.045495223028246
3.6624819668972854
3.6398016674317866
3.686937699914931
3.332890200945727
5.4545998632925645
3.8616853532244106
3.2568489713216136
6.0116418170974155
4.695675270032676
3.631572180305323
3.124624609863413
4.2002075086194015
3.327567631021864
3.970529210442349
4.0675162003907435
4.396563409125307
4.035136505769237
5.35893025849756
2.9704151075950276
2.7524248799165774
4.095478575857041
4.720105389359193
4.186911515035282
4.515679019088169
2.5128231374091152
2.440715837936775
4.719128566768774
5.419004440693644
4.207196165189605
5.167008699543275
4.4122380766069735
2.1568197023339337
3.559014428921135
3.665702600369152
4.8153752311808695
4.946084744314101
3.8239066209565022
5.966104177866259
3.310723526168322
3.386036925162576
2.5357439789179965
2.0262309670354197
3.4154307105845243
4.990766185260619
4.679996795782995
1.8916771099723935
3.6987015024882837
3.819704101869745
5.839490851460388
4.835955275315982
3.8150779681229934
4.6186885040654175
3.25897200853081
5.070214543839829
3.638604804761432
3.365845698840658
4.825345923171175
3.5098994041703993
3.0897939641535084
3.6491141374122873
3.3313128194038946
2.0864563282251773
4.827095527278934
3.8009661330384983
2.5097189555294723
5.254834910325362
5.490026617828687
4.30341504973872
6.325472775546654
3.531025523705947
2.792615947086727
2.4370430015903257
4.928886605166169
3.0168173162184493
3.9504214825565254
3.007853841904928
4.824416810622001
5.50350546561017
6.256210026895529
2.745928851861608
3.9348310928699886
5.5917301757564735
2.2624017755090917
2.7539384858429674
3.213951252329613
4.712964811824009
3.668449235827264
4.213309098889073
3.9091654975741474
5.2277204889659314
3.8700783299201724
9.865895044786889
3.7299083038532346
2.80679802323476
13.327330115060324
3.5152898987144114
4.068523357755648
6.269963201390715
6.195560037101576
6.105041810554562
3.9808235213581162
4.359086850078612
5.366231030999018
4.326082725532419
4.279548056322306
6.586735442705779
5.201272989749423
5.133271263210916
3.6946809508870135
1.8610905765696895
5.100846966637928
4.265359700686285
1.5747944639447082
4.0375661428655105
3.710637451548537
3.107538824376681
3.305337225288249
4.028582686710252
3.256690656500333
4.070634184204314
3.535880353298359
6.311894056345926
3.431463842406515
5.40476510952795
3.5747041222278724
3.417378715748083
3.6902758764758445
3.9176998212021745
3.4044429406017276
3.4005800730566116
3.503978460585873
3.0891570867445273
3.8785980425432554
4.366299457506596
3.3213730481771897
3.125409104324856
2.569633800204335
3.9420448785153783
3.671785701168814
4.190646170081708
5.167257573337761
3.884548193599443
5.89987440837239
3.97719010267283
4.392709276435329
3.6111585973304425
3.0614525033682045
3.4009135606148857
3.4703944681497734
4.322164664973071
3.135805936199555
3.258851558825881
3.3203809019094073
3.908122436893968
4.214967696643348
3.5166624571830485
2.586805640070309
3.8566133346494547
3.5424440368242194
4.2271710836467395
2.276660484301627
3.34677938370772
2.8513408764863573
3.7744543490277205
2.3029286937341134
2.584885111029377
3.103853546073131
3.262220272605891
5.2887121490900375
5.8851245128726974
1.611205971070665
2.201919367663391
3.472668845504795
5.13517268887
3.2834658947979793
2.208926291066227
7.676232576135013
3.266570130157789
3.0278103629476605
3.900744693998185
4.128610238793695
4.750843580821966
3.771053264962482
8.322812518486028
4.808679320892727
5.230820005332373
2.493965680677115
3.0291783691558316
4.568190975772421
4.94831942737516
2.908851376291792
3.170087036477251
5.055810597789617
2.9819493839818145
3.9182029140784085
5.343002510929839
4.286382307267967
4.907304269985132
3.3652864071715656
5.06925686645951
4.192552199028636
3.229452294757134
3.642616670211761
5.010217906336601
5.475807421678631
4.778855824194979
3.591324279588065
3.033721215212858
0.8530347127630106
4.887025807224671
5.487561089450779
2.5660199335722798
5.779231951389234
2.9901585646205024
4.554038654702014
2.4219577386244837
10.057174314468595
2.9097876943340304
3.956540262099121
4.387559622499469
3.4930659539699334
6.180949052447376
6.555095818874134
3.961652236957362
4.001288085809969
3.109402629298973
5.047314901179599
4.997692870958078
3.9222894054728674
5.570425624315176
9.170664649953402
3.6265488485430506
3.956718985710983
3.4411100902504286
5.068851335679529
5.469221048598666
3.620589019614652
2.9095171422447
3.153731187728247
1.6915417902297298
2.2097709520333826
3.6368234338863243
3.6063086963284703
4.098468376426952
1.45439169415098
3.5342875505245193
2.826161755927635
3.9807611586279945
4.385497549451846
4.957283549191528
3.0492800616085165
4.67305884512151
3.2353960625409592
2.3549776561532
2.330655281238311
3.17686433136396
3.716541573967083
3.7261402385261073
5.081081107225737
1.591400564735823
3.0338011701961727
2.9774768359424373
3.3961696106769192
5.469736952786096
2.6495151262799053
3.978484016001104
4.0797807820659
2.383762564903292
2.918282522540349
4.587849341255074
4.789438999019264
11.654640885834821
4.73698992032762
4.63105179303211
6.3620215265712
4.413924349332065
4.4595594540805665
2.7939960496672342
2.3744207460894042
3.4757575744442692
3.689917679565663
3.693407003029097
3.717607384229067
2.4029259059274306
5.939600358153544
3.008259942987729
2.147764567649949
4.640072641094882
2.233480253789876
10.67487371210583
2.0399091924278
4.459107012443768
5.141821601267791
1.8893371801253032
1.0278102660556432
2.7341236166714586
4.269162316106845
3.0575194290138543
3.880140404337654
3.903887948128672
2.1429692698034337
2.5485599845750655
3.736474208962044
3.4629135484479043
4.792914691282757
1.4834041449315791
5.225533531704637
3.6706345635737927
4.340068078265251
1.9115224798275414
4.552661638397496
0.6719838304826073
3.24103613305679
3.9817978743496902
3.3361791654829935
3.4500762592885987
3.8814354191493243
3.2138483245244607
2.5705497727775986
3.018653579722709
2.1793817293427753
2.268548022696261
4.192561349980938
2.5539912380541243
3.1646203719510364
2.05475312390374
4.135322630494726
3.7874616666257976
5.9389233938815815
1.9347296164899315
3.8858536028986292
4.220572460474739
3.4666947944010587
3.2068048969069167
1.959260958710385
2.986203940795645
3.003193182880607
4.546545750399727
2.879721667958399
1.972067498468895
2.016522757389731
3.006848739782079
7.7362119221097165
1.74059003882689
3.3452364614517096
3.1749868001995805
2.5670326807391985
1.9158126959705686
3.671676358401127
5.663879521294404
2.6442104777923743
3.4817881521104854
3.0146088081140463
2.1923084100234997
5.692707449452148
2.0017389233351386
4.194662936702544
1.2704046139063399
2.8791214259844384
2.591055433290306
4.830653960944627
3.4630101572322443
3.9326018512370675
2.983287597403933
3.5011992930747065
2.3329795097870636
2.65559878718648
3.3990580865327926
3.039494069576746
3.8578854602931294
4.860372222643006
3.839753869045008
2.2161968440009145
3.1347021536245774
2.4784388559658455
3.2470006579970145
5.463851729028002
3.185289591897632
2.245127183121442
4.34583413036341
4.645982362295318
2.9344498673201262
3.6179104985285937
2.5032589671529335
3.705157418087296
3.0801582606308986
4.747892629240932
3.628486729763932
2.1892049717891813
3.9070828777273348
4.552560531871058
10.018029373795244
3.0827121542080254
3.4400989777119237
1.966822103997934
3.0907257442963427
2.7056780404208993
1.6458530929118103
3.2323737778244475
2.761122674500336
2.1363641270306126
2.7988714381667084
2.8188259248999734
2.8277485076312874
2.860635365079122
3.530979223619607
2.3449367089569595
3.2962986234830334
6.799654720087314
2.7787300544243068
1.8746881542055591
4.253126537151767
3.0090482317628116
4.536303310383157
3.3121716470360827
2.0315775682079815
2.573758095123454
2.8492404001303497
3.919304802559879
2.4782623524977065
5.016419032041823
2.5708662093576358
2.83528175075317
4.503145578193876
3.655019491363135
4.450223557103871
3.522999813004092
4.660539942343228
3.287289726126159
4.216514769252898
2.3879958860903354
3.719903283150785
3.3438130865649285
1.8279489391787298
3.392213609089836
3.24889596137659
7.268490735955084
4.100232432284316
2.2032556596280872
4.571408194064949
2.887202504619284
4.51370411541532
2.8217205503071114
3.6863665539245676
1.7270686173467704
2.53413311111295
3.243373631061675
3.1350342928538786
2.7245156219621625
4.817055742609687
4.784024065995879
4.425218215902678
6.444971276464833
6.528923519834676
4.379100505607292
4.952717901382971
4.232602119769771
4.756899802057674
4.990227432183148
4.20710036589054
3.221657268963807
2.8093264148569705
4.388070321229925
4.052810773109175
4.107280230186688
2.9190970383870884
2.3593483651509377
7.062303437555547
3.948777384945059
4.0904754817751146
2.7502517593487736
2.707383666941751
3.53123463629983
4.412341667289388
4.309140029484261
2.4646359422729356
3.726754708765558
3.424778101490513
4.093785968131165
4.138453389599581
5.62007010171356
5.189517953625538
4.729561978806797
3.9927299964205885
6.403989418829871
4.675958778031258
4.2462711602900445
4.826256837310317
5.415153074146066
4.393804401742149
3.726525382015383
6.539485464086226
2.8393828621117287
6.125247547072026
5.060329503822411
8.914271073489491
3.892820068093067
3.7284378030134966
3.1111844787351943
2.6024715702136496
5.327920499699405
3.0131632127126986
3.9397572661785456
1.8611313119118613
3.4448764307596855
3.399538739717511
4.311373448955521
2.0425548278716805
2.88480306702727
4.620592362961674
4.057929503544917
4.165584318168431
4.564981102214226
4.788493822567111
4.67265513138584
4.034000674814333
5.4246150222069245
6.933878942638636
5.519711995979091
3.507164777013609
3.8712568560835257
5.39050342586998
3.5285868661791175
5.232483216561448
4.177269944143682
4.4804502072503505
5.546499089127474
6.6574842026612835
5.105159573112495
3.8752409701345534
4.196921530914367
5.197223316356434
4.446838097828132
3.0123919104319463
3.2201973445642227
1.1990179977771347
3.9026373610854987
3.737204195346516
4.311082527426143
3.0540927335044414
3.4244139432292195
5.829018233180584
0.9294418373594325
4.079494771436795
3.0512051401006235
6.142136297851132
3.12715727974177
5.1486676261521165
3.05252045188719
8.397576184366685
8.23321329131623
4.191290120034332
3.9649783420332416
6.31841094971146
5.236781306291146
4.888234420404005
4.2119353346818285
5.277642944907858
3.0618875338099114
3.223168035803007
2.5973269787438618
2.9781513766837167
3.7973014157258045
3.8693984272738673
4.096085893966788
4.765037007708129
3.368273727111719
4.949630623151695
4.572177079179619
3.2506462821610143
5.190471897046608
4.0508442656647805
3.251164662709061
3.0725651421191174
3.7822604936427093
3.251164662709061
4.325378950518304
4.950023707525849
4.488920661735937
4.753580030613328
1.6609492733799618
2.627840171620941
3.7309545738732504
3.09372275710233
3.2883702813225995
3.0781903095602634
4.620060032530694
4.99262603093226
4.436913560895457
1.6115772956506027
3.344721119450721
5.305407130397467
4.923922911680132
5.0417715481736085
4.53480670065463
3.634169319556812
2.975951692360885
5.116594086103788
2.2453414003695036
5.536624970357986
4.813162591602829
1.733461191917015
2.1575285315302626
3.1165408469126663
3.2750615954302633
4.567886636888506
3.79299223151375
4.919403256839671
3.306375557307091
3.7949472600129184
2.5694753248039697
3.0694156517449716
4.95904800016797
2.2060549844921167
3.9132379461606543
2.7233616104441576
4.722635439416775
4.2345661561683485
2.3963124587536
1.7152269313785664
2.1637722457448834
3.1674770814587734
5.095046729334138
4.537076181222491
2.607169240902533
2.1628363484659308
3.3016244947345568
2.9574765778732237
3.3955856567175613
2.926978179695547
4.441170489756142
3.515847171947192
3.072604381860725
3.6687043593961475
3.6483408911242985
3.797350779473641
2.734818312908063
4.897890636499843
4.413342042959229
3.775336336715884
3.361000946507986
2.943243444510948
3.3449126149039676
3.3823400215068435
5.469429810943725
5.488703042582653
1.724441160470789
4.31729629416886
2.528699440201058
3.3194278538850073
3.184355013310058
4.214680127782883
2.4323486082318304
3.811419721400677
4.873032107686068
2.867334561986922
2.335676558533245
2.2061367168516304
2.477867318633709
2.4847416055680167
2.48153221443968
3.139902177803167
3.065392251988514
3.0021334800969255
3.4791564332180083
4.2338461260036215
4.360833604702433
3.264976408453274
4.9188265445712736
5.544854740921945
4.841306951656407
3.1801570535029393
4.106357662766606
3.412253148576641
2.5026923122280653
4.391621030110867
5.309481894542673
3.3124813097074517
4.913143781452212
3.8652815769523023
5.201359209399603
1.735097304333709
2.173162443354901
5.290426775445719
6.541277812846057
3.0415620414263986
3.337565595633416
4.2565001638917135
3.7799460800175324
3.0078207727146653
4.374702743877113
3.674622240499054
4.786721555677939
3.51372522272919
3.240013544618356
3.1386064919606356
3.986694286915274
4.213385029446335
1.499628090352194
4.198705719221428
4.56006234385053
3.6979486766279126
3.209883121973355
2.7661223893820526
2.645939487224304
3.3640392332183615
6.007644546731559
3.6882428509698335
4.144752409424081
4.965377875954967
4.762649540411993
3.9338112056325296
3.9028293846186606
2.3296825820307387
3.440613868639601
5.07864372402274
3.0185462637721736
2.8326637632395455
4.108091709950432
2.7169870996519823
4.303684838609137
2.5555394373177385
3.126632471528526
2.972625267979979
3.823922747498105
2.6577520913220893
1.0814065445513006
2.8033929125284605
2.117656706909502
3.871143164495943
5.061525038321534
4.484971649060819
4.832634804859075
6.408864561894346
3.396477541612859
2.278486714323314
1.6156487464945306
2.423989785265506
6.990630684106579
3.149632442963393
3.188331002920581
3.438493596086127
1.5662931567055123
3.092912757762625
4.820778329693502
3.854582247291768
3.18623118319886
4.429279239903609
3.0617122487217054
2.194623419557447
5.107621651261293
4.487896690821693
4.699355483098415
1.5650814830158848
4.508209601502852
4.9397333968063855
4.247511755406265
4.170076763598242
2.4567496102366566
4.521571247137858
5.3338821484439
4.324329940111833
3.0497767027362674
4.586849845742062
2.085662329773052
5.186429758615389
6.0362367431140544
2.881422189009609
4.867969907894006
3.5883292641676605
6.351819727953021
5.821399356723997
4.162466826517135
5.498944413855689
2.9749608980926965
3.14174954356006
4.601631328543723
3.3876578224485465
4.0998298876300785
2.9068699290623674
3.083700383246355
3.0417468609301754
2.833050549599412
3.903608762852245
1.5481192971891617
4.260799499145178
3.2746716039100767
4.1153980422788115
4.053801136224223
2.9429313374464745
3.9621198704121765
4.0201534156797285
2.3988631221838492
3.38059239706194
3.8212418545958835
3.0623289782796315
7.4405789877644075
3.196619296111936
3.4509514254569766
3.140492999400901
3.1598105887449828
3.342347958265298
3.8350469559958134
3.572245637002073
2.9437106463313505
3.514857160114682
3.38398399419833
4.031589072951128
4.025162425145418
3.379496720654664
3.1464672734641828
3.5072087427942247
3.3417351232291836
4.03992190921458
3.185257407841026
3.27098842508882
2.988201207509296
3.08522113247014
3.2240494590155437
3.2240494590155437
2.843058680848643
3.0558205014449737
2.5096735674635626
13.108556890273867
6.393948036917174
5.4960849804505845
3.3630253339396736
6.479675125099857
3.3286765937626708
3.984558556323707
4.648292170389396
4.834430805995125
5.204382462223495
4.72301995014645
4.876678856841539
3.7217967726710515
3.529490124194972
4.085360297599048
3.5422727276651105
3.567737946918984
3.55280569906777
3.7291956171959844
3.119966555942514
3.608377830595079
3.7429389137386075
2.259990570578202
2.9966530128459965
2.9877384414579096
3.2746126642287336
5.613057927262453
2.5877184628912535
4.835388614208322
2.857235405547617
3.3482416534237545
4.466119345717361
1.9232227233842145
3.6073459419731777
4.175460128331
3.033200685055343
2.4150050808257957
3.5113304634307445
2.759893452369803
4.46759833927343
2.7598407782532637
3.947115228529894
3.489811778937604
4.437848350009878
3.5736655441571212
3.5352933924639136
3.8819448417986275
4.165918199958456
3.3538698932225377
4.528944628460163
5.200477555075869
6.164252684570153
4.049165066795246
4.950696832096232
2.174763641566785
2.6515194531332638
4.5099443528803285
3.950694590511816
5.7664214780935605
3.6830228023257146
4.390481871395157
4.490497546763937
3.670221667557516
2.963558324389518
3.661336249300928
3.552602994865301
5.022032434557974
4.284039183998773
3.7977868209900194
4.951246715504026
4.219735224387236
2.8513732150583033
3.6814758206299056
1.29920683319517
4.210799835804169
4.521203239858919
6.4481574400286705
4.80556261774902
4.088611438749788
5.467695213316604
4.003003244415189
4.519880649088109
2.628370628372569
3.6490700108156817
3.3720352042379687
3.927566574026752
4.412675925288206
2.7016580880946592
4.545157227615889
3.735917399704869
2.257820855155462
3.484529932229837
2.4190043739392006
3.765157085641036
3.495146306842349
4.227793897108063
3.3745872013330875
4.219570063708734
2.8077108509425535
3.008462619914128
2.9016205046175934
4.182668466378884
1.7938922491263047
4.754114203768083
3.1715394271058974
3.8320636719002423
2.903794472687835
4.847105882146596
3.609490257966744
3.1016267850940986
3.308766901538514
2.766959217570935
2.932794781343278
3.0766345291078427
2.513758821313945
4.54357208629257
3.2989776551825587
3.365812258716269
3.4202879173127925
2.5136839282395402
7.121368845326912
3.791141313994067
2.3696888943030476
4.388374977851202
3.6439815034464615
3.228372301453995
4.386326399182001
4.51447817976088
3.812024542857045
4.974410175141806
5.106955956372026
3.2965590031376126
2.744563953956328
4.2091392564179655
3.4831898874046607
2.904285985386507
4.054528608148334
3.0766530043818867
2.0089314160190477
3.1543339888422053
2.8575733147214106
2.4157800875328617
2.1429768634286392
2.7524048388261444
3.530547300480835
3.5350457927017924
3.4740646303816014
12.612539908964168
1.6886080356057602
2.3719109174634387
4.750155881149582
2.091676228193899
2.6079383119818784
2.7511084254992784
3.702098123371706
4.522165054229267
2.943860637067778
6.224137002032678
4.235191793515158
4.506137408761718
4.50651617681557
1.948847442422141
3.2278112209625593
3.6803019827596253
2.6638581101991945
3.7835326205323616
2.6094339446528116
3.4974466623138936
6.4178969206887135
4.496004680943611
3.435167149795352
6.4055989437390926
4.4007167092578845
2.9799030679111023
3.9319110059149813
4.348979081606818
3.3403635286676177
2.7390815933211927
3.2005901788807436
5.676851005150048
3.610478997014973
4.231655456286255
2.8965261518396006
3.490234827789527
3.8087505893352227
2.984937932241898
4.287765885433601
3.019417037691451
4.2070179206512455
3.744795074510156
4.536881101610208
2.0565491533259626
2.8953409895312827
4.555713742971746
3.5408133436365463
4.344512903776407
3.3162822608702176
4.1024187848915235
6.879269419422656
5.0223259627640715
3.2703533186782283
2.730706107411997
4.612193361215562
2.586133200040403
3.3761784292400843
4.205960455884878
5.1524886049064875
3.926966790229222
2.754645657527378
5.675607240162231
3.852835402106356
2.9880108803922028
5.411479284287257
3.620848218585044
3.335192711766532
4.435054743414623
1.7759579396946426
2.505214159957606
3.8349216657772667
4.145623864787045
5.016441201391998
3.5939174285149815
4.226184096897431
3.6014411795746732
2.501944812333312
4.955716683184261
5.191541539618388
4.5591876221890315
4.9667881841861545
3.833240160978945
3.8386141786598857
2.465481278323993
4.23588771550238
4.060709596381519
2.606776651065866
3.1552854130176047
4.259358424817163
4.457686489737359
4.455263482878454
5.355098149487689
2.981916986465457
5.366887721408879
3.1056561200895483
3.3998560911179703
4.2971189354627635
3.3333288335591225
2.7393539902198576
3.0953773787012495
3.468867085041302
3.081466513785753
3.548972203985775
4.140812620654084
3.1274340011845054
2.9412818896235224
2.9287047752683857
3.6832802507600575
3.3820640455908855
2.7684608979132235
3.632158543183722
3.8902630901596575
3.367340307456627
2.3745213013341924
4.17317810265232
4.581465477655982
6.25071432621226
4.562227964056999
3.7229177977681847
5.057314818156502
3.7506193760484585
3.9601874963329267
5.726395574675036
4.8142939326396545
2.898395569504262
3.37258571657306
4.061875910131393
21.921803608087156
3.368234111174456
3.7577310228609218
5.746092376303555
4.46827054012489
4.207673004231308
3.1074280959449725
4.159154289752542
5.0690396812222875
3.141354497322755
1.4148689373280408
3.689329003896162
3.3377877988958424
2.004581379404832
3.508729341396636
5.40515199154644
4.1877949830066035
3.473599251137163
5.301329927205298
6.278057713185914
4.940290991799341
5.597477815637341
4.015628258567267
3.8174496789633987
2.613104245717756
2.272760465256691
4.034838835379582
2.088876932914728
3.093320622381592
3.50184222553084
3.701668553858035
2.2652499699917157
2.9018316272378915
3.177780804707411
3.9343096545243474
2.855823042943554
3.657297700968471
2.2836487772824703
3.9880140395834305
3.8620814759984317
2.718863094142192
3.2037131615107866
4.275568115034013
3.70072003215063
3.3705462496868988
3.692851358441732
3.7313158189871114
5.316999429139581
3.8862860849970255
3.43142108040951
1.4474558406966802
3.192518012594941
2.923874209892198
3.18067609665386
2.6908973986888234
3.2913736156753055
3.5202746663181115
2.9237046632416446
3.1816262253362964
1.6879170505054963
3.332195633004027
4.655521737867481
3.790241563154015
3.9344430601356084
4.0342477432860075
3.8291918546053387
2.712247250084596
3.18735464347058
3.5562957490606393
2.0273335753699535
2.6894663140784174
3.4747442880679085
4.532861774817361
4.1533000300305725
4.448076478867983
3.5323343621440153
4.110143872992927
3.3892245635978866
4.229430585360899
4.399028466950001
4.718590567269482
5.579751809011056
3.0414443016156274
3.0170944521231955
4.202781597537416
4.236691869109782
2.9730038234614957
2.8827330387515073
3.7110232232535485
4.917961252879664
3.615051876066313
3.0834959876196026
3.3786186000478415
4.820906903762555
5.482726319429635
3.952787419160241
3.574920372134518
3.326604819180911
5.3467197905850705
4.565171988677966
3.6488890459581933
2.660816626507896
4.689307063845201
3.193399382912277
3.5804324811901456
2.0604540994028686
2.851485465617339
3.145448405510413
2.918649353450523
2.6442284783018906
4.069765205443322
2.9904833747276496
3.701982537439995
3.56938992029835
4.135632399626495
3.5917084250237363
5.248205200108114
3.091237245874135
4.079130333685251
4.243955687287951
2.0968337044450798
4.068895022856125
2.971323555268963
4.386092064656308
1.972624340207661
2.4252258017761577
3.022104013622308
6.666951053362173
4.903530493013102
3.1069380785026888
4.873541794339157
4.739299790758311
2.2973615035263126
3.3612739630882
10.541769205548317
3.1929617883565777
5.155478264371579
2.66036184963009
4.323470248995116
3.9328402097607014
3.028561698058015
4.460037595286784
4.508972502739421
3.511569798370506
5.255685091819947
2.642235255727298
4.431185342329942
5.436443925953826
4.309731460211291
4.134016775313122
3.9933594035903144
4.64478679138647
2.722311985494317
2.9244448323479975
3.553662973173923
2.7119285793314822
4.408615004980578
5.122712161023224
2.24185983108589
2.7157594863952266
3.007128645439156
3.0900600742152093
5.063211991352838
4.758840984786347
3.836206809006633
5.432482086554673
3.7522758258370477
4.476895304386823
2.9773125279250823
2.429119306986181
2.521155974944229
4.419605074079457
5.270598557417842
5.553336732081994
2.991807572280417
4.2364470852311795
3.1883840354639537
4.081101315530526
5.977060309637457
2.3498642786435986
3.21961403600604
3.743463070772342
4.092709207248913
4.789222563852199
2.793493843983507
4.337454903225051
3.8382488753826594
4.904223950117061
3.1162772862421257
4.448109191919807
3.492754774396068
2.818161605745767
4.118539005153769
2.2091791656673765
4.763102648486442
2.9894085555919236
2.842664001106298
2.528024084214781
2.24261160490167
3.2804371984282072
3.0788446045504068
3.9661914426347784
3.6341685144626465
4.066457059148612
3.9936667124550667
3.9127596196440253
5.616432899704069
3.5631963025751
3.4343734351710693
4.9641478294286365
5.537719706680959
4.9173256725074985
5.017364458128977
7.210409576017777
6.398831690509081
4.961975434177699
2.5063780764766403
1.9369834587510908
4.1271823459658705
3.141957990978399
5.445515075800917
4.646243796652474
3.7429028880554647
7.17700211495427
3.86057908541763
3.7313830011358977
2.7304740060495454
4.855178202440707
3.277999463500701
1.6276668071331963
4.491986018936131
1.8534888045484492
2.924907375382848
4.814579347761745
3.792442004940228
5.2790231340888525
3.1074878768546244
4.677658513960773
3.2046991940166984
5.08990476411763
5.3112413093156805
2.8373402340668874
8.867458002164351
14.574045507503195
3.6808030778455687
3.6106506444102995
2.2927782204378384
4.2787214027181175
2.422168622030598
3.5264097859745167
3.157047534699331
3.4926903813507346
2.74684195167136
2.564392127946223
2.190360461803782
3.1001861460999764
4.450454331481209
3.3260687328015672
2.000689028221882
3.1410627821667756
0.486420520850534
2.5401035690325946
4.2607213753989726
1.9010461265821093
3.9970438584068817
3.012887256804693
3.9391096942193404
2.898028188383482
2.853288995942171
3.9587991449173594
3.3782594416155756
2.1843127733079166
2.6170550343842893
5.457617936387025
3.11097593531216
3.5742710678843634
3.2878876387923444
2.2913883811261373
3.240301726561573
2.351634699436388
4.599165762983516
7.101560773988434
3.6648120946575
4.989472622903
3.9347432818656936
3.8023722145649503
3.5419930104600645
4.447987543320558
3.319222200896108
1.2446517503606813
4.087107389382142
3.841495671440956
5.379293249630432
3.5713342495723364
3.6322977033752832
2.957187294429082
3.870186865094566
2.8273210993508298
3.3215368563513814
1.5983197091839305
2.9055916313078627
5.425124319973949
4.531853918941021
4.343185174800374
2.9822056705521067
3.176745732934636
3.314895859302608
2.831314172183276
3.325580174662687
3.4551814200696076
4.505024154933656
5.613491708411626
4.325224965272165
4.757883054108352
3.6849102109927605
6.953042582533446
3.6871142071347394
2.2866662145662624
3.1161110156863914
4.621091085996764
5.594652108174893
2.800529774686386
2.467761470417206
7.64325330034146
2.720529838277831
4.22864683456416
3.238889491247368
3.6297764011902167
3.3068735071394655
3.105390206511825
2.1839253487624517
3.9272886499696957
3.615930472711395
3.789371002846954
1.658395896714588
6.592658447655225
3.0986954537037987
3.3977928692906136
4.029992835497226
4.269852917540362
5.777251987408263
5.016176286889198
3.2354193045961037
1.667857099893242
3.7985707784904648
3.740566469616096
5.529574371514063
3.867396910839864
2.5243781791269972
3.26867564295472
4.2414809274488166
3.004413888107088
1.3830648349425125
3.919056496904696
8.0990251682585
3.483842376787853
2.3331212976352544
3.830019417758761
4.786411666341638
5.181437189520922
3.366955165786591
4.167612224824226
7.257316527014018
3.2136906500263844
4.838441130777197
4.695318357560147
2.689002031571476
2.9619397692851024
2.8921896365001576
4.096929141207268
3.1523003475739504
6.026870194506323
4.1969559959098355
3.367091799649838
3.5001364273802413
3.6338759927976683
4.79698603677213
5.462179959120531
3.9598418634276245
2.534508502720661
3.6191641308084574
2.264440119480933
2.8569146744725264
5.453091846720962
2.5609035466542767
5.4464515589495575
3.3744695622674388
2.791527138373966
2.703917472053698
3.730991395690078
3.478108569127297
2.066667542987373
3.7665855249147757
3.600298564577099
3.5316074718955517
3.205161989506116
5.103397407463418
3.3870256724613927
3.517236985624996
4.958102467346652
4.0477952225178555
4.594770630022182
4.726733654333094
4.171794302020763
2.4025082365395947
1.5247742621233078
5.299369085854799
3.627794761787943
2.0645604303480707
5.027832987044367
3.7265008037877743
4.847026192884326
2.866446479612924
2.3221970184915306
3.11643872470912
2.8439991720102746
2.895404465798539
3.793566751211655
3.174962540024014
3.2095355174810476
3.8081209008114105
3.710002143648037
3.990145341501412
3.5603164962615392
3.2486750658606636
2.6599675656562782
3.99778475852195
3.4980025306610436
3.8660451294056353
4.066750824165512
4.953683395232736
4.355764324894051
5.687321737728606
3.3945764965905507
4.749478058787072
3.9109184461941426
3.222769908022895
2.676818288188904
3.9536903294486394
4.1425925563113495
4.407235683711528
2.849282065199801
2.6067395085665064
3.090077413356633
2.8860380681992615
3.181575202556625
2.4754518307895923
4.450059506678765
3.6406064494068806
3.8338799860974846
2.559080226174947
3.317170262765351
5.046794827632465
2.758867872583935
3.494265533284439
2.1287206517461854
4.1200576843431325
2.037097736698085
3.419832384004503
2.9095958642926005
3.6780668491849537
3.251308011530646
3.3109623478763317
4.743412411999705
4.914189246010602
5.696539152629389
3.0102036367158265
4.775549098410673
2.4408111010050906
5.334645725239805
3.7922565796857346
3.692200985504957
4.257696680772556
6.2951773375735485
3.213082574449875
3.9591940115331847
3.343415106180341
4.875088803696022
4.147872318022393
2.4771916803623193
5.012187763445027
4.114514954482886
4.167703657381954
3.4173675750076637
3.9861306703614283
3.728773040044531
4.55772054992167
3.4176165596681165
2.4024123708535137
4.774766973128902
2.9200733249148563
5.8842117751322665
2.8794043972729573
3.3323279965448647
2.8227284385561298
4.596789092736398
3.229084686522163
1.861210341182134
3.349011673668182
2.7366795941972555
3.7823695235785886
3.39368257738389
4.234387333625295
2.7983584550536396
4.546306543167161
5.484348592738543
3.7218742747337163
4.059184904658606
3.951623473660997
3.625820344978065
4.738331891639222
5.086771808677896
4.867346952223209
4.8702970547370015
3.1352129606721495
4.0931633291105705
2.8190876990720457
2.9292907368225514
3.5614458124438624
3.157897466479186
4.71829254534719
4.387063305162037
3.503931825928331
2.7875803674212016
5.253939995701471
4.141360420636222
4.787393802688769
4.390509303001641
6.140211775602129
4.091146092738974
4.406809944186534
2.6174338042308274
3.598403093198279
4.1292420448560785
3.887791058003224
3.7682919766066116
3.572365989148061
6.527162825270254
4.9980325785904585
3.4056615186696795
4.248865786063499
2.8870799368371394
3.22996815829452
3.017772575504815
5.877830132169164
4.67108232696875
5.181703600388174
4.569968262523758
2.971510790475997
3.806443911938896
3.3148448805604143
3.1255671587762173
3.835151306834442
6.068304318700296
2.7882614363878266
3.2034703394282724
5.770408772911793
3.733436775369519
3.387518950192062
2.75143904229533
3.2535523236774977
2.359878370995051
2.8948427761755
3.4473394162928592
6.65065379319093
3.1863133389792484
4.324280385597608
4.546112695668971
3.235962881538078
3.8336720534122226
4.6870601301437915
3.687854689616308
6.006649943756494
5.46911231418343
4.453450364218703
4.351027104527513
3.5897226565762255
5.484770551960634
4.265665172206127
3.6483960628619565
3.340120463170032
4.057634312559492
4.113187378324143
4.448785263725263
2.6609724653889937
2.5200383978173484
3.6894759185599115
2.3598959931830845
2.100620517047443
2.78886356200307
2.5955246569232946
2.4808108906801385
2.1739826041540096
3.518111707826875
2.2867922252431954
2.1675872368585702
2.200028131864539
3.5354926294434352
4.29056590798641
3.2546067876381666
4.7478445357082375
3.7404694462364603
2.285463968912794
5.8451436040377445
1.8210843209360288
2.874539830273546
3.4857378202876097
3.097602081220012
4.175440812574657
7.737105609486357
3.1520557900261714
4.895588702551386
2.5838070293173567
5.281207655787271
3.86204158970912
3.25892458077834
4.845512132881108
5.2378943253011805
5.023622545551896
5.832576588416985
4.504531935217738
4.318008631928614
5.099291569136097
3.7485918883947025
3.692601476812263
3.849263144188331
5.327912882761809
3.3010560456504474
3.8947333038816234
6.503141372994947
4.434757809674705
4.0151278316099
5.4754586520482045
5.002068785618752
3.9747405587357645
3.599050730954714
4.088327405399508
1.5920214324926931
3.6791297970027848
8.21250187324735
5.1698285219206745
4.901269601961107
4.536273700721832
2.982599049118625
3.769793824807541
3.92274105516982
3.439328519224055
4.716388093278787
4.704293914639137
4.007192673942028
4.520569487580657
3.667013688524514
4.511487420475129
3.782984067110806
4.890471060646197
4.246185091200678
5.855905994257478
5.524158600184733
3.332239374775492
5.364137421954516
3.762032978182538
2.6746938192372274
3.8849013813781372
4.526019229682221
3.7483073235745112
2.9192079203157086
5.096398141627635
2.834112055877353
3.0591683190893457
2.262997547172782
4.636591973001346
2.964035876845343
1.1069810797192543
4.588557543908433
3.4604478852828104
6.12071198799545
4.109765691378169
2.84872119576998
5.234619767912942
2.6997519010380846
3.054141257134556
2.4517339745449087
3.9984495606735906
4.705274143123154
2.4630997607309393
3.864914112164611
2.7684408833393968
4.578306788040774
1.9550794354216985
3.281519731953422
4.160594882840043
5.081377804877699
4.6735342348482085
3.8349724065295083
6.257508071162054
5.455737266217174
4.17644077917509
2.7205872733541696
3.17659221449149
1.889563758992954
2.862679730705663
3.7799072182698614
4.652869393377637
4.751080130938487
4.314309539169343
10.600843699465432
1.3195262529046023
2.522058237601325
3.1480574834420207
3.672207259951671
4.200473978484207
4.0646930289197325
5.4066088962082155
5.105709912267612
4.410438754583941
2.663834068478897
2.138394879068108
1.7371513827720424
3.5514167628092377
2.3143499875202607
3.0236554989778393
4.067154059303487
2.4379549455764917
3.056912209611984
3.7865835096557645
3.9210314431060556
3.3529352782390562
3.5656876406221865
4.7677731712028715
3.204424752010824
3.64316718337621
4.603142831512252
5.1167405133579775
6.591986241690371
4.631890389540291
1.9457197305014722
2.293105041674357
2.2329614957603146
2.792187662196465
2.521198906150529
2.792187662196465
2.9346662277829156
2.430697033398854
2.200091410810356
2.773478870595045
2.3351409923116857
2.0443672923513843
2.9270915122010157
2.461564934776438
1.9872061442450402
2.3580160276250526
3.1327145232013427
2.2409575297334987
2.352536631227635
2.5804514007198813
2.5730830896706447
2.7236194586733835
2.607224702902743
2.085794684294987
2.283632017632888
2.4789840912517036
2.499262181970385
3.359259612038886
3.6335712211772035
3.470077801139848
3.705896965058226
4.493392619719915
4.654563267573556
4.694732174096874
4.854989936917271
3.0847276753099298
3.2092521493588086
4.771332730753543
5.540688116614689
4.882060791997397
3.990038933369146
4.506134570864015
2.4694798949060113
3.247419155982038
3.191408690414235
2.2106992334776105
2.6824564152551607
6.088814780579398
6.055823809527158
4.462194517977411
4.6917628374006135
5.5389014191666925
3.7386321303549446
3.9241663800826196
3.9723151165249186
3.5775842982733663
4.707883860262317
3.63055484949426
4.1119234006950185
2.9514938544926266
3.6898296791438754
3.3818387335608313
4.0863089130030446
2.7133733299563065
3.9669120789686825
5.211714843884118
2.3980104977633214
5.254304333527409
2.1888563528285525
4.006500426922932
5.7305653380363974
1.7831053099664465
2.582752110259513
3.0091074320466022
4.070895652816524
2.377356548605928
3.3942490527627633
2.402367780156306
2.154131936909427
2.598589764085352
2.3108248710752206
5.783867125475283
2.169710775329864
2.964495973300953
2.724696146759677
2.5854919268212737
5.712087293704809
2.3453608216153117
4.987887711226135
1.698869506510163
3.204453074227199
4.069794358946283
3.024457264320153
4.466262978322214
1.9752617227722449
3.6708258463188272
3.4624779335421603
3.3629835939444392
3.2298297580894606
3.828999940183622
3.0397836651888945
2.6541081489788483
2.375334423793406
3.8132990767879655
3.415204294322143
3.3256040507846087
4.122601634919376
4.325011962094669
1.9488248722399502
0.9396988405415498
4.368979377116777
1.943419790984769
3.533393255538454
2.7588016274940133
4.556738460869659
4.881527781747318
3.102870646351099
5.852787284579116
3.571118147847576
5.010961509635413
5.131815943798453
5.012641397027774
4.3121495960859555
3.460968856239958
2.825210191726044
3.3207763288462857
3.637559711705697
3.3946497127913826
3.5024865736464377
4.486715334378773
4.410682670631662
5.381622452207167
5.02103094428345
3.6238826167570877
3.208067912673088
4.356998860109355
4.660666194852476
3.056067588473488
3.0867163930318617
3.5076010383695015
3.715541714865626
6.00373816671154
3.952126880982788
3.8145503070132047
4.570912639406198
4.66060433902158
3.9391928802649394
3.950993756389986
3.1215801142486046
3.6588953627038023
4.886900609838271
3.013036282568685
2.151659599432764
2.7449877457275647
3.957756585006835
3.6712765172101918
3.0272568419393258
2.9348681273183113
3.8179105121028702
4.120264651544338
2.2962384087310497
3.2403698244116637
6.732582993006553
2.2830499590501856
2.891193499755252
4.802288504325479
1.7095558454514612
3.677779448926468
2.711508527445898
2.824000932127354
4.4683736751822805
4.213972838552137
3.676624808461096
3.7376752554717756
3.9948746943543068
4.098735131369081
3.3815436854364758
2.991418099987309
4.5963640453346075
3.0959488692303725
3.208572011850823
2.387863103305784
4.080566181189123
3.1444250932679805
2.641831921689641
2.7849786932673
4.11408457781001
2.7243447163494015
3.3288807422128768
2.906832582741238
3.7967121121883807
3.6413667785856343
3.908233687772906
4.477154354270245
2.7290582061799546
3.878660302500363
3.3463774884983173
2.2491278058676816
2.960801990791725
3.9286418225584994
2.2768008523640924
2.9232723258997306
3.0534232344652272
3.0133829177653344
3.0260384363494888
3.9682525143896585
3.5559185463110605
3.9403904575040416
4.375471389926916
3.8419214487672204
1.7241640251948094
2.871919231693197
4.421251094471378
1.3544640228011742
3.0961141328134287
3.479903029220973
2.446651256897231
2.246077559163819
2.680370265173616
3.055389094757093
3.392196453173446
3.3494298423373707
2.7124554893900945
2.3813999191051742
3.5981092665802357
5.208821232463184
2.890307431862066
5.049836961020515
1.07582553953782
1.5166193690097372
