4.254525257690138
2.1702587286042494
5.774922398769801
3.7372506523377655
3.949356013539429
2.757163670813923
4.264047661422726
3.5733529714810537
3.054212457320407
2.6484571002516857
6.872514122801313
6.085290014969836
5.44510653262952
4.7535341923758665
3.8828290894824216
4.187339275904729
4.931863692234164
4.9254157170979695
5.196588856748899
3.3272064061968196
4.402649468873861
3.5017097863326927
6.183768336921958
3.632290245009549
3.4789251191380455
3.849830503509084
5.190732600634019
4.741260082809067
3.7038396372698315
3.066824255496204
8.449692425335503
5.493574461624924
2.866606045050892
3.2954985114727453
4.4357191011713475
5.623322760115282
4.606794517665719
4.672073800091761
4.354293935538924
5.197253638163962
5.822618671896725
4.844598702846533
4.922974570343834
4.848857834229863
5.323796463221022
5.458883711060055
4.510554526876111
5.517120329866675
4.871092278370758
4.945595990522563
4.602337012566974
5.225031645421589
5.539984715492386
5.344094110438365
4.723095001929987
5.044343518021785
4.686868098221056
6.267130229648043
4.457649167328013
4.747762771902007
4.303974914180055
4.577141137706101
4.9673618296484285
4.78516776565553
3.4060497842166946
4.653747436851369
6.990799554503138
4.340659685948719
4.806696244209855
4.7776750947200926
5.216358215411334
5.06767187149567
4.459132969476467
4.7262027885752635
4.841816296380047
4.455634564494257
4.858617510715377
4.362433025585991
4.857380018572165
4.606110608502988
4.167067102246912
4.521074928623932
4.59153564410386
5.053487429386818
8.774481482538764
5.6191181155286305
4.856064629884153
4.489350529700847
4.73682346593331
4.207028908913781
3.5918755121017334
5.824991165935938
5.310737331557403
5.0262866013699705
4.17702786217434
4.977110804481933
4.791161798575519
4.251426213443736
5.726827284903877
4.554792386110863
4.307403229256737
8.984270215962749
4.323073083271764
5.851851981701157
4.435291842788223
6.569390561466672
5.436515972063872
4.85962992877982
4.301835737758666
4.4959552447201965
4.787749615313758
4.133575894170211
5.201623638452951
3.586776608355924
4.5683451190352375
4.611061980335578
4.876362153063597
4.533604873689999
6.735063178400892
6.777507401947383
4.954873089550005
4.182019801176717
3.33157851032928
5.02782633710722
3.072005178416569
4.5619367439284515
4.253617520504394
4.9632142202087355
4.103727245770019
4.893777196149744
4.228934766996003
4.913763788550786
4.944658963834475
3.080087099161389
7.984095801309759
5.488416040062193
4.517813638496944
5.035957668791874
5.781931467927534
4.324981739049523
4.341650801666045
4.639316453649855
5.129751658390986
4.523546904866269
4.6499556103020705
4.596876346482952
3.9786765775223856
4.695656819808227
4.5291753192861925
5.692817343282302
4.554813625552084
5.075438389389886
4.419521674820387
4.449226372356323
6.065534704428472
5.263445203805152
4.180796767575217
4.6851219194136995
4.390227144243873
4.067815611751446
4.908676112548504
4.719612008033915
3.9433366361009643
4.674661239251268
5.21039153879036
6.449670892943595
6.354578742663592
4.577154582445159
5.052800019096587
4.817350452229215
4.516158084273272
8.78471323809092
6.325169129739427
4.161875832430076
7.992738933491411
11.375322135812528
8.217779051018084
12.220673552385962
9.8876615801633
8.491558637394563
4.729359405717856
4.866761182057554
12.220673552385962
7.7308691211418505
6.326145051426996
12.517349763884873
12.518422750568005
12.220673552385962
12.235101910561642
9.127221022909126
5.183634277350048
6.402599690465136
8.679203957644564
4.507828504035603
6.237544836813056
4.1879974679211855
7.629966708580398
5.227903830795762
7.749192424198448
8.037153812791255
6.191727466289246
4.532659873084124
5.134757676243319
5.867007844433468
3.823873432298767
3.797602514627348
3.6104518363522593
4.800072085430227
4.918361930643443
4.586768797578277
7.778856423308957
8.609966318454692
5.616302185589229
5.673826673264897
9.246172494334202
8.007791017827431
5.067274975997046
6.377974236453549
10.019767315909073
7.611130751734264
9.636830917111224
8.444963543946754
10.439186494009283
10.439186494009283
10.00351324855132
6.7604296700838225
6.34713363515121
6.543747739692873
10.00351324855132
10.00351324855132
4.2622297806318565
10.84013886708685
7.904093393532864
5.408023561467478
5.852371616041468
12.517349763884873
7.611130751734264
5.841419099906419
9.999999999999993
7.59185360337077
7.346524645418304
6.630694922936588
5.132878307438994
6.361571040082299
5.675992183453082
3.9166325462010656
5.132008786956742
4.346298818185556
5.51159180498855
6.535978144193207
6.8813737498477385
4.644576015698439
4.446177407539722
6.324196876152598
5.578569083114447
5.753825771549389
5.685269200668684
5.691574648284216
6.641974093920956
4.660943924419853
4.669363051079467
5.886405698390103
6.380042004798236
3.5523259033189385
7.0151265992370835
5.198800822570021
4.89086003169149
3.745688407589736
3.7994168618160904
4.632098133686642
4.574178081460679
5.987489443645181
4.611948062325203
7.528992874484047
12.517349763884873
9.999999999999993
5.1177331588964385
8.097618907145236
8.056323738144119
4.804648489192181
4.115831406268674
5.437323678128591
6.438336736820426
7.334578668876887
3.8532201504538213
5.999663709385091
4.913302540834018
6.362992580673521
5.397895590654176
4.755715104308767
4.657592718981144
4.882688907503472
4.065512647206805
6.020727739859962
5.855589301848312
5.539226587798305
6.371564846616952
9.289115977515959
3.3553911940434737
9.275807142428436
6.185024063435884
6.799102018859517
9.521837705995166
7.325864973987312
7.827785724323099
7.366034556634665
10.704347871118737
4.992559322170863
3.9697807360400157
6.349031377523199
4.888497612228202
4.95642008923177
4.044008157135567
5.117059125988565
3.624344607482209
4.6782138542532365
5.089223998836042
4.213344023635768
5.610696106011541
3.0050022922409236
4.768309808529838
3.0154335306998714
4.908635983217706
6.437382324967446
12.434000949964059
8.040024915413813
7.032103651148304
8.283242649797346
8.161539671426935
7.9073378007406285
7.9073378007406285
8.217979997882587
8.199523370870804
7.025369720388062
4.554256105380149
4.7615128149622485
5.740671356264736
4.823569046305315
4.704166293439604
4.738450167120725
8.166228054466599
4.595318974124692
6.220862312933239
5.599680312096431
5.263786545869907
7.8607796074620815
12.235101910561642
4.5118472002676135
4.465220658899406
4.757926629192336
4.723654625796974
4.4341388848245
4.135691218629572
8.546165861474428
4.9754702248849725
5.136555064586008
5.171040415283929
9.61567105059653
12.517349763884873
12.342994233534437
12.220673552385962
12.082060002956847
12.083945329269174
5.281655592383152
12.220673552385962
12.296684203396591
11.450248662245965
11.420457274134558
11.20416640803583
4.242839176184088
4.677101670579533
11.815280391804327
10.704347871118737
4.436305531708947
12.082060002956847
4.91985747156103
4.491456848362429
5.6983329742317155
5.144745938081222
5.1884134564078215
4.432445722380255
5.067392129770014
9.708776193668392
4.898244230580035
4.1768741414605355
4.768118477721242
4.505289772161717
4.735279957839777
5.784754796207442
4.903109200102934
5.357382564075077
5.348782571718004
4.987013765630702
5.504512707600353
4.758480099101298
4.596307283640513
4.306715337816087
4.23950513520517
4.8150562300709305
5.305154990082557
4.220786020302192
4.404573810038693
5.718722903514218
4.160345601604899
5.387096949476793
5.007188182204554
5.42788112682166
4.144152365934982
4.679513365034762
3.913174151763971
5.996700063698568
3.7501258331905554
4.874491517523456
7.739560369779311
5.164224684061099
5.632943781194913
4.859943540604164
6.836485343543263
5.03439309542066
5.204402355514231
5.1795722275208425
4.684043999159859
7.415905612755658
5.796937083629876
7.521567938924643
5.563949383613123
4.013795920727851
4.365808213831451
5.236870390893307
4.770296891973887
3.8046152948787597
3.027614741905267
5.297937438704526
4.45989499876815
4.197998766497328
4.995118220502492
4.913983044857717
4.023963110762754
5.108458699876308
5.370624616596244
6.474194324604262
4.1957825568551
7.269907438560376
5.487535915025595
6.086697775550549
4.4627874309699305
3.8254469067382435
4.504844355236945
4.795298236026463
4.6899057898877485
4.514232820402112
5.08001308023289
4.907055170956777
4.943061270340319
4.487076085597133
5.325474756166175
5.112911213170468
4.928471897259675
4.774551215305723
4.358178111290839
4.756816199878377
4.434556540245661
4.326254981545531
5.630403996594949
4.582105875823194
4.769731125887767
4.757751563353315
4.652668707088488
4.960762924734663
2.303423873731284
4.408157600811689
5.469439645601264
4.958125479650397
6.259022203686841
4.609947141241166
4.4445375768067725
3.8821897213667618
5.2769957068884406
4.551746573168619
4.587417533013176
5.719545472997334
4.508155852036303
4.028425336092493
5.307438349491762
5.2602565614573615
5.043597661415646
5.654266623391665
3.871971123539897
4.636285983075448
4.388899763330179
4.436612294714078
4.132287561032038
5.801638214527745
3.1245734135984224
4.75764934405881
4.455317062637734
4.194042068520705
4.928340594858203
4.546533461590435
4.598194242316868
3.8805872188313293
4.500360958466137
4.659893209273714
4.1825739699365165
4.483031461334118
3.6549383801472013
5.0654978858648985
4.502558850038249
3.874479648413318
4.313569116606866
6.834400798152448
4.440042714595302
4.5967290933459415
4.383211238112686
5.122336413090627
4.676551698352746
2.7663346892974445
3.8408639368883914
3.3700694691872615
4.859542453598985
4.787472732370896
4.832167976024081
4.132528428355203
4.563873468760643
4.328439791499333
5.189475657812344
5.020189130433432
4.693764247604099
5.357781906329558
4.652810194364243
4.491444468350345
5.122096025486378
3.353608643005045
5.227424530129932
4.979957344570748
5.558628680073467
4.638979743635729
4.576553505992724
4.249460948181582
5.654545620466997
5.184851563202024
4.231050818051866
4.504134861449613
4.757792333546746
4.548316945776834
3.930092213146433
5.274096427215919
7.186444591350664
4.931006700441952
4.546653710480502
4.070953869425222
4.587771848155155
3.99320723276234
4.185049622976132
6.978131071221749
7.2783583784777175
5.099071513790562
6.758580559728975
4.968160845579899
4.386151704823485
5.441560419567358
5.919034857263693
4.239533005431732
4.787722285433303
4.159272021909029
4.438541044764495
4.604285807110911
5.9335198230172335
5.893309170816974
4.656159520844516
4.285092695553185
4.951865189743972
6.185072869441582
5.145164201554048
4.970339184757007
4.975189497448732
5.105527691212578
4.484429371562939
4.903961727845262
4.996643216179782
5.4020649701560375
4.236326139718107
4.739614030925577
4.302493197735141
4.150381976832985
4.78368528896565
3.9855727632104365
4.594787971008697
5.170010903209078
4.167346880688855
5.457165934906083
5.819553525532665
10.280844598590397
7.889796815790931
7.7918622639974995
6.076034446754709
5.910794768936318
6.197800359978548
6.0372836605581295
4.643646650291281
4.35388523732637
4.536503390870681
4.097028763575496
4.796033545281071
4.316151142209909
3.767734230354909
4.467437446785021
5.530644679254752
4.3932583303480435
3.6676293465513643
4.830453809009538
4.487505568924197
5.440850624829695
5.829517888722923
3.5686712993802145
5.050656044906641
4.4880796721436855
4.881360467383165
4.717749424193603
5.499237573656668
5.453282519682761
5.165874107165602
5.71182611446322
4.739988330452646
3.5068950489804855
4.449366170461197
4.028575969408474
5.678188068908158
4.986669494851675
6.070955469964617
4.624294334645964
5.018683609139752
4.11211175085533
4.873223434040388
3.983511951428561
4.270047082451564
4.647623949756932
4.8673120992038745
6.00480541005927
5.681001674066705
4.939558184459022
5.069337411087355
4.359215742427894
4.356718222003059
4.636609054605137
4.785156099302167
4.555994318095821
4.319040122253971
4.709706553320581
4.694799983197127
5.078125024494656
5.137091414928566
4.4718880015382005
3.8185021311839513
3.955648911564198
5.318409218600155
5.318335683449407
5.705323452571782
4.5131196624495145
3.4875761942406776
4.377249377156848
5.4282761356013465
5.10590788334099
4.46577793394054
4.738433762225664
4.837877168113895
5.068322410929277
5.326254732609836
4.103461076122251
4.843687310177166
4.439964848135655
4.196782299473257
3.603401237639477
5.6884894600010245
5.54017802281464
4.823909766160204
4.706487630782867
5.129138777892975
5.09944443806759
5.164966351997957
6.013433309760728
4.097358093485204
5.292884752909647
4.546975796043287
5.104020475713503
5.375017867247466
4.740528119874332
5.140681005522155
3.7512497862378944
5.075698525390575
5.257331867821113
4.436305531708947
4.033956985896207
4.567381282195622
5.587066217681519
5.080731696704705
7.440871992104227
5.323417768098191
5.561042298365141
4.414348490217313
6.313248772319715
4.539040412493416
5.816203092448989
3.0653659630863648
5.120451342072169
4.056534470537241
3.6179660926638504
5.2795608613100455
5.1796498316645625
6.865978320716089
4.019188763212637
5.613385325248363
5.954097921309732
4.127026779771258
5.079127038350576
7.602148338120966
3.9860873669754096
5.57097850892644
5.554868580428927
5.216720266354969
5.826068739042433
4.79106952195835
4.7907970785370955
4.227168147408715
4.734947885161398
4.253130948085046
6.313533768441695
5.781523145908869
3.386596754657244
4.72630490473107
4.337451438882216
7.481117298440635
3.980209604549092
2.9828331635135887
7.421088556677177
7.995661792426343
8.754296989356055
7.716349159699453
8.139626637113798
5.289617772682159
7.797105322134583
7.989483401390896
4.806407647927267
7.728746653875108
6.772200664536686
3.849087262142112
4.199697998491285
4.299693904475051
4.761699707196385
4.819045672036882
4.027693475436561
4.006937036334691
5.61430983960232
4.785427276563875
5.206324278926195
12.267114858046803
12.307375479001896
12.307375479001896
8.111533639334315
8.66332659851693
12.75184622978216
5.697028288111184
12.223575066219544
12.383812611448638
8.472631457267408
11.633964771454881
9.40612383939483
9.599409277821547
12.223575066219544
10.130098085648498
6.8783839565265055
4.167476240590887
7.701171753571631
7.972038446013981
8.175770988852623
8.087004055024337
6.4576512758082005
4.7365850016992805
4.820101067284376
7.859132825654513
4.960565635050827
5.086094656754995
4.519751832079833
4.483638818614194
5.036306967471059
5.323151915923024
3.6302255073356564
4.947521274735669
4.957974345442971
8.833136935576864
6.1775970082363285
4.435915595405802
6.8818181648173145
5.201526870018975
4.201213307736399
4.012940484070745
3.9037158350381427
3.3727438656135806
5.372884931189791
5.039026204342094
5.093923854889186
5.728670702505276
4.819493564770935
5.970922894752654
9.295205230006006
8.020058809303762
5.981370847545061
8.630322082772459
3.7259840846684944
4.504166103402458
5.646759494598069
5.7667683213571355
5.566592701108292
6.6428391489086165
5.3100709785775155
4.868815761541501
5.0384078433444
4.641369569027044
8.166395790353922
4.536775974500858
5.8773407722452555
5.493974249673836
7.283432583327754
5.940055048638807
4.232348428983104
4.584248131775572
4.796359487507125
5.329087855443318
4.471649644136276
4.969493583553724
4.077802973157213
3.53725711223922
4.718753316710229
4.786309729216604
6.755192756855609
6.038411958316807
4.629738007472819
4.847526808228412
4.244803063497771
5.480547821855775
4.618818282405256
6.370343186097689
5.77506682516576
6.396556975569959
5.238908160749569
6.268974565009899
4.643225560148808
4.686511997326801
4.651134726766436
5.863538869741514
7.017972456746343
7.910481940700009
5.613335595203967
5.474433460777163
4.726923530321724
4.679640617969606
3.8434786485303176
4.301796992268356
4.159322029664733
5.0293652894486796
5.5387122490551395
5.050252080309784
4.779927041983893
4.519374461263786
4.394913349326595
4.5499806219902865
4.655856932644228
4.444522136502993
5.109963121564356
5.347117961993927
6.664947341956207
5.451588874406737
5.086347520788875
5.04481841339467
4.512571349635901
4.481909047397131
4.802164209931951
5.087460186475859
3.70909632143122
4.375746485005105
4.282923784295316
4.134937179940914
4.673120909295591
6.597292153081481
4.931244886583208
4.205551007834111
4.193743199896664
5.460937392688844
4.619734240828106
5.305754305796513
5.492899879319819
4.801906821695171
5.1318871707727505
4.405050776695761
4.480123354343962
4.310151575408716
3.4311014397525135
4.385466807553661
4.617991043412459
4.278430433748379
5.189106967704683
4.159844979005517
4.572007920688719
4.815270815086754
5.604040242965691
4.8726632610053375
4.7278267327019
5.501679994610074
4.752536521192423
4.140563368264624
4.530314105746571
4.867118669824439
6.163958946651486
4.865779420205159
4.965478915105713
5.311485116863769
5.70114846680477
5.392402364581246
5.403282061968207
5.9420924497625895
5.943116357797498
5.757427117849929
4.547098642816507
7.726433219742961
3.126903515405199
4.2931362378680635
5.696272585682923
4.507264831154745
4.114249955212859
8.103767594372975
4.44829415913753
5.041765372774691
4.727132302466224
2.3469091577401198
7.903379821262874
6.731947698940259
4.684111335406055
5.169820489026487
4.436696322233371
4.622074027351967
4.848108831158228
4.969126537827348
4.555106912169957
5.94567707218567
4.973583544138302
3.4867194782900377
4.627840652740833
5.641225401674979
4.194805336032736
4.564403907214426
3.85951683480815
5.826726731949419
4.0385467407348274
3.3988286238286785
4.071318875290476
4.76412539548139
5.251948007023214
3.3203209177785746
8.794839239139899
4.448773586470971
4.604791587755356
5.26061085084015
4.858569950992375
4.377388907305337
4.27614142081579
3.4155300341620585
5.14052140410701
7.023937552122809
5.339975192542841
5.078888951873559
5.29080826996987
4.328434005349084
10.481592272987278
5.102749149259671
8.255958746620271
4.208978744770764
5.493359527226769
2.8353872288476225
7.141523312769096
6.672795770106257
4.534638511190457
3.9951994829641686
4.731484197555088
4.697335123010911
5.143087045802552
5.335758265642884
4.012155427279234
6.175914316710801
5.587747323819293
5.233376538117614
3.808381426294236
10.815865267671871
5.791113048698955
5.411908526719411
6.108959591877282
5.071816616894781
4.225860125176657
4.647938800182182
6.641688543770714
4.550249569082026
5.147404705548952
5.260033851822565
4.9117178977634905
5.665064018680455
4.596950230229783
4.854650977702101
4.492342120596
3.7969908030688586
3.8712996090587475
4.640303088159719
4.487145716792951
4.748995865251174
4.302927627578918
6.817722390804239
4.011567500134919
4.557906648136477
5.730022941106277
6.698757755796631
6.036090837955973
5.823047937509505
5.485448314486631
7.470797322953601
6.619782068285618
5.430270343762904
4.75159962035615
4.867660236435023
2.8446271751000496
4.819555129609776
5.172016371607355
6.501890307402384
5.559489339860468
6.378001291285649
4.218817824133991
3.4879469296596763
4.316701063003906
4.765255322186604
4.930834526584061
6.407969247150028
3.210458702640591
5.093383334105594
5.858742679773195
4.836411182800788
6.2985314623272295
6.6671928630095705
8.830965265877296
5.310403423547363
5.521435556777474
6.503903804882507
6.548520386622203
7.289415267780045
7.177004295170664
7.192746559881864
5.768979237962282
5.8204033118794145
2.893363573020115
4.662640864438134
8.270586420645271
5.639809582055252
3.972465452068466
4.045819431024901
5.016345016051096
3.9956652405385924
4.4506845598149605
4.147225913987416
5.535073648896693
6.047520901387285
5.622451916359282
7.936602408855991
1.589320815788778
5.733658510973888
3.8520441339650335
6.0244766679703385
3.122572078297276
5.10305507890032
3.8312458739605413
4.221412901089469
5.157886613412638
4.395624757405631
5.760678028084676
4.249050364623923
4.825513815789357
5.159532670070131
3.705650826703769
6.552952409205624
5.339731820519317
4.91470133270275
4.867986184292681
5.232861603556457
5.224060382374068
4.428140411190449
4.761685159715078
4.73471739019898
4.745002979953666
5.547518697950549
4.52243554005035
5.464058001536563
4.768729715131374
6.160651954340712
4.761472687343902
4.218663491337488
5.215262878222269
6.227977677603989
5.5609419026402405
5.455837353698698
4.610965943629041
4.643922339058888
3.1211091738173167
4.738946089732058
5.225490044269687
4.857686192813918
8.179039095718245
5.129310166486272
4.305332532200968
5.358276837992236
10.293056645159977
5.846478426774972
5.778162499768581
5.444124349700411
4.727458245528985
5.023965505331447
4.0310027631730225
3.335896873845625
3.8568513005219938
5.162743085937341
6.048383510098498
6.041471106616482
4.581962339359736
5.987740833608914
4.934487664566911
4.23664183795829
6.417479279338982
4.801689689046555
4.407259645621609
6.660681884275499
5.485746967414323
6.211460352022796
7.366544155122861
6.552794500712527
3.909590490306531
8.642392519978646
4.740109413837512
5.268102716090851
5.954055932838898
3.9395331388299404
4.3752859048847546
5.295804300407939
4.291126240349119
3.0382174332520635
4.802470567632632
6.637169137610125
4.951170440820654
4.422582708292718
4.692656951421439
5.279728244730615
6.90213031900197
5.1641317491975265
4.407480750002805
5.103846043151849
5.024166250106983
4.834877325832141
5.151934851057154
4.02339998255402
8.351826433456194
6.400924445088949
4.952143320767692
4.928130404995503
5.562990933365335
4.809243738503165
5.079717440830672
4.7786661406143
6.870699823903472
6.0633723633331424
7.341406502752067
8.408576650754483
5.676683739198913
4.532312648160546
4.405748295838663
5.295339709165738
4.996115469219311
4.7255131944825415
7.768475469939585
7.805991589235774
4.563772054984099
3.8599531847318715
3.922205777181799
4.997786929213813
5.124705031430961
4.911412638412021
4.848128698395415
5.854648418303126
4.946124253401319
4.38173251689958
4.766848342307769
5.880527112958658
5.92906927011542
5.731195885529907
5.490331782191498
4.76730578914484
4.819901051757744
4.865396978935392
4.875357709357759
5.582222200547276
5.851078853014521
4.326475721714059
4.712202998062503
4.033103613264669
4.907838610237068
5.32769401454369
4.908613958245273
4.358904258958523
4.686859393925541
6.305150267829263
5.970338635232004
5.120618711606726
4.787340010072313
5.265052058809255
5.089978887213274
5.03296162023439
4.51441072292436
5.089037749105658
4.613686448155698
4.6685624022542855
7.04194932413497
5.875322790299328
4.549633757560098
5.260695021498767
6.281962232803714
4.796626676405521
4.7480340065120785
5.2937507691087795
4.099507238864566
4.414846800258149
4.503514667940607
4.491793561520635
5.544576001149939
4.987446339987056
4.274968861349822
4.773057570985566
4.892277759020464
6.16143005036891
3.864443951250874
3.193969410548883
6.016782204514948
5.82122727331742
4.5640981741699695
4.1210637280501885
6.848997206350374
2.8405605302549217
4.221060514177147
4.217146206882065
6.3014903685499135
4.99568527543279
3.8433247114426696
4.772211197763737
5.660448629286786
5.908636578207789
5.408569561755171
5.677526071131478
4.594886333490649
5.63099401386154
3.709318052182736
4.5488523535410685
5.376891493048104
4.646284530861283
4.624824888998462
6.2593059134421845
4.514455813661136
5.692081199580171
4.686835366540381
4.788630106352796
5.13359468983359
4.864377576749248
5.649091192429953
5.125580520276175
5.3819131184685975
5.014725535860304
5.011250395113663
4.415959932119953
4.952328716993211
4.771373221877704
5.320954214842638
5.221472641054235
5.347429994133791
3.9604182697959573
4.493937355250976
4.331803982413397
6.253471552451341
4.968356450614096
7.517239813787296
4.999764410251685
5.035575254096738
5.025608524156663
4.270731828538615
5.680992418480377
4.779269516506641
3.408636567583806
5.17096490344274
4.546389904077202
5.022044061110074
4.9349586960321155
4.243368712470279
5.292000428145812
4.889172980007754
5.215437588297221
5.167685139723582
7.904061948637859
4.623056548949716
4.57568148188725
4.418808164400071
4.522669550091687
5.251917438445291
5.448876224778124
5.42265145445441
4.942879467493369
6.53741655007143
4.953496272916269
5.271499210972037
4.647135662641107
1.346725850953202
4.820530896174116
4.121147918911358
5.434537014159993
4.375959723771518
4.310836600258561
4.894497727619609
3.6710714441172208
5.149316894496593
5.357379232045496
5.380541886561469
4.336714252060796
6.940778202625653
5.296759197288606
4.295742198892632
4.275390613506254
5.496035513708297
4.524678253780354
4.840886610025196
6.523093100628337
4.694522128566503
5.825344925828301
4.135288587530613
4.930206718925145
5.537975509403461
4.790102022459193
3.869762119129664
4.342087942055819
4.56988460428237
3.9219305474160544
4.583360151878683
4.712284020485182
5.410609115107663
4.1013914664635145
5.774271320433622
5.464961377534189
4.854188411110826
4.46586580430835
5.182044556499653
3.617143228872707
5.9512313401477765
4.759933826118593
4.711097460874414
5.242898000607766
5.401363080254562
3.438017162374414
11.506354699055995
4.825306983102552
4.677063571563272
4.3997069994975595
3.53515789375943
6.1198824211862615
4.614866398482415
4.302337739784071
4.012401815188136
3.824674727121957
5.138764359142862
5.228053308761565
6.0854700555155805
3.1822670304709506
4.845860060096722
5.038289525764285
4.801004790047998
4.774860637257073
5.14157795371993
4.345716814460745
5.137064609992194
4.018634826730088
4.516867683889955
4.039010405020308
5.093469252647384
4.969840022024135
8.707774673737052
8.23802210317792
5.096870026753734
6.378678668778993
5.658816822285445
5.423320750848939
5.997860181749231
7.421326692363286
2.5669422902011028
6.47571996808892
3.695387891507154
3.856574052243782
6.730356772376199
4.43586528711443
5.143502670393241
10.127101886659094
6.373134822245946
7.1866655631123
4.835257134482595
4.59968582729076
4.886622529091812
5.580341022329506
8.022942498270893
5.434245329169311
5.705346396704296
5.3662758853823265
5.73100723377069
6.698501399497043
4.629447648224348
5.990702020664665
4.237607399785427
4.646890332384172
5.198909148012217
4.112977159222892
5.2563757091296415
4.597631336553527
5.396770157772799
4.596514152433344
5.8584556598124395
4.771775376421966
5.306173898562699
4.75487884309261
4.904114736419665
3.868731843319483
4.175571933202584
4.392061194790815
4.54098531388627
4.320241476229265
5.012092643046452
4.694164000704582
5.06341716736534
6.262634701614622
5.972526924222013
4.253634593364292
5.030549286429298
4.793223428619173
5.598608668764151
4.61853891707003
4.281538760798014
6.159461770448366
6.570718440046435
6.000206088987017
4.368928980020689
4.961583340627017
4.388465335669184
5.187157250167667
4.042053576304625
5.474681024891837
6.059373317805884
5.7262241369056195
4.783931392564894
6.883611093961315
9.975914954563645
9.975914954563645
4.801473353057569
4.949518692887382
4.741990341201734
4.984132913583302
4.002473754695503
4.968709498383163
12.75184622978216
12.94785959096781
12.72914687550376
12.307375479001896
11.633964771454881
5.902386165559097
6.018861921405718
4.167671050377068
1.2024664097994093
3.3552021463300683
3.7996639250490927
5.624315895621603
5.596698375539713
4.551250800662535
4.613111462837467
5.383751397065005
3.647192852369521
5.187357738977301
5.642811767064291
5.240657675336194
4.991908410249156
5.067952600751642
4.279876507655968
3.782095444661448
4.935838151595957
3.7996910779589155
3.728916546008907
4.742798643999859
4.175856512606113
4.7753697114367535
3.9289561455997903
4.310811199807094
3.559078560238671
5.773456815371317
4.973939825110305
4.467552785212977
7.792829046351017
9.363561060308147
10.320510082404983
5.833977777373384
5.442482863570482
7.305299351637976
4.1270626594050706
3.3605481204154186
6.096497550986711
4.582117682063304
4.81792540012253
4.818133792158572
6.9844887268596265
5.422663997634133
5.00392734391254
5.522305838617091
5.1917843772376875
7.193878702663037
4.676269091531637
3.228913071615069
5.466143870757302
5.0659379030584075
4.837075715736875
4.509138561759137
3.5279207308375593
6.3794439249146
4.95984151972777
4.022985856133811
4.785618777561979
4.244451378964505
5.197892453630121
5.421337158308113
5.538807214654552
3.9049940464262276
5.632702532268733
6.1705264512547044
5.024719528564144
5.704619602676274
4.706461590097029
4.9136553697689775
4.966201635353615
4.594149673793298
4.351961053393747
3.831289260400862
4.707107748971042
4.317248056899672
4.729930705559866
5.612060054834886
7.501287004732017
5.72048840325204
5.673890266842762
4.669534071124483
5.461772296111999
5.121587603981663
4.298327752890492
5.273075164135221
5.733688271993668
8.056494749345577
5.837786635264002
5.170927253715434
6.207942692075807
8.616471510529482
3.766820519084292
5.739080812599907
4.216346112667037
5.995512406579838
3.6493572640644896
4.36445460912679
4.759506174995965
3.278258045019423
4.335765371009937
4.796290747248132
6.044928068270366
3.3337756995693617
4.542634163394441
4.39347398324939
6.162311642992033
5.447999871574468
5.445816420615152
3.527520272613543
5.826919312384764
4.999625001560297
5.689557532666029
4.997585277547681
4.4928993726505535
5.931262858993702
3.465052780806441
4.29786784008453
4.601555274360193
3.9124920112041757
4.393392979810256
4.9514450586402745
5.392096183458059
5.597058285687129
5.067956531078759
5.105004478330319
6.683539892180131
6.4658051724738534
5.076854935161277
5.076742283744791
3.320442729258528
4.14272724510368
4.369304610303404
4.612587860453001
5.034931262003956
5.670580295796572
3.989761584900182
5.265223261354977
5.649915831593512
5.339176515003067
4.779207564080513
4.1628002879180475
4.393197025785492
4.646982059685042
5.376446062093336
4.596002199467218
5.009694939847535
4.081726072762459
4.489009454234027
5.841182568431252
5.381261482568343
4.648632137972421
5.487543350810192
3.538844380144132
4.7014436576805885
4.020214360570634
3.5565913882663542
4.8876897366160135
4.9957935764438535
2.9543605659073844
5.013834949098421
7.453648963172127
5.3144645673540625
6.672393757818903
5.681634161342971
4.650317421722019
3.8054907697952567
4.340183391696736
3.4735965113684153
4.013383809928019
4.663263316968928
4.255322538731779
6.649281733071965
4.798640319090474
4.86111493990819
6.069100589652859
8.572485150390671
5.808614524154101
7.957105084500976
6.061488094910515
8.085567887788045
9.155485065873414
5.964017646944845
4.145033391707706
6.111917672182369
8.943762202871756
10.876223222958894
6.348137686276102
5.168151449643111
6.37789482298098
6.485368320248552
5.803453295315002
5.794167217518324
5.019253933551538
4.820633659590511
5.086870232561135
5.704810503244899
6.5511527742948115
5.464192245886691
6.074973742961563
5.580523158920943
5.310644142319683
5.378765849745368
4.969440962838397
5.973776684648363
7.19102514490412
5.492911094177362
4.270007980248243
5.0647836723126405
4.104344047835324
3.8400798888066436
4.300123845065407
4.700098682916599
4.570809256071498
4.227985582857195
3.577294969008852
4.7739651930271165
3.9381885191024546
4.876910334915516
6.648545166581042
5.38421078022748
5.821248266479916
4.562290605975824
5.850035577832775
5.831613860340914
5.380163104805508
5.959030871037366
4.683376262667136
6.654064705337098
4.395845248828919
5.081948219064833
3.7643945742203853
5.167357652601794
4.980372492830268
3.746437715808727
4.53545045348762
4.754826711294218
3.565390520660939
4.937754740836878
5.525254222876227
4.456069534749258
5.218403262051235
4.4780834577814215
5.247318326301873
4.101309365224583
6.280840596374146
6.1637967650993435
5.199685446605656
3.805078753292144
4.298665226318159
5.46432245082403
5.080520220187585
6.703682479226158
4.567847428338534
4.596341155897442
3.5983169709970295
4.769471248992049
4.995012987640415
4.636820192915914
4.957663073126409
5.265367196186151
5.008398254811357
5.189987469239225
4.984763082164309
5.3830562040353
4.7201704195192375
4.7861943928390955
5.9978637361547165
5.942737729162914
5.190087656468524
3.7866884189685197
5.24901806195937
5.778582714496187
5.6689109010064405
4.002274768713761
5.299241040252846
5.01335535120882
5.872820788242742
6.1005193161835525
5.875039380335183
5.343786058992776
4.656078439061616
4.481671230773674
5.0362107961482065
5.167483419834776
5.176261401162244
5.82278164308
4.935169691279449
4.040519420517223
3.5414382227027374
3.457773870132108
5.360056311318734
4.691059432726406
4.482997671304754
4.445056990711803
4.247694685977708
5.011434036957767
4.020346427418586
6.693520740673059
4.696441945700492
6.436016633767455
3.437995510069527
5.420920244796048
6.02328259767755
6.3178231136297365
4.59455507846496
4.899031351296445
3.663133490587064
4.487431163285227
5.474805496477985
4.212830193263166
4.5537692021127505
5.335511424577859
5.666444444875046
5.249559402420811
4.609550958388328
5.014274207342796
5.907859927465365
5.655016446000351
5.063329379681911
4.416823199938083
4.091644115006541
4.212155662890847
5.159391856063329
5.170254683559276
4.766261986751644
5.544863737922955
4.545497013834066
5.343019964576595
4.774091290728627
3.6679455186977403
5.4195038293742845
4.541214834902358
5.960121409570857
3.8100096222753743
4.614402352934235
5.130115284644779
5.511570887308544
4.079507960237273
5.450694623619814
5.347973748648751
5.453402192462999
5.371355531053578
3.6487903123332517
5.192086755602173
5.3682714549838675
2.780538580308555
5.8885799655571285
5.072059665277665
5.194303568300223
4.644537838445425
5.852378648035702
4.7429347812691995
5.710563479986378
4.508357127027411
4.871750345541331
5.9968704702648985
4.259067430022682
5.426317869193579
5.215409554121211
5.36902344612648
4.493133595744841
5.1865756445261235
5.292460477163818
6.1002120000793685
5.670835297754146
6.250722794151967
4.289949223123385
3.9509001206328422
3.5346450215000624
7.5719846242095485
4.819908208608576
5.257925658953658
5.482900433025868
5.104903347136237
5.940625965772833
4.070395585319752
4.1761339513320435
3.4788115793459613
4.250280473498323
4.887280361996655
3.6121018480810965
3.5163456186980744
6.157036417071207
5.262289198593142
5.085518074234914
5.769239545192853
4.898437345406531
5.285771229823069
4.522515603186712
4.871921302316701
4.767229743579701
2.745535625664825
4.528683937359791
5.555458119592195
4.521657680323493
3.971508340740099
3.5970642209036625
4.170052680113959
5.338056996773465
4.150087967926645
4.45199885902151
4.51907644376335
4.296501842274807
6.999723982949151
8.641441176338583
6.616371075220569
6.054486350170595
4.257197828207732
3.5847832781005393
4.910801305989719
4.4134066167170545
4.653152319869291
4.668700981795974
4.357014783785717
4.401782230802235
6.40582411938822
6.676007034733697
5.55390109349746
5.350920546823591
5.001151914269578
5.092016238338091
5.050651514545444
4.649420582356971
5.078496405842541
4.835068311799509
7.9796791108683625
3.0347066855067855
4.923436794989286
4.197457895227664
5.169109070361666
4.607192391723021
4.9889965276427155
5.771122629585543
5.385974969667251
5.280702973611197
5.417948213932005
3.7025360198895045
4.433938733255603
5.496631075114845
5.993348701575376
5.081244324733966
4.259500176232406
4.347095502810031
4.823084403423444
4.75707573624142
4.209252154350834
4.203347562362761
4.436686803004243
5.524497809266439
4.657318462196708
5.02457667650867
3.906388876036327
3.969536839688204
5.241687748812137
4.006794888813362
5.956925724133274
5.072775806041194
4.350950693131578
5.246373111383992
3.8086467629891443
4.963330099977215
3.834441895980002
4.336055467581673
4.827417403677412
3.7450332649354046
4.649631037409767
4.946239065585087
5.087867935781265
3.9204843099905684
5.546452630921277
3.641699224187083
5.324459299805096
5.465489792634218
3.8145965626421106
4.952254521502772
4.375511494478127
4.2136008345996725
5.52564896942582
3.869159708073657
5.975976652011766
4.3909413301545275
5.109682139378865
4.1033061312881856
4.949511922286717
3.96581942975702
6.346888277131052
4.015895448393394
4.938834858667009
4.647720008757829
4.478872507856694
3.8438143343838567
4.736990485936239
4.485672178828414
2.9162756869688593
2.974773954315883
4.8890878679311855
4.516235231348608
4.002854201840504
5.643862149052076
5.3162373178650855
5.53898163486329
5.192757343817877
4.889682728576365
3.313446921183814
4.109381661560333
3.771474928688133
6.3369036166043236
4.465545989715027
5.197150506030687
5.415212134728909
4.636628334031214
4.710637808461102
5.120561548579572
4.732717399263009
5.6091145273099015
4.271393873020975
4.514882886981811
5.266714851805142
4.718347892354405
4.802972730891376
3.9872733618188057
4.763522480600175
3.434623126330881
5.214450596478549
4.294707981531198
3.5208288144277984
5.394054194767889
4.304831526182917
4.556724777016864
4.706247784763693
4.469260070031828
4.843107992536477
5.048473942837857
4.414222132785848
5.3943262374348695
4.132010159511679
6.257777975539074
6.038811254539237
5.433865673165165
4.347819046763827
4.722513748431795
4.86643766756907
6.49584857767468
5.316796876980356
5.262870972700364
4.041115549434481
4.419918038018602
4.5661508785534
4.738163964721605
5.084208315237054
4.473846705097579
4.628427280349805
5.7122704570490495
4.463808686835801
5.061518661442021
4.49977279767192
5.862773360722617
6.703620418255739
5.728612291066918
4.744440141148834
3.0383656440922824
5.292139804383344
5.089107947390767
5.234555028280955
5.4103471388287625
5.586635335350641
4.021577077980806
4.84632922011297
7.199380426118809
6.64134103037162
4.811615479921545
4.885101374070107
3.8760614301882703
8.147807833683276
8.396693233595236
7.462145123667501
4.590391833367157
6.154093418675717
5.784511703579097
4.764036492034933
5.155720001304255
5.2497217064629735
4.676704619495144
5.172794344627196
6.082606262485649
4.861590265501393
4.96527233326019
4.833385517254705
3.8458581550006117
5.0615977770638585
4.960838691438729
6.637092237524474
5.269551740826461
4.8728758679887
4.518514816408069
6.090266727776195
5.480349078417504
5.48902899402688
4.851524669403153
5.220526155691539
5.013489236757656
4.95452654212355
4.697488048962816
5.170135540392302
4.485929550621245
3.6879736205296183
5.615106375929366
4.93363893735778
5.532422839180316
4.403333293497686
5.06729774152853
5.413548995730828
5.050833682524031
4.465198639813663
5.419306291562072
4.149300622764363
4.5780940300469775
5.024538512887743
5.400017073232584
4.420879925440791
4.120597450030607
3.4872351014163936
3.5648107409970353
5.286531493899241
3.8949899892988764
7.443325718207179
5.65218498588225
4.22710781429886
4.982095919883965
4.745328500562392
3.73077894103956
3.421751707497209
4.790132432135649
4.536753854012753
4.400640747784069
3.949211616601845
5.062744057552311
3.9494355540286104
4.987115684451431
5.1780325317839395
5.439104509763956
4.546435405092964
4.080913699979707
5.0486199451474505
4.871829785781364
4.593138711565164
5.624009933008363
4.7564510439986805
4.736146942398709
4.926907782776154
4.984061480955765
3.9997383104164603
6.974690266036361
4.619325776089321
4.939360138948731
4.961648771666804
3.9073194062521877
4.9197421500931
4.741405336875249
4.873948933416557
4.145245322740571
5.970183693609797
6.355633296512643
5.547229304603099
4.774731097173468
4.900898156950943
6.5012868505714945
5.44262032880229
4.636358261106366
5.537325407688585
4.990057320708362
4.832182936714331
6.055380197096903
6.254534047682479
4.366674239477491
4.324609701065747
5.165126637596776
4.7077128551745115
4.321256841033357
4.629146033656574
6.596275117938729
4.866419603825316
6.027552305720131
5.001205667423878
4.607785879302772
5.1357039655647565
4.878478457711058
3.990480151841957
4.409761968752667
4.934217456045135
6.485043903038435
2.8522731823363987
4.341376246073054
4.2529195957996535
4.567423679242808
5.933197012266294
5.434630269709772
3.686621444074234
5.473815426690644
5.5904091483648015
3.8731329897692905
4.180600191515732
4.871789273961712
3.5867531852947563
7.219083742921774
4.962399574229631
5.151690408856215
5.151690408856215
5.296072404232515
5.216313542964848
5.216313542964848
5.066144384543066
5.006654358200215
5.00997819490611
5.006654358200215
5.143281411290456
5.216313542964848
4.962399574229631
5.296072404232515
5.296072404232515
4.859846727242925
5.006654358200215
5.143281411290456
5.151690408856215
5.296072404232515
6.03605018612801
4.060989040251162
5.04995193638133
4.874062105054328
4.562101577855635
4.764419828624498
4.622107371740298
5.076375092423004
4.996074497915716
5.238740018959026
5.0421327718594195
5.150460422633922
4.426839810109156
4.9967728753961556
4.646825771810087
4.744321861379025
4.989768982586752
4.7110107044334155
3.8918535534885317
4.667063140329188
4.4294184798611544
5.801979415083349
5.098131639754076
4.6805346171734
4.6673425443291086
5.560511610144576
4.712670939280411
4.601870102976122
5.252319967004495
5.554803100055111
6.522623468688929
4.950753627471287
4.022089202932837
6.057842045554133
4.923432887715965
3.5832463311373095
5.10102033258064
4.027640132350778
5.449806608844548
4.993552545586297
4.878422540106579
3.8727705002479995
4.667357927088089
3.51472196183531
4.46559986371056
4.818162226128215
7.411612799968794
2.818061698733123
5.763893018411082
