5.412501861960422
4.216432494322049
6.217831750275609
3.8974274255710144
2.662797313759352
3.817427165882493
4.114250295365665
2.8396840991461385
3.2315220144604644
3.2290370897481604
6.2725036438562025
7.269640980721814
6.5012932592143144
6.289591496266843
3.861614942273111
5.31038429109468
5.692017492232556
5.4468405080633175
6.299547128158495
3.980491246718805
5.005790607049677
2.8125043377987176
9.062525741707907
3.40556352702688
4.209406265166804
3.505526894596842
7.783550831196335
5.189865568336696
3.54605266322252
3.7633150717328814
9.542156586561438
6.043752801613913
1.8514944591181388
2.7038202364578314
5.112889193581996
5.781941016516219
5.112805204831128
4.786357721668346
6.635450935305578
5.50734366758209
6.726148978177831
5.634581133040505
5.945672795606092
5.523930574188679
5.751425807763849
6.885330579776962
4.884958258166372
6.399774186460423
4.917425927980085
6.427572623791985
4.889889438909467
6.675424810659088
6.443994931164139
7.680684015648746
5.211756670085384
5.508058623087047
5.288207004121231
8.888931155666253
4.3878696928548395
5.114561113287215
4.323724273389393
5.80224641346212
5.452279367977121
5.543863402690688
4.29595299781759
5.197318522552193
10.16585459620197
5.779220026468433
7.236352232496548
5.959301570203742
6.102559343658655
5.386553090764011
4.7092065383658746
4.668262324258271
5.4225064918417125
4.821806926089852
5.3773967048592075
5.15857266287931
7.020200681581442
5.398316332276844
4.207294042772968
5.066493429589732
6.409102990648804
5.28646060190056
10.572956602488018
8.311693269066964
6.006046405132528
5.5573068360382045
5.27186419430763
5.7162038443711065
4.568550941359389
5.957194323936017
5.8584947810070425
4.8981098180743015
5.258548077596286
5.451028737764977
5.30551668689421
4.42399361672338
6.840343631079914
4.378396807943438
4.813788076825833
13.204689473027976
4.484806138447092
7.577391857345977
5.42551601819884
8.151728131987172
5.995360378276869
5.924950244431434
5.07404332694275
5.189740230604824
6.751464735959866
4.593697620815057
5.615514972205885
6.033883566325249
6.663499840141481
4.784251441778176
4.998844164426103
4.762548916622176
7.145138736480536
7.2363513192685875
5.936960511726312
4.775923688584888
4.573665870427014
6.110914988254571
5.237009485401982
5.100160343570423
4.90642253605471
6.085613224262926
4.958162569093103
4.873306182540283
5.955150840351216
5.562205578751133
7.200252958073011
3.8965007844328463
10.511941526262362
5.710238258155368
5.0326577907423555
5.59595205403981
8.381558433720832
4.686687423120487
5.094265566429012
5.021268873519025
5.885832530443523
5.567767358600407
5.284517590375854
6.1396100477761655
4.649948488389567
5.381363414536186
6.145247677624203
8.254895349965526
5.523775518302943
6.0443504885854065
4.565163498729451
5.957714245571947
7.484368634636037
6.220686094657737
5.465146250346082
5.207554059604386
5.408615740828071
4.6454109979717355
5.427874896141024
6.87499734180541
4.829873919889493
5.6619453963312
7.12078546774371
8.677561621843864
11.880529966842214
7.081221334749529
6.868477577215877
5.848982029341297
7.439409407587442
11.83566105979198
9.784202951206572
6.684058628687616
8.79321435189187
14.510471636159421
11.292340065540262
14.290118137050198
12.487380180727106
10.39190348850176
4.86915528685363
5.009107759283446
14.290118137050198
9.867882263224983
7.882797558750548
13.688320505313477
13.688320505313477
13.687158678975827
14.290118137050198
12.982935971808152
4.974517342510522
10.476369909718208
12.689479691110407
6.005907696307244
7.892267366347223
4.964284696578776
10.402541062644167
7.5218912647755385
9.740274109578301
9.738261893689582
8.420497109589956
4.92082097523162
6.510100445104192
8.081856108774206
4.1109442952335264
4.24713417065871
4.461362375919852
5.149833128762484
5.852922941238258
6.91504547102301
10.78873176398045
8.136037584771891
7.461478025402445
5.7871515440465995
8.855431409256044
10.526528947344332
4.911166788907293
8.368270867326636
9.931397100775728
7.333094275390183
8.39251361080202
11.30364575390994
9.958013282223568
9.387213750730464
10.316136783787439
8.338039848622119
8.500845923869683
8.962090497993799
9.931397100775728
8.917235481447538
5.510138921390439
13.426128439698196
7.6445291234916315
7.280757484615802
7.299745769011663
13.669513770214294
7.333094275390183
8.042465073682388
8.917235481447538
9.614327300029275
8.184110128990493
9.408865639441315
6.546419934182002
7.786123745140113
6.508307118376327
2.369407065238014
6.220088318372034
4.067049987344358
7.598097355015365
8.49837517234159
5.30028140439737
4.759892204916223
6.351609333044706
8.790999857427558
7.032000513958319
7.763981311209112
7.395068765684034
7.569714697214515
9.732016438163624
6.419669197805646
5.598793457042737
9.764595953221937
8.831289636320928
4.562554353311107
7.56820749179223
7.063701816559063
6.565723415689309
2.591566192283916
2.6707172937033548
5.120718234707791
5.52022438960142
9.03805849278757
5.217484794249077
10.31594922783119
14.062513737693262
9.958013282223568
5.963383869625037
10.96565783904838
11.798789167035395
5.815807115962635
3.721447051716526
5.244388875983866
6.697569142863886
9.432741051610632
2.39656848362021
7.376849074770662
6.359438780181803
6.0191429304256685
6.866129075024465
5.890617550650235
7.898065628750402
5.787848577183964
5.0104417436783155
6.884195748499664
8.187651027018441
2.0206345425625236
7.590867352825066
11.038251848196651
3.3216338593764565
13.38965143971473
7.696673814532206
13.296590136824618
9.678400523569412
6.981541785706305
6.240020135641378
9.986670158258745
18.964383669600025
6.745187914416407
4.4414075687112655
8.916214457184324
6.572019105833324
4.84587678106991
5.821891417798049
5.691761749971642
3.4036360752799926
6.8963618697189055
5.775249461299008
5.766864054807057
5.103595818997938
2.325574368355155
5.4254362958781615
1.3177023899363196
5.117244745558271
6.779307052680196
17.77724122899237
10.975868809051288
10.305720823172265
11.372157124990801
10.970631166769317
10.420199891700353
10.837594922468183
10.734996116637296
11.372157124990801
8.193378232846387
5.853125577746355
4.816141509897173
6.76710047094632
5.848635771465203
5.39966547229521
7.334043268989083
9.003733278496622
4.030508301691157
8.928763522642717
8.732166175956952
6.457403875547316
11.4947080087345
13.260294363202128
4.760400759560299
4.956299075155557
4.900943135837018
4.449589934535321
4.465593273795203
4.567932813411789
13.43039680600805
5.8356470864241246
6.685264965400441
5.5187426973357425
17.014897809544234
13.530699120725007
13.669513770214294
13.530699120725007
14.062513737693262
13.816470445592389
5.30200810565969
13.123770065036004
13.688320505313477
18.365169376762854
18.762703937168254
17.3522404698466
5.3704197465032415
5.536429055069929
17.418763224234933
19.00860396726021
4.684878480759535
13.669513770214294
6.084898934741723
4.917374555182322
6.88771318268542
6.980055611954338
6.8978305435603655
4.766338385199276
5.343494379624355
10.707746678036273
5.450547713997464
4.395495304319269
5.385035309143575
4.926965075067353
5.455896466384219
7.822483715533908
5.528617079588512
5.917944085215559
5.776540552418066
5.330975582335497
6.4941718377653
5.955950595545877
5.045937323079248
4.639548326940494
6.163839398980628
5.988847696162888
6.066148233781634
6.032394609131722
5.009301927230904
5.946130028042454
4.831420138870727
8.33973826531995
6.406394017913243
7.9710547307313835
5.073406922796965
5.65305645929372
5.143271302795972
8.836794270407324
5.058239012640964
4.886577302626831
8.909658202000129
6.293699239348237
7.849371478960595
6.728200263513382
9.678047783412351
6.9066047011273195
6.521896889260759
5.749646742452496
5.606497287593905
10.511565811011554
6.721316350339005
10.458076212068402
7.039978279834922
5.252997300137361
4.998024224617308
6.190687893579019
6.162260803219654
4.441330816514293
3.8226709254791196
5.708006255668123
4.20293545153646
4.911937803464802
6.1953146627983084
5.5037181573757215
4.7395979481611175
6.042291477902635
7.572950586876086
8.115879207902566
4.108541089866011
11.042202212420603
6.818133372515392
8.044630140608257
5.177253049721873
4.332520633279627
4.966275801401483
6.114232979897871
5.985084043628145
6.017002818063046
5.923448354466565
6.364556069017532
5.8188921218887675
5.311261449475337
7.60469313601291
6.70005233966241
5.662586171912626
5.890713444374701
4.6598293436770994
6.562372990043718
5.323063324122597
4.793445092646809
7.174560491985075
5.707649285060507
6.162164410207557
5.725367023169561
5.0785357384828735
6.5646293330270575
3.606268928375143
4.992252526750072
7.516151145680636
6.450675303232913
9.01749294323681
4.959673476635704
5.15334812986101
4.7263221130713235
6.264207779043121
6.644132507489715
5.741697626905779
7.114229300993631
4.887345413492158
5.116722032971078
5.48499277986051
6.713578874320865
5.560990421419864
8.034047829280617
5.492714550651824
5.557729208240287
4.304121913387867
5.306428044390201
5.548858739106541
6.95200210305108
4.844801886346044
5.107811857472115
5.222012800271621
4.796891997412404
5.9976982327595465
5.662642522463951
4.981634890558045
6.006766964200893
6.408521407082636
6.09476228797258
4.961414240092781
5.1991509676228596
4.406717738864169
5.371679535975007
5.441491800911885
5.833749074236813
6.7278091652735625
8.520057735406127
6.159307099113031
6.128943879325761
5.614390167416733
6.088578764358363
4.879975526302239
4.319151452613256
4.629770827220449
6.897601564280716
5.3280764495872575
4.84228985329996
5.694500047637829
5.033135273525362
5.176537018155805
6.510235238100044
6.020886793031312
4.579945157113715
5.306307254798783
7.548668946503991
4.979145576542964
5.580457749527479
5.030740713692781
4.506677860494548
5.203340635931637
6.060253631990711
5.008704960050663
5.433204173588756
6.130707568696947
4.883413037521524
7.269361283345185
5.825659999743214
6.904625117435804
4.787002740120425
5.73635492901494
5.896203082924873
3.9119573918797723
7.342573254186321
11.662292360228184
5.426208790639377
5.723299091089151
5.285617428272924
5.410144525413983
4.910221851365154
4.682371729374482
8.051296669707762
8.542460513896119
5.936621793029952
9.0053985934078
5.843886062896401
4.9365586642719155
7.020882957524595
8.090658800710292
5.011870113750821
6.121169363026905
5.133044951370941
4.9866866045314096
5.5692179665919985
7.427093468571428
7.671560380149204
5.343621842824497
5.142260655739311
5.537987600768732
7.910895465224927
6.115633947485332
5.8569652302644
5.5040092148238315
6.1662362997863935
5.531533884785544
6.110974576499824
7.551658077099566
7.063792482718144
3.847369424893844
5.130868546558154
4.913671351080849
5.174684027766277
5.389981073100872
4.841964104875252
4.864342037508549
6.1833944594373165
5.831182824033896
6.432663022255527
7.4322576435125
14.144121488276225
6.142907760033383
8.64011341772238
10.01606471549701
10.526617254725425
5.362033965568685
3.984064394457937
6.630549929158194
4.704269854061274
5.03530371794744
4.647333579484785
5.174114172603403
5.390680986454537
4.772408887245562
6.474708200999682
7.029360984422094
5.412276126703195
4.497582019412318
5.394673311179809
4.727984569668945
7.736344670411085
7.5835342469173925
5.20666795244254
6.2128865928361705
4.983086016599824
5.464539430831503
5.318428983670556
7.9868115089785565
5.964654576254294
5.517192900831619
7.528704195746265
6.172326553740908
5.296686629083249
4.080307527337749
5.220263802100156
6.760016528036531
5.4946772693690935
9.167409373299533
5.5320768303938035
5.4319621959374
5.245926497613702
4.958859570725029
4.603902585731985
5.048888576148872
5.0302165180047425
6.740432067281757
8.201912459147549
6.411204373314509
4.963798555906768
5.793361995324169
4.701122126965133
6.086399502285372
4.998365328773418
4.976138697683192
4.700531925415701
5.060063679063846
5.891795352607964
5.1278819490922505
6.2486265602642455
5.719409634907688
4.837762597213965
4.801601982301553
4.539062695131593
6.026471419917506
5.653419220791321
7.8121367451269235
5.22912783776708
3.946032416423737
7.243855756567295
7.801934855672421
5.97196205260885
4.498081645501122
5.5464990427603285
5.446822803297799
7.1481524734949575
7.134653616946026
4.309745387817516
5.635546621185326
4.468230449954198
4.2846213107424
5.371651450796641
7.523081938770634
6.963032309134106
5.291455108186217
5.7562505636265415
5.522657643327227
6.042140055397155
6.400133246161467
7.749428280756782
4.9516631184011075
5.879496226103608
5.8826178370104385
5.613298420957793
5.766022517441488
5.494496758088206
6.1220663990133115
5.382813241934437
5.080830838552726
6.945449300517314
4.684878480759535
4.683530206536751
4.4322149086073015
7.977505421715266
5.947018881390819
11.876642643149541
5.525654105168323
8.505977009460192
5.724412035621232
8.369467961684824
4.942523052828114
7.120260936660592
3.8678365225445086
6.2448779409521995
5.678156944371773
5.1796653960406545
6.746876112097415
7.366558850663576
9.0732009753562
4.621242724825851
6.256854129013932
6.299733957569684
5.370677483161635
6.764263954091387
7.920215541503197
6.600878587387383
7.90471237357821
7.307958076518602
7.0289082250270996
7.700460947570177
5.840389835394662
5.410241561159701
5.555253758353129
5.032127720575489
4.7934146306593455
9.932769070099269
7.7101346741686285
1.4298164117613974
6.15438729724229
5.396659712251431
11.440194850596583
4.570977102638436
4.312293165496515
10.284090675072123
6.572736986488501
7.5849126426271125
7.068818849579046
8.555379370084584
6.8043067350000195
6.813375518976274
6.103074951427814
1.345276021838423
9.795070595546392
7.670425387615168
3.2082649719279877
6.205387333530728
4.865953356038674
6.137596659803217
6.70001322520174
5.2237326337458345
4.085220659290318
6.680045243735577
5.55867987373705
6.057688425756068
12.875118932641673
12.657869991637087
12.657869991637087
12.912703909992743
9.238919151385634
11.27447880093409
5.440698729437292
12.673598603668825
12.875118932641673
10.02784393578769
12.657869991637087
10.675040242977683
11.610073195962888
11.27447880093409
11.009939334977034
8.596051194548032
4.6435727242698075
9.439315951064954
10.307962699048405
10.307962699048405
12.149888858343363
4.196995120142348
5.136632425140352
4.8573133254767145
11.791004503505714
6.018637129968536
6.897002007141523
5.052664288822045
5.548637201205725
5.750765955845246
7.130943749666804
5.007884466568157
5.744926259257351
8.155559212190045
11.789384700769425
6.944807198574459
5.586370732392194
8.971938584972028
5.856100938091899
4.072924370803664
4.339821242211289
5.314055211205155
3.80313155257141
6.168931131118933
5.818075992711223
6.434758154662825
6.482774091258755
5.350898924717763
7.077735200972019
11.296314323428218
7.147338113101982
7.112796024519084
9.567850223345662
4.700844671268977
5.891479779113757
7.296447504936888
5.787553577532757
6.0675242030377134
7.339932834214698
5.557673942918545
5.646774681436558
6.598652249617995
4.2466872924155314
11.166351144769804
4.7820604397531525
5.92312048399601
6.067131882632026
8.46186557593165
6.631486155439221
4.426261400326108
5.288733773532259
5.430050827688128
7.911116010796087
6.152331856965267
6.346070891556675
3.992592691414139
4.376475500208616
4.964533830936155
5.397597635592227
9.39419348989126
8.325781817190041
5.166497953967052
5.704570325721481
4.747092105966868
5.9135772122579295
5.153775956066784
7.614864955564363
7.015071021075396
9.200503003120396
6.099690888997219
7.470402582038195
6.265009218711517
5.172844564064225
5.098310821248106
7.2944665198018095
9.4567031565145
10.357979367610557
7.195524085740024
7.438024422271802
5.066611362371791
5.295888463407706
4.90548860413316
4.629363590163684
4.865985084077309
5.169846645862935
4.183772000858562
6.500413701965185
5.63199781891721
6.304008033091168
5.036779609064517
4.915372464978319
4.381259348676065
6.5630419666299655
5.119090157916582
6.487164406251802
8.07985935870046
6.299400823196552
5.366349150230024
5.72224528219741
4.833638607692663
5.052218285671872
5.199316527543164
8.434820486595012
6.573937531475325
4.101973993484765
7.446394124871228
5.135134493624836
6.880369328196017
6.717150087249376
6.0240629722950505
4.2817276265009365
4.955808335933413
5.931765615112699
5.142403417224999
7.805255244497917
6.4829862981559465
5.035104415605646
6.572698839872304
5.383728271015238
4.794084013579575
3.70142402984012
4.654147343681045
4.665125536189711
4.814720079340081
4.954298477068475
7.088255825496159
4.46305579606952
4.721036513394924
5.002527162493929
6.381417568781866
5.544667604901118
5.322138017109761
8.57718626687111
5.817783876674514
5.540677152713611
5.638014229229149
5.943749651572927
5.8944819998341975
5.911039353208132
5.441217500033112
6.061072842283558
6.329227585864687
5.757282591611851
5.510856634716555
7.592083278450273
6.008591116955238
6.936189715211471
4.834185521452438
10.470235786224254
3.2003155197110003
4.304552289052694
5.215821672178824
4.890718148018353
5.2933954281212
10.073158173198259
4.486963843006167
6.515935915921608
5.414293086649288
2.89298068983101
9.049859897866732
9.718756386933432
4.755501329582472
6.242913634464598
5.749686054691773
4.940394548970044
6.857273969095885
6.149445513183483
5.520161120484184
5.986179861798958
6.7730267297404705
3.9225919528821995
7.800246264019998
7.481071788026119
5.664049872189815
4.888691514157676
5.270938370770836
6.0168519611234785
5.060928719356026
3.929085876341163
5.657891826857834
5.49698928418361
5.843954884633215
4.236750579515153
9.494547471796864
4.7634205148368
4.548474769970804
7.682859596948086
7.259549890038614
4.414393282389371
3.5368016233473925
4.024772950639678
5.093301407850508
8.150872715742716
5.431617795303417
5.846393653728617
5.980480244331362
6.606192642517354
16.23066994883105
6.373953625457964
11.525447090655112
5.175236484605593
6.999885020328853
6.637723023780605
9.995660193689158
8.328633112642121
1.1372168718477211
2.8331691289613894
5.290103174549486
5.905877519931931
6.022288763523627
4.696077787566992
5.888607594322308
7.07685601880349
8.609564390753286
5.872404002571535
3.768902464366072
9.200893906313318
7.733297488016774
7.463013082538524
9.684122890760008
6.2544377260361195
5.592723186358965
5.947398396067049
10.458703493453964
5.267796778994283
6.029270024416857
6.211516460941745
6.829538317630315
7.038062536412079
4.91187979098857
5.9515300600479595
4.697048870789428
4.498162565859439
4.550694525932148
4.698178109625448
7.608950296104595
5.06634720717935
4.646368871883664
6.980826422581531
4.924132549640848
5.051797833647821
6.321682632871337
8.580502995687695
7.45771758570546
7.3244550552489605
7.219739416234563
8.090971033190838
7.55837613872674
6.929862687065419
5.437802554023343
6.873415110620087
3.959623591762331
5.75634733562718
5.945324440173509
5.230856959300455
7.012428036998153
6.469370401499148
4.681090140924755
4.593169384255656
5.369982894240609
5.750545692640268
5.3032418429372745
9.428862657743998
5.514713986613002
5.928469434178213
6.432557146931703
5.376491102761549
7.121346302028303
7.029900112327887
10.880833639254043
7.069945393262083
6.357082540914247
7.619996405526807
9.667985606616966
8.121550878406914
8.43830457446991
8.200135634755949
5.679964639343345
5.398075753027458
4.306805288734734
5.311496534884933
8.408152992915095
7.627998042207606
3.954931108882466
4.295331576515008
7.2154164014106
4.928323898981462
5.696291519198374
6.11771004394255
5.7172557542567395
6.343416595961199
7.260961971644041
8.602142642810946
2.2281242206188607
6.072807672601435
3.69629056821692
5.7858246578313555
2.3282206612411325
5.383664413615845
3.4457254231847103
4.993276952806038
6.676498385135395
5.215053733910885
6.1403889365450475
5.2189739134563045
5.660206332728499
5.864327938296924
5.52992791461492
10.868331721740054
5.165036317973156
6.276850294855178
4.901935412240048
6.42143067545188
5.550128506048386
6.783286798442603
5.67925580176435
6.600437066574196
7.330082891151351
8.085455263486327
4.870807907724005
6.009567823393931
5.304617451509469
8.09641801064127
5.835630542514308
4.806715870269291
5.689711185012226
8.31491738316343
8.511176070433244
6.037014668104131
5.107342128546872
4.719465552825731
5.573535579969475
6.100932066546873
6.078212047429953
7.164027359646608
9.419137085474977
5.958438691569946
5.20175201949482
6.231713086208181
12.42414318986014
7.4295086520389635
8.018119067718942
6.514654326055968
5.955673889483582
6.5793477404531355
4.545753258904631
4.141598999175304
4.558761131547463
6.725398517646813
7.995423351406637
8.949903999611125
4.641527641133306
6.746064138176504
4.866086014488564
8.006885538058725
8.004519925156474
6.175230281910643
5.12714404874805
8.526709283287264
8.140823169977086
13.026258817855382
10.196200573245566
10.329300083430969
3.640261664566567
12.049667965027634
6.3970719540539065
5.957118379671396
9.1750475807295
4.93803238600893
5.381396029248009
6.19109569397574
4.740950084024416
5.199359077158257
5.118408548026967
8.416176866615348
7.93666386926567
5.589187329107404
5.179093506183232
6.368550349151109
8.170191182248423
6.196927709756919
4.762146651346008
6.255831423273071
5.530734455829097
6.070824687080617
5.269695553171678
5.008170139737648
12.879944118895818
8.19444510547241
5.558636524127491
5.092182913157222
6.20388458445438
6.244887131877084
4.771353998609154
6.202073598287381
8.641292175648227
7.45429404562393
9.75398191963508
12.835659979057478
6.037804805828703
5.874955076079819
5.2674789722899344
7.556876326120857
5.210016978321613
4.8121804936185475
10.215009899698334
9.714318680032948
4.7784269803194235
3.9202077532914417
4.398520930020176
5.998091074540968
5.655713586439479
5.304000504110904
5.822327989714438
5.866079202820532
6.852008218992764
4.247268358671537
4.988307988857822
7.212919387386699
8.584570864823696
5.429510538298639
5.939186831875059
5.925598392309205
4.717417171946051
6.798691085569766
4.372824596003283
7.213346706785008
7.156581724596578
5.001440156402403
4.768238570030809
4.975141384917166
4.834935521602148
7.653803667565358
5.3059441554026305
4.433969303906768
6.668731548534966
6.922326424481587
5.324333685432754
7.255620570853191
6.959292953673835
7.0321292185342275
7.492333146355998
6.741319434751602
5.5986529450790865
5.151530474609842
5.559761643884672
5.0572157451644
8.70289697101057
6.933177971252301
6.390978911335161
5.916621888000468
8.785243711978739
5.585997696433861
5.639148656124697
6.468110089765149
4.587637977525123
5.053359913050839
4.388384553802728
5.072678662566464
7.62371953529118
6.5375801326051866
5.480084596959112
5.939493867851217
5.100626883027616
7.264628542594142
4.7800588836967215
4.458159310343104
8.490011619904882
8.208127679962441
5.207404781937472
5.250364086911582
8.855743107803972
3.844945929301133
4.815251455318988
4.583172433983079
7.6483683570043315
5.682844630430279
4.7294981295160206
6.257967900662832
6.6305156343838885
7.140592395723264
6.33919509102234
6.161589671187404
5.340647873891172
5.78475577724192
4.677236308777697
5.206936671026753
5.541399831598446
4.597786237395984
5.3720727482964445
6.262176439078381
4.752414476020228
5.857475349087391
4.9901696192412075
4.911505780355258
5.244231983153692
4.565622069254048
6.079974666912252
5.944710065628584
5.704759543481251
5.655091961603465
6.560457533250687
4.290277876022215
5.275184338517321
5.442754048500201
6.190391705966781
5.746008698513794
5.830593121985747
4.377961038747657
5.148562690051044
5.070086713473287
7.436875961007435
6.382916883073049
10.27947175730098
6.677669083983574
5.825791613205617
7.956544246850845
5.0440497850655985
6.515948748045543
5.855188721515194
5.145198544768448
6.876008542149499
5.472757637473167
8.69293780380749
5.216580497306099
4.6627784401498955
5.813210983368069
5.6529439501277565
6.22049162920468
6.182529370129812
7.668533035492695
5.063028918743236
5.640410657688844
5.037788509451902
5.9519683095818205
6.86059465492654
6.651121519599244
6.827885584359736
5.174918561696236
8.26881384737905
5.716632502971763
5.908382614953087
4.765582703383659
2.7117965642608777
5.031991336131072
4.354927903479473
5.997505021674289
4.859279504566104
4.2073501097593065
6.029053865815027
4.832785861784645
5.392853216135457
7.481034172656943
5.718448926189781
5.402172536169018
6.219814088277083
5.193454044098119
5.125393372040221
6.129031818005778
7.083590287081767
4.92360635136383
5.648667764675769
9.643673776749926
7.806620204982112
8.487713941352894
4.860810081114709
5.300463285339333
5.927415454846459
4.893384469339917
3.9871530793614376
4.876445894563808
4.997841430677588
4.818342493649756
6.351689328258634
6.287113047077826
7.898963933369346
5.382015897253119
7.973402574433339
7.1349515315842185
7.573823313364334
5.324150514852814
5.095192799335134
5.985029906818474
6.047785483528016
6.2677830165256925
4.74811985057184
7.420047914204949
8.80623567537079
5.535191974384555
12.409338372912654
5.758766205490287
4.853078876929342
4.578553682470468
3.8316765565936604
7.070983477837696
6.066196667127034
4.554572658210944
4.8816083029937625
3.998382027561157
5.723991231441132
6.756169495277342
8.502944250915494
4.124586250151891
7.15763813489648
5.556896522148418
5.891438858914127
6.142739201824498
5.278862122273187
6.407486834013826
8.335228217881163
4.543455174601258
5.2099147510496575
4.970360177440658
5.748116038282619
5.347122807672469
12.1850081329133
10.95764440578536
5.702049447906077
8.147977493730819
7.123891210553078
5.632320153883254
9.632841609865606
10.45855006843984
3.1755446938354313
6.243670695575593
3.989313785035859
3.645468564888197
6.461211034891815
4.602469041678261
6.031139896385089
14.864706264247387
7.191345070805961
9.235657877529034
4.310003247867618
5.021766903948037
5.915970156067393
6.913972613404973
12.164607793606033
6.018519341163809
6.2566749990598804
5.294977672902792
5.773329127111959
8.746592945109649
5.35279762240944
6.461180176481618
5.899607738995348
6.289180156345344
7.140798096118635
5.945635333762398
5.718437302701725
5.289969304379209
5.6536884964979075
5.572941373712446
6.446860022072988
5.3598601575349845
5.87523410032443
5.664215526582256
6.258973088903456
5.230579268136229
5.735537014718179
5.614359764094324
5.002243773997628
5.510240324800816
5.716757743024245
6.050210778567557
6.143893899948557
7.86878662579025
6.919522942645998
4.421406574837702
7.6355048002328285
5.250285166165405
8.320972704658566
6.027071521305141
4.134730397287269
7.561146285958038
8.49844842683772
7.128515126810216
6.202074290310103
6.329866072838711
4.898095779953036
5.242075806674665
5.730785571234126
8.13654647126833
6.537996289649595
8.240286374211312
4.982278850286812
8.29657369232693
12.154336213272869
11.789384700769425
5.249826676482526
5.3511947929055355
6.00637211849716
5.593955020841814
6.16274189516405
6.0214560036281926
12.844216034025315
12.673598603668825
12.657869991637087
12.657869991637087
12.875118932641673
6.922407058548528
4.701881642204594
5.424292019903379
2.790932250076297
4.971953749568794
4.818839178274629
6.42272176408105
6.096104538216163
4.420104349310335
4.748427967287037
7.19661511268935
4.3951921274194605
7.353704070534208
7.07193430922139
5.335361114506111
5.101965210624419
6.007207953620149
5.032168498426202
4.652959927620881
6.382382284280785
4.064781031625
4.62479739715455
5.275329157576563
5.128455265157532
5.1849350401236975
4.442162244289418
4.3967426451213285
4.408468689163643
8.556386215998725
4.58269212209686
5.120447008432905
9.417847250998467
11.609845773792786
10.603040536445656
8.815884125276655
6.420680794220141
10.85834344131042
4.8758326501629
4.789882686385334
7.412146450286249
5.887054520337509
6.972771414120169
4.359324243719598
7.078265196831499
6.336936300267358
5.522775186666723
6.049185467685422
5.710076649885916
8.997692634589638
5.019519036673662
5.0560208494955905
4.7404808964556535
4.14095431179689
6.679454213474047
6.156314605198827
3.8085462307322406
8.149077509546519
5.398903786608056
4.77092407502229
4.755826833481933
4.77659644979998
6.571029022822531
7.573709200504048
6.495580680364721
4.841870325020306
6.066647888501648
7.408801114119106
5.923078058089176
7.4399195150782145
5.860379970500287
5.354301833227424
5.260503244639006
5.3591811019828075
3.884736871654301
3.9064587917608575
5.172570855248116
5.197332412262875
5.686862940911279
7.494229846020705
7.85506206135778
7.583594482770889
8.212536780852297
5.698323354293027
6.60496756563095
5.488506105999434
4.1457869163235
9.648215890126952
7.814497551024916
9.636701451218276
9.292834011669925
6.310869930891075
7.450100320508031
12.968226510603593
4.450100703575506
6.3890973260851585
5.228835568859514
7.533897850890919
4.079743200092329
6.061994904509799
5.088015950168799
4.4259910630854336
4.83290377497249
5.169664845087592
7.170988221217261
4.796378859694162
5.202381307562351
5.002696613291011
6.901517191448717
7.201698853681101
6.4309899663386565
5.606671971825724
7.559188101268975
5.92629779133051
4.9441468343527175
5.4397312333382795
4.967069815373447
8.472171614046054
4.974640924920035
4.842509385659344
6.531375628273333
5.004359398291435
5.528999029179795
9.855773396608315
7.469996803814215
7.033070563139519
6.757819343521796
6.954049522156027
9.249212569250808
9.284476328787536
5.50038609358944
6.113852461632185
4.26771582917604
5.417965735314848
5.081273026936833
5.563880639849107
5.92256532707806
6.966170709003316
4.615950431449649
5.4634896604580145
6.458920313619303
5.761908076202106
5.023841244395573
4.525254339090486
4.931372588841846
5.410014168271286
6.905081996868779
5.270806374383671
6.322914938320549
4.567715122176256
5.595694427786987
7.512565394034415
8.469702653792025
5.5038391973779
5.579169601621574
3.6259857615822675
5.059424543539554
4.920807864834173
2.645740556866831
5.309639832783272
7.264575805910695
3.490711875833521
7.334061808068888
8.807566056594613
7.773102883798224
7.980826983742708
6.969107122935728
6.818694488535473
5.141583970565002
5.887135866521939
4.99993024653395
3.9150346980610258
4.6008244901917745
5.149520016152265
6.985066964982899
5.584162045237626
5.187550310764946
5.241949374783153
7.804822802819706
5.956370138663824
12.200890423312806
5.835997168538559
8.66219574634924
8.730576802495268
7.285345863634931
5.224656590166731
6.746972053624024
9.314822846103379
10.55449689272812
6.055925880040878
5.428787742830969
7.571587290413307
6.871171452605669
6.672857597688006
6.880898705873335
5.547980053682567
5.300279089632738
5.387567771600843
6.431739027224068
7.083308491498824
6.1167529682220945
7.166595345145846
5.942668013986835
6.150697810008093
6.152089593817236
5.701382166858659
7.582179663329543
6.4380907616836565
8.634771517147417
6.094264554224431
7.475667993774545
5.0750972511393355
5.226215505088526
4.388697176986746
5.294614813149663
5.175567791213913
4.505666992707535
3.8723074593946993
7.71655205250144
4.073555574269981
5.445995894204291
9.524318080047717
5.960251631597071
7.791294901855248
5.435298621392564
6.615066069462953
7.217162434921249
7.6063241716046175
7.05074591028406
5.917086471575902
8.729914637993556
4.909230939355625
6.083365736375883
4.9824229126899935
6.426560954253847
5.340716508606216
4.4187290466249305
6.093139152960185
6.085022919203887
4.965089707305299
5.461362324358165
7.434241903905765
5.131249881300681
6.376227042308483
5.362133471108288
7.474315855234457
4.739482204770983
6.691775285383748
7.35445487102535
6.636332325511908
4.079554462999428
6.10775948740055
7.78425574976834
6.717605712185417
7.660435202779001
5.055855541757694
5.389527649274271
4.41921412810213
5.382010285005139
5.683724166375695
5.547156533441777
5.307545004394446
6.912008963944299
6.404426367242991
7.436298134606888
6.669864484667926
5.637645779371908
5.762811187692097
6.026767298986647
6.77115705907777
7.136635238213204
6.117996451862193
4.6041574780493635
5.917226414259131
6.729042169679133
5.908841090372349
4.730549300514966
5.706549428503353
5.701734911085895
7.02835465229243
6.633917909117605
6.372180376625584
5.768455506887127
5.986894778638405
4.823844801990319
6.328318238282748
5.577442242211289
4.509032380231714
5.684004659788705
5.374887947832251
4.844868119908346
3.828583974185052
4.830244759877136
6.261071210936875
5.1618309962718785
4.970269337128924
4.82280109245044
5.190942743343548
6.13383197308864
4.957609649075604
7.937342620004576
5.01028895522016
7.836053281650577
5.100818756151292
8.436265191659112
6.444845130374064
7.5649689627738885
4.677172268637585
6.602994876095519
4.483114765311882
5.295763907620166
6.914845401604218
4.7040107608930795
6.399703808343183
8.179698451156963
6.192214153648115
5.612727718455828
5.319143521062674
6.193465008884329
6.736532854633018
5.850123683400241
6.153489412479327
5.295883125912486
7.629934581272661
5.198731168718751
5.871110086621417
5.016378691195866
6.0751301720235125
5.141227655770205
5.0886450580118705
6.28033633474357
4.655170654114071
4.527180991906659
5.61705291793143
5.0849913959802695
7.026483351079343
5.302015818763925
4.947098400477175
6.594904978997394
5.971313313763429
4.912653744584781
6.932326160326156
7.431799790318725
5.508209897255547
5.723831632693756
3.8473551381296622
5.923963064610654
5.487467303659686
4.028962908743397
6.730435292222454
6.861922963982307
6.688328054870233
5.565323946965422
7.654089615352642
7.132813063320634
6.686720791966646
5.3104858157773975
5.148115649150815
8.743132523333998
4.759973352334116
7.493772854957667
6.58473484085584
8.140251715465714
6.111363980155259
7.814307794303563
7.1817391944089195
6.939409502822567
6.2282423084679195
6.867104270644678
4.876821140647664
4.490953261088164
4.654056167000729
8.509594777034417
5.676621367307326
5.705979254886111
5.760307482880168
5.340310248032594
7.413905659359026
5.419340835618591
5.052795635950266
4.557736071405989
4.8177379262466715
5.129623363442362
5.587257738426907
4.498945996991409
7.853440350568574
6.818328300036198
6.052305388465508
8.014528722978003
6.431747003290895
6.555683106538396
5.196737679859183
5.194523959748745
6.493959716108893
3.107249442693314
5.684657785319258
6.133197293273919
5.373660840392844
4.751380176517693
3.9503930199373136
4.668727891982733
6.631372820661289
5.399505073954773
6.568597775437443
5.284317413294762
4.777905533026406
7.042659794635878
8.748824073155077
7.389368180473133
7.212303565595728
4.783875170965524
4.055149586109348
6.120269152488887
6.149958195155523
4.655117624517786
4.95122865419584
5.51512861900718
6.560433504039519
8.08677672408102
7.219699088124331
5.328077341476051
6.737386387790432
5.284192584150599
6.6004814713545255
5.072587334113786
5.641641919656577
6.155144901842876
6.090458106861449
8.235803414623321
4.5438711596767964
5.383318317384609
3.892112397817726
5.65774838797846
5.107189371594674
5.594256849774585
6.952619266841317
5.973698259807833
5.85747728099158
6.329255111594439
3.8235376847705904
5.129855651592907
6.437697479731184
6.075723985811123
5.756252237304952
6.112437698489593
5.091686008978465
5.493580736380892
4.931489613857027
5.271458494176118
4.542056166564432
5.217315984226364
6.9273056368761665
5.864770825020582
6.266883888614446
4.254371020558483
4.730450547916748
6.011621040919453
4.822839475178343
8.931939485113526
5.708095629416816
4.845704946592804
7.085097510751508
3.4791853378963498
6.52326117501997
4.742595165672286
5.13058754321338
5.266339089633169
4.52331293110109
5.573330924156371
5.68826286758244
5.22097600372974
4.536648646437593
7.282670180299884
3.4072688827630553
5.443937428337071
6.954976667229424
4.656891614752723
5.720213930029116
4.5660134493802325
6.547283039601774
6.442239776981612
4.545058574036069
8.022289690123745
5.991138909360588
5.206289039147984
4.853169755510265
5.478913118117363
5.1994059631057645
8.006661137835316
4.375868377094345
7.186308696331595
5.680779402234991
6.8039800747720065
4.642488925391954
5.283679299052715
5.754499615982283
3.395556663293653
3.6833221116073567
6.496202901314656
4.994507825234068
4.792441132153879
6.192850198137855
6.415370166355327
6.054673745720771
6.638384604891231
6.3429593934411495
4.610886820978607
4.199938724590109
3.487570857866653
7.571104999547676
5.134582536383207
5.750840201375283
5.891048972723072
5.194715540475191
6.560743189899589
5.5255364027321985
5.709182885094702
6.411648364889949
4.9977178475296125
5.061755533070438
5.269075153380456
4.668475872254615
6.8415851618526435
5.05750649201654
7.35509314376613
5.158578668483891
6.13573147158542
5.3625351668413455
3.544824302536128
7.760165856806179
5.423771706472714
6.5711854984425075
4.428393620294482
4.575444860320562
5.664694045072215
5.7966552259131525
5.521526793613841
4.956195208854914
4.419365759417811
6.727998898162669
6.421609956685394
6.180465782601728
4.298551550452572
5.664510137578187
5.438502669340912
7.8125015968822265
5.207673881178849
6.576839145473103
5.222652383376975
4.679544307042794
4.946663042312136
5.303823168595498
4.785522109908587
6.808359428753119
5.283404406987668
6.360323511695778
5.529422284624844
5.453363288942262
4.870339184922733
6.094429913449584
7.069075491783365
6.397868364079798
4.949637725920789
4.110455566720614
5.7909484553373005
5.321282375094636
6.624417270359436
7.336615296570532
6.870299987420865
4.79901337514922
5.97028430656163
9.746460986608358
8.653567304427582
4.6407459158472575
5.423131462153971
4.638887446965402
8.279657028431103
7.652858657823091
7.400352785760177
5.3627162963591815
6.707143103156054
7.894869102777574
5.380730537482501
5.7598288518385745
6.214038557350177
5.634519804247493
6.289311484517702
7.051494322839052
4.845948777374789
5.348904064176087
5.296948468402499
4.989794475149319
5.377190716220383
5.5639886474707705
8.29025732559872
6.103327349430554
5.277429485429325
4.2660124632950405
7.318799083506533
6.2564039933464395
6.475946214239617
6.408668298423746
5.901333595819082
6.529370697139358
6.898737886821174
5.0150836264435465
5.985220222834992
5.1102897022765434
4.702811961408514
6.052318670609812
5.208691439634379
5.0066205925376455
4.608017120780438
6.522816842458756
6.713305219390355
5.918931737135644
5.222591058010421
6.741047328648639
5.033358286742994
4.663507677629539
5.190500483130566
5.709443373379595
5.20316653533952
5.1321227657345325
4.236855885176339
4.705751462889077
6.825119184485112
5.144810426333053
8.42379609857362
5.788204776626502
5.098589128802879
5.187423755461342
5.3528915876499195
4.973331185952263
4.627701058648661
5.207670584511961
5.364665038703997
4.683108229223796
4.7720903418572
6.023734051528704
3.973474841411506
5.549422163000067
5.879806421321552
5.919216523027181
5.0941081659335445
4.401084193939241
4.862641851653625
5.1159552858701405
4.929995902312798
5.272180036718646
6.274872490010784
5.608238943913637
5.9489272965688125
5.852050674658025
4.750343734190954
9.165760139292821
5.264208893714859
5.396010622695627
4.58191808873028
4.506284059134238
4.7712179090990805
5.419633643618752
4.7001735953687565
4.339300892780647
8.201859276136194
8.310025384732327
6.219204500873508
5.962480819866595
5.881767298671815
9.863965191979172
7.269544114326592
5.091362310008984
8.140845971683026
5.796683352088565
5.9908128940354635
6.1459501018408265
7.476534897370566
6.0448360447024365
4.665031774322304
5.5187884190545375
4.957746435830073
5.030063288532169
5.9265901935282255
8.844425016535322
6.869692089085133
6.287041867045931
5.386722260453878
7.3406316372015
6.900481924996834
4.857990868114486
3.2673088766725433
5.159718413864963
4.76660222274356
7.751853965883608
3.258344149474601
4.962423039497631
4.875638910320308
4.916298966140787
6.305728347594746
6.145402490986488
4.290398296154253
6.276146293099401
5.875846344360501
4.522396538008222
4.757788701154012
6.485996017654259
5.589913592298082
8.72789670484304
6.333603856455091
6.357072587112452
6.656713359925455
6.357072587112452
7.164653906454366
6.936406049010515
6.565063574356007
6.565063574356007
6.936406049010515
6.253353794786498
6.597449239393393
6.565063574356007
6.253353794786498
6.333603856455091
6.004292533234158
6.253353794786498
6.790286867076482
6.597449239393393
6.333603856455091
6.790286867076482
9.370017690652851
4.338003072853658
4.8089151848233245
6.088189539737099
4.665433827602013
6.2362857136567875
4.970708866029498
5.58708782172077
5.9596511860747485
6.525263388177714
5.396223870162475
6.335287389770096
5.544868579844243
6.988345763040874
5.242283915602401
8.114114365516443
5.410911736820339
5.917447421489017
4.163587807343175
4.897677056492902
4.501045722235132
6.0268276733266255
5.733879265967178
5.141926387826603
5.401131076533556
6.55926557704779
5.981129956472167
5.1541275886353946
5.504137651118621
6.7744496981600975
8.042367892894122
5.968779063220731
4.459816702872618
7.0719583660693806
5.661187300130713
6.5908577010208855
5.82445935859282
4.6350244234303855
4.143692823872462
5.18417572518525
5.3837466990875775
5.283556590640466
4.441043799697247
4.449561699298187
5.667782531489844
5.252224240175091
7.8726293170304515
2.896199691422792
7.325685726084693
