3.818776560101675
3.5505243255800205
2.802127207225905
2.820843135695561
2.8606261806651982
3.4148230824463286
3.584016049965141
2.726423817657097
3.347120418267668
3.1568077182598167
2.704740620868144
3.0403247947499223
2.971128938884326
3.1416434672767455
4.285654249204635
2.825913651834287
2.8200535297740523
3.2128165394365573
2.503812252714762
2.9712611918620677
3.212744006262604
2.3104592394320833
2.550661022453658
3.399471709182103
2.7852355243624007
2.396759181059859
2.708810603779959
3.128933345025062
2.634841138431381
2.999331784318744
2.659782244685279
3.3068479365215464
2.6690707127673985
3.5166874525929765
2.5830603937372345
3.477366591131094
3.0751869348276544
3.0098730100868107
3.1155378964482505
3.0270829875911955
1.8899594055941429
2.871612269761082
3.1466419899643734
2.8802732243640605
2.991390150468202
3.036096046133355
2.3904031401205774
2.2727884453551335
2.2020353789711886
1.7298116503292404
2.3904031401205774
2.953616266420384
2.453474920513494
2.4027531456505686
2.4027531456505686
2.2744557003189345
2.4033660779687627
2.4033660779687627
2.2792051279561045
2.3673163830578137
2.2020353789711886
2.9880170236819126
2.8198103656560223
2.3724019038952067
3.200618011068955
3.0341072229310053
2.805412898383603
2.7308180490909755
2.978248065293779
2.1589320488654455
3.1169782405281543
2.987719131819603
3.646480963588182
3.20124471991984
2.9412662149505295
3.7461499989118003
4.194865482556952
3.5697143304952546
3.9605328752151734
2.473836209088995
3.341243216512737
2.8484816976668443
3.4975168390765825
2.8443434865860606
4.368403300218759
2.975569872979824
2.4372494026495626
4.848410916194801
2.752868112345727
2.578637993264574
2.87600967918936
3.0273599940711726
2.956515424159638
3.800961475783631
2.4354366166599206
3.2409246512036183
2.805356377457201
2.7145822222613054
2.010024292812889
2.4456885600707126
1.2971817991745287
2.3510427495361674
2.336903056610702
2.0085970169757794
2.925538505729196
3.082150256336086
4.7227542236931805
3.568573034825613
3.0253182188158148
3.056143276171925
3.7493898289906507
2.5364127901077675
2.8614614815679773
2.8609890469240993
3.118439483061622
2.98041746387146
3.5922023987237157
2.9313689156555607
2.9483968808479557
2.819866182847463
3.0520095552344477
3.294405985875126
3.0392318115399237
2.818872948653555
3.0035683726891933
3.015579044599905
3.1052053961102297
2.950821130120524
2.4370996980189066
2.8405021615227164
3.4917702258745136
2.7647994418095334
2.471494980313074
3.0446837344589257
2.8051815505918007
4.801885662506285
2.609383761839857
2.0451851299710335
2.250285938179044
3.182012443139507
3.1429820454005504
2.999172071821876
3.0049509425625884
2.470840896035381
1.8666760111945326
2.8641424375639404
3.0891690025329077
3.9748094359044672
3.72845158299708
2.9437448086649494
2.6032801643372716
2.3173419907467503
2.6554453633446844
2.062430763352111
1.8473620408512768
2.7899807332086692
1.8600307627600285
2.6745823015472565
3.2217878575165253
3.2348249207742157
3.540954468892188
2.7985766208016254
2.7555529767176075
3.258024043027622
1.8656525279494207
2.8945867516047685
3.1676515690527394
3.0307071260324663
2.8152679738819955
3.033472875354136
3.5346290231415116
2.8241121454496962
3.7736685604232556
2.7860079501145254
4.289126188265002
2.968295781598416
1.9571246493553616
2.5950155917328255
2.8584900091157435
3.200044736077295
4.397801965086032
2.647881197134522
3.047168174482511
2.5343229998142176
3.194928892407939
2.9328820271742773
2.5298758694994703
3.0485436681566735
2.884330218856758
2.9386872302351845
2.574508347561602
2.8215758290589945
2.0836181235719917
2.7594421602584864
2.9777095510225795
3.311480197786219
1.7446493490722996
2.967616868642979
2.641031832361424
2.799021417458
2.7675878913927634
3.392092661821936
3.3187046841459336
1.4030166270327615
2.037376167174234
1.5962023196631576
2.8943242844498824
2.278696440489533
3.032154227216044
3.925119225136901
3.0992223044090506
3.8193873733061667
2.628032905198397
2.8558462767190345
2.4119927753955572
1.9914684370411144
2.203386774640438
3.1006786126333115
2.331295595319019
2.788915630505375
1.7856137445799352
3.121288533783344
2.684579291553854
3.367425172467289
2.4233196353871045
3.5164839057133657
1.7856137445799352
1.7298116503292404
1.7633148387118507
1.7633148387118507
1.8054863288379757
1.7712368337993665
1.7712368337993665
1.7962262008302403
1.7712368337993665
1.76969218277394
1.807541984685331
1.7856137445799352
1.7712368337993665
1.7589482791426332
1.7712368337993665
2.157855859524283
3.0151402090088366
2.870988266811964
2.4950063073964204
3.29398438283561
3.0129403938782557
2.5185934945584623
2.702881715775482
2.5352468248691116
3.242719977038661
2.793668792744089
3.4855942785532643
2.0153506545229876
2.8975193297316197
1.7856137445799352
1.8054863288379757
1.7962262008302403
1.8047840085568958
1.8292388703807474
2.0317119288139036
2.9467832153177373
2.747913428435514
3.827328433189924
2.927855866555453
2.497181432714705
2.9045925726208575
5.513232309364624
2.8089946535468684
2.6936108669352157
2.198576135973015
3.2272476942308725
4.468709475176502
1.7298116503292404
3.070716998969313
2.373141360647385
2.8713176112703014
2.441324062610034
1.7962262008302403
2.8530609508645854
2.4632329469526737
2.403120441595013
2.7165450947147605
1.7793589585325924
1.807541984685331
1.7589482791426332
2.590163444201515
4.258568695616985
3.1808360661021786
4.641432305364418
3.9037639294998634
3.1888919122358677
1.9057112054763394
3.547961755332537
2.1803684582024982
2.9927521463810605
2.464454578538279
2.9242389264226056
2.4061234520531207
2.224018571491365
3.2905028217328227
3.035924026500334
3.8587040585912193
3.415693082667075
2.0338815803063452
3.3814657156294348
2.752433710795236
3.0088021475054525
3.3129266279879928
2.7841213456412057
2.398818712207136
3.1011626060607607
3.6189048248410294
3.2259143711098446
2.579731121149972
1.7298116503292404
1.7298116503292404
3.2611980128239564
2.7770369897449196
2.630109694627805
2.327145699579727
3.0367007384870486
2.7455532029740426
2.308946682771793
3.120067913780975
2.5527268486833896
4.074347142932006
3.1150837850745434
2.7112538259266805
3.39657404242922
3.324388320679208
2.5158646875410136
2.856826110306123
3.0662484122932248
3.644006944654677
3.6720717278391812
2.649904433270707
3.707162763301177
3.4736073453720984
3.330446812671652
3.4849170375525564
2.472861852585456
3.0693375403275733
2.2038796316739986
2.5835978878568437
2.5311218693020385
2.5459172203575737
2.5748602945644916
2.505465468043666
3.6554133321846134
2.7621971947329444
2.534725620997714
3.0731850520780566
2.0066336675615264
3.80070651675044
3.601570675720459
3.5174406928484934
3.0006971613129467
3.2106824245968144
3.1006468226449715
1.973354466770916
3.2358357456004647
2.56848181143338
2.7864076490670504
2.42647434340435
1.9251729868580587
2.85859592642439
3.9506098021053173
3.510950503307337
3.083865096846293
2.8436458472018633
2.992729045852348
3.2508573730439903
3.5821445081505536
2.7728513633719594
3.524656749751969
3.574765562563887
3.2095332091217625
3.218964203642834
3.7492633918172684
3.6918634615082424
2.745182553520163
2.769069764436166
2.9093885357862543
3.2924076144842336
3.168859047515229
2.7660139570944287
3.1028660771841414
3.288966901948284
3.3153423714378403
3.7335663801739183
2.596921317421437
2.40096009616192
2.8795195935181486
2.2214022906142725
2.8000755414174794
2.769080584533785
3.707721683284199
2.1362400363180742
2.386854474747943
2.9005948196728406
2.92443747330302
3.2137987478573273
2.530233857780207
2.5548597108744344
2.6054732214191807
2.4513931060830867
3.448696757036684
4.159326498490029
2.524284389239773
2.916104092761703
2.1828768467837714
1.7681981843019958
3.8931142168377884
1.3225279067771771
2.9259684440338876
2.9622546350978816
4.28504244305824
2.705004498831793
3.582706271319458
4.103186173067757
2.793894288269922
3.073398034411117
3.0375212239006717
3.831598449777006
4.378841196459353
2.959744467479133
3.0687135896064563
2.097684104271461
1.3994516583883032
2.6731647732362176
3.174118000719817
3.415493969134796
2.9286111076566015
3.1076918852459525
3.076328395211211
2.6366824707182603
5.1851988896872685
2.742302244172816
3.7660413226686673
2.6674414655898038
3.1481579279005785
2.8331825899595247
1.7543282951439148
1.5807179423415971
1.9248910960731982
2.800226706176313
3.295143746774936
3.796355057439339
2.900471927771171
3.141573880484459
2.863672690002426
4.759169916357338
5.309338635119956
3.9131669947859944
2.275543975170648
3.9136796105768568
2.6412501106384125
4.692724512877753
2.867357367069038
2.6078150457836395
3.0127268152448514
3.1117744430490495
1.770219554493007
3.5360682254185285
2.76623342735745
3.1163987325942695
3.370580759518217
2.8200535218427505
3.8996379420675407
2.754880242841425
2.442488088448562
3.7615397312011947
3.662546112983253
2.5354621132509205
2.9955887002059356
3.335488308040226
2.649076898381939
2.3115683753430174
2.2158541377891807
3.926774027724476
4.124282212877188
