2.1484510129000296
1.8212855693527832
2.1657457989635165
1.8377125206411422
8.217908369742883
1.925990945627631
3.129748601870844
2.496883653389798
2.7819310894676286
1.5456234746844562
2.067559671442094
1.7826615671203958
2.9195460757808087
1.3806239941669027
2.378024660716447
2.787581632266693
1.5860383188213178
2.2151070329144376
3.0634818128718386
2.3724884678060416
2.381815906411614
3.950932432732384
2.971867987359535
3.588436619380426
2.7741601731389127
2.3309604660675722
2.410470671555597
2.1010932098711743
4.8076587190287805
2.4523582179236425
2.5373174334917166
1.548904282329377
1.9333199215674728
3.096229373731869
1.6881203799444768
2.074865220416707
2.4351045828108955
2.2244064553698624
2.368844009213756
2.328007574511217
2.102746533884888
8.064305347452786
3.1100318229590376
2.51710434289221
2.8157707507348877
3.426656992675279
2.8444903968147566
2.729493570845102
5.346845504154496
3.582954067832726
2.07078698378789
2.997583931821188
2.974255308551419
2.26891192206347
1.2619854493788916
2.1599718295111927
1.8088773062089911
1.3543124691805466
1.899578321563892
2.6635957985148124
2.3875128865966135
2.3332695718095917
2.5340733973509058
2.529676126564471
2.5492444268492487
2.034069181736386
2.4893771233294655
7.079348009735322
1.985095402426274
4.283279195066439
2.2947920779558895
2.8783485345091604
2.673975553872319
2.159413868609274
1.7648611475818965
4.63687618802942
2.562208437300253
2.0538474084527296
3.244955554681423
2.0816504833161034
2.6502031684389085
2.7190327247241255
1.9958097332127795
2.4120710307319837
2.445353579634985
2.776752431488911
3.227063640825864
4.160408357025923
2.134149807659554
1.312436374528069
1.90951718608055
2.2568210189073916
2.318737162164871
2.6039586090871785
4.081271895526191
7.992890464982309
2.202069533223824
2.384621295648064
2.509708832619948
1.5852974325663134
2.424940353672089
2.4058897705630478
1.4500974077562576
2.110638890331569
1.3150724761546355
2.360177259284276
3.656536986162491
2.6759870951592544
2.603541269630605
1.6821554092982038
1.5080054239732519
2.472958219058452
2.3469644754734955
5.4466387269147205
1.69409800158941
2.7910979999363223
2.657879061229231
7.006662536413694
2.1073633903232962
2.396130355400643
1.8322376341234665
2.4532597205729827
2.617557758091555
2.7651923968401255
2.4395233438753694
5.644863061304335
1.4660726281691592
1.896312141333513
2.2729527435216883
1.3039428375608197
2.1360245786999017
1.3443979247285995
2.1188064199685357
2.8345314060903486
1.5291191092803607
1.7080143572898372
3.2939049711550314
3.7393089542630564
2.336047868653216
1.7080143572898372
2.2226279175619967
2.5465189728958944
3.042110718088609
1.491716228981058
1.490158421069891
1.938784606271922
2.2612757329303497
1.8912254660326817
2.9417208270825976
3.3215589681087194
5.304591421670016
1.3406793126108656
2.5713795648105777
2.223712630197035
1.8037777084970585
3.2237735886306234
2.4044344821381123
2.063943020914843
1.5121910583124203
3.819678539277003
1.784955760214347
3.9084458167917635
2.538163087189557
1.6817658705943639
2.349805869571843
1.9169987710604013
2.5894151112051507
2.1115268504940343
1.9550391511145926
3.286426629552576
2.994703240536331
1.6432084464930188
1.6213261484480108
2.673092587115423
3.920574963329323
1.4170305255400824
2.3216169152451767
2.2415906521749203
2.122457793220845
6.462940843773023
1.461433555840173
1.6529840120434307
2.78925537252312
2.4938912236802766
1.9132414324436344
1.9064185388572878
2.397502233332629
2.688229839357434
3.012901247533479
2.0826857081216685
2.3426316730660526
2.6327993211879366
2.174815318192409
3.328275072394564
2.029429383403377
3.9481272997943955
3.1404454150496597
2.732650415535378
1.7812841869755847
2.2067878444020104
2.4495586143609556
2.614638246988955
2.620793115310237
2.7281420303070667
1.3031189272370556
3.1824823650587275
2.0009089759802903
2.409827233109389
2.4440034254983978
3.88256946638053
1.9314396039254216
1.9586079893677006
1.9858059086642705
1.5514533275257016
3.164489298669643
2.2711190021620253
2.14806228433964
3.3252043056319116
2.9389554870462606
1.8546019499011481
3.0299115454485617
1.6594301899310546
4.9993279459019435
3.77082955231268
2.0896936001697886
14.760872070271365
4.127973089129034
2.5380647116999975
6.900485947001482
3.783086277838454
3.6256870790408686
1.981450078756636
2.2200610406447194
2.6908478074180464
1.4009420971719582
3.3246706115935023
1.6711929353488948
1.9625375511219718
2.842383209592923
3.2447630483450642
2.228535660335309
3.285010238397862
1.663582117820462
3.385311466614822
2.6327993211879366
2.1932252279613906
2.8975370798031115
2.1601407140081648
2.5978231352162076
3.06893108148653
1.9122556415840313
2.360726126263126
2.4441346028572335
2.7698398049586612
1.9558976353356528
1.8879345178029736
3.3564576239043102
1.8650855836839038
2.654623215943337
1.4641969262513392
4.260052363299805
1.4658609842913743
1.992939154156769
3.7386956579198074
3.493442944206186
2.1324449076402763
2.7114924989913676
1.6893478418622925
1.93217437137783
3.1900736777133365
1.7407453643425301
2.7409618960089728
2.3315423280626253
3.340165648135428
2.87133726880213
2.4664711272329822
2.722044286324648
2.408225178714251
2.492046723176561
3.0486975042569506
1.5061160930696131
1.613937333855055
3.420509414521238
1.6897009701867929
2.536262021085309
3.644593030867733
2.754008120803397
1.298675170224767
2.689344498013135
2.1511188040131546
2.6199333180511375
2.134715410321696
2.1941087107309123
2.9051275051458814
2.2403129451882116
2.337539899118452
2.4327470657295964
1.5673416076871851
2.2993039456442133
1.9921973830613788
2.096961641701802
1.4855348811996902
2.104075259541515
2.181249483705402
4.730113798107918
2.0967170959740087
2.010831688142672
1.6845850821718718
1.8914644755972898
2.2558357394064306
2.875591457810456
1.7396122350289787
3.3898667709222243
1.3910925767289415
2.981915303494638
2.062198478067446
2.6011474258723934
3.51946084520491
2.5185882207190926
3.3536664415887962
3.178058254515616
1.5365645249069348
2.0955101624529524
3.5763753533995364
3.224413933990485
3.814755311144524
1.9081065818170697
1.797097940476789
2.4705281541327255
2.26630303196203
2.5953832607025773
2.304915476291346
2.131587825942148
1.7311208839101506
2.3445848017705186
2.6321555589684347
2.0613644145033905
2.1353487017133044
1.9816647262926959
1.8188004601286136
2.550677128927254
2.2655652876258743
2.021295430192304
3.1145402377012714
2.236045296627559
1.6422871496962401
1.9983388569853724
2.0307308948420624
2.3132452225586806
4.029396313329904
2.000624921022004
4.288894649284811
2.33345446040904
2.302239888223857
1.6966223434421353
2.064849244785806
2.2640674386584494
2.1385362268676227
3.2823294861594494
3.4587626240660376
2.0224473971678325
4.545943322376201
1.237496319582303
2.9795604136805833
1.42316449643052
6.000353255915356
2.485401142859885
2.86719264503329
2.321487312235073
1.3453407023498634
2.534138733663929
1.8502847104711695
2.2033330364980968
2.4460093771739726
1.6576420946059658
2.086545808296981
1.8223839394123837
1.9426824889650962
2.9385344594307896
2.0734114828040706
1.3308926259768084
2.46246885535774
2.9445923199998827
2.206649880137931
2.9691225270448585
4.529656246657416
3.1912865376385358
3.386827016629816
5.077719749282396
3.990837214603152
1.7003330350739727
1.8343385918474913
1.643716941235637
1.9385234069074109
1.6017956750539881
2.5937227267906384
1.7978185856176323
1.1686714576616082
1.743924329808424
2.6353054737960186
3.4377641834225514
2.6319655013987218
2.1450221331519392
1.769047909509067
2.6052643976588836
2.4680804228931352
1.6895113615393071
3.375456844645611
2.873609559029674
1.651645967578568
2.7136857139192743
2.447636441596165
3.806616560936794
1.50280764795543
3.0268598461039606
1.3341174564730398
1.4502253586284242
2.123603393591266
2.130750885507003
2.1031596041810574
2.330866812002897
1.6263051091643288
2.1753718826478465
1.7791771847370714
1.7682045582947385
1.4699573060142994
2.363498027438162
1.7812529080777266
2.238026086157999
1.8980515251871786
2.202907340021494
2.151333301871202
1.7393097376098168
2.34997497269012
2.562951308534426
2.194350281807341
2.8006533154467954
2.265365910794607
2.2562637769897336
2.4998967010401247
1.8616247177089267
3.475167263354141
2.1103716774315204
3.0575789226176826
3.216430442890216
3.8668869287818177
3.4608651100633794
4.542683059165558
3.002734172117502
2.609850910927453
2.4656379425927226
2.5070429552593487
1.7311911255399453
2.5373235930877396
1.7437996617176934
1.9657711544172154
3.914552455694586
1.8911082214224413
1.6902568448411777
1.3906496634791001
2.3460196493364553
2.9637386210359575
1.7306177777833673
5.675236921269801
3.203140239502842
3.780147886336847
1.7949144621047703
2.286845502472514
1.9941412258465052
1.8339186216734966
4.4218342509740545
2.7725872944355423
2.457665592672649
2.2492859955008586
2.2976700134775054
2.0793308702154856
9.42320532954831
2.2841873365273195
1.8550569129364263
3.0120613462799457
3.30465311970524
4.19500563551121
2.901515753021975
2.1433342173570944
2.0500100133825234
3.4126509171623827
4.17912194866671
2.5441213098615574
1.9707375616693215
2.235473493911919
2.441159923955134
1.9989369180383818
1.7601738311922592
2.3439984202502666
1.359322429679437
1.0880184126607546
2.1379340443976935
1.1826947377302839
1.2035154589669013
1.2540569702158493
3.640209653494863
2.139283756460676
1.0622852774770466
1.2309771777247223
2.8696236982990806
1.7850947547977942
2.2226840610615377
3.4352687714171273
1.877868531709557
1.6060933099834267
1.719919940039
2.114280109299169
2.640956696997058
4.749862583292428
2.0225548471497388
1.725237114024188
2.9324307231291318
8.064989389085621
2.81125040684893
2.7747313930660167
2.7842882909248576
