2.636971355975587
4.188625579838154
4.099582758265541
4.324464782784581
4.3309951593434315
2.8069515832224594
2.7671708771017944
3.476082582449382
7.901598257349535
3.0245778751747787
4.751758197172505
4.129605911937052
4.876024742095651
4.571289310675113
5.560181334482994
5.8659754165246625
4.678573535086619
3.5064426488157308
5.1911770122606224
5.619084401550536
4.766142561289636
3.974299491283187
13.251554555594534
6.172898718432707
3.3882729391018263
2.562503107184844
4.184924357764336
2.6070204355353446
3.63256740255251
2.5725749779073515
2.576955740499488
5.047780174925574
3.3746446432723385
4.967861985450724
4.844902870365114
3.635854288683116
3.7329602287313115
4.77679998123055
3.913672736211926
5.109981866844435
6.919752236181137
4.730450014140246
4.635307526028281
3.5957088138782947
6.558464546014539
5.102308744157633
4.3584292609751465
4.34664113008527
1.9677409588717487
3.9155299203377196
4.524136233885528
4.090386743106093
3.4351772098903313
3.7664320397494677
4.105787173846566
3.3363419532127567
3.5650800434339387
2.3299563131145473
2.1487472939579093
4.074253116468969
4.397847630427832
3.575298424107202
2.392947694598232
4.607133900029456
4.826705565314369
4.2065096507331
2.0447570251652
4.659249417234841
4.14070825477156
3.762772428503822
3.928646208327293
5.631202744160198
3.9147571168683086
3.3830029492401876
4.420643183903949
4.3487983216854325
3.6579657917988095
4.0334104201669785
3.620106425060271
3.4026205294044383
3.616187578713823
3.9926863308591356
4.259354462791821
4.129947176147705
1.4929338364794273
3.744365197723725
2.8049176310113832
5.283213117202669
3.3332962062562257
3.3860033892823953
5.861663647217832
4.10276054964849
3.854930329783678
5.156300427092596
3.641807332033202
5.276107735723408
3.0282504257521565
4.967022424285628
2.856160326147626
3.2787106632837504
4.226859858281153
5.055678669918612
4.856526150522093
3.142607866268353
4.856583138127865
4.00360066784038
3.2685991767226565
3.50268486668044
1.9782350013702672
3.0391797492933725
5.706921213281143
4.889015510890953
4.3275491447771826
4.380421456745551
3.8459570226025512
4.504290028537662
4.251076172233686
4.273488077656574
4.768466500631723
3.6984287099178474
3.854205886926276
7.653361978886741
4.666927056740775
5.3668581753720535
3.1936543262898525
3.4982479109132463
3.6654979535543735
2.2296993211563882
4.566135138030607
4.355500231493268
3.377829109242041
2.233458345279609
4.739437384195682
2.4876176598783974
6.849546840676238
4.894772298384677
4.9773338558613505
5.2186335108726665
4.161808267572207
3.9064156368722864
3.6691079670365108
3.081410415176696
4.988910357173623
4.261636912204611
4.176549914421884
4.212019497067535
2.637957818533533
3.9212538587267805
4.533325298523489
2.3021156273407746
4.231660630599554
3.9758675237472043
4.882967527975206
4.948924118271036
4.809191278763632
5.242648077914739
4.8989502796170585
4.666451810579367
5.85413733062581
4.41091278496499
2.3147809897399343
5.111904241925692
3.681584136235805
2.08550700745735
3.8414752821564764
3.4974077947317856
3.1844915457212757
5.016882911584317
4.732269686581939
2.219904756587889
2.0408004573866267
3.166629721733818
3.800277157854111
2.426791083408485
3.9479855534531607
3.5737926577450256
4.53179106590909
4.3439570837547254
3.0791948409121788
1.9336623217359414
6.417929004585929
2.1202798776107357
1.842069481125435
4.088551342022923
3.7410554229389623
3.5172743857826534
3.5101688344468505
4.616157031504163
3.712611348250965
4.167547926881777
3.7292381103165333
3.9099837774508623
2.791821470298707
3.067978384918727
4.082072625311513
3.8249559709055703
4.364702801875771
4.626037703289489
4.672340954646519
2.045752228688003
4.063160396224236
3.6663067267291325
3.466865292974811
4.047500234739664
3.7133799072456015
3.6915029267587744
3.848311147449214
4.304579216763766
3.270187547577657
3.0829640158264646
2.676463953050288
3.939786229577839
5.3339223522982255
5.414508761013222
1.9248002935390516
6.01300950447356
5.678381138119898
2.658118262524005
4.060318742033847
3.4237039603632593
4.7673070195132174
3.7211002458469715
3.8802796294507003
5.360223959309989
2.301454503910175
3.2516546819341534
4.012163427155223
5.730639317468357
4.842393498453881
3.7605040363108704
4.062664358982105
1.3453936974414367
3.04376284343796
4.220561037675928
5.457768252760068
2.254342387998038
3.938066092724767
3.591071376071102
4.440722729721775
4.344038401249483
3.454057369562473
3.1206474155775616
2.363160044212631
4.503915914896695
4.127447491339047
3.145983982336427
2.6040177129412356
3.754514138714418
3.547395712863259
3.5673309731253147
4.193723714930229
1.2512515038727328
3.218927934879961
5.352612110745269
4.872840988200503
4.692757049689258
3.0758935379517576
3.4893138986589194
1.8886159201489283
6.1903358652062614
4.84456156738138
4.43299643248208
3.231382872177012
4.243713640886867
3.7600982422166176
3.082158373284068
4.583635418989894
3.655140791349231
5.668818664294185
5.02894109728575
3.738538322162934
4.640308869845115
2.474048796722024
4.031107544394656
3.600936722776307
3.5718726348894343
5.263973041278929
3.7059541597141727
4.3497985335831775
4.436114655656258
4.800376838616183
5.17380653062445
3.919486421701018
6.990045334114548
2.077212050664679
2.6811379200177226
3.200765774558183
3.700145050107517
2.814980168220947
5.208455555829266
5.537503144214466
5.276051564193162
5.703402973979868
5.187079412679733
5.038553390288372
4.903391233618498
4.026724511750242
2.706846777225656
4.758151208522804
4.94115427258194
3.1783935724365393
3.050727815804965
4.926165591126983
4.433772607376559
4.601826896341366
4.438718818848242
2.9756096299646457
3.4152708934677536
4.683817006998567
4.815238769524112
4.023851520350607
3.59451554716343
3.990408815198802
3.2386276271558674
3.269734702763476
4.283950998868185
3.6892693292977183
5.005101777637599
4.350890606059797
4.153580382671069
3.5949789108794517
3.629213557759543
3.555975231258953
3.1078544516371167
2.3235922033719434
5.340996034724338
4.7852760623981085
3.5140309322411847
1.58565993494648
2.900684969728037
4.79729089232056
3.468209142279134
3.27554670462072
3.881632516153509
4.081876897157381
3.8852902041280086
4.013433219524907
5.006137989910429
3.9230581337685964
2.4139994630926536
3.274871227801213
4.376157502408313
4.040840373575738
4.074153961234957
4.074153961234957
4.006496367621092
4.0015085661375736
4.064932894567678
4.064932894567678
3.4051073893617523
1.0352878181765828
3.189402717254794
3.5488919363999485
4.761873781288276
4.05134830895392
2.6031980674836124
4.031722308553611
2.162302371657873
4.099465281807444
5.098258435105655
3.7400968930458838
3.070064189460297
4.889233558833908
4.060848864253967
3.229695030858076
1.5193258501383262
4.933623569827968
3.8885552082735195
4.540748103844519
3.553052788692141
4.319586391811725
3.1735540181409476
4.981212351227832
4.018566824540147
3.964811481160214
5.8157072793291045
2.6878973507175763
2.8259350870636832
2.346109304605778
3.478321790378571
3.293119326950423
3.1549000202197757
4.5967265617998
3.2785212213486594
4.004181182429189
7.2497093450641215
4.038914280665576
4.386145482759231
3.1544872238375348
3.1543325958792443
3.6589903887662403
3.851850920797505
2.6159182816301114
3.5075835546173004
3.6693085254766302
5.6975248329719825
2.90867245811276
3.3773875849762347
2.978296204504863
1.8062275871772489
3.8155571414239215
7.163098984588779
6.985966547446163
6.419404107397247
6.4212185142187135
6.5745390829519375
6.585254752938223
6.666869837904731
4.3867559292845595
2.9499436532507923
2.3932734668713658
7.152751028270119
6.429650389924189
4.667655404626869
2.1391686800801732
3.3597156297254798
3.5513729051884693
2.7747931891092343
4.991791955418719
6.576432536545161
3.9207214333746307
3.6628974560848704
3.3633723682949563
3.4514828738286245
3.8012634455092726
5.779205063076783
13.71107402395073
2.9890275078568873
3.542430699744599
2.285158540253864
4.273064519155125
2.307468354119818
3.7433863144996806
4.665166204234744
4.17860239102003
4.368896097919982
4.619516264363845
4.4365864110913185
4.2408603114450285
4.148163989121016
4.741002511982835
3.649102975550016
4.296491508454416
3.443680192496057
3.3245633846586675
12.29485867772247
5.065878079636358
5.756332220686507
3.9623455057561134
5.251165306900846
5.242401163918854
6.558143983503561
6.599088117257118
5.870738192093416
5.4123869772504465
4.121881999989792
9.978859796611157
10.010843901480026
10.020827251131067
5.224711223191181
4.836429923885308
3.336351191653413
3.218429625857501
5.602907123306142
2.2797096396581593
2.57266793801567
3.8855860174943935
5.513871910734055
3.3640788814755482
4.39136332841262
3.315462825343308
5.895431141318588
5.859209550833481
5.23464373307617
6.219940519452996
8.404922082273323
6.808415082493355
8.427589982432561
6.382627065171786
8.153844176944228
2.343482626940372
3.5802025412338283
9.980198786021845
6.663605482876337
6.142076074714061
4.452252498138267
2.671577726308571
3.817894944476297
10.624542356450753
8.556332341164005
3.478469887243101
8.80187135155281
8.50844012310835
8.684349617947117
4.333276655261109
3.5207844375204407
3.4069489739846954
4.462132858012213
4.70006811497688
3.5716183075168333
2.2170116020364494
2.678594622305473
4.367155286616104
3.512365033120535
2.5448588098426037
3.7975201646094554
3.410771041622774
3.159451251591137
2.4979972417572016
4.1170897554939145
4.089795203990764
5.0053267720299415
2.7028967352982107
5.079110932858993
3.647738030892241
4.272195979087403
4.505961539085841
4.1971897360063695
5.43252224638257
3.3249636188311005
1.6684119364887118
3.4731676231585977
4.850686939707424
5.5600567533764025
4.028067411067408
4.282390702932204
5.385997571373946
4.729770590457647
5.2986097808571895
3.8425042113931407
4.000200896602709
3.998575525232873
4.016969482850728
4.376405835563933
3.9163009132454634
5.414424920068651
3.8480964647847737
4.038035243387141
5.1927846514129925
3.5111543892449837
5.561535352543376
5.074469672141367
5.065191503017445
3.9594613761108723
4.460104669564959
3.8854388756103795
5.401728218050911
2.033523344139564
4.02216349079418
7.083645640513412
13.500636041232365
13.172165634285491
13.190907007280035
12.684197124229017
12.987814471259554
13.471027989559298
12.86582694037622
13.93450408942984
12.400786533957437
13.193167776514372
8.203532992911837
12.74886688151413
14.02191435869997
12.520237028737222
9.212171117313432
12.883906938989263
13.606716515242377
13.475597540475578
13.672569150673542
3.5764553139409725
2.914632518471678
2.011761905188335
3.6108259553975945
4.326448890680792
4.192461542419336
5.555372456842951
4.040383506727182
3.7057271097852684
2.67691810312473
4.085906366435918
3.4144318165700134
4.244280901860256
4.93238881742317
5.070052472657634
3.696657339871411
4.4423656497861685
4.039163840888974
1.6906825824731033
4.806311852127467
3.6767433096801
4.750407724328563
4.40321156654769
2.3660745197303252
3.3576047400788096
2.0732818995654605
3.831534467771517
6.007584015583937
5.40860411117681
5.191231131908845
5.12484103717054
4.532937842319445
3.6768497600366072
3.9090127348003074
4.315385562280782
4.153737343169138
3.51060584497372
3.162409606131546
3.9624906482375772
4.021251339815716
3.648268458701893
3.2241278563703433
5.048018365728206
4.975041805272234
4.481629554056014
5.288856124041462
3.8603131005467306
3.9741370175777573
4.591105244084957
3.611205511531121
4.217123858886115
3.6538068479395416
4.673903091163372
4.6388746283287805
3.746694458914512
3.8083813857366025
3.598918333119865
3.7862485277855025
4.206301587981496
3.43937229337055
3.488024989354707
5.053853052851913
3.6911128380541265
3.7397324878210263
2.8695246023801437
5.178993854065047
4.004966752644314
5.104344374334318
4.167325864050468
3.521683818343683
5.872568514328283
3.2768293686389383
3.235352838101647
3.7131615000982747
5.978313665235252
4.079839308140268
4.081503397793362
2.7193140574386163
3.5056670623328605
3.064674934839589
2.1598563438428235
3.2392500250347163
2.6938018701437754
2.999598557577093
3.5179679971498103
3.6403736501868096
3.6498216296954857
4.340611507589496
4.754642518410572
4.907864678661913
4.161511356189835
4.968357659114864
3.2858929747185583
3.8861791453024894
2.946444507783485
3.593177612287385
3.3480580108136193
3.8544013966362565
3.017087489315797
3.7004880733580086
4.266544226987451
4.330963855811855
4.581474679568326
3.892371726224616
4.3926899336654435
4.528687216525982
4.296967004948271
4.959664223738929
4.981660144178832
5.0538554129257856
3.5306010161077404
3.6251112498922917
3.9684396040633483
3.5587422304877663
5.131948966063936
3.808429236962896
3.43511938758104
2.299006070850678
3.2906118192291345
2.3029844379797773
3.831289859253213
5.109238816539641
4.38262782125971
3.572851172048971
3.8402170601572814
2.6736452133454645
3.3925820493225483
2.7490942193993733
4.031107805142245
4.034162475217167
1.8793289596698317
4.465786267161709
2.4737106520223655
4.797659352510845
3.2635111774866408
3.191846252735335
3.5335723697650243
3.9287378745388772
3.9204085411143605
3.321034235822511
3.523239232071808
1.961424017670486
5.009347862845206
1.5544725107285755
4.344528870127379
4.478417147504672
3.0060684756770484
3.784268779197553
7.387886387582128
4.5799325033919365
5.038506930199212
3.9687082095422848
4.63810424633013
3.449170976073009
1.7840667386598295
2.4375713853456555
1.6817156011529413
5.1707495853678775
5.514562588900507
5.034144451797034
3.761202226975622
4.8171069800744
4.722651532292925
3.5468077020509132
5.235963614553841
4.557786027499223
4.7154246711469305
4.2561742313665185
2.912089728666163
3.0670411493577254
4.397281650623881
5.4949944741069245
5.003398880150943
4.9814200878244135
4.870758374374186
5.192753048562136
4.076946042201407
3.686134532452421
4.101974013817479
2.517953685913253
4.538490332544006
1.7388050898165615
4.434830253182891
3.747833857940686
3.6466950003704137
3.447743435396953
4.145817161676256
3.005923740825792
4.633070391787339
3.3705949522464675
2.6627822712698848
6.0973704627442515
3.44548022807149
4.5743252794941105
3.739902884484594
2.639069015036969
1.5728773923147035
4.174318687826069
2.1806352756552028
3.844252365561561
5.166403482230085
2.000288679304566
2.398238752717313
4.396155604898011
3.4421318459266237
4.051815552439803
4.888403338611433
4.643953379446747
3.43939069119014
4.341747902173903
3.8133142999463656
4.0061637768003076
4.26657057337263
4.4888160759278
3.853143491509242
4.110213115942739
3.0322380438228427
2.8692618565376655
5.036831075324291
2.86767500742043
4.237148522227304
3.3809912557861024
5.613348218159569
3.3986375580257224
0.16097525046525885
3.4722106393616516
4.453907263309144
2.3528266210139135
5.379254299359727
3.676087565140078
4.788494384926993
5.581087012033572
2.2850408375234896
3.490341658306821
6.71678323948395
3.476081761906373
4.095524409396855
4.48110044115214
4.870758374374186
3.0390612937248385
2.0416352133142857
4.090990235609295
3.078264481469295
3.5835571657790117
4.4325066015774155
4.599076793879043
4.044267123465054
4.284331781891937
3.377787774326856
3.825366361864294
4.160230814656064
5.996382663384841
4.161327658883246
6.408387842741574
4.657138858096304
2.0745222004687855
3.9368507648703623
5.5030376760048485
3.534318356034942
3.9638957657924916
4.338977618143569
3.7597725867171077
5.250584269574505
7.457091161451388
5.795283040261691
4.700097844837731
4.95160351355475
6.500216949042163
4.651420957157541
4.3908100571996975
3.702828301320891
1.9823445942015834
2.034090740471601
4.635200287478711
5.1097606056858265
4.264169429460447
3.654469032891576
3.667326112370719
5.711541455041575
3.0078655421030387
3.894886900696915
5.703938875860667
2.4984050872542873
6.553719959540742
3.3875802640411226
2.8914156835740346
3.862415615581822
2.26757555797881
5.32635414283784
2.7790122296569835
4.971569839712059
3.806777502897718
4.33338526065582
2.8403833536708856
1.495004708811436
5.527533427430646
3.984969704910916
4.8994162588171974
4.150952807974783
5.257462186649305
4.282064717641057
3.6759775982942626
2.9323480628758367
14.16306735510375
12.460212095501694
3.8126635173390278
3.101230086332271
4.893710908173359
5.428792482279366
4.625677000781581
3.6612737972902627
2.7807078761659394
4.107249955514881
4.622448622689321
5.17064302024693
4.71749776507421
4.5414415601596385
3.5348580461176584
3.5906654153029227
3.9107796250490687
4.78238117105192
3.0664204724047996
5.954318812755868
4.693005775327825
4.079339216720432
2.52806706629476
3.708730323060764
3.59246191753394
3.310793901535656
3.6793101069572045
3.6504445129297065
2.6354552581670543
3.8242162385844107
2.765395209371991
5.78426836999027
5.78426836999027
3.503332237500775
5.795223488235407
4.296308282926004
3.9763966651498555
3.9093417258016494
5.051995183145101
5.5225820219022115
4.789793684300176
4.601813870249648
4.7497457494294775
3.9070306222272784
3.6901516224574498
3.7794378479518613
3.1779003061465674
3.791456603435887
4.150379876753892
6.415164716564746
4.426480776691803
6.983862831927995
4.3684266002527
4.088594006981794
4.297119689675196
4.832502169087559
2.5705059008433646
4.869697555150803
3.7524342240753086
6.467876802941225
6.035540146165227
5.151117093517719
4.528279563401016
1.9326247919225654
4.481424669801071
3.8614620781038766
2.8297737703949917
4.993589982502615
3.4284260076011557
5.6744050521433955
3.769275542210213
4.424237910123014
5.41719573829116
5.266139096054693
4.923383923923781
5.773238203401691
3.501114475392664
5.509639093766045
4.6899765249871805
3.8629190671559197
2.2473783769957514
3.90053616168702
5.73471577904894
4.6264728321102915
4.1267014685425325
4.86222286451856
5.0233654415206
4.905217223162894
2.5224720364976942
4.087802915853889
4.943571716135991
3.166559150065484
5.539371666456468
4.366539523858208
3.5349135255604462
3.2859516819397583
2.8470637959290532
4.537057976988042
4.864271766708628
2.230495224015203
4.322689813465294
2.464288136446065
3.4450615781112512
4.303275175870538
2.6063801909167728
4.414612835516318
4.136113054580028
4.060113938185442
3.673461994926116
3.7158171326169676
3.683994385646132
3.1445541988394394
2.8406997479029767
2.7143122827968593
13.542068286728053
1.0585534611193976
5.16847963762689
4.146516397418663
4.892426660024251
13.226894070803482
12.957386027699542
4.66140141278524
5.4535402625336244
4.764739951434774
2.9798430038239796
3.016267280449216
4.427096849647342
2.9003061215375427
3.7998141000988497
4.017965813204794
5.244670068799136
4.235190012202632
6.755667900315181
9.027981813331875
4.2205653525512465
4.753536501311718
4.870758374374186
4.788494384926993
4.981660144178832
4.933291922122349
4.981660144178832
4.788494384926993
5.148443312803472
4.9814200878244135
2.8937817884954535
2.594552749085898
4.003513352021688
2.758788823162795
3.453383193834235
3.7840098725109783
2.3490900617668022
2.1416680098962533
3.9634045118729104
4.206802114037337
4.051733743631617
4.7256916280929335
1.783122239033868
3.2377929059700916
3.2415178322339893
4.307359343470169
3.2361068525805172
4.176805897355862
6.214336692697546
5.2059293490194385
6.192403072010184
4.908887698498807
4.089897930982817
4.024933258698948
12.63979987064223
4.895313187665759
2.2735668761367354
3.2734317015019574
3.6211019432845983
5.331508796111158
5.544433832548627
8.468323749240568
3.815378539469962
2.129055824367769
3.4172692724159646
4.00108804888348
3.1242285622847064
4.325733741739002
4.097745287945312
3.4441918309562634
4.060822972298049
4.793755382873667
3.5761027555833946
2.3718336873263635
3.977208575593002
4.029707590413482
5.138246057740137
4.291679600280363
13.11840515392008
4.344532022679409
4.753557137751252
4.919293472301279
4.918019083862656
4.754922057177715
4.9437930901845
4.978994397167756
5.50554904515327
4.766470585027206
4.8844834024783985
4.735219639167061
4.974130698209985
4.913873682721297
4.197508371313699
4.290885393216783
2.83393969810862
5.3631155336919125
3.3116099815798745
12.719067222667947
14.0674784069924
6.0288292839923745
4.977316674880862
4.0335129548650785
5.095953006863519
6.294187114833431
3.99953379991136
4.642867643680924
5.31005821597935
4.233206002127005
6.301128642526399
3.9226554227626673
3.913871298860847
3.903905629883119
5.501534282283412
4.095746645868655
10.382076276623685
4.47371128651371
3.542103816181444
4.392161606642453
7.019192026779002
8.655422204935853
8.347343310474344
8.632203738666963
7.970210697126962
8.418183700561517
2.3735514957429893
3.1872962619253262
3.2587089839527197
3.843981966345922
3.382060330325481
2.017651162314376
3.2068316048543393
1.6515218783637877
4.148776152856751
3.4933592118570886
3.5129908976208717
5.009057387287193
5.65501881173123
5.576749755044065
3.053241308830352
5.1490723895073
5.853508557883276
5.532128675438055
6.933016262975061
3.921908646506952
5.301333599645291
5.303718146009455
5.236032328973461
5.834605252964166
6.159842571354446
3.665095533453256
3.0173155390989597
4.149818774859472
5.094414063931317
3.933361493167901
4.759794625827653
3.2729272262969578
3.1725899209311286
4.259717924263019
2.8772069034201486
5.3413489207697
5.037861921693427
5.215256225106072
7.177761461442907
3.3089860324588556
3.698998524988771
3.6306278209442513
2.7880800843016513
5.026131887511585
3.3163279514190913
4.185447650198306
2.9954942528319717
4.380921195599639
2.715407861133991
4.409397571826652
4.989682365954803
5.118573190328596
4.494782333983361
2.0419313635532284
4.281879325445425
5.1463773147461565
4.95387718727802
4.129498977625721
3.1034955460605445
5.57060718384194
5.022142084226031
4.511477074129378
5.311379506939823
4.153143562645369
4.563330977213418
1.8593921581138808
4.1675802719141695
3.7400367387765145
3.444686858756625
1.8912221238108988
3.5378399607675943
3.9622263156121518
4.747154393320315
3.1290254216906805
2.7591014284544277
4.8754851149740945
4.956070645366615
3.9253507466074633
4.5619906626508575
3.2280112441170155
2.769496876700792
4.381496857228665
4.148192739205308
5.4973154165711176
3.4499489844937776
4.542382286326662
2.96057001911161
2.8661691238298874
4.017557818133273
1.5034156590310808
4.079751527580607
3.76440179014873
3.732383821554078
4.418256038424839
3.6634837203774757
2.0149184994429055
3.769672298243637
3.243284372019245
3.1013307543344975
3.5519175280588646
10.49722897972481
13.0199374220926
9.999853494788685
13.32918427726346
12.997882783127316
3.663952063189331
12.99985700689696
14.301976631384747
13.22584341736938
4.139985697788498
13.29193023640551
13.43264983809794
4.742923579615184
12.615982962186898
12.953041143114199
13.659938990759786
3.520080177701627
5.048592176618052
4.784903973471826
5.190564300661812
5.11659706105681
3.9363068430899855
4.959664223738929
5.192753048562136
4.12082015945745
2.5708004170282726
4.095848050549836
12.45192154460743
13.596726193395853
3.9153101404935216
4.255448544556726
3.1962383276451294
5.162001452507685
5.459513426434745
5.611247603881706
4.629357571660532
4.146719199704726
3.28392722522187
4.078136681863898
4.001529157503861
5.254457722716501
4.988252629595447
4.086057905412591
5.169667344596371
4.855666393075964
3.0383657362485508
5.834208056858197
3.2517510106882135
4.357730855855056
3.0835701069935655
2.3939869913277545
2.3185896311107057
2.4546425737908053
3.886410390356742
3.3773714144587337
3.707838438460033
3.2709385190975206
4.835382696121152
4.64340235680031
3.5305216943953837
5.800758629683807
6.620985194952836
4.116658445904552
4.859175296564014
2.2091924292478207
2.543289910344849
4.29787945131151
4.2684311396395245
2.7443424185103833
4.068513327544466
4.90916131390666
4.289466026509091
4.139327234955405
4.6367584720696655
4.598743764378081
4.016865069910472
3.0104334128229815
3.2448552045609405
5.85026182345003
4.98290812284943
4.512196478217965
3.812424279468293
4.26528255153414
4.179746384993335
4.271002194619147
4.443844900493214
3.3417931988002367
4.870803061442009
4.734540862441969
5.795967354455712
4.547335440631003
2.936205241529666
4.137512885591512
5.051993118146121
0.6484546789965293
4.965642037140582
4.571238978518312
3.434792828163431
5.1332904039429845
4.853874306271514
4.757174856026414
5.1113904828204015
3.5836846082857425
2.2414020547504014
3.747445244881373
2.6509609386197184
2.782716712812858
2.615127774517636
3.85691788380631
3.201146059784135
4.35776415024053
3.959832990452165
4.969214097440681
3.0023430468360086
3.2306131390571826
2.4680343440250994
3.1243529228881326
2.721418458791632
3.942538947041527
9.507240746881186
4.27972021888469
4.322356227208228
4.262307260784148
3.4414826637328644
3.7844385461036536
3.4868421349159964
3.2924491403263487
6.470550595024614
3.401714752186827
4.661914890895347
3.230074303319883
3.790815922801374
2.2910056561793524
4.788242428521886
3.756540539093744
1.7294264007294564
3.0722378363735903
4.191337152953266
3.9524150694568982
3.0847561343966388
1.9684493499122548
3.8324816118918656
3.4309911318479314
4.403747520039282
4.491654328193267
4.107037767655362
4.373933886416136
2.096689157013703
4.228080059373842
5.214930658793304
3.793794692259542
4.927761160633936
5.226888053439278
4.7063209632051475
1.7020366706965309
2.5588569223158175
3.7357169965797454
4.3817597513590485
2.1217870631784654
2.3284636960798974
4.093701443708566
4.212898235181577
2.698191808865772
4.332456566717425
3.932009936229842
3.9257296533396397
5.89019582970168
5.660966957212428
5.1572506230388715
4.946532326496727
4.313720099338905
2.9421249299950714
4.171308501644555
5.769273266674623
4.712772756710943
5.044345615338934
1.8897736374782785
5.153488563527523
3.813729120571553
4.572854986999987
2.070576699896265
2.3281731593574806
5.1703705495053915
3.76069285633003
4.241001336623606
4.490729906593596
3.4698806637095965
3.632049274791081
5.187182099487346
3.8956031495853454
3.733485133710779
4.075204097102981
2.9739324420400997
3.413438787667829
2.723667556929589
5.931172777359833
3.0992139897821684
4.740886447584673
4.883712812466408
4.2164907752183405
3.2665096347367104
3.8186434929269906
2.3554054153872626
4.062216507836877
1.79125661736302
3.419261790147968
6.136941963215389
3.412097832713176
4.659035715074753
2.1047780778874006
3.079049776348815
5.573707647293083
4.1051636922039405
3.5856280113425187
4.5850130794913575
2.5869186070590184
4.966414921629056
4.137361870939301
3.4954474824439377
2.73062769458991
2.764183381136026
5.077209647447165
4.191401183834382
3.280395508729462
3.8718250005544927
2.8452659029829963
3.0670448733628324
2.195966839170933
3.1753194636717352
2.1700775614460697
4.255886761514183
3.0729036076588647
3.4292276178042136
4.561537224076794
5.077937987450962
4.471349779718473
5.12421594733376
3.972734559992234
4.732902371028055
3.1472412656958757
3.4455943850095263
2.0610099828231982
3.0023824735983515
1.4994631563414336
2.5183576339496283
4.682463445912143
5.380903028083815
5.351981588029895
4.033886468793035
5.672261243293011
5.401932519584492
3.6274088820511636
4.797267796019858
3.506072760476642
3.247419934447776
4.731776721274932
4.839016996756272
4.383594519852141
1.9191108393480278
4.30536956004495
3.604351838120578
4.318816518908451
4.049273658228676
4.716955253653449
4.927039235588869
4.874330611876307
4.8891878142228
6.204780458375543
4.652182947869077
4.1449910882854315
2.9185708224028493
5.071020680902226
4.045688298839275
2.2579021142287465
4.0618731790948726
3.9250306889118853
3.8220209588283414
2.611561464855014
3.6018627196794455
4.170938898893669
5.519225367667734
1.9720288586263548
4.751098141374058
4.6602679961675095
3.803119326805814
4.757791450579026
3.511029551256668
4.997898179282214
5.155577823855413
3.3061909339907385
4.365002484035106
4.30612233762402
3.6000095231756024
2.9231917369963876
5.494376530421713
3.3464785802105235
4.833197519721079
4.5311436886208565
3.163145135209628
3.9270598822266045
2.6484968431532816
4.551657812403
3.0264097282346727
3.2252629929147423
6.7641582750595095
3.514865848010416
3.3708752847458747
4.069027349097169
4.773961580083734
3.9937173135200723
4.469534785466501
3.7066195530597508
2.2210778575618284
2.0149184994429055
3.9862431816958956
4.820790944296351
4.51732851557971
3.634941383154495
4.092684085739224
3.548401232884345
3.8623103517993758
5.149173060223893
5.538838912960405
2.0753065410585445
5.749245014181153
3.6248758691003213
3.9175813625271623
2.364386915669738
4.62057909225801
3.808451306573203
4.477503612231726
1.992558650115258
4.943129173672018
5.263748527492482
5.183317552002967
6.155184993530767
4.208399502195039
4.068195030411405
4.544628623123887
2.848025263612461
3.355002670499124
4.90448589560107
5.314752827964805
2.2645873124404114
3.537097173730056
3.6926496266156925
4.485934412694553
5.148443312803472
5.148443312803472
4.959664223738929
4.870758374374186
3.7602973692402824
5.227918600495176
3.9988918260498867
1.5580494834410548
3.0998068834183536
3.35886999489523
3.9962264844623134
2.30684566009551
3.308482985713873
2.2133265451581376
2.8731925978851214
6.856290438164461
5.9563371231167235
4.877414754096054
4.325149707085901
4.171167542478847
1.7399053410879812
2.8714288388655373
3.2359847586302584
5.153910155119316
4.80152746386726
5.201985835247565
5.623961046089994
3.870858693537458
2.822331816474146
1.736889134107538
6.331731664535519
4.0253371692705775
3.97428337021205
1.9285624194578368
2.128595476110741
4.979747264841432
3.04746689843447
4.5423660594936734
2.8289486178568386
4.523891946010405
5.398995830766667
4.43848670281179
3.327754857754494
6.256047619691708
4.854302952438962
4.243811342130024
4.770697013117042
4.286595524746465
4.279258489332757
3.041205516159681
2.7433348650161693
7.866237145322608
4.549736699331707
3.6901524160738037
1.9530772615278948
6.28983115081479
3.0783129392819526
5.0520112752551825
2.960054832777967
3.908784543626973
6.737576196417935
5.47510557447008
7.0062089265001
4.422350012546308
4.6904123154310025
5.3272664859397665
3.542966153920509
4.358375011217847
2.6979963282258965
4.1787629701509985
3.325327133873816
5.248016124530969
4.9917377254880835
5.578720938827561
6.037893493142246
5.172670677357685
6.776999342540274
6.955022689421362
4.667527637462174
2.982389375799303
2.8270503387354466
3.850933374266594
4.981660144178832
5.192753048562136
5.192753048562136
5.003398880150943
3.8994450374584115
3.8605185837728695
4.227739640165407
4.1887754208342605
3.7602434062430476
3.620596976605335
3.8158494557833484
7.6610970691449385
3.915068837853637
3.9331998361678613
2.7563568364347764
4.365936085854564
4.267842247379714
5.14137936064105
5.143414600766525
8.418776259611185
4.69244544851219
3.4107252677570266
2.817659741170433
6.475051165153438
3.9674551237794047
3.045511852695223
2.152593111808338
3.6603944808721556
3.0859841775380503
3.0101867977740895
2.9667314897993577
3.0101867977740895
2.9667314897993577
4.072353170956221
2.8368599272607415
2.401324083977446
4.130360381597046
3.5177988662586723
3.5077754739567912
4.312545436796299
3.528729383137263
3.3731092735116333
4.085474000843132
2.3387086885487647
3.2559285661871677
2.1639290759915695
3.336174704272905
4.0865429719856845
7.544739400064197
4.00506126810458
1.2574403414598558
4.388159075786627
2.509254551557541
2.595505694573071
3.882142616521118
2.081512218803867
2.6594195063410115
2.0149184994429055
3.803246530448266
3.5491024137962155
3.7867668486274577
2.3096371338231756
2.991407993272516
2.9699691632636007
4.657900311455197
4.942203391001227
3.735442925473434
3.6940711115678275
2.838856296806308
4.875172124692241
3.741971240540517
3.5115607706400436
2.898414218895589
5.850507794402485
2.996120320187261
2.8565713261747003
2.7302802250192175
3.789329215909298
4.591010887081239
4.758753053787058
3.3758009689837625
4.608820171401375
3.5242959690642213
3.528569723666551
4.343445087399388
4.261097861204387
4.68415311024995
4.287677629832319
5.03167683106763
3.9132292388285546
4.399198834300284
5.105297714269428
4.3229384716655925
4.804741667501563
3.726561206987737
4.014383495815079
4.722472355667416
3.4634939601395067
3.6306385066591425
4.980065876385796
4.552104043944417
3.7937276691736743
3.538518095929783
1.9439017972877743
2.2208482977207917
3.864832452183947
3.9040565439658557
4.161220677115324
4.189294058435166
4.360976416792546
4.753779538485227
4.429335095334355
5.576425938160506
3.494916003349743
4.501651027461384
3.286876888055286
4.069308419164644
2.5752529223510745
4.740001324071767
3.7933412870654597
4.56408767565728
4.537856267353885
4.357295193133204
6.401401229065044
4.15969248760849
4.607868616687452
6.3167809760604055
3.3726551102777917
4.670172668675115
2.6057626062540686
3.3964950540235197
7.378631045533549
6.511759505085614
3.9898123923824893
3.3672399091607175
5.337660654951667
3.1616126671235403
4.718150829247898
5.243760455117606
3.3436148774180645
5.123416343136501
4.224190808406028
4.220953458914851
2.9331650849797155
4.502563484371655
3.0662615756047242
1.7650317304311454
5.148443312803472
4.981660144178832
5.192753048562136
4.788494384926993
3.8578020960814863
4.440859633384421
4.06139816277426
2.6203835474198702
3.50384109691766
2.5480298126129957
3.7896010662302237
2.9113355156603014
3.414523078279953
3.9456778576114275
3.9559945500808604
4.764685622232811
7.267482480803456
6.02233075498091
4.764189883450561
4.405756176742741
5.660960099143074
7.4115970674593665
3.4824506963838435
4.100645529730599
4.965449605172459
4.533374351640343
6.550335661136018
3.4224539714306785
3.031741737241373
4.5226906279612304
3.268006995377226
5.43144663047131
2.290922397143805
3.9123317795755574
1.9449822425492247
6.460146278277111
4.705332499035293
5.051777685340639
3.6595427925172896
3.5638237973045883
3.8747769374253944
5.822181147222503
5.561062997862439
4.022821403784162
4.445402651419709
4.026330830774384
4.48151411996941
6.451765438718172
4.063070058377608
6.053286908851438
4.952756836951276
2.277051698819942
2.9920650036126712
3.8998426166177236
1.9716144757790648
2.0548145616469897
2.2628258531038945
1.9673543353095484
1.9673543353095484
2.2188804391350745
1.8876772924865461
3.9641879714821115
2.8449130641469678
4.859963000173298
4.759000312736089
5.711432506153661
4.13115572998251
2.734593378819958
4.442769695364682
3.489724248788953
4.6064259585919265
1.796485022201498
6.366005421812044
3.3771474031492374
4.226080131784228
5.043546576821767
3.808279001085392
4.759274243231228
3.238764629107009
5.724740052716312
3.4673020125434317
3.514950145844748
10.131309196281023
10.108707224323338
3.985449159508029
3.396992828752985
3.218575173357393
5.298721451650669
1.1228525635448445
4.791244302784478
4.4513196140309
4.713995541283933
5.09201160089038
4.478825164305822
4.523370882080994
3.561237363811198
4.335307691480194
3.75593659989192
3.9627267925129686
3.908407240654655
3.0304223476561023
3.3428159050780404
3.068978669095349
3.031159739316573
4.755248738609226
4.324239077673089
4.5469730252903116
7.164134368837339
3.3447207031916255
3.7298309354843875
2.9317067391150538
5.402021812924893
3.8314227306265973
3.084796661876467
2.4433679756453173
3.6736783110502995
4.228998625028378
5.10940944554701
5.862455453561157
2.7264624409271794
3.4000144487793067
3.985209783045108
2.8931648329212463
2.770078324976697
4.473918623530799
4.291934824920936
4.289584598904934
2.7841788506949876
4.85706373718114
3.8077816716044888
5.804496429819561
5.583502105505107
3.463013807015305
6.330416206274586
5.97306469641735
4.9293461482440035
3.4183663360503735
2.9012363224552287
2.133319096700717
3.7334061680749255
3.7849902998743725
2.596222276335447
3.5362312952545962
3.5716407806522703
3.5795525620134403
4.130500706482277
3.7336006077306294
4.034473061721711
3.8031852633766734
3.09606952209963
4.240744190059794
3.2865443865821127
3.930870691542883
5.016440920630743
6.374545282963716
1.7919779579040078
4.2063283257261626
2.200386452203914
2.840444025103631
1.502914723018054
2.041231053542977
6.719817330825573
4.340657206921316
3.8290032944930883
0.9815367866173839
5.684497797834127
1.6864173415957309
2.6447902025425143
4.872368075584371
4.072115566588218
4.2553472399184376
4.11169216087998
4.265474233468836
3.274513172979451
5.673101078092229
4.303335544601162
3.3805121183023368
4.833853272209289
2.855059376133903
4.7537764052098535
4.974727665720788
8.32881274924188
3.3578661544675814
3.1370193602318825
5.69778402723519
3.632347307874073
5.106707407413904
3.3249773575799804
5.422757332671913
3.633525117105836
4.471245991665319
6.033862138728608
3.148260971379193
4.130551830964959
3.834249589136309
4.966105925387781
4.126595669299499
5.297796723321834
2.6344265698053824
3.752812512346408
3.864209331032702
4.8897492446279776
2.219567997725658
3.028507004529936
4.345399949088041
4.4039097273357175
3.5908399352872915
1.633328010294126
1.8111368612532863
4.047187998853353
3.0235575004035273
4.7137244246374435
4.630231886724189
2.3777052736051987
3.9201032963011597
5.069197947657658
3.390029493343285
2.9911802725041405
3.824603824253706
3.6222495692671934
4.401850788690369
4.674126533929103
5.6670372955804735
4.3723891017989756
4.266300522653325
3.74690969286356
3.239036049228836
3.4409985989842586
2.9508654618174277
4.041157961891056
4.855904086170882
4.134587575014853
3.9652877693843345
1.6451865901472074
4.2270122681190045
4.339737570651515
3.7717327656536126
2.93856748176876
4.493840089177901
3.6734469163096977
4.70978746783288
3.6062295716173396
4.978819094987278
6.375378692756504
5.1651459113297715
4.83661480657784
3.98238009666279
4.8828213723257115
4.459107601029295
3.9017472233668813
4.464910080150222
6.029646827489994
5.354495855736073
1.3663994149042464
5.730272336540584
3.61599223696317
5.6911625180924625
4.646431817975669
3.496189859967658
4.933291922122349
4.9814200878244135
2.8830777194700685
4.718071290448167
3.635505455549418
2.8268772465407848
3.837681561848279
3.2346185770701923
3.5026155376536647
3.624565171862309
3.726334172217415
4.400604295974859
3.266814680480396
1.9404702359826782
3.2876172051335124
3.639928277698055
6.0442074744051135
6.574968286441075
3.978524006029681
3.4235574155506385
3.130183726701328
4.688446360478526
3.5411327418328553
5.519933935412667
4.339307138792189
2.6578033859654218
2.7323203751972858
3.9063526746104618
4.432889595066741
2.962795504306583
4.539616422010346
4.952997666445781
2.3609059813992044
5.620108282192858
4.859412660292475
4.685878591153555
3.3728741649797396
4.738022994726911
6.033621322182875
4.590723155772963
6.634659127975248
5.262560931377757
3.3453086961939453
3.596452706651707
4.480878417032603
4.558260311584415
4.389515463636231
2.5625546944678126
4.92840646382251
3.805574590701092
2.4817706303200042
3.0983713484454003
5.721050978360966
5.478816907383019
4.470076690152485
4.170900387881781
4.5775506542939315
3.787340421514895
7.752113663363136
3.9353516012765146
3.7323571092968706
4.5851528090662725
3.2204246061947903
4.911275477772176
2.7715302225402563
3.859538046078142
3.4530898641218797
6.753915006946052
3.8708585595069
4.665314123295544
4.363564714541411
10.181480984237648
10.10393735527482
4.304644983904906
3.169482204567538
4.8449844616614985
3.195866288274477
3.030256513152931
4.317411113928381
5.187468743926214
3.5014643839610406
3.6442631081890235
4.79070200994989
3.3373593326563427
5.093347960230576
4.089987254459005
2.897726084109842
5.616961422608406
2.036739072131621
4.594864266465668
1.7283089314633684
5.5610390257766955
3.2644035093090484
3.931821958679393
3.6496664977681728
5.318425522371577
4.31996190512623
3.5921360534476072
4.939215964825631
4.750182716508493
4.669196896346896
5.228272794808715
4.657566077117984
3.9805050317111212
3.6687565924027443
1.6786501247413277
5.377214546253213
3.775017788809782
3.726151930190999
3.8105588680557165
3.6861663166839578
5.988458621541471
3.74165164998066
5.02567177939013
4.351455444279428
4.883471508485792
3.3941485673826444
1.6928525510510593
4.315182175302477
4.764525620992677
3.4566117385942814
3.6259540545043194
5.315555009180083
4.332888438135607
4.416961451997415
3.1259436803395477
4.00029642411598
3.9676491916972023
3.738557539755118
3.4274541830678316
5.930394992880171
6.791293447976565
7.391559861116109
3.0306166584671144
4.14211699900138
7.1785831686793795
1.5087969624305577
2.5878847678305013
2.5508937114899464
4.975070142767279
3.9695999865907963
3.6858272115161186
3.5990640541617602
1.9354052980142615
3.955768839867637
3.1604304697622867
3.958875083001263
4.587047700722705
3.008067987073925
4.394584815433055
3.7541926096018488
4.848357172791099
0.8571131783673263
11.064070550333973
9.18342408661194
3.0591783172631164
5.3381312613178045
4.619646803880861
9.89887127624652
3.339610891516291
4.659275365265023
11.002935939933629
9.136436344682828
9.165873583767734
2.991684689193409
3.527073835635066
4.230049614026253
3.7722815664685863
6.586878764215341
2.205797496007392
2.789114661379091
2.3077997160737596
4.095181882965405
3.577948126932033
4.097949385858245
4.426822608221223
2.6301273674849526
4.770445424048522
2.7483708960564743
2.834504721004481
6.40898536232317
4.297461813721983
10.918432202149297
10.902634492529494
9.961800960852102
10.99543641474607
9.468597355985342
4.80259771763257
4.03252847269663
5.965235540825519
3.6274267918406395
4.357955539167681
3.1595344645524857
3.976527545414081
3.677685574218777
5.249173948788002
2.0492161958885666
4.390873736097638
3.948008773718457
4.62104829902858
3.9587625846316747
5.283437217438828
5.242926215323442
4.987742169929268
4.156405708219019
3.1555523991285153
4.627198733181087
4.171319285885529
4.461756193475585
10.932694573979445
4.67630598799918
3.6314912724163366
4.827476182700531
3.9223325020360225
4.479224865990822
3.13302008092251
4.471750882260345
3.3074392453902077
4.358322981121514
9.083993015870632
4.465022902712105
4.004030032742907
3.996054661282993
7.109507099499757
10.765164965347292
4.048804222679154
4.71229324326863
4.0142284303779645
6.841607975074983
3.1580546762730544
4.30907447098461
3.5960184900634053
4.223854984364608
4.329077374291228
5.028172530913059
4.116053592259317
12.189813074707612
4.1983294437030665
12.212975751567377
5.547916110509198
8.655022499744442
6.4593259995806305
6.226484792886097
8.833472589549036
7.930842164839972
8.805529470524384
1.665485002367772
9.121964192358279
9.145600048531072
3.4975488666415115
4.091378429799562
4.551753254400917
3.5924602551177087
3.7764729888642323
3.996946302580427
3.0029709221168033
3.703422892816244
4.492779035710106
2.656729874561847
3.876891484448299
3.2821122726031127
4.3574721751645695
3.2228118501272167
3.6751277953594315
3.764435185944656
5.730687748897225
4.883349982480082
4.0204203112850525
4.5850591436956645
8.09680606446462
4.0146882898935266
4.7695122972887605
4.401707009660204
3.218249416084222
3.376233246614709
3.400344703872631
3.5236431645054758
1.3004197107534168
2.0413634949138957
5.413422773185579
4.057955342116114
3.32875790796747
5.235269855284888
4.163416848200066
4.22149863765678
8.909125174038017
11.048222558528941
10.960004976327065
3.9499892705321544
3.953845877290948
3.1715490710247103
2.9395354386347217
8.182571553923026
4.230773187600611
3.4393029346971558
1.567148721594167
3.574922906969247
3.4269277035164367
4.7558972560770565
11.062976803655403
2.4687609863878963
3.3830570500068866
4.303666157589774
5.3676904390497375
4.5547130455896685
3.4002133415074303
4.275291918593743
2.2644487789057828
4.679687852029389
5.221670520883513
4.601822831164528
3.7809693059126177
4.1080914483531625
5.359855580349076
4.217655098310458
2.704318580542645
2.411918323959358
4.883486359470339
4.481440948623671
5.994716077190707
3.446129985457598
3.378292346834892
3.6709772038943216
4.049972499408593
4.369681867377057
3.8862779537311845
3.933491370510528
4.489524363296675
3.3903564303042453
5.717792838942723
4.2921666993249366
2.3348250403926887
4.3244358891237225
4.904205883237275
2.74202638337587
5.850166115824433
3.1673479202590324
3.692777932815137
5.37043108774164
4.647650387467654
3.7074754457531025
4.611101658561003
6.863533752346992
5.679214436260134
4.0080058365647036
7.005085624076312
5.577056538782883
3.616626911620282
2.8788384817800945
3.2880991689620234
3.6178206725956414
3.0733841347334128
4.275585106763712
5.501890941094953
3.6904551118652105
5.493913906102716
2.6086432083969306
6.645229752240045
2.381846313586452
5.770503170095797
4.21283117271595
5.688251943516887
3.475093304370631
4.107842567517748
4.0693607751498115
3.3780941331684087
3.272535253305608
2.702535401699943
3.249399076360336
3.341908313466064
2.949498912131237
4.045492237677344
4.164044612715013
5.478026790377422
3.5496009664617003
2.518849559383824
3.9446681056845314
4.452964473091519
3.559970463733533
7.194066228464002
3.7032446961591483
2.596063235497248
4.465787429850325
4.52823711800488
2.494369636792153
3.3332822718252144
4.3133107046649135
4.559381749061548
3.626514910358466
5.232655817016878
6.004804873401834
5.022878341602013
3.586840101174197
3.968171566679847
1.8701374046131205
3.940097024368532
3.4971665922725275
4.507666335468785
5.323959776481656
4.8169698260952645
3.6838712389244024
5.132924200765142
7.163999602213839
2.5353510571190063
3.6917405550958695
3.9467684367174325
5.557813551656182
4.127186747852441
4.240884843754909
2.8253036290062354
3.7062250256071643
3.0179824984648596
6.700442718459939
6.104051306245495
7.403097579301551
3.7314974475721208
1.3066678076886955
5.224988092219276
4.1702522560013
7.379849972634806
3.9243222169892102
3.6915130501322975
2.424237092864843
4.436115058705469
4.889837358253591
4.409605426277185
3.7019166504233727
3.940722647581763
3.1316220335433744
3.935901954276644
4.714413176117724
2.7344724102391424
5.553628015153394
3.3102390501977776
6.161534281006696
3.514669450908878
5.0464919243444495
2.281180144888463
2.8242113865064526
4.233823672940197
3.3841947244469464
4.9320255508023925
4.109828531565457
3.8898105534613014
5.301729501024274
4.645733871805416
2.0151689733365585
3.044857549687538
3.758324493761362
3.514012046722984
2.9382809578974727
6.347945847672501
5.057305375582764
2.3228439756890293
3.8460294527189385
3.749326954190312
2.8504836403572873
2.8762086105225673
2.8456172756539386
3.4255108326726855
2.8131621846106345
3.0121828835513016
3.9980168195452954
4.437214254761923
3.43062591458173
4.161619439405108
3.1841681595827667
4.259403094901753
3.285291883178261
3.7587131399926093
3.1356776772076134
4.751072949460633
3.8923581892195145
4.395273596145196
3.558313836262873
4.253214011835743
3.5550162665034364
4.0630040537616505
3.8800701171816927
2.757601817481024
5.410064258404219
5.305425235840645
2.860014901552954
4.306105681469514
3.2430335159378525
7.644809444391965
6.201085279735107
3.5469720020497704
5.5286066692180285
5.0998352596017105
4.625788393803937
2.687004553346859
1.4984513900966991
4.087535238402632
4.396442765940284
4.22898557907958
4.574283522441988
3.449841100845397
6.194344990207482
3.938397194740454
3.889645562609533
4.1540061077762696
2.458479454955669
1.491938680289806
1.643249536448276
1.7284792571829035
2.323541871548544
2.0627235063050255
4.20716835370547
5.537312419801079
4.192126338349455
4.715989093838916
3.4224651464002367
2.6487784030429395
3.4448068798411793
3.4663044313072886
4.484046393468672
3.713519985486458
6.65461216511539
3.9248864989953467
3.102239043429107
3.8627508352316653
4.40611460312113
4.446832608303703
3.886542875551945
6.733831423042975
3.1915919483796293
5.911894741494606
3.7167142700471865
3.7111351678930573
3.778203982637954
3.630659975431246
2.1867579172984244
5.160763930447485
4.853874144598296
4.0286201105732555
5.216383834223622
4.00440272864147
4.028379529205825
4.2059685728695815
3.1238520730806365
3.3536958968745743
4.489788325141683
3.726961907774412
4.754265678273286
3.1604295875453627
3.789122495324455
3.540664555625131
5.17622213294134
3.365587696020483
4.10342373344217
2.8964517389068862
2.0325974570361387
3.40636073857143
3.4959648479326604
2.974650771020353
3.803712456482349
3.0697449650614
4.231743101986268
5.2739797017098535
5.47800617044373
5.627516156879578
5.256093384617555
5.759879594362137
3.5183255507945277
1.8665969995449054
4.350820892563055
5.6054160155802455
7.019894389746357
7.0372557132396905
7.3010675889511205
4.674926745866323
3.9469962649636514
5.6381109032721985
3.3549177939310706
5.216033271013683
5.060308761733259
3.8632213690196204
3.1116206334749283
5.350465101857033
6.430372478166611
4.823044666345011
3.0194096942768445
4.8495001904316855
2.987839092288436
4.732032692622273
4.2543908829013235
4.450095881905471
3.453068372307316
3.7534575101221095
2.9804007449750847
4.524696132356147
4.51251204626224
2.165047203081593
3.5905982676246153
3.80384473677007
3.4869832378606365
4.046526511391217
4.637783406366685
2.519359285286476
4.0112669609462
3.0624328944596946
5.0331145204153955
4.824788004557939
2.6821547071528427
2.72780970969369
4.418473660185943
2.9700306401344694
4.4606578927325735
5.041714613301895
4.4975416842044975
4.540848626359421
5.072798186755403
2.660170223416056
3.0540899347330934
3.090219636212609
1.569759559545914
3.864625410379457
2.5068208034766233
3.823708077764156
6.163217915388953
3.868701859632978
3.5879861785312515
5.866970318139976
5.8327467434343925
3.109270106368854
3.5267708720045645
4.827863266478303
6.635555423075221
7.185409441364875
5.1567202561490655
3.4144175498313345
3.844852211838177
6.280604130632837
2.7934661651533195
2.885977695049813
1.2976080950454145
4.382743763282895
5.3723955816228015
3.5122633934369873
3.984184365089891
2.4780639127948114
3.252631609235429
3.3165804940677233
4.21161317679223
3.6711515073952787
4.113297022335779
4.08603300766328
4.159089285253804
3.8687480986853537
3.077942799305952
4.0729180890664205
1.8303799285493856
5.4046175734639
7.1795898833544385
5.389949536342357
5.316709347126462
4.6267945095531315
3.204413148196257
5.445355512082529
3.70703433603601
4.085041813583977
4.560093969870509
3.204586137641813
4.359088297461449
4.2135001857342465
4.612360262253442
3.7448430783014435
4.269530796934809
3.9867325289860274
4.4286680144043515
4.845962572845
3.9570285018631957
4.346753516719133
5.480011082883325
2.14205862506282
4.046858799352327
4.593694605942088
3.9806640405489766
3.9321749684288627
7.889227145010354
4.917905258638716
5.005419500737637
3.131452963407807
3.692521077010198
4.072038913233694
3.0355211855369637
4.761291077513812
4.3494204938045185
3.9353284903510355
3.8018460139088694
4.887257753473857
4.1666187568116575
2.2975781406072486
3.240007120801265
5.934835621404095
4.002396153587925
5.169579448744504
3.693867562434311
1.4605266187515662
3.498764048631355
4.2065655870583365
3.788958692429072
6.049875853840502
5.784877482988653
5.412483447616825
4.535091179788202
7.710701074315926
6.341256530037994
6.309428325018612
5.101235241509913
6.220551923208221
3.6303773713272283
4.991720755731365
2.532723320945266
4.202175232915334
5.630933838234459
5.549713174816607
3.9952905270485695
4.262049251030424
4.921105582694464
6.02694527297198
5.079355850348751
4.5805452400323725
4.703414390555082
4.9358070318725344
3.6292678041065787
3.6280699416973885
4.31701549066098
4.989658922524962
3.9971329429951905
3.3158555309378004
4.038292956887425
5.9752434566381405
4.396126143318185
4.556644813494664
5.397948060586204
2.569861788974088
4.164039533982429
4.5858985533276675
3.8410356100552026
4.9287316812148445
3.9121264123690125
4.722703371597326
4.305130792021081
4.478218004968288
3.829941818911454
4.499866023676081
4.490073158999147
4.4202762035017695
3.170827568719143
5.457064145137801
2.619846303345395
3.9515058842561688
4.4114150196425275
3.2294416761024842
4.335497533669808
2.9790308868205155
3.2695695241665135
3.3489856299570793
4.936832173883133
2.1422498194850954
4.6496261384526445
3.5916543861490573
2.641489440791229
4.045818619176809
3.99838302595271
3.9184305546032934
2.7280286551876998
3.064844987627554
4.293971064506549
4.351700309137544
3.206847003398025
3.701981319491297
2.9685122765870378
6.044954963300414
3.827359875964823
3.491399170821348
4.042672405975394
5.323959776481656
3.9629425997626457
4.88896825012995
3.728864902993748
3.6528900076224433
3.280189460912763
7.250499028074993
3.658236811839385
4.031379745942026
3.7177088921123915
3.009832483597035
4.569609437839687
3.1984555797528413
4.678606863044499
6.043327137567196
6.351645019201582
4.243395083429781
3.3786710339788053
4.090354886134518
3.756002185892757
4.1524992205668525
3.387634320059817
5.991974709396891
3.6382085901845795
4.906953696322809
4.99273846103053
5.602259146750741
6.14525931852576
3.8642272806980347
5.29359784257884
2.6511840967123583
4.91467269281269
3.8064068198436884
3.5141321812666027
3.8195220270129657
3.793990919734487
4.6444132111756655
4.711732942957609
5.1398025197667145
5.170761075110616
4.133987562032805
4.398817872058565
3.157269351014301
4.663817999466992
5.265346651338541
4.1714811050295975
3.799968862378958
3.861832225674365
2.7075219171021243
3.7629737323801944
6.5289329229282655
4.985492054436392
3.3847934669884183
4.091010908767092
3.5271951637634773
5.103734962410467
1.9076750443812385
3.147550616322492
3.208295833126139
3.631811158457917
3.7474988542059924
4.845928428157497
2.604876963589555
4.365187464071415
4.163420284173177
1.3174302820589894
2.5125083339874434
2.780356271196242
2.164005792532034
5.183652091210967
3.8331133637710773
3.76145871597585
3.5609973019560464
5.370602376067118
6.611504774892959
5.112563010446363
5.521079186268671
5.966726001638597
3.2007696248505715
5.362846948641718
5.432856072109707
6.132046824591856
4.292898873712446
5.307591080178961
5.596016816173402
5.246226155482643
4.48553291473612
2.750458017302271
2.906654181250963
3.9970113274916095
4.294157666491825
2.896855299441669
3.213815663643915
3.5046164705743155
3.251514086331342
3.115291275106054
3.871104185986094
4.15533674000562
1.7351792853303722
1.5742941435681281
4.810607568530093
4.798592081379257
2.5391734135668265
3.0738189880205447
5.090708334033291
5.6960660883040966
3.205115793582543
5.992921881952837
4.930459159603469
3.466788417147587
4.722726108139797
5.86730854088153
2.2592521241066406
3.7396007667930253
3.598601367265683
2.3768525546933406
2.742845693870302
2.992556868713494
4.8727736803889306
1.9152066361306996
4.936100925438606
3.071615026680694
3.136124644100602
3.3414130107346316
3.6913766542186903
3.491388039144439
2.218811069621765
3.2815413316645934
4.315862860542483
2.840761907089099
3.9054321405788164
4.247074511487254
4.115127359385266
2.8334348188077203
4.436700873362133
4.088288662988594
5.30732227145782
3.8141573450245643
5.304760536421174
3.8140269827251547
6.45730404613504
4.517647984272445
3.2562424464986637
4.550422254591461
4.297100457129874
4.401543534150664
5.360099699562181
6.251723355569838
3.2171747749246755
6.272448961337711
6.240605847618932
4.225620655627708
4.021723484965785
3.9696498088751646
4.1888582534980765
4.786813311910892
2.336145329726738
4.268176867623101
3.0317034284772313
4.603492675812834
4.724208175555912
4.155848707912069
5.134746458714724
4.87945094340588
5.525067934437426
4.360800310547465
3.9897595211075325
1.3567473566083637
4.6285747477456765
3.294624119480771
4.090513756574721
3.7401104530562415
3.266720985840281
3.2893162151675197
4.063290230385276
4.270023181714512
4.481303169127109
4.795415965607554
3.731022106415143
3.8750759516864344
6.512241218322529
2.8167462439501967
2.5284740180171394
4.751893992087931
3.6641761255346226
4.217502648235238
3.258340980172132
4.8090895642663885
1.3445339237026035
3.9369364392202897
5.094531259525948
3.250324894295783
3.2422820193044695
3.9634210373691063
3.338377563396889
4.403309252817287
3.2841635129910505
4.031250471906888
3.294048914271892
3.4207355385745073
3.3389737781478948
2.7040605709791135
5.582140221348096
3.9994321573786658
3.3978148223758433
5.831295662374615
4.457278373004619
1.6818198633270898
3.861307138737308
5.0643489619321125
3.7743183014810784
3.5663395042494863
3.979230173904804
3.5482441784040817
3.1999682080455285
4.198106845037497
4.62884552816471
3.0693399877627225
4.1568331472546
4.123866622060143
5.084622896770729
2.875392467062227
4.411060944483474
3.8897605236484187
4.628821876379982
4.085808168684975
3.3341520857339524
3.2388943994758117
5.02132504870743
4.316599112265853
5.07548948411958
5.141420742097548
4.906915821778483
4.263542753313495
3.1361662215808646
4.362839328060742
4.933999915778578
4.1417530598925145
3.1551421623790894
4.508663500257384
4.721985545833009
2.543671814334358
4.162370180705497
2.4670866482697664
5.485079202646165
6.212389343363107
4.377214541016123
3.736268142214475
4.550483748689803
3.076364908649185
3.332450972162545
4.662986828672383
3.384047941134378
2.785142173204736
3.3378174983053444
3.023930033952412
3.4964231893721833
4.870946159210507
2.1593434993858733
3.6622123391905212
2.201179508050724
3.5725129383636625
3.9744838788102035
3.4638798735420973
3.3252539428749754
6.029803291680511
3.325430029542663
3.689440894568114
3.7859255441992348
4.174548027634071
1.8380532151855462
4.2195623255787
4.354289185907214
4.046066962153071
2.8121770205838685
4.107196729977891
4.222177427058519
1.935999209722211
2.9720295240574903
3.002687129721235
4.158052162453346
3.4261109985850946
2.9558575507942253
3.5574558015921522
4.79919262560619
4.129156696398658
4.632591953540242
3.3296380031015396
2.8763349763605803
2.1241834278166896
4.261638108485576
5.063165076226784
3.9779787296424027
4.506302769483141
3.823481098939736
0.900736283026462
4.3238857095359595
3.0041069942308405
3.843522209257717
3.426086877796119
3.277293061555963
4.345584800157271
3.7985779246642575
6.0201479638311275
3.903356607168464
3.3078733344657842
4.262693736772568
7.208760987182986
5.233574733670503
3.4785075550467557
4.146571456339792
3.7298511841587114
5.2021735056314125
0.21343835564125602
2.2758164532759015
5.422567759585711
4.098719730939655
3.712606190704697
3.9382861834353933
4.1331273525559205
3.5098360236301533
2.272654313168449
2.889651420210945
3.6031670271094502
3.5442785814397424
1.6878218281419466
3.7335716912721884
3.994105900288573
3.977365682181288
3.3773946467863496
4.5840591576502
5.094265281318441
5.621588792151088
2.4356617832486416
4.625518409726472
4.6991350078470235
5.167657269285937
6.677803387382466
6.534634100078925
4.6907546523382795
6.740911176969268
4.7671809658548945
4.490282613337026
5.17686766505256
1.4973461725171306
3.4280291125041575
3.2420696496601393
5.014489286519218
2.473942459461735
3.6098091585785537
3.3364453730763883
4.663999554601681
5.192231120047185
3.7517098043001513
5.981102675870234
5.960750349440012
6.223238123160773
6.326374630952449
4.417452691583028
4.7785952779071375
5.003596823446111
5.104634925501076
4.217826598096507
4.442840469667561
2.712775341194374
2.0361157463794486
4.082423018136323
2.024709896711522
3.5358793534706416
3.265853288286353
5.26941222460968
6.432660874434891
4.956679712824555
4.531158740448425
3.9154571574362746
4.4024478537060805
3.8473531702817985
3.931287619483786
4.669949221421787
3.966232662231434
4.108047432766151
1.9605021011036121
3.934617432794637
4.464925931642493
4.009001608635849
3.6345867690293905
2.077211147147899
2.608166398609899
4.310335592150016
6.084772798615796
6.298628805650054
3.7657807167639765
4.5248304812513584
5.9691525263836915
4.524273424302164
3.7126052425874527
4.18666293787207
3.9727579130449975
4.534390204055425
6.594182104353869
3.20807105975644
3.8961503541574336
1.7060258644970716
4.609482259861042
3.2972762423436697
3.7306634125889744
4.126556185479181
1.9228834428371062
4.889931354468636
1.9254516928584038
5.136123539903033
3.8490966309032317
3.471102730042343
6.714621600254506
4.197307683440719
3.3609411501167172
3.5040957122050447
3.0224678462444525
8.864492913271201
8.153961382616101
1.8878463219159096
3.4403091675548083
2.2016269315660852
2.9833223743179977
5.567529850205295
5.700191360980974
3.7999088413569138
3.751348866308341
2.5409878471909133
3.2590894191999653
2.6809571732969197
1.6168960971744593
4.398003591112959
2.98339496515029
1.6225020018947447
5.6497305154187165
4.855985517966208
3.514249332718704
4.487388761284334
5.505466340096413
1.8652594541691614
3.985101044084262
2.339736867493401
4.929801084901836
4.868455484512092
4.444195031548394
3.889107887285985
2.939561361199184
2.1876712920243424
5.298860244585856
3.3101741125566577
4.491022186413367
5.811290036345482
3.372262349624713
3.2529983939486566
4.1327660517841025
3.4735335980258495
3.4907011026147017
5.994716200759878
2.1993932447176086
1.9778333202740446
3.639048477280635
3.417326102493697
3.474771200007146
3.434282509668018
1.701489546183716
4.324032235131169
3.4478447390815745
3.086356765959922
6.504751173685541
3.529420380810216
5.374522162907169
4.46600487482743
3.28188421948948
5.73826879781638
5.711350707100874
5.268288792280203
3.4829852882495516
4.35779745111452
5.692604012888263
4.0544700856841125
4.524332289137848
3.870533287233443
3.6178441198407465
3.6843665987084004
3.0768898529155773
4.303928129506907
2.048471809191695
6.984880102793621
3.768208885005937
8.353439874247288
4.112820360374177
3.5139610939478376
5.278404336094735
2.4713292273925536
5.111846775731013
5.980115096006283
4.888735751683932
4.359921635808982
3.004746762870287
8.589952631608508
3.5164279235571123
3.233520524784762
4.923480346640663
3.624275225083547
4.429964753343604
4.7625100963728135
3.867157602250301
3.7642158525764646
3.190564996916272
3.840794996439112
3.5293299814971473
3.1719907107277074
5.132546084102229
2.9530244356638526
4.012683116156081
3.7229223013714905
2.59018919302573
3.9555324859693535
5.630795208645058
3.8816514113130847
3.695777675301629
3.581445327599552
4.913841865355478
1.527902850454712
3.282087431187119
1.5119773430265564
5.0218282187988255
4.9950564530853905
3.5709089073648372
5.7395504837252895
3.4440179582138564
5.734003657566542
4.567808291499611
3.591484126705712
4.9025406955948485
7.051211683953664
5.967589611019232
6.4268970273976205
6.125673171543812
6.236493116568065
3.4413161016168843
4.845063435427389
3.2215288903500077
1.1298725568853891
4.760581442006098
2.718394217474059
5.34581241208463
2.9123689034399582
3.979267265507001
5.129632569703463
4.395568152673035
2.0712141684766747
5.627498599809285
3.916216708018178
4.783522059377381
2.487706554885322
1.2776177048555226
1.5515830669016024
3.7885135149373332
4.8232712117765395
5.432833519150867
3.574377242753986
4.255523807286087
5.760019840416164
2.25882988534049
5.4365508534556435
5.4152193592866285
3.1967875556941223
3.469306599368153
3.255215944432596
4.911830066558926
4.778774959738045
4.014008678146306
2.6787642723588267
3.1707099541010466
4.822506428281388
3.3445498341664766
3.3358339106530335
3.5719549471747274
2.6662691894061004
3.6309060237916615
3.63891017429744
3.834158090419222
4.0762219743278365
3.7812032534816065
3.281561303580247
4.477251231491137
4.229412889847843
4.9121117626976565
4.399068478106189
4.199992406669637
3.930799667936596
3.2909437595410256
4.210133939527736
3.331876731230319
4.651376168867419
4.191870165503803
2.2142943938643977
3.502528520725898
4.265464297245074
4.637164137198981
3.109232234044491
3.5882443588881734
4.664445967916851
4.552763004992241
5.382888464452784
3.0951894858816
4.454760697890938
2.7560071317741315
3.3429962497954024
4.063507047358357
3.2393045519722667
2.9065418979349986
4.467535714532959
1.771870129905373
4.367908716236437
4.2490707004168256
4.580943188919307
3.9969496191398535
4.6171744819807214
3.6969853692433943
4.9333821780607146
3.8568007178089045
3.4607467563432324
4.6787831807806635
7.477489710810393
3.719085842536475
3.9149742097777427
3.622984377373779
5.148615029188625
5.316445738188923
2.7285993059970606
4.396453413065599
3.487134728623128
3.4160936555182713
3.932747882224241
5.02935698371104
4.4140001605456485
3.8715486296437893
1.8139685904603464
1.2329464490772173
4.902649097878849
3.0881398600078107
4.025960875083973
4.984453393455161
3.2657381377413603
4.454456621641367
3.749734742834969
5.081244408393378
3.746138587769968
1.5023638314860035
5.075299781199721
4.640703479898138
6.0827199469008
3.164379313254187
4.56311811610674
6.444627225859999
6.534507719540094
6.4446259851577
6.178719698813767
6.128096171159025
6.208475159827907
6.4186301937944155
4.323519360947998
3.4768580720681883
4.2139261282893195
3.178858547543486
3.998862782591781
3.365326519533611
3.7519307023228246
5.331535739953042
5.279229282593999
5.229505278037271
6.016853819968742
3.531681078075256
5.480977088502206
5.333287227566883
4.911369039464847
4.698714080269725
5.135601041136976
5.149458958087832
4.958539591641335
4.876580240793423
3.7669553793233588
5.689697966864481
4.086787165188218
3.9423379499549576
4.632634830903943
4.167611088998367
5.659735778937035
5.2749198589160535
5.085779619506723
5.252056042770422
5.010060370359543
5.797881857140545
5.921863454584605
5.042893479417403
5.074551912486168
4.179689371631103
5.3529794235183825
5.44330575949777
5.998225434840922
5.4025408485463435
5.5909461412992325
2.6016724797052584
5.177808548902474
5.367581911083275
3.605142419745026
6.21189722205926
4.935903366237241
4.532832356335914
4.924836006758505
2.6510544399563623
4.987057485892493
3.83443392701946
4.0915438642495685
4.22763124033853
4.224649928432018
4.227634174699073
3.942858034083681
6.409726159284384
2.872424957199939
3.5316358441781084
3.3885270955677416
6.570599858195943
4.904858968976635
3.4273127767305582
5.0440087730095655
4.4150806244324805
4.367724807844293
3.7818715488760843
3.940164647057162
4.308516011393425
3.255260779920373
2.638375795300591
3.5903339510198897
2.4991382371236095
4.80282436088733
1.7010914988055665
3.8954187216009815
4.150480959889639
4.385743675920066
4.592256739156883
6.105013883164153
4.57697311179472
4.855225777964799
4.3747609976327695
6.375879226309161
4.184530266008425
4.381904306267263
5.362914947172784
3.329679606470738
3.677333075337302
5.242137828872649
4.082859139129709
4.999001348469189
4.855139106096582
5.032263259118562
2.9478286428541844
4.237405552567456
4.415890653356456
5.701176999493101
3.758518401391941
3.6579695371395187
3.2244767105685823
4.4036298903080295
4.52324854281622
6.767279813490696
3.5867687383235367
5.102010569514821
4.3204286619658
3.4818832617187954
3.301593840206774
2.7921835233494305
3.6719655425682123
3.7367628310773693
3.9987394721243352
1.4964156329161211
3.815643336703335
1.0000498113837661
3.901677460541898
4.130582797875043
3.901677460541898
3.9105605589537036
3.901677460541898
3.783826876380813
4.031872632159872
4.130582797875043
4.1151950878694965
4.297886863112843
4.11390599935916
3.5706180417127307
4.314335876768065
3.6077014289482237
2.362437521750212
7.154302975834513
2.8394570386299134
4.175694812342103
3.367341079754207
4.737586688677987
4.256963088589907
4.965567400928408
4.180770422192143
4.1103231224543
5.148450130958064
4.1228741452466116
3.8023967335776647
5.480196378262556
4.199277812480796
3.566717481944587
4.1451495142785575
2.9271537235663843
3.7627072035783575
4.919433702817596
4.815280304026338
3.993198480553236
5.053896526560662
4.4547128363156245
3.882261625044893
3.517336136493293
6.391730279838888
3.1747408714690444
3.6099372489994903
4.157829681247603
4.748983665379475
3.472556656796244
3.0149635111030912
4.30002856369792
5.315812728885078
3.9219682265178526
3.730406992982859
3.8786389675561073
4.275449104397037
4.491170507830363
5.736673037402571
2.83596682548601
3.9402489857593594
2.694664520598592
3.529793243137811
3.9400963905053974
2.5664175073600193
4.104923546184988
2.7068026783193466
5.621316065580046
4.483262388677377
2.4790765984619787
3.8820355494021586
5.341047820176173
4.804832133131218
3.358836607603968
5.765954836636193
2.387318668108454
3.9403563029561477
2.7460299427668673
3.472138113360923
3.432236017625798
2.3208463527481578
3.09097554668029
3.9587524873276903
2.657127800683584
3.197010479447841
4.77195279786515
6.031986427647639
3.241129738018871
0.8741683977248069
3.0443623091328917
3.767490280707801
2.5671544889054627
4.5040373506142855
4.059291857483391
4.00752429834046
5.347465204521686
4.307377410020905
4.160968999729954
4.003344978000646
4.420732024155457
4.825628590571515
2.2733750385740787
1.6899156005031175
3.0669756118532536
2.7113399305067363
4.07306501054396
4.57200953209788
3.6728796952605784
4.752366502622171
3.214725736736235
4.437051795145116
3.9788328063461487
2.2264893637834313
4.424625472006814
3.4814337046432158
3.96989628222686
2.479555132694845
3.5194383541870695
3.973257012679974
4.078071494293144
1.569753641258667
7.020821050619276
3.456693181838515
2.8491519162998133
2.692238181106067
4.838598948705017
3.280703495907595
4.2183229343435364
3.5056016756314277
3.015919471848842
3.303035202606753
2.981442405405893
3.2849466941206766
2.193804196833499
3.576467823407797
3.1650082565760793
4.00561631555788
3.7340197761435925
3.540563939203573
2.7256283653651634
2.979756063396463
3.871353526595339
3.106777831303863
4.961904304698363
4.821579784939064
3.7178133896365253
3.5933155880975374
3.632948404067459
3.384561124787779
3.348865877879219
1.7236851659425247
2.5868511618278562
4.2574362658709
3.457297739755845
4.284601367808332
4.29998236404629
3.984478193777905
3.0726512604933487
3.3287265176164293
3.133603324699817
3.527496271567881
3.188718944011779
4.624130555297996
3.62851125971275
4.4446757572376985
4.983342132766386
2.616013993335746
6.542721880819318
3.9264713174115418
4.361130953665861
4.438786450785006
4.6036461943648685
3.6600421818522095
4.589430815528245
2.200577316243476
3.8599946290005263
2.10124866383236
3.7525214753947718
2.96231454527976
3.3079182101770495
3.2940147311367713
4.529514110688079
3.4914800111735875
4.253375458982836
4.105243822855266
4.087187709631354
4.871058925005835
4.8357512216755465
2.577045819441935
3.9011566634101333
2.505692607774013
3.5267651621690983
4.517261056411782
3.431929901805055
4.193969901780693
5.061055086588919
5.349514399681329
4.244053874848362
3.4260526190015517
3.345936722175942
6.0672200715116675
3.5919807503241605
2.7711660348082354
2.9326960234577664
4.6368617135613865
4.068493011186953
3.4291825855736717
4.777648996437024
4.484350903250174
4.38761066004863
2.3924283704710336
3.3926540039131012
4.472399526465111
4.504330894578253
3.6486122705990796
4.33812048302054
3.596906915034402
2.915587753240984
4.768470420275312
3.2671894339334115
3.041720275033152
4.147987352821574
1.8398607066170083
1.7584105783487614
3.776616865978677
4.606713476541785
4.413957458127832
3.152255961555503
3.1282926820338033
3.9893058824849623
3.86654123753651
5.051037519081397
4.219516672145215
4.919839528757824
3.778947602012722
4.396463744828504
4.322397053689974
4.385562619264741
5.448423311759725
5.310623400178725
5.554831455917013
6.951363907422895
5.40272528299652
5.539918018446114
5.048163679560899
5.485561678868298
5.448423311759725
5.493827670602592
5.63637294747483
6.802402113779597
5.590703839974382
5.599073990214586
4.9493951037583646
5.544966150621506
4.183605792322857
3.82133255942357
2.4354205946727228
3.5825114942306
2.9261243633278378
5.461600739149383
4.7582563759150736
3.7055227972718714
3.689739595399118
3.65689734751712
3.1789278588315155
3.1809882309758932
3.624665307124687
4.728870208432706
3.3337819228654055
4.689704880748932
2.9243641451075444
4.287627408668477
3.82783627604187
3.250292760768478
1.7168255271859847
3.6298225134895863
4.667985757636044
5.418581318171334
6.002087825966817
5.226130646708469
3.2350880688488353
3.7081919706088384
3.6208684163625886
4.380397941929906
3.340017395320849
0.9766453811476685
4.828984719339882
3.217967457151626
1.8423652738285514
3.356552803119202
2.8039882927485795
3.2178440828177073
5.366199611521571
2.2873166042184443
3.3142157444153995
1.6471416106124295
5.727567386054337
3.902232511359821
1.967500782843497
3.794789938365697
4.1240973868540225
4.603160701988886
6.424176481338929
5.271029071459223
4.898081196351994
3.3614264489357564
3.5549800935143265
4.220743779260817
5.054680937869847
6.133786394106047
3.859298660666931
3.6983295811477945
4.030115737210562
4.3664764993245475
3.236792127221709
4.304732675823084
4.493083095338006
3.5260880987632497
5.186050544828746
3.392410090091082
2.3071778391901923
3.5329648564500413
3.1926690577520853
3.533991362956681
3.4995427103441545
4.197625559326624
4.769734300510171
4.8231017861592855
3.846153407260043
4.599282854331862
4.6480571227927046
1.8149895198350223
4.20837214368268
2.192293910005983
2.948721827241054
4.263714133256114
4.957082000433281
4.157531793682867
3.8911945160064185
3.2619734596787553
4.499006680098135
5.222569548426009
4.671274918691719
4.325194954061392
4.33651771794839
4.332480568177293
2.8142342532807727
4.359754697814487
4.231323771412974
4.338923493466542
2.9754865976286062
4.546638706750181
3.9460449195292817
2.9571841789085207
5.219330560438029
2.70077636309798
4.541051654220137
5.988055132844441
4.043949931857933
5.077470423499026
3.968740283731644
3.317975146014479
5.196895848530798
4.000980981021734
5.111019397049543
4.518936983205684
3.7149027937661363
4.658011023484828
5.170122461914257
3.1396293790408345
4.568406651311801
3.743236617452368
4.843904171018112
4.451826588536486
5.57256303550689
7.654494303500656
6.68718933762155
3.5213389669099855
4.505422109165428
3.6182162786294487
4.074111285936783
3.028323238797025
5.8101746940792935
5.472646573507688
3.8258709896090224
5.457678996923649
5.189268234284432
6.088792168474921
9.015487104641668
5.1909117450336675
6.420760882614022
4.641205472938126
5.4391891580529474
4.765557789359189
3.82443520260167
4.893723537939918
3.898148473103627
4.633443622505213
3.519898351205361
5.417519958637483
4.885289787783785
6.376834630341676
4.828670832230253
6.133195421155739
4.383884362632159
4.513595031998532
4.352911556727227
4.244017887107274
4.244017887107274
5.743320645392154
3.9422723674210305
4.539135824175378
4.302101560052403
4.064670015356962
5.005470702481952
3.724243341010951
4.808194439019266
3.106658362507261
3.599437755228801
3.575617476514524
4.459411279440017
4.594911537588814
3.9804446908611206
4.119806443085833
4.303678654908358
2.9533212382603966
3.3665172845643427
4.755474335934227
4.618065202196608
4.0371160258939724
4.67280212670351
4.405200325096115
2.616561296291917
4.330083356147067
4.151765162796917
4.329001092438153
3.2183321501514897
3.315994267079818
4.933258337319263
4.898879907837251
4.0437990946821865
5.379808223690192
4.677338273511071
4.731301361528893
4.784037617848247
4.770756809503255
4.857133038038642
3.3405566473708843
2.360238397955705
3.5516497161278977
2.2949845066357146
4.465740848345369
4.802556404905618
3.4627113653281114
1.552463052976461
4.0317252033841875
4.943643118712064
3.715606966958738
3.371489924642384
4.652659293104813
4.025521549066919
3.824390778245321
3.4165237148776937
3.548434037483027
3.4062449492937414
4.713784579937499
3.8233131906165765
3.6492549549007745
3.351692839865118
4.620285441081488
3.4716461286441196
5.124368405430923
4.250280294470074
5.545940242621783
4.828051807149424
5.282993793243067
4.700230886453051
3.9872672814040273
4.051112147601088
2.5826902850891673
1.8315038131634367
3.524946697848886
4.081934167666338
3.8072208233022504
3.5848906051895115
4.377915209710154
3.768542701097968
3.4800919188321804
4.443752672567847
2.623368534046941
5.162028263252582
7.988305078591615
2.930317270758369
6.103275789550379
3.119079651762265
4.137051385754105
3.876336105381794
3.75957335556131
2.569729233316758
4.244017887107274
4.238433946047914
4.361722586552639
4.081886586809002
5.9548528154631075
6.043438335634558
5.752709139202519
5.38486192251034
7.140840738312884
3.590138296630655
4.414178179838449
6.408577335234668
4.150090837157756
3.5541706189573965
7.185136717052769
2.816425047735987
3.8412245375111507
5.8245857812832265
4.3266649500335035
4.798286624168173
5.276992491871397
3.9662954400442603
3.9172970913148752
5.10933401912932
3.573292425626708
3.990547211907697
3.4907184878614976
4.270550481172503
4.776014365407245
4.105600489927874
3.5606753394703077
2.5746175459157423
4.401043921812636
4.713990268665725
4.725797583537178
4.761985352120755
4.720095613835083
4.900877375128717
4.729683006347903
3.165020592400857
4.718113974009693
4.902081704186655
4.724025449065544
3.8326483091867987
4.756750285275527
4.8506960759830715
4.889529142697461
4.735064604423845
4.886226836652098
4.643247333117866
4.732336851136115
4.637830076345116
4.855448476931895
4.782935582608209
4.625543645559849
4.895690014714001
2.607400577167017
2.7129451212054425
4.656569203764896
4.85586011829349
4.730192543623312
4.912119135780831
3.0924114631130415
4.12494476835737
4.421410098949686
4.854642321286315
4.888481720021371
4.672783015300864
7.479909790458258
6.807254376810188
4.790253851402533
3.5392291553796498
3.9176554105556036
3.0089560702352762
5.943917727172205
3.992131028412542
2.667845414134918
3.715523653459352
4.731120164763169
4.736627812625263
4.659165336297385
4.863691919456727
4.6372336581118345
4.731347076620374
4.72526420493093
4.659653335830774
3.72486032503385
5.634525060816131
3.3742480014762455
2.8890157547030304
4.741468261511667
4.663064548680048
4.779641520446262
2.9186952407968265
3.8187529964100104
3.6249010369899284
3.617021897025241
3.508038569404903
3.1751330722687907
3.2649831309327086
4.5662444804113465
3.6290255760881474
2.4803215088268593
3.183106050360772
3.5987753077766746
2.9971219295096203
4.8395157426129884
4.9089891466557685
2.8254304520626534
4.015948224128028
3.7590190216288497
1.7766748025098318
5.908242304396187
5.990361475838734
4.379322553638034
4.304812640722262
5.082055575849794
4.363995470676356
2.8398636964610526
1.9585220268932084
4.186868353342
5.104493215826386
3.192158092442445
3.6200587392511743
2.122648059764053
3.790736973271987
3.437658877668382
4.979605488533315
5.310623400178725
4.770094637953871
4.088258943921049
4.640458838832398
3.034843015530659
3.482436446984253
2.519632596737981
3.739149437606504
3.867724442203123
2.6043251490379213
4.568211228930243
3.8370944252052137
2.6107376524351644
4.361722586552639
4.241339550010338
4.472382911274261
4.244017887107274
4.049021167355644
4.238433946047914
4.239326013694016
2.642759360151828
6.056000919690018
4.019128491054744
1.9819773340748479
5.094851490051925
3.2136453162104575
4.142036887995728
2.334471406332135
3.5678536177829527
5.242255949337991
3.6338189796877325
5.202090046476526
3.8857986847114527
3.8949699913986966
2.4067584251874226
4.4159428111557695
2.8145641323548976
4.358119320657681
4.092712568003232
5.787200981641498
4.05346526848619
5.728641168692699
2.850180265269762
5.72120934586479
3.406589497262155
2.069888703148015
4.80481121819966
2.355862856950405
4.7870900141700945
3.3568755669102566
3.1914543431265097
3.107614248519033
3.2270308680930815
3.5985363654909683
3.07501282789149
2.569603211821055
3.9601803411754224
3.149834210555115
4.907509154814313
4.698692684981465
2.949601316068157
3.992682235678069
2.69668025751628
4.747599417731944
4.001947617971624
4.620448316489559
3.7990484250517396
4.824028905078208
4.132345636361696
3.437461054377137
4.430702181983481
1.3213974719685977
3.395345464965667
6.039652674975646
3.8889244607476163
1.0579189655382084
0.66993646092451
5.3363111600773205
3.0055332252679765
3.0496219341313053
4.6042447124779775
5.0641059192447555
4.127238830365332
3.529571573373907
2.9296324589785274
4.25975871635808
4.377300388501374
4.484861174251955
4.035264696783132
3.4857599105568795
3.2283938690092437
4.2598051973610485
4.523885516750284
4.78717969340653
4.036047939041655
3.375812053536719
3.5761467715423056
4.576205669719998
5.505988500230502
3.647218923005483
3.643851770195695
3.542855230889593
3.6314297103550635
3.5879542621298066
3.500727460213582
3.716263676689773
3.565382924960425
4.057210504386009
4.6109999505207355
3.1556769067371717
4.692716215436176
4.400412144613702
5.156120159557005
4.1314112891770405
3.0452782337107167
3.092350464090118
4.293511177354307
4.618895046611863
3.072656667284091
3.216445182842733
3.2986047104242227
4.3215662775902555
4.932859476731695
2.72290834144834
4.273563839963149
4.13764600650686
4.274513815212952
3.1675836444698193
4.70671881190563
4.222487973963082
3.8624422668213496
3.2624687852003307
5.523466103854506
3.1608862376147386
4.37999719437949
3.7890577720687233
5.5627645357692135
5.240871321177851
4.710153791159117
5.113032049892597
4.695469475229357
4.674983005430622
5.052088335067677
5.2534526513654045
0.9385666215885751
4.613413504898698
5.0471079204892195
4.943549485495175
4.3691561442624245
3.2969295296890233
3.5117944238561796
3.1629964669235013
4.023441202309366
4.261293457954018
4.263933344723735
5.776716783193824
4.362965979390143
5.098630590755751
5.5945325148681375
5.4037901935244035
5.276599939263428
4.798414337960146
6.649442616563546
6.425264912817227
6.335881447789519
7.256053903592206
6.623638324424285
5.775963535866876
5.656421892871087
5.098630590755751
5.211470387993888
4.991891205304766
5.492569081817587
4.406474766250498
3.34593460056807
4.994454723812827
5.420276799578692
4.991891205304766
5.492569081817587
4.502631602014684
3.6207316883588185
3.758868087487471
3.290680975641948
3.941104932074631
4.041723017325335
5.554831455917013
4.393380949159415
6.802402113779597
6.185261046007612
5.84138090779239
5.149235359653598
5.544966150621506
5.494343798931088
3.8091228759927143
4.462463466711085
5.130125489257957
5.135316364921767
6.12584314955996
5.26749845714309
4.1769643363468045
5.249409717878571
5.248469951467699
5.379598497752341
6.355589342946371
5.725235268108059
5.599073990214586
4.784480066946315
5.4289644309837035
2.046401427248614
3.5177167319866265
3.54111149216669
4.388967993502251
3.842813319940956
3.924891791960511
3.3414397765892656
2.545071353996945
5.82192870614149
4.133515461837485
4.195602706345789
4.1888249614386925
2.975954094060756
3.8534337011740702
4.053966111080156
3.4691775204508577
3.7235450495730285
3.76713666596721
3.2833980323549268
6.6297041111403106
6.270591118283384
3.5602215543837095
7.089023759915742
7.0282462330414806
4.552664179074766
5.4970259528967285
3.4330964728700026
6.245417486212542
7.679084975340982
5.76047249035171
6.856991761475692
3.9969662441326577
5.729603520302652
3.8973310327431343
3.4975393194378137
5.279524136546483
4.3826062363677245
4.304286400090926
5.130800111102417
5.188579875023381
5.257358524344009
2.7240171013528576
4.330415226231297
3.758770451001966
5.933095449362281
5.076571245440645
3.6494617671096017
5.338052233989571
4.886174638214955
5.19713540266937
5.2037104374859116
5.136628109527104
5.021789671076281
5.175229073165781
4.56579516157411
4.116005772553563
4.955403840914618
3.0153744395990585
4.145130318527888
4.0673094005885755
3.6830045875197746
3.8184421184455433
3.849009400733158
4.214144597742034
2.921860897192339
4.021378699813774
3.72026399916874
2.0436241925917247
4.774418528579066
3.365697277908648
3.734463988662095
4.558714375176716
3.2449152675892066
4.943844086992903
3.8587341882968826
2.415726387364797
3.568194080193642
2.6441758218812823
5.831522496773572
3.920420409072232
4.232959487968434
3.971540029147299
2.9865272828835296
1.9413642916946463
3.6060849814709335
6.054863704324123
4.3688507346286
3.9849900429963308
2.93484674619335
2.619830754340799
3.769526326100519
4.298880834498257
7.983973200451375
4.620340089112402
3.5284537515451873
4.9244123246052105
3.149863288079636
3.033046558758453
3.250682597509546
3.075603443150853
4.535189417895084
3.6953261798332346
3.1031984649035533
4.694274735716562
3.3671906922752486
4.19824752028279
3.916389365353891
3.048982157309352
2.745324427590597
4.273485128181761
3.8404318608735215
4.86189432854356
3.2399417802225505
3.7046731342028716
3.9755361171360475
4.843696827012387
5.905710085667888
5.336576669852781
2.8813690168054373
2.820948446785615
3.9735085087705513
4.310785334647005
3.270438894096923
3.6200087107415624
3.5711169867775294
1.9515743498928462
4.720642481240903
3.7149832458443983
2.4083874207146594
3.3685851028039235
3.7462490292993493
4.705069783739754
2.8290219906390957
6.140067421817814
5.260698594629179
2.10092877910871
4.962449404361118
6.121103984296778
5.239997686167968
5.105199352938064
4.007449691277676
4.3871863902891945
5.442706564061307
3.756297881893742
3.0738839441656225
3.637622784289448
3.1473816698926007
5.51022176590593
4.473665913491751
2.895876084734711
4.1993181826711234
4.353497380280903
2.770291790403297
2.7340699538715794
5.379020762740368
3.695726579902558
3.537435706817607
3.5228438318951745
4.876048367824071
2.8383075373163194
4.114691513709262
4.507914889131376
3.1342520521282458
4.264536343054976
4.827407909498671
3.8960707089827062
4.012521753539275
4.352919892627678
3.4574266947380488
3.9893204938362183
5.1391187195363015
4.023709868882319
3.265041622651821
6.44709701986434
3.0781424115458567
5.203436175085103
4.880409480174911
7.242909804230477
7.128285470058194
5.1906935154627805
4.7390250236141265
5.510464158662498
3.6821937448362814
3.9633855728512817
3.71629282762726
4.68241324880057
3.578345344744953
4.702805181218288
3.2409951835921054
4.999791673130639
3.5051484553640617
3.938590926389427
3.3079617736781293
4.855412754224393
3.074966419143834
4.497001304165281
2.87185896414132
3.9513219163715334
2.3425748724447626
2.7834042482404073
2.8050025383078014
4.459739300758352
4.764229611605268
3.5881096734222626
3.8353656901558892
3.941492619148528
3.5980648756421174
3.6208145096219364
4.419004196139078
3.549484271487354
3.503389464971005
5.236305753232161
5.2361745980088035
4.932547736500613
3.935450836886846
2.3722249577071026
5.195025704077208
4.215936782087128
3.5483850912713355
4.91897444204381
4.5805675085486355
4.3345875090187524
3.309081925165013
3.006651685502272
3.680114655032312
3.6457731089829997
3.2046327428308157
3.9806285463607822
3.299131079154197
4.4001993660512815
4.110108658517328
