4.52
3.66
6.72
4.14
5.54
5.88
3.9
5.36
7.743333333333332
3.04
3.52
3.5
4.2
2.24
6.36
2.753333333333334
6.52
3.02
3.08
3.52
2.66
4.58
4.23
2.8560000000000003
3.26
2.96
4.12
4.3
3.54
3.8
5.7
3.54
1.9133333333333333
2.24
4.14
2.96
5.06
3.3
5.2
3.16
4.12
2.66
2.94
2.58
2.92
6.08
3.7
2.7
2.32
4.92
4.2
3.86
3.96
5.92
4.18
5.24
7.04
4.58
3.32
2.88
3.0
2.796666666666667
2.6133333333333337
3.04
1.6
2.88
2.833333333333334
2.4506666666666668
2.6314285714285717
2.626666666666667
2.796666666666667
2.68
4.98
3.78
3.76
4.38
2.96
3.32
2.6
3.872
4.04
3.82
4.145
9.56
7.72
3.38
4.213333333333334
3.5
5.48
3.06
3.22
2.26
4.68
4.4
2.94
4.12
3.09
4.22
6.46
5.7
3.68
3.82
4.36
5.96
4.72
3.3
2.8
5.18
4.54
2.68
4.06
2.98
4.46
3.34
3.2880000000000003
4.883333333333334
5.4
2.66
4.19
3.76
2.86
2.76
5.593333333333334
3.68
3.54
3.7
5.16
3.58
3.86
2.4733333333333336
2.86
2.96
4.16
2.58
6.68
3.54
4.02
2.98
3.563333333333333
3.92
4.28
3.26
5.46
3.41
3.0839999999999996
3.38
3.44
4.0
3.72
3.66
4.32
4.36
8.36
6.28
3.78
3.52
4.36
3.64
6.41
5.66
6.34
4.98
2.76
3.98
5.9
3.26
3.28
4.28
2.88
4.36
3.42
4.44
3.94
3.12
3.18
3.24
4.52
3.24
3.29
3.28
4.06
2.56
3.5
3.24
4.22
3.82
2.66
2.8857142857142857
4.46
4.26
2.48
12.981428571428571
3.42
4.7
4.14
3.38
2.4
3.5239999999999996
3.62
2.98
2.72
4.82
3.45
5.048
3.7
3.36
2.9
5.26
5.42
4.26
5.0
4.66
4.26
3.94
4.62
2.84
2.94
2.62
3.686666666666666
5.9
7.78
3.68
4.76
3.24
4.2
3.98
4.1
4.24
2.92
4.19
3.48
5.08
3.88
3.68
4.22
4.192
3.38
4.02
5.08
9.7
2.94
3.48
3.92
4.19
7.08
6.26
2.96
5.5
4.153333333333333
4.08
4.38
6.78
4.324
3.98
6.72
6.14
3.36
5.74
3.126666666666667
3.444
4.4
5.16
3.46
4.42
3.76
3.12
4.93
2.82
3.1333333333333333
4.08
4.84
3.0
2.98
3.0
3.0
5.36
5.36
2.06
5.4
4.84
4.88
2.62
4.34
1.6433333333333338
4.806666666666667
4.28
4.38
4.6
3.6
4.6
3.64
4.41
3.6
4.08
4.12
6.02
3.56
4.34
3.44
4.22
5.53
4.2
2.72
2.12
3.88
4.42
4.16
3.4266666666666663
4.74
4.06
3.0
5.66
3.3
3.32
2.84
4.38
3.52
3.66
8.32
4.0
4.52
2.5
5.9
3.18
6.26
3.2
2.84
5.16
3.1
3.36
4.9
3.54
4.0
1.04
4.4
3.0
3.18
3.56
5.72
2.82
6.35
1.04
1.04
4.88
6.82
2.64
5.053333333333333
1.0
4.7
1.0
1.0
1.0
1.0
1.0
4.785
3.22
1.08
1.0
1.02
2.02
1.56
3.72
1.0
1.0
3.3
4.3133333333333335
4.5
3.8
4.173333333333333
4.16
3.6
2.96
5.3
3.1
4.23
3.38
3.0
4.8933333333333335
3.76
3.7
2.34
5.8
3.18
3.66
3.54
4.5
3.37
4.0
3.52
3.76
5.48
4.32
3.76
5.4
5.26
5.2
4.28
2.9
5.36
3.28
5.68
6.24
4.126666666666666
4.84
2.86
2.86
4.1
3.44
3.84
2.92
4.42
4.28
4.24
3.88
5.06
4.6
10.82
3.7
2.5
3.76
2.62
2.7
4.46
3.74
3.3
6.42
2.3666666666666667
3.66
3.22
4.64
6.32
7.4
4.54
3.22
2.78
4.02
3.6
4.38
3.46
3.16
3.28
3.53
6.98
3.86
3.45
5.92
4.54
2.38
5.16
2.6933333333333334
3.78
7.0
3.84
3.5
6.96
3.32
5.7
4.98
2.8
6.58
5.984
2.79
3.62
3.12
5.28
3.9
6.1
4.5
5.48
5.684
5.52
3.8
3.38
2.8
3.04
4.14
3.73
4.26
6.12
4.86
4.9
3.88
3.5966666666666667
5.02
3.5
3.28
4.44
2.0
3.66
3.12
3.68
3.28
2.86
4.04
8.72
3.54
3.36
2.26
2.9
4.08
5.06
6.87
3.5
3.18
4.0
6.3533333333333335
3.24
5.22
3.22
3.46
5.54
2.24
7.14
4.72
3.58
2.92
5.54
3.2
2.82
3.54
3.89
3.78
3.5
4.856
3.84
5.23
5.46
3.04
1.66
1.8553333333333333
2.82
4.405
3.86
3.726666666666666
2.04
1.1
2.06
1.42
3.62
3.1
5.56
4.04
2.8466666666666662
2.72
4.04
3.475
3.62
4.48
3.68
5.66
2.6
3.7880000000000003
3.78
3.58
3.96
3.0
3.65
3.46
3.568571428571429
2.88
3.06
6.2
3.04
4.02
3.46
2.8
3.56
4.36
3.6
2.68
5.38
3.7
4.34
3.96
3.06
4.22
3.44
4.0
4.88
3.5
5.84
1.42
2.9
4.36
3.44
2.6
4.51
3.98
3.3
3.52
4.64
5.48
5.0
3.45
2.54
8.6
3.86
2.96
4.1080000000000005
3.31
3.14
3.36
4.16
4.526666666666666
4.56
4.98
5.56
4.0
7.2
3.64
4.24
2.79
3.6639999999999997
2.96
3.5
8.56
3.98
3.76
3.7
2.96
5.54
3.86
4.03
3.64
4.82
13.54
3.4
2.92
4.24
4.44
4.14
3.88
4.64
5.74
5.72
7.08
5.6
3.78
4.0
5.98
2.5
4.54
3.78
4.94
4.98
4.9
3.88
4.13
3.88
3.44
5.92
4.08
2.9333333333333336
4.1
4.02
3.42
3.62
3.84
4.44
3.94
6.1
2.93
3.48
3.14
3.82
2.76
5.0
4.785
3.52
4.32
3.38
2.04
5.76
3.72
4.0
3.36
3.12
4.88
3.9
3.36
3.84
2.6
5.24
3.66
3.94
3.86
3.84
3.78
2.3
3.9
2.46
3.22
5.16
2.82
3.5
4.8
4.04
3.64
5.82
5.94
2.28
3.13
3.266666666666666
2.48
2.38
5.34
5.88
4.96
2.68
7.246666666666666
2.8
3.013333333333333
3.48
4.06
3.84
2.54
2.52
3.42
3.98
5.7
4.78
1.6543333333333337
4.38
3.85
3.58
3.38
6.156000000000001
6.36
3.42
4.08
4.22
6.88
2.455
4.5
3.02
5.14
4.22
2.51
3.88
4.6
4.38
4.1
3.28
3.305
3.0
4.84
2.265
3.16
5.66
4.44
3.6
3.36
3.76
4.986666666666667
2.94
4.584
3.04
4.06
5.84
4.86
3.58
3.94
3.74
3.38
4.26
6.0
3.6
1.7133333333333334
6.38
3.58
4.64
3.78
4.34
3.22
3.48
4.58
4.38
2.52
3.8
3.68
3.06
2.66
3.22
3.16
3.08
3.2
3.54
3.68
4.56
3.52
4.94
8.36
3.8
5.18
4.89
6.0
4.55
3.7
4.82
3.96
2.96
3.3
3.58
2.88
3.78
5.998666666666667
4.7
3.4
4.28
3.16
5.28
4.42
3.54
3.9160000000000004
4.54
3.38
6.8
3.78
3.26
4.24
4.76
3.74
5.52
3.3
3.22
2.64
3.28
4.46
3.06
3.74
4.2
4.02
4.4
2.32
3.9
5.02
5.57
3.64
3.2
6.44
2.6
3.84
3.48
5.28
3.38
2.16
3.06
4.36
4.92
2.64
5.2
5.74
2.42
6.2
3.12
5.58
4.8
4.06
3.22
3.44
2.76
3.78
4.32
3.26
3.5540000000000003
4.8
3.6
4.24
3.7
5.651666666666666
4.11
4.2
6.42
4.52
3.86
4.26
5.64
5.88
3.9
3.18
7.0
4.52
2.38
2.5
4.306666666666667
5.2
2.52
7.04
7.24
5.2
7.38
3.38
4.34
4.92
5.8
4.06
3.85
5.553333333333333
4.61
3.46
3.76
3.08
2.5
3.8
3.72
3.46
6.68
4.28
3.74
2.78
4.28
2.22
3.88
3.68
4.14
2.9733333333333336
3.88
2.68
4.88
4.06
1.54
5.54
5.2
3.48
4.36
4.024
3.38
3.8
4.39
3.873333333333333
2.94
3.5
2.5
3.82
3.4466666666666668
3.68
3.38
5.08
4.62
5.84
5.76
3.76
4.26
4.82
7.46
3.08
3.42
3.46
3.5
3.3
7.22
6.46
4.98
2.9
3.82
3.76
2.82
4.92
4.1
2.74
6.18
4.32
6.1
3.82
3.64
3.74
3.6133333333333337
3.464
2.62
3.9
5.3
2.06
2.84
3.84
5.82
3.6
4.58
4.14
3.945
3.4866666666666664
4.62
4.72
4.34
3.72
5.88
4.92
5.56
7.94
4.32
4.1
6.9
2.94
3.52
3.69
3.68
3.14
7.94
3.02
3.52
5.82
2.66
3.76
5.16
3.94
3.64
5.54
3.24
3.46
3.28
4.68
5.82
3.82
3.0
5.84
5.14
4.86
4.52
2.46
6.78
4.26
3.06
3.46
4.24
3.74
3.94
3.96
6.24
3.36
5.54
2.98
3.02
4.54
4.42
5.28
4.32
3.9
5.44
5.42
3.64
3.34
3.02
3.52
2.78
3.8
6.26
4.18
3.64
3.68
6.2
1.82
3.28
4.72
4.22
2.68
3.78
5.04
3.38
5.525
4.22
5.413333333333334
3.84
3.74
1.16
4.1
5.98
4.8
3.74
2.833333333333334
3.32
3.355
4.4
4.18
2.8
5.48
4.1
3.7
8.52
4.16
4.24
4.38
4.24
4.48
2.82
3.34
3.66
3.56
3.02
5.36
6.66
2.48
3.06
2.11
3.38
4.31
6.68
3.82
2.54
5.8
4.78
3.6
3.986666666666667
6.56
4.46
5.02
2.76
3.62
3.08
4.26
2.48
3.82
4.26
5.57
2.78
3.2
3.08
3.9
3.8
4.208333333333334
3.66
2.9
3.62
3.1
2.71
4.48
4.8
4.64
3.12
3.666666666666666
2.98
7.76
3.64
4.4
2.8633333333333337
4.458
4.36
4.68
3.86
3.7
6.88
7.44
4.98
5.56
4.54
4.54
4.18
5.28
4.98
4.5
3.7
3.82
3.28
2.8
3.18
4.98
4.2
4.06
3.18
3.8
3.428
4.08
3.24
4.38
3.6259999999999994
3.84
3.34
4.04
4.22
7.573333333333334
5.28
3.32
3.01
8.46
3.78
3.46
3.34
3.64
3.54
2.52
3.9
3.76
3.7
3.08
4.14
2.878333333333333
5.94
3.1
4.68
4.36
3.24
4.04
5.16
3.54
4.36
5.2
3.62
2.98
2.84
3.24
4.62
7.26
4.84
4.34
4.44
3.98
2.32
5.38
3.6
3.325
3.06
3.22
6.12
4.78
4.16
3.8
4.44
5.5
2.8590476190476193
4.74
3.1
2.46
4.3
3.52
2.72
5.0
2.78
5.14
4.38
3.24
2.78
4.58
3.26
2.68
4.48
5.2
4.72
4.72
4.0
4.3
3.54
2.156
3.28
3.74
3.27
2.42
4.34
4.68
5.44
3.16
4.18
3.46
3.52
4.3
3.44
3.42
8.09
4.4
2.94
3.58
2.6
1.86
4.22
3.26
5.64
2.38
2.46
4.66
4.04
3.3
3.44
4.1
3.72
4.76
7.14
4.5
5.24
3.22
4.24
1.16
3.27
2.64
3.86
2.74
3.17
3.16
4.94
4.74
3.5966666666666667
3.226666666666667
3.22
3.16
5.42
3.1
3.7
3.96
3.5
2.72
3.6
4.52
4.68
3.92
4.86
11.4
2.6086666666666667
3.9
4.08
3.22
4.18
6.46
4.025
3.76
3.12
3.84
3.68
3.52
3.97
3.52
4.92
2.6
3.94
3.38
4.82
3.72
4.92
5.42
3.08
6.72
3.24
1.82
3.52
2.7
3.26
2.736666666666667
3.88
3.6
2.38
3.68
3.36
1.52
3.32
5.84
6.18
2.6
6.46
3.18
4.66
2.78
2.7
5.02
3.48
3.64
4.66
3.15
5.02
3.3
3.98
5.12
3.7
7.24
4.27
3.24
3.26
5.12
3.62
3.04
4.74
4.0
3.26
3.32
3.7
3.22
6.22
2.52
7.9
5.0
4.784
1.94
2.9
3.06
3.72
4.84
3.84
2.98
4.0
3.76
3.02
4.74
2.58
4.84
5.5
3.62
2.92
5.42
3.76
4.56
4.04
3.36
6.14
3.98
3.92
4.1
5.4
2.6466666666666665
5.04
2.9
5.68
3.96
5.74
3.14
5.36
4.98
5.24
1.8133333333333332
4.72
3.4333333333333336
5.384000000000001
4.72
5.26
3.46
4.26
3.28
6.7
3.14
4.14
4.533333333333334
2.56
1.16
3.48
3.2
3.31
3.76
3.66
3.48
3.36
4.38
4.26
4.94
4.56
5.02
3.08
4.74
3.82
4.0
3.78
2.76
4.1
4.04
5.22
3.16
2.14
3.68
3.69
4.74
3.02
3.2
4.62
3.34
3.66
2.51
3.72
4.06
4.84
4.02
5.44
3.3057142857142856
5.2
3.33
3.8
4.74
4.54
2.92
3.98
5.64
3.56
3.64
6.44
4.68
3.08
2.92
5.14
4.18
4.56
2.64
4.56
4.46
3.64
5.24
3.3
2.32
1.24
5.58
3.5266666666666664
2.82
2.77
3.68
4.22
4.1
5.56
3.96
3.6
5.04
5.94
4.37
2.0
4.42
3.68
3.98
2.68
3.74
1.18
3.1333333333333337
3.48
2.72
4.24
3.64
2.68
2.32
2.04
4.28
3.9
3.6
4.44
5.78
2.94
3.58
3.24
3.78
4.26
3.72
3.12
5.56
5.52
4.04
3.7
4.26
6.3
3.385
2.74
3.9
2.87
3.46
3.26
4.5
2.84
3.5733333333333333
5.64
5.16
4.04
3.48
4.94
3.06
3.68
4.9
4.86
3.04
5.06
2.62
4.7
2.1366666666666667
3.68
2.813333333333333
7.88
7.16
7.16
5.08
6.16
5.42
4.66
4.62
3.4
5.1
3.04
5.32
7.568333333333333
5.76
3.26
2.98
4.6
4.08
3.595
3.36
3.82
3.32
4.38
3.18
5.5760000000000005
3.98
3.97
4.44
3.62
3.12
4.06
4.54
5.12
3.36
3.2
2.94
4.04
4.26
4.98
3.18
5.4
2.96
4.8
7.92
3.16
3.2
4.54
3.12
5.84
3.04
4.732
4.58
3.86
2.9
3.42
5.15
5.32
4.08
4.2
2.82
3.42
2.28
4.346666666666667
3.46
4.473333333333333
5.4
8.8
3.46
4.18
3.6
4.32
6.06
6.1
3.7
3.73
3.36
3.7
3.16
3.34
4.06
3.5
2.96
2.88
3.58
2.333333333333333
6.08
4.6
3.04
3.42
4.26
2.64
3.24
3.74
5.26
5.88
4.42
3.8666666666666667
3.56
2.9933333333333336
4.2
2.08
4.82
2.58
4.18
4.36
3.98
2.76
6.483333333333333
5.38
3.44
4.04
2.56
3.84
3.14
4.76
4.56
4.08
5.02
2.74
4.916666666666666
3.44
5.38
4.18
3.07
6.644
3.08
2.546666666666667
5.54
4.24
4.28
3.38
5.28
4.74
4.28
2.62
4.1
3.86
5.22
8.12
2.94
3.38
4.88
3.84
5.033333333333334
3.62
3.52
3.5
4.44
3.98
3.38
5.24
3.16
3.48
3.78
3.62
3.37
2.82
2.6
3.84
3.66
3.82
3.42
1.549333333333333
3.22
4.7
3.24
4.26
3.4
4.0
2.74
2.6
3.14
2.47
4.38
5.04
3.36
4.0
3.54
3.3
3.6
3.48
2.2
2.46
4.02
3.04
5.24
5.2
6.48
3.9
3.36
5.18
3.945
10.7
3.66
4.16
3.4
3.96
2.38
3.11
3.78
3.2
4.12
4.16
3.9
4.32
3.44
3.58
3.88
3.7
3.04
2.575
3.5
4.34
3.88
3.983333333333333
4.0
4.1866666666666665
4.24
7.84
5.96
3.94
4.12
4.74
3.72
4.34
3.02
3.04
3.42
2.8
5.58
6.2
4.0
3.74
3.52
2.865
3.58
3.52
2.88
3.22
3.715
2.92
2.68
2.713333333333334
4.7
3.9
4.46
2.713333333333334
3.86
2.8106666666666666
4.02
3.98
4.04
6.845
4.3
4.78
4.8
6.56
4.7
3.69
2.62
2.66
3.76
1.82
3.5
3.38
2.88
2.92
3.04
1.32
2.52
3.46
2.8
3.64
3.46
3.72
2.92
4.18
4.24
2.9
4.34
4.08
3.98
4.26
4.86
2.68
4.16
3.92
4.38
4.1
3.48
2.46
3.74
4.0
2.62
8.02
4.06
3.48
3.5828571428571427
2.7
4.155
4.62
3.46
3.0
4.1
3.96
4.14
4.8
5.26
3.64
3.04
3.22
3.58
3.88
3.14
4.0
4.04
3.156
3.72
4.0
4.8
2.893333333333333
4.52
3.02
3.92
3.08
4.395
5.12
3.1
3.42
5.44
6.66
3.78
4.4
3.66
4.312
2.48
3.94
4.34
3.88
4.38
3.44
2.77
2.5
3.82
3.8
5.26
14.14
4.02
3.32
3.12
7.72
3.2
4.46
6.76
3.66
5.45
4.24
3.3
3.3666666666666667
4.66
3.12
4.04
4.02
3.6
4.18
4.06
6.06
4.7
4.1
3.94
4.84
3.5
4.88
3.6
1.52
3.6
3.1
3.28
5.598333333333334
5.28
4.36
4.04
4.42
3.28
3.953333333333333
3.98
2.82
4.66
4.3
6.18
3.9
3.34
4.96
3.3366666666666664
4.9
2.4
3.92
3.88
3.48
4.46
4.42
3.36
3.68
4.74
4.86
3.5
3.5
3.52
5.82
3.24
3.4
6.34
5.84
3.16
4.26
4.030666666666667
5.04
4.02
4.08
3.488
4.44
3.64
5.333333333333332
4.46
5.26
4.64
5.8
4.62
3.88
3.28
5.88
4.56
3.1
3.516
3.52
4.64
3.36
2.7
2.24
3.06
2.88
4.16
1.76
1.96
5.28
3.7
4.02
2.78
6.58
4.32
4.0
3.46
4.886666666666667
4.52
5.48
4.14
7.26
3.2
4.24
3.44
3.4900000000000007
3.94
2.42
5.28
4.92
2.48
3.6
3.46
7.45
3.9
3.9
3.36
3.46
3.38
3.506666666666667
2.98
3.0
2.96
3.1
3.78
3.195
2.46
1.58
1.68
2.4
3.22
3.74
4.9
3.46
4.48
2.78
3.92
3.135
4.1
5.3886666666666665
3.9866666666666664
4.4
5.82
4.5
3.76
2.5
2.94
2.84
3.0
4.88
2.68
6.12
4.18
4.0
2.9
2.9
3.04
4.54
2.48
3.6
3.72
3.24
3.4
3.76
3.32
3.14
3.5
2.25
3.8
2.76
6.46
3.34
3.66
2.26
4.92
3.0733333333333333
3.46
4.1
5.56
3.38
3.48
3.46
3.73
3.42
3.14
2.79
4.84
2.575761904761905
2.0676190476190475
2.230666666666667
2.906
2.8
3.96
4.823999999999999
3.76
5.74
2.230666666666667
1.9296666666666666
3.833333333333333
5.8
4.16
4.82
3.26
1.72
3.06
1.94
1.455547619047619
2.0676190476190475
3.12
1.8653333333333333
1.92
3.64
4.96
3.523333333333333
3.5
1.92
4.0
4.58
3.78
4.0
4.2
4.12
4.3
3.22
3.4
3.42
3.78
4.3
6.28
4.41
4.84
4.96
4.76
3.36
3.38
3.7
5.04
2.5
4.653333333333333
3.72
5.74
5.9
4.726666666666667
3.18
4.913333333333333
3.86
5.46
3.28
2.86
4.12
4.76
5.0
3.6
2.74
3.02
3.72
4.763999999999999
4.56
4.3
3.96
3.62
3.615
5.08
3.78
3.58
2.56
3.64
3.68
3.78
3.3
3.8
2.94
3.42
3.84
3.76
2.94
3.94
3.08
4.24
2.84
3.43
3.82
3.58
2.92
2.04
4.18
3.98
3.24
4.324
3.5
2.6
3.48
8.1
4.2
3.06
4.1066666666666665
4.46
3.02
3.121666666666667
3.42
4.48
4.76
3.44
5.2
3.84
4.9
3.14
3.526666666666667
3.62
3.5533333333333332
3.92
4.14
3.78
3.62
3.32
4.24
18.18
3.7
3.12
3.12
3.02
4.44
3.84
2.8
3.6
4.98
4.6
3.42
4.02
2.54
2.72
5.38
4.28
3.46
5.18
8.16
1.46
3.14
4.02
4.48
3.5
3.12
5.3
6.1
4.9
2.62
3.0
3.0
3.01
3.0
3.0
3.0
3.0
3.0
3.0
3.266666666666666
3.0
3.2625238095238096
3.49831746031746
3.034666666666667
3.0
3.0657142857142854
3.180666666666666
3.4551428571428575
3.0420476190476187
3.0
3.0
3.529809523809524
3.3092063492063493
4.802666666666667
3.25
3.84
6.26
2.066666666666667
3.516666666666666
3.6
4.48
3.7
4.42
6.34
3.28
3.48
4.96
3.294666666666666
2.96
4.42
5.0
5.69
3.48
3.83
4.38
5.14
4.42
1.38
4.48
3.48
5.28
3.76
2.606666666666667
3.56
5.0
3.16
3.9
4.68
1.5810000000000002
2.62
5.232
2.06
4.32
3.1
3.08
3.24
4.22
7.3
2.72
4.32
1.74
3.1
2.04
3.59
3.213333333333334
5.42
5.62
5.58
3.75
4.94
3.6
3.18
3.46
4.58
3.42
3.0
5.46
3.76
3.300190476190477
4.355
3.3
4.26
7.02
3.18
3.96
3.513333333333333
3.551
4.34
2.6
5.88
4.92
6.38
5.18
6.046666666666668
4.56
3.5
4.26
5.56
3.44
3.26
3.24
3.16
5.94
2.86
4.1
4.1
3.34
4.38
3.48
4.22
4.5
3.74
4.14
4.76
3.74
3.12
3.6
2.17
3.9
3.58
4.58
3.213333333333334
3.74
2.32
3.14
3.48
4.32
3.34
3.62
2.9
4.32
3.14
3.16
3.4
3.28
4.07
3.3
2.1
3.28
2.66
3.68
3.18
3.9
4.1
3.48
3.36
3.26
3.78
3.1
3.74
3.24
4.72
4.36
3.7
1.84
5.24
1.94
2.82
4.36
4.36
5.52
3.86
4.9
1.52
4.36
3.46
4.94
7.42
1.9016666666666668
4.06
4.36
3.86
6.02
3.753333333333333
4.3
5.12
4.48
3.1
4.94
3.86
4.784
3.08
2.32
4.06
4.92
4.07
6.36
3.88
1.9
4.1
4.96
4.78
2.54
2.54
3.56
3.48
3.64
3.02
4.52
5.58
3.82
3.14
3.72
3.79
3.713333333333333
6.42
4.68
3.8
3.7
3.84
3.5
4.2
3.76
3.06
4.96
4.32
3.14
4.46
3.84
3.5
4.5
2.72
3.04
3.86
4.46
3.84
2.26
5.14
3.08
3.1
4.72
2.68
4.16
4.22
2.92
2.12
4.1
3.7
3.82
3.48
10.165
4.9
5.52
6.08
3.84
4.98
3.9
4.66
4.7
3.52
5.52
3.22
3.52
6.1
5.88
3.9
4.16
1.5
3.48
4.196000000000001
3.54
2.86
3.76
3.72
3.72
4.12
3.08
3.18
2.2
3.24
2.92
3.04
3.3
3.52
3.12
3.58
3.78
2.2
4.26
2.78
4.093333333333334
3.84
4.6
2.8
3.37
5.6
5.14
4.76
4.04
5.956
6.35
4.08
4.54
3.96
4.0
3.9
2.4
3.6
6.28
2.833333333333333
3.68
5.44
4.89
4.16
3.82
5.66
3.04
3.4866666666666664
4.17
2.96
3.08
3.6
4.45
3.94
4.406666666666666
3.74
2.5
2.78
2.68
3.6
3.47
2.71
3.18
3.18
3.968
3.38
3.48
3.6142857142857143
7.16
3.04
3.82
3.48
3.9
4.18
4.79
7.5
3.86
5.76
6.11
5.12
2.94
3.48
4.48
3.08
4.08
4.16
3.03
2.8
3.62
3.68
3.46
2.82
4.46
3.8
3.475
5.2
3.76
1.4366666666666668
3.24
4.08
3.68
2.86
4.66
2.74
3.56
3.4
5.2266666666666675
3.88
1.76
3.79
3.24
3.82
6.08
7.94
3.62
3.72
5.273333333333333
2.86
3.66
5.2
5.26
3.54
5.36
4.8533333333333335
4.22
7.24
2.86
2.91
4.32
3.76
3.84
4.12
4.6
2.824
2.58
4.326666666666666
3.64
3.4
3.14
3.1
3.175
2.72
3.28
7.88
3.22
1.26
6.78
3.34
3.44
4.36
4.28
2.74
4.76
3.3
4.68
4.38
4.56
3.56
3.82
4.156666666666667
5.4
3.52
3.04
4.273333333333333
5.14
3.42
3.72
4.24
5.34
3.98
3.74
5.24
3.92
3.62
4.34
2.74
3.1266666666666665
3.96
4.96
2.88
4.0
3.78
3.4
4.06
2.92
4.88
5.24
3.46
3.22
3.52
3.6
3.72
4.82
3.48
3.28
6.6
4.32
5.24
4.5
4.53
3.2
4.98
3.28
3.56
3.24
4.82
4.56
3.2
2.86
3.74
3.98
3.06
2.78
3.65
2.84
2.52
5.3
6.547999999999999
6.1
3.656
2.94
3.32
3.4
7.06
2.96
4.04
4.74
3.7
3.72
4.18
4.78
3.9
4.54
3.82
4.6
3.08
4.46
4.78
4.38
4.92
6.4
5.96
6.56
8.38
3.96
5.12
6.78
3.26
3.88
2.54
5.82
3.38
4.12
4.28
4.36
4.44
3.42
3.6
3.98
1.593333333333333
3.38
4.82
3.78
3.42
4.24
3.44
3.08
3.8
4.8
3.74
4.013333333333334
3.22
3.74
5.56
3.28
6.3
3.24
3.03
2.32
4.64
2.6073333333333335
3.46
2.92
4.24
2.84
3.54
4.92
3.3466666666666662
2.3
4.3
3.02
3.9
3.0
4.38
4.96
2.98
4.38
3.12
4.8
3.04
3.18
4.78
4.08
4.64
4.94
8.76
3.944
1.16
4.05
3.14
7.8
3.24
4.82
3.16
1.95
2.94
3.7433333333333336
3.9
5.4
4.6
4.64
6.12
4.76
2.83
3.36
4.4
5.82
4.196000000000001
3.62
3.9
2.7
3.22
3.34
4.0
4.4
3.026666666666667
3.06
4.7
2.28
2.46
4.88
3.44
4.18
3.86
2.6
4.98
3.68
2.52
4.62
3.04
5.02
7.8
2.74
4.64
2.82
4.52
4.22
2.66
5.8
3.3
1.92
4.36
3.14
4.76
1.76
4.386666666666667
3.73
4.265714285714285
3.22
1.62
18.28
4.56
5.06
2.1716666666666664
4.86
4.18
3.32
3.56
5.88
3.24
2.44
2.76
3.7
4.4
5.52
3.24
3.96
3.24
3.12
3.28
2.94
2.92
6.32
5.22
3.34
2.97
3.64
3.88
2.76
4.04
3.325
6.26
2.58
2.6626666666666665
5.74
3.97
4.82
3.429
3.54
4.72
3.26
3.68
3.4
2.42
4.34
3.64
6.48
3.52
2.99
5.04
3.82
3.72
2.4
3.86
5.24
4.4
4.86
4.18
4.18
5.48
4.72
4.48
3.84
4.36
3.71
3.62
4.78
3.68
2.84
3.54
4.526666666666667
3.86
5.68
2.66
3.48
2.884
4.12
6.2
2.84
2.7
3.483333333333333
3.36
3.8
3.24
3.26
2.64
3.52
4.3
3.6
4.62
3.22
2.7
3.26
3.92
4.64
3.78
1.64
4.042857142857143
4.38
4.88
6.18
3.38
3.14
2.8
3.2
3.92
2.6
4.3
2.54
2.904
3.48
4.86
2.74
3.16
5.02
3.88
3.0
3.92
3.4
3.4
7.4
7.04
7.16
4.263999999999999
3.74
5.36
3.66
4.68
4.69
3.96
4.1
4.34
4.85
3.345
3.58
3.92
3.64
4.6
4.7
2.56
4.64
4.82
4.58
4.78
3.42
3.68
5.4
3.93
3.76
5.34
4.1
4.1
2.97
2.6733333333333333
2.8
7.55
6.92
4.34
4.2
3.9
5.02
4.58
5.86
3.9
3.3
4.34
3.52
5.7
3.54
3.24
3.62
5.32
4.62
3.62
3.98
5.746666666666666
2.555
4.88
3.36
3.5
4.44
4.38
4.44
3.14
5.3
3.68
2.46
4.56
4.34
3.2457142857142856
3.42
3.4
3.34
3.4
2.8
3.24
3.6
5.48
4.54
3.92
3.9
6.64
3.22
3.8
4.5
4.82
7.16
3.86
2.96
4.66
2.9
2.96
4.16
3.72
3.2
4.32
3.52
3.62
5.54
4.02
3.72
4.72
3.56
3.98
5.2
4.18
4.86
4.2
6.7
2.68
3.9
4.78
4.92
3.713333333333333
2.871666666666667
2.8
4.14
4.6
3.52
2.98
4.74
3.2966666666666664
6.32
4.48
3.324
2.72
3.58
3.58
2.2156428571428575
2.1835000000000004
2.04
2.0
2.0
3.12
3.92
2.0
3.92
3.96
5.16
3.96
3.92
4.404
4.88
4.34
2.8510000000000004
3.98
3.66
2.0
6.56
3.4
4.766666666666667
2.98
4.3933333333333335
6.74
3.36
3.22
4.14
5.04
4.58
4.18
7.42
4.48
3.86
3.8
3.22
4.2
2.2
4.206666666666666
4.64
2.0
4.56
2.94
4.62
2.9485714285714284
4.34
4.4
2.74
5.94
4.52
4.69
3.08
4.14
5.92
3.62
4.84
4.84
4.42
4.38
3.92
3.72
12.26
2.8
3.24
3.4
3.24
3.64
3.84
2.94
3.4266666666666663
4.98
3.32
4.1
5.284
3.52
5.09
3.28
3.62
3.36
3.54
3.18
3.126666666666667
4.06
3.78
4.36
2.84
3.15
4.32
3.62
3.4
3.2
2.14
3.64
3.78
4.84
3.56
3.26
3.46
3.84
3.4
4.28
3.52
4.82
3.06
3.12
4.1
3.8
4.0
3.92
3.5
3.2
2.06
2.96
3.7
3.36
3.99
3.86
3.56
4.42
2.14
3.6
3.36
3.5
2.92
2.92
4.44
3.64
2.62
3.3
2.92
2.184
4.78
3.58
3.44
4.06
2.96
3.96
3.96
7.0
6.76
6.64
2.4
3.94
6.56
5.05
3.32
2.0
2.0
2.0
2.0
2.0
2.0
2.0
2.0
2.0
2.0
2.909
2.0
2.5925
2.78
3.0025
2.2841428571428573
2.415857142857143
2.93
2.635
2.0
2.218714285714286
2.0
2.911857142857143
2.0
2.133142857142857
2.5239999999999996
2.562785714285715
4.4
4.0925
4.32
3.98
3.84
2.54
4.2
3.8
4.04
4.18
4.18
4.14
3.8457142857142856
3.86
5.3
2.66
3.04
3.12
2.0
2.0
3.26
4.515
3.74
4.76
3.36
3.82
5.16
4.72
4.04
2.84
3.58
2.32
1.08
1.74
1.64
3.14
4.18
3.72
4.28
4.08
4.08
3.79
3.36
3.4
5.82
2.64
2.06
4.05
2.0
3.32
2.02
2.04
2.0
2.04
4.08
2.74
4.3
3.42
4.1
5.7
3.26
4.1866666666666665
2.36
3.3
5.1
3.7
4.38
2.075
4.61
2.04
3.24
3.54
4.36
3.38
3.48
3.04
3.84
3.2
4.12
3.36
3.18
3.24
1.52
4.1
5.4
4.84
3.34
3.64
4.4
4.42
2.46
3.58
3.44
3.28
3.6
4.5
2.99
3.46
3.38
3.18
4.26
3.78
4.5
3.28
4.06
4.18
3.44
3.67
3.34
3.08
3.65
3.8
4.36
4.0
4.98
3.9
3.92
4.04
4.66
3.28
3.28
3.18
2.7633333333333336
3.18
3.18
1.88
4.06
3.96
3.26
2.74
3.18
3.64
2.86
4.0
3.26
4.56
5.78
4.76
3.48
1.7
4.02
4.3
4.58
3.42
4.19
2.9466666666666663
4.47
3.9
3.5
2.43
3.6
3.6
4.16
3.48
3.78
3.48
3.46
3.64
3.85
3.16
3.67
4.22
3.52
4.9
3.2
4.2
3.4933333333333336
3.86
3.44
3.72
4.12
3.14
5.02
3.42
3.36
4.55
3.8
3.3
3.772
4.16
3.68
3.92
3.772
2.24
3.33
3.06
3.94
2.58
4.48
1.79
2.16
2.928
3.16
3.38
4.02
3.44
5.0
3.62
3.84
4.04
3.9
5.26
2.515
