4.36747
3.1407025
3.7459323
3.0971212
3.9566863
2.9285684
1.4655464
1.9345624
3.8876975
2.9213676
2.7694385
2.6212542
3.1732085
3.7865188
2.7054331
2.1231456
1.3155811
4.477132
3.6174984
2.5878112
3.595018
2.9976997
2.8760939
0.8450012
1.19941
1.5284448
1.6505696
4.453455
3.900779
3.5484898
4.1193786
3.9992523
3.7391667
4.3253517
3.9114451
3.3609393
3.9350564
3.4756908
3.6860306
3.4705873
4.319766
4.822324
3.087454
3.5941374
4.982853
2.948581
3.2971215
4.1712446
4.237631
2.536576
2.3325608
3.6333942
4.167438
3.482064
3.6358945
3.5765176
5.00926
4.4582243
3.3513012
4.004161
3.4995728
3.5317278
3.7375286
3.6292367
3.8298054
3.8050692
3.7000856
4.2174225
3.4919844
4.135828
4.1968813
3.6227617
4.321342
4.8983383
4.0200396
3.4734018
5.3934026
3.793581
3.7232609
3.4965305
4.8678565
3.7979996
4.115138
4.1932716
3.4505293
4.261704
3.9562385
4.1341295
3.377691
4.9920454
3.672553
4.3686404
3.869357
4.195009
4.1768055
3.5134065
3.282636
3.8569527
3.4586856
3.3830235
4.232389
3.8720183
4.0480127
4.098626
3.5283675
3.9491398
4.1300287
3.6739779
3.5642233
3.4348779
4.025522
4.3904676
3.5928962
1.4324658
0.823066
0.98529327
1.0337627
0.96519303
2.2534423
4.2021065
4.3861456
3.6798809
3.745943
3.6762972
3.754428
5.148077
3.4604023
3.620791
3.5762134
3.9285095
3.728998
2.6837883
3.77417
3.8068862
3.6926415
5.75221
3.467982
3.510582
3.5749757
3.759642
4.310129
5.129233
3.9170508
3.980978
3.936453
6.951693
4.299861
4.2083735
3.539484
5.118045
4.2843285
3.3630633
3.9237502
3.437153
3.9906876
3.609666
3.4448268
4.2730885
3.6577606
3.862484
3.8983881
4.4235272
4.077355
3.980854
3.667046
2.5465393
3.8325539
3.858524
3.436958
4.0807915
4.055274
4.1190853
3.787626
3.7359793
3.5579827
4.0795603
4.380887
3.8726463
3.5218775
3.5419168
3.754334
3.49683
3.7439637
3.8394527
3.4549663
3.9084535
3.674421
4.039639
3.8525677
5.213914
3.485913
4.0556154
5.4661946
3.471904
3.967898
3.5071323
4.394348
4.432141
4.9282928
3.974567
4.1838036
3.578643
4.8715024
4.676583
3.5546517
3.638527
4.086107
4.0025826
3.8277237
4.191084
3.6687655
3.3198497
3.6861613
3.5261245
3.5117438
4.163513
3.7154815
3.5767472
4.19509
3.526781
3.2499983
3.8154202
3.5730624
3.847787
4.571808
4.4272747
4.1646833
3.991175
4.6386113
4.152582
5.0807004
3.97317
4.2724485
3.4387624
3.7895424
3.9462826
3.8923905
3.667253
4.2437534
3.7233052
4.1606407
3.5070891
3.8900943
4.174055
3.8678193
3.654139
2.813931
3.422661
2.720306
4.4718585
5.095392
3.7399077
3.9760673
4.2806854
4.6500387
3.5454721
3.7364643
4.512287
3.670149
4.6978197
4.0189037
4.2642937
5.8024354
4.3587794
3.6234567
3.7265105
3.59137
3.585584
3.5508733
3.768984
3.7512436
3.9793537
4.7658305
4.044405
3.6127775
4.879104
4.3215404
4.479683
3.5296457
4.1372886
3.5097475
3.77477
3.8879848
3.7277834
4.549718
4.2003126
3.7378168
3.3640342
3.316552
4.6128063
3.8892288
4.2347717
3.1419668
4.172887
4.006336
3.6076415
4.0129185
4.160536
4.339985
3.5864642
3.8480349
3.506856
3.7027984
4.2731366
4.6730547
3.8325973
4.0562572
4.5727787
4.7035685
3.734392
3.711122
3.667153
5.150563
3.8306632
4.6938906
4.2803087
4.4618006
3.6000695
4.518504
3.4399564
4.838845
5.142188
5.452077
5.2129226
4.9438276
4.4465904
4.6839437
2.8427093
3.9444518
3.5907161
3.4840598
2.4446826
3.730607
3.7903357
3.9920993
4.0897584
4.150734
3.972859
4.130988
4.007758
3.8615565
3.7817874
3.468276
4.190219
4.010826
3.9883914
3.9990025
4.273452
2.7076285
2.9604907
2.9093149
4.086178
3.7947464
3.4264593
3.366279
4.9108953
3.5388646
3.8196495
3.8410063
3.4483712
3.3604987
3.838856
3.7068038
3.8799458
4.903149
4.2412615
3.676465
3.7563078
3.552737
3.8491788
3.7425315
4.1115003
4.0426936
3.9940798
4.1495867
3.6202257
3.2885103
3.5699072
4.079422
4.485161
4.728177
3.5633357
4.172546
3.6482954
4.116965
3.8297305
3.1042917
3.7918384
4.4914703
3.9499617
3.7675257
3.871561
3.796692
4.9305367
3.8810291
3.8454652
4.1522346
3.7465734
4.125411
3.8024125
3.6136026
3.6150506
5.00574
4.4812984
4.870815
3.9833593
3.701193
3.4647684
4.596777
4.2357936
3.6539588
4.553808
1.8144814
3.6650224
3.1346905
3.258294
3.2785509
3.8157403
4.038616
3.6607547
3.8615482
3.1733518
3.8806574
3.6522846
3.8215468
4.032981
4.1688085
4.158546
3.4379375
3.2766488
3.3994524
3.8553667
3.779112
3.5560982
3.7475932
3.454758
3.8300874
3.9958737
3.5099707
4.2685394
4.227806
3.3303792
3.843373
4.299254
3.4437413
3.514987
3.6544902
3.3664553
3.458781
3.6506088
4.046921
3.1740463
4.0998335
3.6512938
4.6882353
4.4031487
3.6844292
3.7279537
3.4279785
3.7080915
3.640454
3.8043323
3.848578
3.615368
3.5999484
4.600559
4.9657516
3.812204
3.495294
4.6935234
3.5966487
3.7825549
4.378455
4.249617
4.1997166
4.330097
4.555873
3.880167
3.8919497
4.403745
4.13062
4.54283
3.8085895
3.7993135
3.7897818
4.229857
3.910191
3.3861566
4.0909314
3.50537
3.9374938
3.7795508
4.1310425
3.8706656
4.512053
4.165387
3.3650942
3.7083247
3.5598555
4.0586905
3.849248
3.9798033
4.0423965
4.477107
5.014654
3.605394
3.3749096
4.2926483
4.2826433
3.7027323
3.6194217
4.024603
4.021929
3.6535914
3.96021
3.4108374
3.4790676
3.7916167
3.5984929
3.6030176
3.8670113
3.5214984
4.198135
2.5457797
3.0272038
4.076193
3.6746912
3.5266936
4.875809
3.8156142
3.766825
3.6947217
4.1986823
3.5343616
3.929544
2.941949
4.359297
2.966137
4.2950726
3.9994998
3.449135
3.793352
3.7577798
3.3095853
4.149295
3.7291224
3.6367757
3.3604248
3.225638
3.9264402
4.38113
3.333391
4.0280304
3.8762364
3.7047567
4.2288976
4.315073
4.5014195
3.4656415
3.7038836
4.017045
4.3283515
3.5056148
4.0438805
3.799925
3.344498
3.2764866
4.0906305
3.3392162
3.50239
3.6542225
3.6294522
3.4080675
3.0526352
3.8751605
4.0543394
4.0650063
3.7117288
4.25681
3.9866927
3.6697023
4.2394333
3.5538216
4.3445883
3.3412452
3.6088378
3.4865732
3.216699
3.937025
3.5168307
3.482611
4.2513456
3.8808033
3.3238864
3.7914546
3.5858839
3.9239023
4.116973
4.8467994
3.486269
3.8691642
3.4398937
4.5098214
4.035054
3.7359457
4.468044
3.5253294
4.348105
4.0522075
4.421932
4.3969626
4.36734
4.7163906
4.7330766
4.150236
4.3835125
5.269939
4.0504436
4.640333
5.744268
3.5216262
3.7760696
4.4645767
3.3260014
3.9015095
3.6177855
4.4826455
3.7212472
4.2187023
4.8397756
4.927253
5.3212357
5.180104
5.287872
4.4907875
4.255196
3.5458055
3.9466114
4.4869747
3.8712475
3.8791945
4.0064306
3.7334611
3.8705661
3.765783
3.6558278
3.9389675
3.648332
3.4484215
4.838023
3.5514114
3.657106
4.032235
4.190463
3.3871057
4.2720613
4.055564
4.240148
3.7889678
3.425233
3.5903091
3.8118377
3.4067204
3.5184288
3.8012993
3.7439644
4.0827665
3.4891872
3.57148
3.4752636
3.2811203
3.9795594
3.1082454
3.562425
3.774747
3.7475755
3.4786203
3.8952076
4.509583
3.5550067
3.6664834
3.8094428
3.4501114
3.8247259
4.6037183
3.9516416
4.168348
3.9657624
3.8557549
3.4682627
3.6717463
4.2026405
3.5471637
3.4551651
2.7313678
3.553804
3.631849
3.5715315
3.7603064
3.6853104
4.3533134
3.675759
4.8156347
4.735376
3.3651536
3.5837688
4.5822153
4.016819
4.0219107
3.5295856
4.1887283
4.8598175
3.6300883
4.641049
3.5622787
3.0797114
3.6313715
4.237894
4.431629
3.875935
4.2899094
3.707838
4.2367096
3.4932952
3.7706103
3.0856571
3.8494601
4.192548
4.274883
3.4994893
4.232519
3.8538442
3.7635696
3.6179266
3.3405108
3.933943
4.212255
3.808122
5.362181
4.282758
4.3149624
3.8573701
3.6337254
4.2017345
3.4367368
5.1828876
4.2723074
3.4324644
4.6127524
4.2790556
3.9312391
3.4025502
3.2914584
3.636898
4.4538546
4.8895855
4.0098767
2.724519
3.2103772
4.511571
3.3015745
3.3093517
3.9642835
3.8621144
4.0345387
3.9863448
3.6694543
4.423911
3.5170522
4.7757277
4.045594
3.6448104
3.755002
4.0224953
3.9155
5.0872355
4.1239495
5.5261474
5.446783
4.2926083
3.6424599
3.5107124
4.1969233
4.6881785
3.6217
3.6276863
3.3929968
4.172441
3.6057713
3.6160753
3.6910577
3.6013923
3.7165294
4.2656975
3.7220316
3.950794
3.8797207
3.358685
3.7047348
4.2006197
3.9111261
4.420076
3.5451033
4.231398
3.5169668
4.343811
4.5156174
3.9479172
3.5568547
4.176815
3.5026598
5.520975
4.150692
4.063925
3.2122366
3.9395943
3.5894654
4.1943264
4.039733
3.993405
3.5400124
3.9557045
3.6258492
3.9990978
5.8234587
4.1129932
4.5797186
4.964487
4.2367096
4.0875754
4.2656975
3.9383218
3.2945366
3.7540116
3.4200346
3.8878255
3.9392693
4.1980605
2.867494
3.6025543
3.2861245
3.3666286
4.8465242
4.2796674
4.415042
3.7066545
4.112465
4.454871
3.4594564
3.971531
3.1038167
3.7160258
3.5584273
3.5086074
2.5407581
4.1431828
3.5529432
4.2720823
3.4388478
3.881192
3.884733
3.5459597
3.1482544
3.890074
3.923538
4.4082437
3.8219495
3.67488
3.5185285
3.474162
4.6658187
3.5914168
3.2964513
3.9825194
3.9014916
3.6096487
3.7825992
3.8317227
3.922316
3.4884734
4.1687145
3.712462
3.6375062
4.0892634
3.8864477
3.2894125
3.9206924
3.999841
2.8347259
3.293716
3.700307
3.8249075
3.8697164
3.8251362
2.8444545
3.6177363
3.527016
3.6243398
3.6697705
4.24504
3.2286706
3.3721452
3.9988208
3.6635115
4.2757044
3.8363593
4.4886656
3.1444628
3.7833097
3.7594175
4.0455356
3.3852978
3.8965566
3.1601593
3.8071945
4.398485
3.4808648
3.7609568
3.5386748
3.8138187
3.753705
4.330329
3.8485591
5.078134
3.384605
3.9996173
3.419068
3.7392054
4.372985
3.834016
3.7904584
3.4978654
3.447846
3.8603828
3.6214113
3.5371478
3.2286415
3.6521199
4.0342207
3.476994
3.9002244
4.287676
3.8326666
4.5593863
3.4203095
3.5515833
3.7139316
3.329355
3.4686265
3.867783
3.7271447
3.3582957
3.065228
3.9676495
3.6090543
3.7316527
3.0816145
3.3630188
3.7442229
3.9792106
3.7263985
3.0786433
3.5938396
4.4170475
4.694615
5.156339
3.591367
4.1285686
3.498252
4.42834
3.570844
4.062483
3.7590227
3.4710662
3.5178895
3.6367428
4.0578775
4.1365113
4.27682
3.7666328
5.561205
3.5876951
3.466798
3.4815633
2.820655
2.9648426
3.9522672
3.4221337
3.1476579
4.1473465
4.908067
3.436159
3.8231595
3.0013413
3.270212
4.5279074
4.0913687
3.5615268
4.3922176
4.3687925
3.7949412
3.525104
3.492826
3.634295
3.6758926
4.114481
3.4456697
3.7026346
4.421872
3.7859268
3.6885905
3.5160286
3.5911174
4.456833
5.6421113
5.6691594
4.673563
4.8052664
5.118278
5.1950984
4.2956476
4.869861
4.627739
5.230864
4.773935
3.508121
3.764229
3.6380975
3.6206675
4.3609447
3.810324
3.4231663
3.249959
5.3142924
3.6418307
3.517787
3.5701044
2.777737
3.6548762
4.0270467
4.0293083
4.2336836
3.3798695
3.3437135
2.2180414
3.5623007
3.7975724
4.6835794
6.3040047
4.529106
5.261425
4.067971
3.4060724
3.6052065
3.443593
3.916918
3.7700284
3.625774
3.5878787
3.538634
3.9101276
3.5291123
4.1123323
3.4053004
3.3494606
4.766608
4.3038974
3.4815753
5.042298
5.2756915
4.509371
3.5254292
3.4148688
3.8550346
3.5552664
4.0472336
4.020235
3.9580286
3.4831445
3.8400805
3.7418194
3.7211347
3.3830032
3.6997185
4.5861835
3.9329877
3.294121
4.1465573
3.8403654
3.504314
3.4392405
3.717805
3.8247318
3.7390132
4.3617916
3.4598022
3.3910928
3.6463866
4.0079136
3.4568338
3.6462893
3.4044862
3.9005678
3.614676
3.8159235
4.635294
3.686648
3.5736823
4.0368843
3.9037085
3.2908022
3.5617673
3.6592853
4.063801
4.2124352
4.0630074
3.9478493
3.7288508
4.876999
4.5714517
3.610688
3.7956011
3.4772384
3.960307
3.3411508
3.8116434
4.7388673
3.6245883
3.8092387
4.0913086
3.795845
4.300937
3.9052103
3.7511284
3.3068788
5.373833
3.9229953
4.715434
3.6741643
4.5253315
3.3497968
4.0037107
3.3867807
4.1958494
3.1516776
4.0441427
3.5616589
3.8243635
4.34872
3.717859
3.016242
3.8481405
3.6720817
3.9788823
3.9163284
4.565514
3.2032015
3.354063
3.1153684
2.7847836
3.9749362
4.449634
3.517826
3.201244
3.992319
3.6069958
3.7948723
3.5089588
3.0451102
3.5830078
3.7832294
4.6591663
5.3749933
3.2110221
3.653138
3.5752428
3.355009
3.0520895
4.2165437
3.6727667
4.2838116
4.371156
2.1521773
4.0378847
4.5088162
4.114739
4.1285458
3.649385
4.4526854
4.653817
3.929201
3.8597138
2.967524
3.6517563
3.386735
3.6071048
3.8248518
3.6660664
3.6479611
3.8513582
3.385163
4.4508905
3.6494071
3.8262088
3.4122777
3.6748548
3.9033844
4.103848
3.6371958
3.8773432
3.4329145
3.6349032
3.7631545
4.186675
5.561205
4.368204
3.685982
3.1354299
3.0748255
4.0213933
3.4480517
2.977901
3.7566361
3.469511
3.8663373
3.7632434
3.837954
4.046487
3.958757
3.6275837
3.7373273
3.9592035
4.5358753
3.6964693
3.9787867
3.4708629
4.1362214
3.7184927
3.7359781
4.4372125
3.6180925
4.354145
4.477864
3.8277018
4.4269047
4.0808954
4.6775374
3.4640188
3.6818786
3.7988312
3.5810828
3.6190913
3.2807374
4.0461454
3.9320374
3.6597188
3.9253516
3.491353
3.61495
3.9101858
4.0106773
3.4342844
3.8280613
3.9812782
4.5014195
3.5742228
4.162112
3.3091247
4.159108
4.615979
2.961849
3.6303678
3.9203231
3.689957
3.9259198
4.6796136
3.232492
3.8478255
2.8152936
3.1732752
3.9719186
3.4377668
3.6824105
3.9635851
3.901157
4.1482763
3.506728
3.3908432
4.120408
3.6377068
3.718416
3.6789865
3.4103577
3.796515
4.6116385
4.0376816
4.9878383
4.1317797
3.5843027
4.4145813
3.8815393
3.8442283
4.031623
3.6659248
3.7014267
3.353157
3.826631
3.9648688
3.3464608
3.7477558
5.0608726
4.2702756
2.966776
3.430876
4.210771
3.6985712
4.624064
3.3389406
3.7866786
3.9974585
4.054367
3.7419431
3.547122
2.3659124
3.934026
3.9194086
3.824718
4.9069223
4.775197
3.8746767
4.2066407
4.4532995
3.326053
4.2406025
4.2135897
4.041774
3.3724797
3.702211
3.8129218
3.5648177
3.8909762
3.5143304
5.041443
3.6206627
4.561622
3.3057497
3.9168074
4.07656
3.7600965
3.7269936
3.7354012
3.3592951
3.9820645
3.2780085
3.7944295
3.8613331
3.7908263
3.2308812
3.199675
3.4778867
3.4274678
4.414834
3.6186485
3.3989317
4.074762
4.010543
3.7973204
3.783224
3.7749145
4.819747
3.6044602
3.7276797
3.6098833
3.589581
4.1544952
4.0065346
4.1419783
3.744571
3.6170597
2.976632
4.2025857
3.4391553
3.9219837
4.318105
3.7477498
4.14382
3.4700909
3.7126982
3.1144588
2.9514935
2.3000746
3.283849
3.4856815
3.7258294
3.5844297
3.3847322
3.8716817
3.5026937
3.1655192
3.753705
3.8728776
3.6627188
3.6187937
3.9755495
3.9776688
3.7667754
3.344508
3.3718064
3.4716883
4.2597795
3.427631
3.8061829
3.2423687
3.8948665
3.9525216
3.2610412
3.5912483
3.4275534
3.6457725
3.1454985
3.5936096
3.658545
3.776167
3.6320632
3.60712
4.68869
4.530081
3.347516
4.2318974
3.324057
3.541167
4.31286
4.119577
3.6008458
3.0431767
3.2028542
4.45915
3.91384
3.182576
3.8935256
4.3772783
3.5229359
3.4050179
4.4072866
3.387814
3.677324
3.7020922
3.4828343
4.2725563
4.8391485
3.7382207
4.4015226
4.160655
3.5891407
3.5028577
4.5124216
3.3040433
4.4401817
4.2532353
4.086172
3.7600064
3.252414
3.4781282
4.2003007
4.675427
3.31915
3.5490897
4.09386
3.9837515
3.4944975
3.675234
4.873627
3.681947
3.5631468
3.6057653
3.8584921
3.802451
4.215825
3.857872
3.7585
3.6338763
4.3299685
4.001172
3.9220092
4.263518
3.491073
3.627758
4.5844674
3.8091733
3.8561075
3.3351169
3.4497886
4.6499968
4.1622534
4.3429756
3.9233708
3.5561507
3.661949
3.3403046
3.9047437
4.129337
3.5706499
4.089033
4.169523
4.1548676
4.2642536
3.941141
3.6063259
4.3158097
3.6698997
3.7889538
3.6344504
3.6032825
3.7569528
3.1218028
3.250751
3.6722279
3.3824193
3.087757
3.2148924
3.2864828
3.1920893
3.0138848
2.2538137
4.1715746
4.1058273
3.7426152
2.4384637
4.603066
3.3986423
3.6620054
2.003605
3.6284432
3.7954595
2.4782646
2.911538
2.3844142
4.0242357
3.5889966
3.4722996
3.9088209
3.6941972
3.4844725
3.4848762
4.2324753
3.6983178
4.1014156
3.599745
3.0703492
4.3700542
3.8058755
3.7625856
3.6810205
3.5561507
5.5516686
4.200445
4.245371
3.686631
3.439953
3.1284454
4.417284
3.9062319
2.8722982
2.4436166
3.811653
3.8256767
3.4031713
4.456089
3.658724
4.9303126
3.3334675
3.7023678
3.3409495
3.6149065
4.6545787
4.0045376
4.6186633
2.9306762
4.222834
3.4780972
3.4910665
3.7047696
3.5080385
3.7472816
4.8768106
4.1814213
3.4932988
3.586562
3.450677
3.8665147
3.5914483
3.9566433
3.37255
3.8439302
3.9042199
3.571112
3.9969463
3.7728941
3.6201823
3.770556
3.5667825
3.4864058
3.757779
3.6755571
2.9429157
3.6370602
3.794223
3.719867
3.7046852
3.4051402
4.372801
3.9000578
3.4825392
3.4607208
3.2338727
3.317203
4.3279524
3.1952713
3.438893
3.2934203
3.7975879
3.7693257
3.5305996
3.238022
3.6444602
3.9140487
3.7679043
3.4406195
3.5727086
4.328694
3.9115326
3.4949903
3.6759238
4.2739215
3.5776272
4.06446
3.8432465
3.1954381
3.698719
3.6559746
3.723868
3.7318165
3.586953
4.1388865
3.095306
3.5977125
3.8286567
3.1168401
3.6583917
4.258444
4.040341
3.1587536
4.026264
3.9831417
3.4187882
3.5283878
4.0347695
3.7740793
3.5256524
3.68805
3.1839795
3.4683397
3.7976806
3.9673665
4.215923
3.4929185
3.1090648
4.37635
3.9115443
3.465621
4.2528224
3.65663
3.310113
3.5764923
3.3915226
3.883998
3.79866
3.7972198
3.3295093
3.8172052
3.8464963
3.472104
3.0998094
3.2566
3.8978198
4.3395786
4.4774294
4.273676
3.6290598
3.080141
4.3493233
4.195095
3.9294798
4.5534573
4.7800016
4.360608
3.5607955
3.774811
3.6069236
3.719586
3.7741754
3.7725563
3.6474204
3.7822194
3.6474204
3.5550194
3.8382323
3.9094632
5.464223
3.8652143
3.7278175
3.8116
4.214975
3.873262
4.358035
4.8678975
4.8678975
3.4382484
3.5921187
3.5077198
3.1812856
4.123821
4.0134163
3.9779975
3.8955061
3.8485458
3.8818655
3.3529809
3.2320125
4.455994
3.1842341
3.8607728
3.317965
4.3007298
3.4545915
3.6747508
4.0371766
3.457901
3.9218144
4.4413395
3.5127985
4.02622
3.227738
3.5440955
3.6826894
3.459656
4.1316037
3.5913653
4.2680025
4.945391
3.5819783
3.4913163
3.6705453
3.8773432
2.6293352
2.7588391
2.6938667
2.0673523
4.023003
3.6137013
3.2214887
4.2494698
3.9965737
4.334637
3.4212823
3.7419527
3.6787522
3.8097665
3.5430121
2.644025
3.1541743
3.2921317
3.635933
5.55609
4.946359
4.35505
4.1047473
3.2409198
2.9190714
3.1050694
3.3453474
2.734037
3.9847887
3.9855707
3.5579553
3.665779
3.2559824
2.9791853
2.3666089
4.040947
3.840882
3.296502
3.4895031
3.987537
3.6851833
4.5853734
4.5343237
3.294656
2.8110719
3.8316422
4.0321236
3.839669
3.682819
3.8873727
3.1498916
3.7601674
3.5440934
2.9974232
3.5129447
4.219998
3.2960515
3.2989316
3.1416123
3.1464398
3.452424
3.7646978
3.594923
3.7193933
3.558336
3.738178
3.212024
3.4589152
3.6733003
3.0527508
3.706397
3.27207
3.5191689
3.3454485
3.951696
3.6308682
3.6344786
4.271047
3.2612123
4.425433
3.4450173
3.8117971
3.873121
4.031624
4.997307
4.3657618
4.2276964
3.5801756
4.316316
3.1734712
3.28997
3.2429922
4.0047503
3.8701663
4.2405243
3.1489005
5.1901755
3.9569383
3.558788
4.1946282
5.15549
4.484399
4.2300925
3.5288513
4.1668963
4.818086
3.4412985
3.0306249
3.587303
3.2256615
3.6510034
3.5269616
3.6595783
3.428523
3.7190948
3.538687
4.139811
3.3978744
4.549676
3.6510034
3.2517107
3.846206
3.472567
3.479278
3.1490083
3.835152
3.797277
4.2982516
3.707727
3.77771
3.1834176
3.2059665
4.348193
3.2916865
3.672143
3.758863
3.5785837
3.5266829
3.7506652
3.8893044
4.22328
3.7241468
3.220788
3.5841737
3.6877954
3.9522033
6.1642084
3.0860138
3.406104
3.0676184
4.155075
3.7370143
4.207232
3.897485
3.5415306
3.3457172
3.7014554
3.5511827
3.7302916
4.423174
4.619983
3.4451551
3.6561542
3.4278944
4.7409186
3.4878922
4.3649387
3.5311306
4.5041056
3.2483027
2.8896794
3.413572
3.963263
3.300407
3.5220714
3.9565568
3.620579
4.3594275
3.6677861
3.1910148
3.5351455
3.3477163
3.9939575
3.6361442
3.3174062
3.6671376
4.831742
5.151568
3.631431
4.0296674
4.4099054
3.9586554
3.6218688
3.5999823
2.9212515
3.7941418
3.213224
3.7895195
4.0409393
3.493072
3.5410573
3.9873168
3.9633973
4.071569
3.8747373
3.75624
4.019867
3.8326342
3.1928167
3.574611
3.562337
4.3567677
4.4463234
3.6175723
3.9539447
3.6301951
3.4622138
3.6160293
3.4988403
3.412643
3.6795216
3.4950125
3.5183468
3.5062447
3.4745905
3.5698009
4.2076497
3.490892
3.74388
2.4539366
3.9755807
3.110447
3.5371199
3.9405973
3.8705099
3.4256873
3.483169
4.168397
3.766488
3.7057664
3.6347263
3.2923672
3.2215345
3.3712468
4.159644
4.029031
3.5491133
3.7299752
3.9750915
3.648387
3.4630818
3.5491939
3.3067822
2.8823624
3.4864798
3.557171
3.2070003
3.6485898
3.2072225
3.5367541
3.4627295
4.15118
3.5127985
3.662486
3.7086804
3.4085133
3.5825706
3.2927651
4.5851293
3.1369464
3.6244967
3.5612495
3.326141
3.993991
3.7525554
3.2896252
3.8486097
3.2178218
3.503493
3.6415775
3.6384268
3.5031734
3.6362376
3.4476323
3.5105593
3.4642825
3.5481856
3.4293206
3.278725
4.1103983
3.3717246
3.8045807
3.5902886
3.9417307
4.22935
4.123535
3.4018161
3.940124
3.6833134
3.8601809
3.9829879
3.5491939
3.4618106
3.8428826
3.5255628
3.9090118
3.4781632
4.464094
3.3966548
3.5071175
3.599012
3.4569814
3.8011074
3.7045116
3.4720314
4.038597
4.113688
4.182472
3.5525377
3.4959445
4.001919
3.7541804
3.0814939
3.5619545
3.7448764
3.1615593
3.6717443
4.1848555
4.10956
3.694686
3.4323545
4.0271196
3.45917
3.6349254
3.7087657
3.723894
3.5610228
3.8654022
3.6853936
3.6716328
3.474038
3.2652292
3.6849296
3.5510046
3.94869
3.013999
3.7237427
4.2942715
3.6662092
3.6608238
3.4198925
3.5218596
3.8967967
4.046358
4.162508
3.7052994
3.555153
3.6770208
3.7122416
4.1043806
3.3659184
3.7153432
3.6089535
3.3961957
3.694867
3.4673686
3.4768605
3.4377646
4.240393
3.469046
3.5713048
3.9727094
3.4770894
4.1963315
3.4380748
3.4087439
3.3810616
3.8518522
3.903374
3.9288754
3.8653214
3.3294652
3.7619853
3.6586654
3.2237754
3.2909503
3.9686499
4.3254304
3.567373
3.84815
4.142586
3.537445
3.8453357
4.322625
3.9353423
3.8958924
3.2922873
3.6788006
3.7162247
3.969197
3.7163403
2.974243
3.777389
3.6980143
3.4156618
3.5489194
3.9209266
3.348807
3.463715
3.643755
2.9518359
3.527542
3.4185457
4.1003466
3.7264347
3.5846856
3.3936915
3.7948685
4.040756
4.582951
4.2668896
4.2308865
4.381689
3.2842877
4.161239
3.6138575
4.0796547
3.7000175
2.9357808
3.5627367
3.6932817
3.629227
3.4690351
3.472197
3.5304608
3.7194476
3.2796788
3.2502778
3.1236613
3.9973228
4.4219418
4.6958327
4.0343623
3.3130016
3.5418808
3.9160595
2.7720022
4.015309
3.8005
4.027639
4.3609114
4.821918
3.6792696
3.703451
4.0792513
3.8788443
3.6003587
2.9763825
3.8302913
3.7827926
4.0539494
3.5040164
4.09581
4.2236843
3.7003856
3.7813861
3.897701
3.7906597
3.801416
3.5807383
4.720218
3.8047476
4.227917
3.8659039
5.826665
3.417744
3.8982933
3.4693382
4.7044954
5.0237594
3.4024541
3.5024414
3.8982933
3.2164252
3.751017
3.6368408
4.327214
3.7390392
4.9040327
4.2727175
3.302887
4.7793527
3.3698373
3.4755795
3.9749556
4.056164
3.9335048
4.468548
3.502646
4.0992336
3.766829
3.5325155
4.0202637
4.240693
4.302928
3.504104
3.593917
3.6854744
3.9481144
3.7741346
3.4455273
3.8341682
3.9870877
3.8324587
4.769792
3.6717181
3.556392
3.381005
3.880344
3.8514457
3.4273162
4.1102543
3.7752001
4.4157634
4.4154363
4.1532364
4.311186
2.627535
2.6688645
2.7693038
3.1427696
2.9252305
4.404484
3.7195308
3.676369
3.4754295
3.6227624
3.7104788
4.052541
3.5823002
3.5519378
3.5985672
2.9053342
3.7083166
2.911292
2.6714852
3.4967198
3.8385763
3.557814
4.1043367
3.6259296
4.0147724
3.468611
3.223358
3.652459
3.501435
4.0275464
4.3551607
3.9197717
3.6294043
3.7416465
3.3461542
3.4376192
3.5942395
3.501435
3.8505697
3.4202185
3.6297517
3.8506863
4.049593
4.4035726
3.332116
3.7686987
3.3469272
4.345614
4.191058
5.194804
4.325136
3.7951941
2.8670173
3.7032619
3.698256
4.3792877
4.068692
4.080758
4.223616
4.50657
4.4410133
3.7719772
3.183595
4.2176943
3.6171067
3.7291434
3.4481018
3.4437861
3.533146
3.593566
3.2957716
4.5702815
3.432139
3.4365726
3.6420777
3.6135316
3.464502
3.8349223
3.6723294
3.9325116
3.6958394
3.079909
3.8159754
3.4292908
3.7113404
3.3642697
3.4911933
3.5194821
3.655324
3.5959969
3.583831
3.5106282
3.4772964
3.3773198
3.5751705
3.6651154
3.8811636
3.1810865
3.5720687
3.5207257
4.009933
3.0957136
3.4548557
3.5562484
3.716229
3.7761223
3.7631526
3.8982093
3.6393733
4.193136
3.761587
4.426323
4.6963515
3.8002915
4.258254
4.1183043
4.5111537
3.9192553
3.517568
3.6851323
3.3066967
3.3139033
4.7132535
3.9107132
2.9935176
4.314039
3.9821038
3.4497824
4.679002
5.0364385
3.813473
3.637383
4.1422467
3.5775816
4.779111
3.7251005
3.6370761
4.1367655
3.9794583
4.1103354
5.2266088
5.315907
3.6840425
4.724816
4.3890934
3.404176
3.6771758
4.4428034
3.4539104
5.0268316
3.754715
3.641687
3.6432023
4.49374
3.565289
3.8154068
3.5295656
3.2578897
3.7668602
3.5986786
3.5520587
3.8250568
4.424642
3.7086003
4.8122334
4.953331
3.4695408
3.5964444
4.1988063
4.1215796
3.429571
3.8474684
4.031419
3.7952044
3.3209786
3.501128
3.4723406
3.2866042
3.9417088
3.3083584
3.7281144
3.725671
3.3551276
3.928906
3.604257
3.7295046
3.4024727
3.7386186
3.484948
4.1287966
3.511974
3.7519212
4.4206066
3.9466357
3.233537
3.5080671
3.4352748
3.82532
3.700756
3.484101
3.6412666
3.2462678
3.5891585
4.64161
4.5201063
3.8086574
3.734762
3.261609
3.3090904
4.5079846
3.6753812
5.325057
3.4478407
4.26117
3.983946
3.6723912
4.020388
3.8885753
2.71232
3.3702064
3.5147624
3.758748
4.5963535
3.3708518
3.5459967
3.4566143
3.372595
3.5713284
4.1822777
3.231311
3.700593
3.805532
4.1078763
3.2427766
3.527609
3.4325228
4.0546637
3.532559
4.649883
3.5347128
3.9923563
3.9602132
3.6525433
3.7072518
4.1467905
3.6872613
3.912384
4.503348
3.313765
3.7599988
4.0603557
3.9847877
3.9703336
3.7213821
3.4470634
3.28589
3.7208688
4.288233
3.3791368
3.3882732
4.3831615
3.2714493
3.8726773
3.708677
3.621857
3.6078615
3.4618106
4.0033746
3.548405
3.9662333
3.9190924
3.1331553
3.6705053
3.4649734
3.863501
4.6316686
4.364935
4.065022
4.0600257
4.765148
4.5782857
4.068946
3.6024153
3.58962
3.6130264
3.3874166
4.190154
4.1821656
4.0312834
3.7543592
3.8124058
3.651475
4.355065
4.4223204
3.5551276
3.5746903
4.7022595
3.7050211
3.6099677
3.6611586
3.4164512
3.8338587
5.280974
4.3565135
3.824207
4.529956
3.7125182
3.4098432
4.1051893
3.6754258
3.559707
3.6707878
4.2407284
3.3313193
3.8587375
3.7202365
3.7077496
3.6753075
3.693535
3.835282
2.930289
3.911409
4.018324
3.8081522
3.3770342
2.96483
3.6572573
3.4889946
3.5771434
3.914507
3.9637616
3.745974
2.9416893
3.6460805
2.761137
3.4604433
3.7898846
3.7202365
3.846621
3.573802
3.6580417
3.459837
3.512789
4.22328
3.9546976
4.1256638
3.5122156
3.596234
3.3074324
3.5338182
3.950109
4.2877655
3.5334966
3.3883476
3.3654735
3.8854876
4.0097055
3.9532027
4.0162277
2.9380245
3.462762
3.5879722
4.266388
3.75787
3.9055967
3.9438725
3.9267862
3.3179183
3.1105413
2.9112022
3.7624674
3.4363914
3.6117892
3.5411253
3.9391093
3.563924
3.7773235
3.7459004
3.204294
3.7363482
4.3173018
3.309064
3.4142978
3.491709
3.5425093
3.5432143
3.2973142
4.1213303
4.2288976
3.2225723
3.0348625
3.680572
3.2433085
3.1709306
4.482961
3.6013863
3.5601957
3.3602564
3.8339856
3.5752015
3.7366705
3.5197468
3.3642092
3.433925
2.9619174
4.2299566
4.4003496
3.4342818
3.6992328
3.4323363
3.4656193
3.5024924
3.1801817
3.397019
3.450243
3.8240342
3.9516764
3.8575914
4.016088
3.7499855
3.4753728
3.7997305
4.0527353
3.4572558
3.332806
3.4362056
3.9717488
3.957717
5.207379
3.796834
4.789109
3.382699
2.8407075
3.5963273
3.2768722
3.7547102
3.8267689
3.7881322
3.7771194
3.682259
3.2801375
3.2940085
3.203132
3.5867877
3.424261
3.0893595
3.2957869
3.6609497
3.6099615
3.497414
3.4168913
3.7747717
3.454999
3.148049
3.6255574
3.1621375
3.8258064
3.5203884
3.797575
3.341462
3.1117022
3.634965
3.2023156
3.4952304
4.245329
5.065477
3.5756774
3.5773406
3.6285572
3.41731
3.6142683
3.5148563
3.9678037
3.4520266
3.6454358
3.3966231
3.436812
3.6933877
3.438694
4.079392
3.5305226
3.7233415
3.662276
3.5945985
3.1990442
4.139677
3.0446548
3.7041585
3.3692944
4.381855
3.5218785
3.6520896
3.3283849
3.886423
3.457352
3.8394444
4.24531
3.9941857
4.1062326
3.3446698
3.4882565
4.2329564
3.9083428
3.642607
3.4273643
4.3994937
3.378493
3.73981
3.7656598
4.0807943
3.6779573
3.2391503
4.101672
3.5178432
3.4832778
3.2433357
3.5016367
3.5579295
3.8480778
3.5451741
3.378518
3.9373376
3.5899122
3.53739
3.5200353
3.6342993
3.8857703
3.8156834
3.381337
4.681599
3.749809
3.4759216
3.7109857
3.7683804
3.722868
3.8203511
3.4945254
3.7803082
3.6407351
3.558563
3.5477521
3.603897
4.0328255
3.7205017
3.5671513
3.3364928
3.9465373
3.4799845
3.5263596
3.4903102
3.899802
3.353013
3.5569584
3.442676
3.9541903
3.2412975
3.2972214
3.606881
3.3330462
3.4876342
3.8507476
3.5275984
3.3266892
3.7330995
4.4641466
3.5501742
3.7865467
3.3934443
3.3787813
3.4757173
3.7922473
3.919913
3.3592744
3.973972
4.3595085
3.7325687
3.9756098
3.5261178
3.4508238
3.442785
3.6586962
3.7412024
3.6265163
3.7759373
3.058043
3.4596581
3.5102644
3.718988
3.861149
4.058977
3.5654888
3.5298345
4.0688715
3.8027565
3.5591233
3.5876749
3.705152
4.0301337
3.3790247
3.838739
3.314205
3.6693382
3.2259593
3.7162192
3.3045933
3.907211
4.042748
3.360284
3.8734083
3.5957694
4.170591
3.6982327
3.496162
3.1558752
3.9758716
3.7413504
3.3725433
3.3877096
4.1214113
3.541419
3.7999315
4.463013
3.7263424
3.0290601
3.4467351
3.5041578
3.5835457
3.9742188
4.045594
3.2860951
3.5847719
3.9338515
3.961271
5.310222
3.5818493
3.4781332
3.4177701
3.374611
