1.4962853039535822
1.6201148838083084
2.2319005598428103
2.2920712951531366
3.580022114378077
3.4990606295095477
2.108173020390845
3.123217389819376
2.2435613122645526
3.409676552381904
1.8547173973038749
4.936277248037097
2.6979665000690503
4.80463562145404
3.98883122591674
3.391757026521615
2.3464287628816285
1.7733105833018625
2.66007231826464
3.6357634048270033
3.096478758326215
2.7334046937610017
3.4252031530994453
1.7913215315575137
4.4434359040481635
3.6438575104729645
4.551829580753256
3.9133113585001893
3.6891318854760895
2.888645562724615
2.8428190832003497
2.669389007246753
3.8660029937507185
2.6604317324013698
3.2217505089793206
3.773423946522733
2.983782947338046
3.2165454953244375
2.5641909376207153
2.441507450335072
1.2675685061366095
3.125047336045724
2.026244550359218
2.720779439727159
3.7184335891051856
2.1244970983989955
3.5176281987097866
4.958265895181047
3.36858345236029
4.331507940365334
2.918394359579192
2.9556652985746075
2.110371134383673
1.9014587030413874
2.030363959329336
2.4156488326998624
1.402801962288311
2.135160415393152
2.1872007714442416
1.9795437759864487
2.8175914700662323
3.25263353538789
3.2517361377857643
1.5687549966859804
4.851776999019301
2.30438562287814
3.624111760226473
3.2137941122707723
3.535912868923189
2.186326533091756
2.5113660550042063
3.852931465771728
2.0071668979717234
2.3478953732431074
1.8420352170024226
1.3829854027864417
2.0745475234029844
3.6461802083359602
1.9724467914344526
2.52298453228755
3.7521187125319
2.601455380548156
2.771063847619821
2.2129742133952024
3.9885210077935453
3.6307257401012243
1.8259783933866478
3.705458788908542
3.342103531904505
2.395708117494587
1.981730984848173
1.9268739941465114
2.5293137047233327
2.2330868999529963
3.987214528668527
5.320072798133828
2.065044092949792
4.198921034849624
3.049892939991794
2.4567571085499784
2.9137610893130335
5.240258448625195
2.975213925363646
2.932721184964615
2.7401934151640606
2.441004275527733
1.3465382047103813
2.5044970787862324
2.005731154363043
2.4229208151710497
1.3934319675239188
1.8934028649565955
2.4344947794388467
2.2998725061998204
2.9480100344139113
2.0042612903183534
2.58690179134312
1.9034249384985358
1.5974631115668896
3.2616198206546034
2.831993277524881
1.9897895651332467
1.2410955411406013
2.877440033458824
2.500623297188427
2.536707250172933
2.2902702208614194
1.6855050911543508
3.4192465106158134
2.9337696796683703
1.189258977162792
1.854246158221979
2.4105742358906173
2.881848136592188
1.4122057855256758
1.9081463035554294
3.940312575067506
3.453343082698037
1.2955861123902292
1.4004127986492272
3.1408427574011384
3.45927092708036
3.1708333629581533
1.6935654476673139
1.1942860098138863
2.000978288645353
3.154695297991385
1.7930269311967242
2.29793257596742
2.2957279751391266
2.8110821033832956
2.277733299748456
2.168034309183636
1.8940832083860775
3.046928858144818
2.838357120060506
1.9242611416695157
4.36672889640425
2.1905839661843682
1.9561609029374623
2.9169466868566847
3.3808261702139535
2.472339424885568
0.4755167823139278
1.7349526006413805
1.2031310631290781
3.9590136564491027
4.105321063498778
3.7816191227854583
1.278399817800139
2.807155938826671
1.6975290269708516
3.418193896913854
1.959945348614896
3.648656806349048
3.348656137085171
3.6767175610492693
2.0759199158993944
2.00596308943959
1.6395656434552843
1.579534935821238
1.85747589035797
1.9898967169607766
3.1724277248290926
2.6088284956997927
1.069585849025221
2.2800021227468252
1.0052349020823046
2.0782494792489983
2.705838330424888
3.2259149869107153
2.442486398093896
2.1976658618389697
3.2603443630591546
3.24440722698536
3.4998458625390136
2.062613716202738
3.1041764826439717
1.9567569457744327
2.38399295079165
1.2745964102022889
2.7927228114923546
3.1004441868049204
4.035068926466532
2.930838829899783
1.6202111080096393
2.580547886010127
2.9624908762346864
1.4820731787789914
1.1478016746131565
1.6535206100442241
2.089181154521864
1.7267186065909592
2.394449330132782
2.510275937988457
1.6884038601440465
3.2591200666371902
1.2832660518657226
1.6338650798967738
3.5736593745177747
2.128428271682233
2.773065690976002
1.6465026916517251
3.724228475427887
2.330805753153725
4.747853399727339
1.3309916970866855
1.9752767418579
2.0270944639494304
1.8945495085901953
4.316300825872059
3.1130594169042203
2.248660697576126
3.1842091955536267
2.9233775725812077
1.443887253504048
0.797103147674266
1.2507913433876447
3.5136772841489092
1.0026717430389636
1.7733975302543803
2.5424416723178536
1.131623056512164
1.8937917221968572
1.2649316644978585
3.315261233479572
2.556687777204525
2.263134380449113
1.0828526553619788
2.527920326217874
0.8556280001961798
1.491129814300482
2.1345839944691405
1.6104106129856945
3.1196940002380944
3.5447941344798677
2.1565078865370597
1.4094993973118988
2.2847350696690123
2.7006984799705083
2.121466675259506
1.9351842871637874
2.31889982447171
1.8195496274192702
4.313880149745696
3.2665717643391337
3.737717640519932
3.6464772084519015
1.4885195881930653
3.956335586833393
2.441474190316265
1.944992007877852
1.9105441519921622
2.0069961335642392
2.734029450321008
1.0924460743493136
1.6586239264406002
2.2265082108187864
3.938387680024948
2.692134913800863
2.2441730605336425
1.649085535555042
2.0751583294219005
0.7848920506614612
1.4866551746067536
3.863186268147296
2.934361010406455
2.4485619491933703
1.8648602489685704
3.4835560479756094
3.1089789871426388
1.6355993034016147
1.4606266494539726
1.5736761310604173
1.5796993278068576
0.9120481192067925
1.6181566793148827
1.6193644779412137
2.690083360590025
3.0701914113281026
3.069166902856829
2.2546667571777026
1.3164479673906249
1.9043874369226066
2.147698231551664
0.8246990167853394
2.2483925618273326
1.5088452832994799
3.697150853191082
3.6520628816689644
3.2704358348334015
2.720706723821414
3.0925278631525392
1.933560319309301
1.8053185727269017
3.4116228727335614
1.7468498529672987
2.0736997891971494
2.906886273741477
1.3807173896681002
2.125506713647912
2.0743373915309857
3.2425441045719854
3.7530049868067663
1.8277344061714098
1.8860960465848997
0.527993782465631
2.6748471650472503
1.4960969884771669
2.077675834623066
3.3254435702368372
2.590297341885813
1.7743782413943312
1.4294983946375466
3.288750875799992
2.1130861882897003
2.7324199062556356
1.9671066254852647
1.6562689434870546
1.4108528090894767
2.598453959220481
1.8816571958789616
2.567089249128246
3.4935614077449832
3.597075920549359
3.477341742580042
1.4010785993765587
2.5988113448985946
3.2014388634811266
2.18826232022774
1.5690581810903608
2.8116000530991423
1.3271557823472842
1.6005220944889458
1.8367993874791255
1.5356960614940163
0.9647135594804983
1.0102242890838908
1.8940142959453847
2.0558869404838354
2.350468228318227
3.4079856108088276
1.6240535446141404
2.1725851287821696
3.311582838557396
1.2932607170384014
2.673497075116832
1.78964069129457
2.4265338431930603
2.503335060671232
1.7451431758063587
2.6485652623999547
1.3744660807774987
2.460819351078513
3.5699825375159207
2.9097526328089165
2.4473264949700915
1.7096785928331726
1.8879397425191664
3.3190034319583663
1.7619973933612225
2.0154592323367435
2.7415580754108047
1.9985630555410276
2.1834746341639972
1.1444937687532213
2.7251070306373073
2.305402137156022
3.854121738069872
2.6966749604001046
2.1386808658222165
2.418161962267822
1.511314442422043
1.3746245569297013
3.0134721696229145
1.4862217852568773
1.431625868195861
0.8337604100825213
2.675441645665665
2.8057504664271122
0.8496876276348277
1.5882395085203758
1.911399009572532
2.562294296691756
1.975190219101811
2.081061729465807
2.9475848062130616
2.5111634715841196
1.553891175834123
1.7174766801690464
4.460410495834789
3.8137264079109605
2.982575357751911
2.4667652932904645
2.148124470204104
3.0300840405116833
2.7447359112097445
2.22976314978768
1.673691693650038
4.9532196825869
2.146633398261999
1.6839794400794523
3.9765356640541727
1.9522647532768083
1.897588636068591
1.383456219748137
1.0933562576750355
1.7750449224798375
1.9204483611833907
0.8888404366311362
2.357855386561056
3.01043973159088
2.229428432979976
2.420544857240923
1.3331631514120301
2.217937354215382
1.6447580097228776
1.8680093616286315
2.0812984012689038
3.4926732763007853
2.1359094214238428
2.18753629359032
1.8598556275274936
1.4741534022238805
3.114824023202391
3.2022038304923717
3.3701281296823655
2.84348792008076
1.2411551240508951
2.803775176613403
3.21298127240789
2.69019973508729
2.5167128300896104
3.2835449217794137
1.4405593810418602
3.041190922374602
2.47184989871302
1.079626976341078
2.58018121558522
2.4884165871312067
3.066825249583091
1.8196055859866487
3.4509381909460375
2.3552557690644575
1.1594365565179139
1.8750866933296033
2.0150655142510576
1.6846242751944491
2.3385067053192934
1.8024352934212438
2.603658736713105
3.4709201907415737
3.2420475402562223
2.2792959822633976
2.5665911096816174
1.422897930509245
1.8287134212073015
2.4758712041691853
3.0629908496660656
2.5977663781947857
1.0963896779764384
3.683743440133923
2.2529915610993743
2.9377679393358163
2.643808881778541
2.838992521551656
2.605843047609084
3.4104381845198555
2.1867047466063516
2.099472290720903
1.3375947872997316
2.2638864683583804
1.8550656868181308
2.2658029293457247
2.5214065217612323
2.987383457563583
2.5616604368622125
4.072418415401172
4.072418415401172
2.596417145446866
2.6522180651758904
2.2032638375196156
1.066867247617071
1.01959481155955
1.7824099490439322
1.6005331527174862
2.153327385602984
1.7282760472877616
2.016792726836515
4.026029111299433
1.9048238616481348
1.591523061822625
2.008514634982792
1.696502656343434
1.212676073432625
3.2680931465654766
1.4471967724437642
1.6706207288611195
1.8719113509801337
2.7522018612043313
4.6868746971392685
