4.306844750763011
4.705125388502398
4.710001360034848
4.76328418625921
2.850900031632582
2.6837609657720383
13.577461683858903
14.288778912334609
4.235037348822653
4.363750737844102
11.212566098762823
10.426574158913354
5.46446333765778
2.891962169806756
2.712190494125144
2.769903807569453
2.6415283706317303
4.1958126692318
3.8764450911949653
7.122103371427101
7.072768835594137
2.5560765212113603
2.567686609671144
5.350480785905925
6.191627679797907
2.3184927030472986
2.3794061421324786
7.554275781165344
7.7070541396855585
2.376988407116482
2.5825288786557574
3.5189573870949147
3.310312324076499
4.438628548863192
4.5365392911676565
4.715068473864776
4.79897911613
5.507757180436404
5.802111369535343
5.550464533640478
5.550464533640481
4.676118032682968
5.14063236711222
2.8579036823559787
2.624289748261976
8.209104370510415
8.041889168456498
4.902050797472455
4.730537043175283
6.348658387905769
6.280046337000074
7.64073444728028
7.297270876683455
4.410232888561787
4.297263774698092
1.2770573098624531
2.0262783479543387
7.942236993970837
7.006026558128284
3.454096866190574
2.966385000263061
3.454421503037273
3.4066616801174545
4.308449766657279
4.370032039575353
2.5974965281946814
2.724162625370424
2.4957217778656027
2.350515453974107
2.183478227049153
2.183478227049152
2.7890782665073357
2.5688449972526377
2.762960971619666
2.775322351597994
4.662190446372521
4.587264943305433
1.5764692704424739
1.6646082181554136
4.365881467910568
4.319963623419838
2.985616830483744
3.2291747250652696
3.2444217459235536
3.3731904393471535
2.561899499419196
2.4344680220059587
0.9029456160318255
0.7392342282798626
4.736462643627672
4.674731179835659
3.4587477724757507
3.386011276249435
4.215140177601514
5.951152810182197
6.354096581832632
2.598173046498819
5.256151270012255
3.5979179112955832
3.3924886097148046
5.17963533341636
5.0427559466675485
4.318980295772869
1.5015354647857353
5.764906069236903
3.5980637550696195
4.231815294230765
12.500613342020527
5.296318188666419
4.176372456684944
11.417309359806175
11.696942012832187
7.291558039459381
4.873344127708764
3.2359329247146604
2.2700541192176087
8.654472496106271
4.7416675077828
4.847697366591093
5.459575012916356
1.508763538704995
4.8958422960368155
7.018558452548963
5.122109261611553
5.840864599151974
8.395488823765298
9.906969582637064
3.2506511486227847
8.324671305534155
9.139797023598993
10.090530718424564
7.2736345054452665
6.6717573971835815
6.590792782773229
6.104509444491354
5.895829417480908
2.8749528121159584
7.497758208480025
6.903991338421769
2.739579691189006
4.418415904384265
1.9392370437306652
7.960991692116385
7.824017283356617
7.107911129772729
3.8025242399568033
3.2927833649529714
5.42257826131827
2.6937152033227876
4.496291837854208
6.499639219841344
6.237253258844908
6.446596449424656
4.572454467196578
4.402639793139135
5.141023109126687
10.790621523160974
10.508177641909464
1.6615380888247886
1.7029078025965454
4.35266242378492
5.7019500796377605
3.8684329097018018
3.174215072439417
3.5972219123903053
4.242780684113391
4.854474954395196
5.13040807253493
5.215542826438009
2.592068965696769
3.0463415161406657
5.347745112148174
3.847655343913119
3.9585070773899758
4.090875933685811
2.0062921726521523
4.245827646858588
6.728897228633069
4.531299714899261
3.127192285562864
3.9343665855836187
3.6728781502721444
2.8488315502848645
2.8732075188051804
5.132487730635592
4.306912223083031
7.373218101666541
7.228252765086538
4.18436360211449
3.7682533812680132
9.460673924039074
3.6824353896408537
4.45141790533392
5.054142124183885
4.968178887659856
5.9951020911584285
6.129416587813536
3.1563605990665757
4.403811250185053
4.497032654148355
3.644645373015994
3.994388103602533
4.0681466200703404
4.734180539553475
5.303923508555394
5.4873725009011665
2.952449026509278
5.988412670383037
4.107158023102656
3.4541115328103507
3.0498529613363647
5.05894681465527
3.2411396437737237
4.150318564965707
4.737538855206214
5.6658562669908665
2.369118151375787
4.867259931834263
5.254198823504737
4.478218814056502
3.22302441436989
2.1163297862058523
4.202456305222379
2.175414198951827
2.304580944909982
4.59356285531849
3.0965180099412293
5.624133298856854
7.5092005494057785
1.6585400678764552
1.836295564405665
2.6398154498290265
4.8160691690600475
5.431528843103815
1.574813501335265
6.3776259990516175
3.5644223123127756
2.8181644628293254
3.5471729261271245
2.8758291802239686
2.5921278873040157
1.9688438621967352
5.995281362787307
5.347166710079478
3.902339692427626
4.543603238991869
3.7437454946619964
3.406829414306675
3.7194320650418167
3.046937505425618
3.931431089605824
3.8496345002013657
4.792089372765903
4.765195665457011
3.9778553876547047
2.642762722366823
2.663496287662874
3.0954040689940285
3.717107880049117
5.072993241084162
2.0456185285220485
5.5915155559417355
5.328410508969125
2.238808982016147
6.030964144217866
5.447442646927115
2.815534570135412
3.230753553207344
1.7380024151441955
5.389321575843309
4.538233845113247
3.549612734374242
2.090342993720054
3.7885234989208385
4.663872853621138
3.8247539275128526
4.358879038176491
4.112507682281236
3.5731307716466754
3.6576250570152062
3.2221277523371823
3.3890194423149094
3.5803614821909906
4.631370954389325
5.18979774349471
2.580549190999272
3.844895884917798
3.972494862460041
3.1468527623609965
4.46664003733875
4.140694233502878
4.161287596936519
4.722428155235167
5.1344573960905775
2.6230416086584203
2.8515455252126785
4.884670175831453
10.855796339069586
10.79356444579762
2.6539070242785217
4.540964015526538
1.859487561730485
2.5974816232255673
4.922450431586122
3.4027594228384412
3.769364037106249
5.577660249946121
4.256667425944406
6.037603978372224
4.153974040411496
2.5014449799548912
4.385344864359772
3.9641533673194425
5.010313431595352
4.775586121084155
2.9883063947019632
3.104049878945333
4.3532368496291225
2.965919356472944
2.6278096774063697
3.972956958275284
3.5699091730733277
2.3017732520222887
4.458826655228476
2.0503289735205774
1.8386095781729008
3.068261220841431
3.9328967612455172
5.1265920470939115
2.9227962265784075
3.940806354020297
2.804239421617807
4.699124165286988
4.441712420306008
3.3648371662653256
3.434039869309729
2.92398659236954
3.7046129571424697
3.4164757295705455
5.799858455366169
3.7341056824239676
3.466391760333071
2.5759284802757256
2.491522801001766
2.9657483206738
2.1224733494829606
3.3635055158158926
1.9085593697773162
4.590753247761786
4.15569858887239
3.9224378115079928
4.2629722982997835
