4.3598274167335855
3.5717272122393964
6.444307223228299
4.776400122904208
4.558798769817705
5.236684533149967
4.0847891609067055
4.255712885090012
4.707356224610081
4.236876331743838
5.073666954275699
5.397711611025481
3.926455229616336
3.368185814597853
4.165529632237298
4.60551339448951
4.260715347601703
3.6726971596350206
2.7404244987207074
3.8856452062758784
3.7568362861624087
4.472654662717666
4.725677974084451
3.2955039479720587
4.097289199749884
2.7342887911158256
4.344822561570256
4.57153210627196
3.760510209064681
4.926225059175592
4.472139156359881
3.8295852476552565
3.774451386651859
3.431210957678801
3.354063816298568
4.776159443328726
5.462094115900826
5.075473496016869
3.930784034329913
3.442884473278095
2.8399646616133913
3.620257985009379
3.358207960774832
4.394531182227332
3.737696396999009
4.684664187607776
2.1921353492390443
3.1273959010074357
3.882775696384386
6.1907191745742685
5.972698352926665
3.4846130350830915
3.3321794772216617
5.789465011339811
3.5702574604557995
4.5496858636965385
2.656775848648257
3.521251254149577
2.405213271332942
3.2592916450499
2.6693110399870488
2.643508823775514
2.5020335476847086
2.9969444650123753
2.478054802262186
2.4907889977550304
2.4958685100229063
2.7017138149775497
2.4847090641084195
2.372944650198689
2.1760561780325087
2.5997387798990474
3.9950882259434337
3.6204664503011936
4.085647766276255
5.61237301063759
4.418511638801219
3.96053196819848
2.8996173405334766
4.1269437179185156
3.0671979175171993
3.455481165121531
5.579534788477414
3.8560821428781304
3.7886562542965647
3.256201804711965
2.5034570835979486
3.214179654147546
3.4931560919575033
3.156647394846004
3.59087364886509
2.5132839164166776
2.590999155321237
3.2250803445209835
2.9938349327473857
4.059516244112075
3.2545029631135365
3.4357611187900288
3.4195307997761075
3.334696593128677
3.504978434974761
4.173179696826893
4.4273353711917345
3.7548147831552883
3.3723238772592197
4.624486025140481
4.648952929551549
3.5169376823379372
3.1026446084515813
3.3677296523350337
6.162602548157009
3.08379891318907
3.995574444634193
5.084185151416867
3.3682967740104326
3.36527135098955
4.027322030546623
3.9058088971011014
3.546884219693566
2.3924617656275693
3.032541255804783
4.304064121329538
3.4008839636001973
2.3451506263377895
3.267897173442147
3.201672149253785
2.7233178090798322
2.207833481275775
3.194610500648441
1.5930773511412755
3.1886050373743435
4.468145092109899
4.548716213393785
4.328299055453035
3.1321636823669743
2.9879975961361174
3.2650875138721713
4.987251394600003
5.773714679315852
4.255894465788068
3.1922264679454506
5.895998821492583
2.8473865434113668
3.0456626128161055
2.835174696939286
2.6637667067128463
3.477242111889592
3.8150359098657383
4.498223671820508
4.650947937627407
4.804865203987247
3.4792587161893382
4.397824202516206
3.9172816453446204
5.08445355979046
4.900910121529405
4.593726649168634
4.020924474075233
4.852533577263393
5.158587792626662
3.954554069901895
3.8647837284949693
5.935513795544554
3.860316455614983
4.312064402111804
4.318715437211021
3.4440548494176957
3.015828191065318
3.1018856563496073
4.532555498446589
2.3837974696276243
4.653419426528701
4.202585331021351
3.422883260814363
4.112682067538786
2.173623381593906
3.2492599200462653
3.4373019760434986
4.954677744317037
3.6708991679955054
4.039971249456119
3.350358473889393
3.0009310074662072
3.0544223942586903
4.504482958618981
3.332557611320449
2.730444690285406
2.204451115855666
3.1758122539514706
3.7955074175098513
2.4027649983501016
4.489797817472688
3.6017244835208584
3.068346750912559
3.2699516482384885
2.860563050021986
3.47292771958074
2.625674404610918
3.2798907683944623
3.623097577690281
4.224625495214383
4.119872995562595
4.540238190207299
2.520508714461951
5.438623401835218
2.6742262599813142
3.8081191119118585
4.210660645399859
4.393203269539433
3.9343947699752904
5.438644326375423
3.574338966282925
5.8085831514513435
3.8374523017183826
4.816227974752958
3.4049074897887674
6.338781952216503
5.863539520310265
6.841080462036136
6.374080938770883
4.100129033322055
6.167223138282853
3.1663300956445313
4.038915586505466
3.5818794507311997
2.96505619392418
2.2730380083291974
2.7722987753767003
2.529430402807345
3.7377927280821757
4.13009868361927
4.620099791646121
4.477735529224806
3.8010486890338444
5.72102594548536
2.4264600099171765
6.21406580632014
3.6956184382274224
4.999865841495404
5.270584835572822
3.7452451504867774
2.6515531752390085
3.4680636911649754
2.8836734190951665
3.7450296396215923
2.7852398270502032
2.9705111204221537
3.560187003977728
4.233966998653793
2.426219971043233
5.692745667551576
3.76747375550484
4.75411068396454
5.440818433907493
3.910314829832803
5.84558796755502
3.7103330179482006
4.41053852487725
5.1108210012122255
3.5896837880622168
3.435471541868642
4.582822430033112
4.616378267847421
3.319371671791843
5.258378611192657
2.008004136568686
6.195516113382293
3.032530684883941
6.012215675941771
3.86470497267844
3.3533476300264855
3.343052336378726
3.3434694561820826
3.146939382376246
3.3292962720865518
5.434546123433845
3.878811579395164
3.0585101976477316
3.3729041025745135
4.650058885534455
4.746657879449143
5.763776167781206
2.2699789196470803
3.1277214273453176
4.292179958796981
4.406294471211712
3.7311187928433553
4.634510924547434
2.217481020480742
4.084877603136295
5.01844681270949
2.7832173044859556
2.6736785124499334
4.528097419425904
3.915407779530531
5.282743204831085
4.232653594411416
4.487437917814752
4.1716294877653555
4.308899279639865
4.619745522399371
4.9427728172296534
4.246667257852889
3.5282313574900375
4.4155318958503695
3.905825711273606
4.717054506950552
5.3066402247250855
3.424920556359014
2.764707002175952
3.4633174593882816
2.503603629619714
2.6593054608146596
3.5478663817045146
3.704044558955649
2.865279108224393
1.4950328023854884
1.624517097095907
1.7265079801879144
1.469361103595259
1.7307056403339731
1.3794522123063968
4.020592885418094
4.276426330486705
4.274438471024269
4.375580620178951
3.9466471342298712
6.444537906156471
3.982512269705027
3.3034089022877113
3.0424931080077897
2.4669822012824634
4.621471232977842
1.0840733111637761
3.2711364943371555
3.00867414168397
2.2499664131672814
4.596924630942923
0.8814358279529899
3.4054580912572954
1.0912138977913413
1.0151470576087054
1.09725552090492
1.0330232876393044
1.0289557406149248
1.2512605602863247
1.015596324429671
1.3061577415008996
1.017137911906142
0.9551151462779356
0.9205235265076377
1.169080899526978
0.996999561062496
1.0342486430708995
3.988018376934589
3.8486015627383328
1.0529009830384535
1.109905415498178
0.903263018092807
0.9344412960385635
1.2927687053047208
1.7404987184479435
0.9369471658326389
0.9980664079234267
2.54116144929954
4.07974138846092
3.35620047761736
2.5643453227294497
5.852135993631812
4.150060438720097
2.2397672557138746
5.025025868707634
4.359928445849272
4.78145609524804
4.7137895014147935
3.4974963854775467
2.580148408256649
3.8420004875629648
3.9439828118823925
1.938201866934701
2.6819007171876006
4.455399128415347
3.777468365317188
5.592673964405811
4.570562618004828
4.776458797232111
5.600690486871726
5.0790275583686
6.709083284658185
5.295626912749641
3.7108449162855175
5.178081416139445
3.540656271275445
5.338882298898631
5.6110360451415655
4.624434035745779
3.7857798877203814
1.6809267923650317
4.067291558143616
2.328597556075133
3.8810505795327734
5.221925412550841
4.448191394810083
3.6973370507501797
3.7366452075820065
5.5526771935751364
5.323576869573251
3.1326293125068334
3.3416305992482975
3.8716865650180736
3.8237002228668677
4.022980674605596
3.1017680459686883
2.0885099303419397
2.4539700348287443
4.308207730957694
3.6212299370329024
3.5487493292347048
4.245924003118049
4.322757626345441
3.4628604036757062
3.3536475023496215
3.9648691814873525
4.093360134097776
3.863354738097419
4.006738943340117
2.8019227421917203
2.929967160943045
3.1901105034438606
2.6666562832102776
3.857028610149132
3.7268452661573654
2.878565984119289
2.5201794217895483
3.194577309344882
3.0361778382506097
3.6059749917311983
2.4410702379738902
2.529923748161461
2.190768503966912
3.2717504700416864
3.954393326798651
4.713303629930123
4.09460486288249
3.767857168577918
3.452757218409338
2.850455713282129
2.9639866451303893
3.1882158950490904
3.0757972748896933
4.078820283473532
3.856590201832308
4.268389710621177
3.21084569250669
4.219621919109263
1.8224913153391555
3.6701235911998817
3.391017435443755
4.679745660541481
4.221999240404153
4.514831075408535
4.207662001638944
3.9358073303651873
3.2574549512358013
4.313343609958559
3.287332364396184
3.504945758073739
2.9372122544176062
3.757804285157608
4.658678866575907
3.3479415503584296
3.1648299020393664
4.159595729211591
3.3826738097675273
4.510182769739012
2.8907915806424045
3.095964290581918
2.639084640164036
2.6048034872803854
2.1317108489005356
3.2429463966698346
3.7788806642027266
2.8241381101879277
4.026522006554145
3.515036647781435
2.2600714136022284
3.678710609191297
2.8728771672415765
3.882045397253131
3.067637002123152
2.8464389610712506
3.963683837731251
4.883657498320702
4.733993606951977
3.7946736920218305
3.303074064294596
4.635539109035057
2.5537774904453476
2.980451496861276
4.090403417655081
3.455383586874831
4.054357328601106
2.598813282701256
2.9337022005717746
3.91696021383238
2.841720336854887
2.4782034976766716
4.29433048216957
3.7511609886202577
3.3683133445834383
4.064576327212743
2.9231632489104675
2.599383308120027
3.8467335100238014
4.248966682335901
3.475868588174726
4.592446000233311
3.021607152189312
3.618376336566911
2.5712689450152233
3.3449151479256343
2.01782832972107
2.7371941709909136
4.25013099146693
2.8641718964497938
3.228661347192919
3.8582111663358902
3.8630702280730236
3.5003221378718767
1.8201516308859191
1.9597792473754165
2.7532616738623643
3.9743822804171245
3.4493676005282583
0.702293903265696
0.46170021643580667
0.6627958209755668
1.287756852414321
5.110034265833516
3.1881805720283656
2.4012556403150125
3.409862252337681
1.4446191856952995
2.430829576876343
4.394548826779747
3.0326941500834095
1.9036783984214103
2.7713679810464225
2.6724633456582496
2.916854786313367
2.231580462377909
1.8575565151331013
3.7646808536778353
3.8378103507501846
3.2409416561610316
2.8251068078838735
3.658106966629534
2.7795998031492486
3.580399876429958
3.103455181873961
3.1033511016107016
3.6916701828478287
2.3458197606428115
2.8597058059275713
2.7337889162589946
3.7489790237229603
3.2753775419119995
4.151709412554742
3.7638327222770767
3.43574019368752
3.7858741835449328
3.522852658541485
3.003519946043163
3.059472676314091
2.2927975724570526
5.423160892567497
2.6942768240799477
3.1246996467607584
2.695991470360441
5.1914054726720895
2.522716593188454
3.6348667698112074
4.480128482798009
3.203877763936132
3.2272092264836107
2.8065268303819173
3.975438593934922
2.743356587741254
3.2701106364073027
3.092987768314278
2.8200245267069195
3.0701486364950807
5.953197829627756
2.4265700586359342
2.2199518785290175
3.612465914572127
3.796631227519294
3.036425293805014
2.3758553542886047
3.4991033765593693
2.6789541132971486
3.2648547035870603
2.6509940054433074
1.9891543383394095
3.8696007065181095
4.373813336816639
1.7122041672544728
2.973250885037653
3.7461308839267966
4.43870555018219
3.0159277526887807
2.5942600142633605
4.108139479507048
4.279557121253568
3.9669198642314165
4.914078019904842
3.977029458834524
2.546270151576881
4.002214570530242
3.4395865109538124
5.539361634266658
4.6274806777204285
6.910488819344372
3.7454066587810315
3.364215704972904
5.457421099446029
3.1784591058864926
2.918773945538806
2.494384945845876
5.430971208243881
4.137737449601811
5.058000919394075
4.75300228415696
4.363864596993181
3.4216479977225323
6.022318697157048
4.695971386722513
3.68265559134004
5.329955368937657
4.751217806815218
5.380135498034901
3.394277996642856
3.8324611589428663
3.8842539031725267
3.185209631327671
4.969657937716379
3.8924042494772606
3.6409116368736587
4.58084639944867
3.891278873908719
2.5789697350214325
3.8401733207513336
3.4797416909067875
4.741396478469649
4.159337944098848
3.106418883569419
4.844520670282494
3.4074573384624487
4.389578423469823
4.7124363701769205
5.313478916472188
4.797662931856016
4.055159434511489
3.149566965269157
4.719769500538329
2.66823940101697
3.2850020768836274
4.9380362040207935
5.395372021112279
4.106687128244587
4.102139378582385
2.0472624258478866
2.789014254636571
3.1503052102372147
3.5518374486380764
4.039045668178791
4.306886787287255
3.5832926567834726
2.9717652765726417
2.8374476485696536
2.8009775251625952
2.3755169467974016
3.487655945604249
4.553162306229931
3.7525202472900503
4.675859381688185
4.650040317962442
2.687271896388404
3.7433852657543047
2.5513009586389317
3.238195613920967
4.193526820659386
6.846669766974986
3.5706636339876288
4.997709043762414
2.681855716970122
5.474876346776809
2.4371104773505547
3.815807249909155
4.4613062051944175
3.947860635175262
2.9656605717181175
3.381922167292395
3.249637525950604
3.4249033965769557
4.168066562112239
3.1086381008382538
4.554354630140859
2.597786945013816
4.601961144740051
6.450947743592789
4.1670382002271795
4.480455270191829
4.012097117022078
4.2920296652225
4.697877126862634
4.292296960339052
3.626010934188174
2.5481721288861454
2.2428717841690586
3.7132490949415136
3.5927105765514975
3.844739471371419
5.019492848531939
3.0928748785113878
3.7259954506924764
2.771744033908024
4.583027321044232
4.300220548044889
3.6182516195408763
4.569856251501743
3.520824795829264
3.5981041407318815
3.4831296664137796
3.461883234948004
3.096350077129281
4.563714448640411
2.167704024400195
3.307242506813515
3.949809290269247
3.1971581088227112
3.193096990397611
2.64510602549012
3.428295044926914
4.258885563908559
3.576748669196972
1.903587683788225
3.1119227055080136
3.4069636100159086
3.429369887175532
1.6469668691052721
5.379311598874133
2.6422456443568123
4.6859005623939805
4.088875346507244
4.937334963843128
3.880139431517977
2.647996309871256
3.140467720220705
3.648486155826525
2.8703016015722964
5.1788690497264245
4.943876532076669
2.862020849773882
2.3921300880454326
3.3743492488360265
3.8545125486416176
3.128428341773786
6.9538756259715795
5.2856965008461465
5.851145196334812
4.335954406673805
3.503428465145162
3.1975514965484253
3.7881704035565447
5.11212934156842
7.10001051249855
3.3085227491360985
4.708777081794509
2.371432821171747
5.1112744621997335
4.053998284312162
3.6134746041659147
2.96030594680157
5.6512320654753205
2.8280870256257344
3.313324339775292
3.3195652518564644
2.5307513513050828
3.2742482094387033
2.7180850673247736
4.469442445859982
3.1967745504726843
3.480763701722042
2.360978982891584
5.317378750642936
3.0812285224014797
3.5749279761775887
3.49638413740603
5.494219199262079
3.015161537583716
2.4980528594545466
4.675073975523385
3.69330227061347
5.664611694237633
4.281627176104261
3.3953213112743543
3.0881789303825196
3.5801416124119023
3.278289524281479
3.88031607939862
2.463081311645933
3.3001031123727538
3.356996689786569
3.4814930421996744
4.314835115317337
3.75464610522872
3.446288628192786
3.393441365631739
4.003839228134548
2.713244358943351
4.20626753536547
3.0649634918179625
3.5022599142003825
3.3223041287842334
4.09388652882296
2.6803786538689716
2.1221754811142683
3.148855067579468
3.241870958856883
5.096394903941832
3.853030857746231
4.3125234980384475
2.431962167400324
3.066925940027721
3.0366515492149473
3.277247978202782
3.4171919320937354
2.919189724414
2.1861146078860854
2.306642727819807
3.5388669910673705
4.289674100491465
3.4288894917942305
3.451431068984466
3.943119837867662
4.029538930393949
3.212976569064808
4.9989015787334745
2.0261180551482676
3.2705691797162473
3.0766039505329434
5.059270640423276
5.075456141225759
4.840895367824335
4.883340161852784
4.964042792898399
4.223251140778453
2.6322460177737894
4.636611429316281
3.9146380784980943
2.6803791703519035
3.9405019320339756
1.7888510984892922
2.807364151041658
3.007416405995656
2.1090906804663887
2.5887899483297363
3.8974815392229467
5.06313755123949
3.66324516229363
4.217502370210422
3.486090855642677
4.146145406079031
4.500489662969215
4.294741193795709
4.802855986571275
4.964167228446043
3.833196311395972
3.597231116817607
4.110963623727127
3.950418698512416
2.8885033951598293
4.837373420154734
3.4957510553471356
4.389440998161742
6.121568255961042
5.090684432692821
3.7830807900420322
4.952643532591123
5.791261259177554
5.2156274030836505
4.920561542964993
5.269085151025086
5.401458780527335
5.997419798684718
5.635078600541591
5.487462062014872
3.687335955125173
6.907120509150552
2.3007583741019713
2.469310135715076
4.6829817409708365
5.2951044934329925
5.703136432149201
6.076422480609661
5.492428251576142
4.513986106929523
3.9947395118825746
3.633053343477903
3.3448599408829756
2.3598248428283717
3.524613800853955
1.6283661089119874
5.565555685697732
4.214886798863819
3.418271516223109
3.8690886818419683
3.2247619361018325
2.7908999337612146
2.7463575990375695
2.557844825894364
3.7748421868345345
4.233298459808704
2.4996257807690516
3.6160943698455985
3.267594860426916
3.761301310985529
3.8036763114889887
4.598531234393013
2.465566524480597
3.0835564942375804
3.1930698608738726
4.613141891750203
3.727907378944505
3.666674678464421
4.1204147850939465
3.996395266478895
3.863399078238377
2.843789372274457
3.7328769354604083
3.020598733706194
2.8479234095824886
3.543471360397203
4.854008936489024
5.280462275313706
4.498654619376536
4.161146137846822
4.1528506327539025
5.858400119515562
5.9026007822330335
3.9789996642321683
3.660714929014223
4.082516604168061
3.164068936107242
4.148998796762203
4.004653791299962
2.5139152560905176
3.0043942008827034
3.4943518038398085
3.4017165432628174
2.4107743289187584
4.22562787568773
3.4648196338916826
3.17814391666115
3.1709893081413085
3.5761116526415733
3.7011997753029124
4.038443477921002
1.5915845955865753
4.1830729827558075
3.6355865661258955
3.504390489157081
3.975750016240262
2.2610835744409354
2.682963931232428
3.3565257229463663
4.001358945967142
5.277617919874848
3.1884310303867647
3.943202621520362
4.047029879125672
3.737928176503771
4.546246257483282
3.805750854668654
4.189739081585365
4.240922730869926
3.9582210369633373
4.09603848984941
3.9325175619774044
1.9833243305346708
1.9866809871260753
2.1013948574086427
2.122100295480112
1.6034151104796348
1.847187755584985
1.7481447117414162
3.5348903281634745
3.6180180967690774
4.183391950619119
2.418196742683187
6.120472196029355
4.656498790352203
5.848954339954154
2.744552766584092
5.361056079427371
3.480833750664193
5.163304477983109
4.1272207143652615
3.822642887985871
3.8635994706949295
3.6600920449602232
3.0785162754786386
4.018770116700988
4.0255276710192485
3.0530263662445507
2.8013753833613007
4.394976293501908
4.317580476653299
4.103682956131538
3.6688096641287866
3.307435948640219
3.8057484977951024
4.4919829312760555
1.774185821023001
4.186618927546977
3.0429785140698327
5.250144106172608
3.549436004595044
3.587307972166667
2.8679127715441615
3.9870606850862
4.837844684688109
4.986920243127661
2.767983278496574
2.9784664729214105
4.622120661905399
3.0044486025493673
3.8889684818081562
4.533130720041729
3.5485840074203696
5.233891545409025
5.297293706517555
6.4502135807243155
4.022347613691317
3.875772737899312
4.201930949218264
2.7216384798929942
3.128375414683614
3.5648083202110232
2.9080050338975783
2.750332114340617
3.024450898057439
2.9923890233985633
3.353561427236331
2.64549132046423
3.790695829197703
3.8367586615389966
4.45301405101286
4.741849069948892
3.062257678444602
1.8358877472731332
2.522627272216503
3.703607381946237
4.591122582765817
3.1199431468696686
2.8974044420339817
3.6044597640249876
2.542572031334839
2.193511783874818
3.5414832834425236
3.0963853423968195
3.338196666082803
3.620390390810994
2.1160216295972845
4.184477352472938
3.390736834667231
3.235542429311441
3.1595194457006266
3.3196090214089575
2.5417666141355992
3.026792235631031
2.657475467560435
2.0984734043638644
2.6709727256225793
3.644912685440833
4.075699898606518
2.184178186317533
2.518803666044015
3.15558837776772
2.4139440720714593
1.7130863284441962
3.48757598621133
3.323513450068057
4.045215454723981
2.7977378403782955
2.3384695603612746
2.2372470283225656
3.0331091288479204
2.482793819425005
3.826223326511864
3.1257072070952123
3.2580849075181084
3.3070957295687884
2.498909031540168
3.4598656831792787
4.498026701355196
4.253613657581401
1.9572593254849828
3.1611110546720114
3.3453591618558733
3.7606610703550363
3.649642981579453
4.256978198273997
4.123779370866463
3.5721195938493135
3.985604623343363
3.3452928586030506
2.784223026032112
2.797255983374264
3.828797113060883
4.080356149493904
3.5428688643429425
3.0879792924637255
3.869724444271583
3.994379009402892
5.291884701297641
4.118213627058436
3.366991637824103
3.76991934266769
5.394809887941515
5.588784282903185
4.503664985758764
5.145641454956674
5.138685468711365
3.235748946843622
4.973512918303182
4.308799573309429
4.784783330514247
4.843936611604713
5.085182384815022
3.9064062589319284
5.347613245429856
5.799886641284618
5.013041890681174
3.5277952181788335
3.5359194166342354
4.003108605534901
3.7975485504193855
3.4325988315658966
3.1616431250517523
3.316179146563261
3.943797680668718
5.226814688787008
4.530924945847593
3.551073366138934
4.4979875336727675
2.581195178766681
1.9405616981855696
2.696771544971892
3.2620296352834113
3.0338785312541874
2.8709590844790704
5.6439358782838775
2.9324395594810397
3.8890523414398253
3.0396701124913297
3.5233346264013816
3.99149637563979
3.685912061032698
4.612248790367578
6.625283216681983
3.004514494295643
3.2086838522294157
3.837036312355519
4.33460756228675
4.278078621914008
4.034337047681128
3.4413085799228136
3.690189361535336
3.09834384395006
4.0245725081808015
3.4316604378660753
2.27989413599824
3.603374411068632
3.911503609242034
3.4603980283230724
3.9210092910938577
3.120508794843372
4.093798185405204
2.541962401930024
4.4185223973636765
3.586666053470221
4.859449341926565
3.718158432033296
3.9566615752324914
1.7395599988169104
3.2424061820502375
3.8713883391110473
4.300591961570603
3.665664540014159
4.0561547102990385
2.4002939955073863
3.332177952167569
3.6174869599701087
3.8098526426938246
4.580268817643987
3.1991683858119964
2.7110995184818836
5.111812017488585
3.6462528635602807
4.9519114326477345
4.69402486558174
2.880056174923497
3.6909503724202763
3.302939805675601
2.8131427008763428
4.777662063941098
3.4804489553651514
2.7374545577569105
3.4921361967047524
3.9195617648943735
2.653391437223956
3.453358603940545
2.8736867405331017
3.501286189732828
5.23286344981491
4.788230845856374
6.233752209392752
4.102158756645803
3.8794764161175195
4.067788196385087
3.8209296934556485
1.6728268909331379
3.007984140813387
3.0110669870921383
3.187832252307164
3.8211874921002607
3.406414695515302
2.982124855378301
3.9782689685687327
3.620003309866848
3.121277796795605
2.9734629923688614
3.5523705061069286
2.325536234544586
5.323894194356778
2.7198471093608863
3.1468514704014683
4.945331438589911
3.3643164461247252
4.021905537261512
5.222053575450134
2.4252555691255826
3.4444503317014057
2.753472378679277
2.9987714186924075
3.8328481497910047
2.701072340751468
3.2032845493379023
3.6267673275842562
2.3996357700396693
2.3915765906219746
4.289617377028489
2.3566764659770367
3.9725637770838635
3.5443578860213467
3.603149906450392
3.490735860705051
4.0936575641897806
2.7398638467849166
5.557647159716559
3.2688487673225755
4.325215929140418
4.379760295536359
3.844519912744863
3.1805127352353546
3.700029903438865
2.8190877708526916
4.003299116446249
3.278050022117574
3.718880385412617
3.1119831463286243
2.546770348186724
2.873509568605516
5.32087364488108
5.876740992618429
6.654753793601865
5.907427122811474
4.40803706957625
4.3474048673394625
4.453099010751231
3.2218702777879833
3.00011231601613
2.5885000509675167
4.302432155590087
4.067580058812497
4.4447131603381305
4.300241799445965
3.6888266892583963
4.369051032540916
4.242560063118358
2.9687909983359946
4.3065802771671295
3.69154782235001
4.002615733404494
3.4909288177597873
5.697477374949527
4.107363897351049
4.23064856028947
4.470526788369582
3.6363685510868833
3.953521255828457
3.0975264903957678
4.593888006408117
4.724924506352472
5.016906107707069
3.7036391481223987
3.415117918700115
1.8764396961502756
2.9837794635750794
2.8645885652826033
3.9084827953538173
3.462665661276934
4.227206669049824
3.7965721823478544
2.243565922617419
2.5494680260323994
1.5975600388709212
1.5475455376733063
3.3596344838207277
2.6712363604372578
3.706615404353733
3.391682948523565
1.5481572373674817
3.384870010597354
2.144779461902946
1.6823256769098582
4.2738041187570674
3.8693200672197525
4.240742962046788
3.381647021316562
3.0875863642683394
4.1177104673082106
2.7857469195430866
3.4677892510320296
4.908362208806303
4.274792588075492
2.8913690915037895
2.7801138080650696
2.4055552265854163
3.03399474973651
1.9523394447252658
3.2995124405140404
3.236808287944883
3.70370868138866
2.3470091496626115
3.9793887367636667
5.394817354075192
4.8143310206781225
6.615287171708756
4.392214382139434
3.7548861767065924
4.295110426160387
4.149505412054021
3.5187418750698987
4.897689375763055
4.992905788923055
4.779008532243442
5.2212187747162915
4.013936240702895
1.6818127773351028
4.006060384909903
3.806951145164206
2.4038591165206933
2.5566615277130134
4.383245290220165
3.998028394254265
2.6614113547990277
2.007165086695914
3.689548326606697
2.6798179891857856
2.246883295194752
2.397884742673084
3.0166896885336834
6.9758527670695045
3.1128437234688526
3.3931525038211214
5.635502712706942
4.915409118883927
2.222800877635385
3.439003355463326
3.0022781978886197
4.345543952539113
2.591661440780396
4.347951925992178
4.180260915498068
3.6731574010616854
3.6999745738508096
4.668580319680072
4.831730474456014
4.966461972103001
4.141103474211962
3.917653106969503
4.051096647107599
4.0553298186776985
3.8829101174791405
3.9554504546292932
3.6652499156971277
3.5937994475109147
2.380149827812749
1.5231081485247189
3.7168524239356553
3.3866239352950034
2.580518907054826
2.8834400618082734
2.9883657575708216
1.7365730741848244
5.222097019307773
2.9552618849338406
4.131149799201065
3.9560835105555747
4.2232273766434245
3.2878014839817418
2.0340871841803247
3.702776326570938
3.3743883046844747
3.6536074450694183
3.519796825195651
4.6024220370221505
5.1237273546819075
2.495256992019781
4.617173560060253
4.3792090332486735
5.0594066469020005
2.6415056280713123
2.96610092957344
2.5330581236419603
3.143592279829418
2.776372442701707
2.6461790621029784
3.3202538293831267
4.433103720678815
2.328413542035642
3.3062055058958397
2.429964323247157
2.6766037681450725
2.8998273004075377
4.290983876200097
3.8941622708511985
3.828652004299273
3.6214997235894106
2.2163191322754954
3.545195498138654
3.722097137343799
3.0602690500544707
2.0990883759179244
2.545859939586134
4.006987174927835
3.6989168595538744
2.120976300536226
4.01564201330881
3.1709238892111085
3.2940715549002695
2.914576514212673
4.031215560834342
4.357333512758434
4.590104646811755
3.6997968556171266
2.2243680968141115
4.059599963425349
4.261353253057647
3.9194348887784924
5.016410409199564
4.678435151677243
3.0941457854037826
3.45816017451849
4.317298508653365
3.3894027705782634
2.2995669686126665
3.4935132996519274
2.2787445136099977
3.7611137937614814
4.604985136835728
3.491783768021084
4.607056362155191
3.8942955450205203
2.7588490154749032
1.8252220245707962
3.5039883884259764
3.4917058543509634
3.4429068986810867
3.127658213464925
4.199195591363657
3.561224424023436
5.054750825165862
4.647661972162366
3.292018834363505
4.6578857464690255
5.5352019700422845
4.220554257928944
3.9276465267432887
3.5434809765733957
4.650908912888551
3.4446429163104573
2.6574957690708585
3.6105276240446544
3.7627658900012837
2.227007662934206
3.916015810533653
3.556209738204021
3.4580935119209673
4.411156166465148
5.098806771301455
4.13579839378292
2.671715273412753
3.295342166562369
2.8026407664973716
4.200467951846863
3.267310114649111
4.829289487993872
4.255013932788494
4.97716392003653
4.229904207649087
3.5215809684828367
3.1583595142382976
3.2993269003333454
3.5159693142874064
3.5389420800321236
4.920966098599284
5.3997694901732185
5.192576403702013
3.736569682736186
2.0413330316978047
2.288608723106079
5.413703084098409
3.320803640291848
2.399994167708162
2.7826233637389675
3.713389372681505
5.356611832943109
2.012086157949168
3.430167597797025
3.4038063886629084
4.9287588745597
3.115899921783797
2.790652414566935
4.911848184411829
5.645407770428633
2.458822630272701
3.4879066357697948
2.3349173224531397
5.43989690489847
5.159839635518581
5.863068901462255
5.234006299441134
4.026831030100997
3.1830301590603765
4.543228217452244
3.224474475740926
4.586124819477977
4.748492986212091
4.677125697404631
4.233297340428955
4.340838022815475
4.673034401434572
5.163488141969155
5.8136239356011785
4.737525071314673
5.7671122229999545
4.9095866496905245
5.168993950797003
4.0030290357438245
3.667862810645779
3.570330726524769
3.981822197848586
3.559945972298847
4.318166072287166
3.7402217518910645
4.38070151146262
6.094092188940356
3.0618543732616854
3.2491124251298134
3.677730408045452
5.465324999607109
4.445491932621282
3.3044897999583256
3.738707328109994
4.09985346023857
3.376132263965898
4.510821720750137
4.664213316383556
4.861818700299611
4.305132330437092
2.228402623039735
2.4388694234430113
5.480975169949812
2.959713050877416
3.716949489761987
2.7855978556953236
3.1481415081773907
3.4330704326418036
5.662963713688167
3.910484084605694
3.7135335338606814
3.7357140680236185
3.8812922275374158
3.7104080157901294
2.5785331535844
2.6096021932242457
4.076383875317473
4.848876361649873
3.1459399813721305
3.1214658192501012
2.2758452251851913
3.4913298007135025
3.743998602149425
3.291400940902287
2.827540762851309
2.299814611187766
3.185848820473102
1.7314995808499434
3.891589355161563
3.6347472248338
3.860677032439361
3.548595783172458
2.5003519932382767
2.096653963660917
3.9276993867545937
3.1911531358471685
2.832726401900313
5.1353762368316795
3.2849936684640255
2.7310477627855363
1.4262845181820982
3.980053386725941
1.8529759188004045
2.649441237971036
2.7724099397867623
6.767965763291491
7.129327559756794
2.8052543542055792
3.7349216819780087
4.13721625521022
3.592186636420182
3.2030223785551937
5.109476353769496
6.024923188477759
6.125886384197301
2.8644379825646666
4.46192261976941
4.271011947548323
4.1562536725028725
2.689022658019985
3.035684188667564
5.383778156988181
4.917574411137463
2.2944283326768273
2.8874769229636303
4.243916233971038
4.809139263914829
3.993609966041268
4.98703937238725
3.0535297695175148
3.978806167528778
4.7514839053948865
5.067289303100852
5.130120553044849
4.8359677567645205
3.526122186420368
2.942420406230834
3.151536152156443
2.7123232791548153
4.799402709729973
3.7012482258931727
4.393940557651965
3.880462957204431
4.40639989005822
2.847149110916197
3.6511967860202033
2.6453335911617923
5.0284568107347365
3.4273571745336393
3.1131611234898835
5.130563357081802
4.052413767071866
3.100431543065324
5.687715944782583
4.124621787084795
4.431942492674951
4.06091274651936
4.746124571761599
4.407475094434244
3.359531972784607
3.721363534131942
3.6280288257242184
3.5444485499981977
4.576660692918034
4.389340591085641
4.427673897623473
2.8258880972952456
4.040209132592287
3.5444320920755574
3.3137050753162933
2.273380047525491
3.101339315413771
2.838834946358575
4.571593273475015
2.9094239309370717
3.7781169955582135
5.362547663219013
5.111670567051987
6.397764908530077
4.834334425697092
4.203817161499817
3.9823093931133444
3.3446542143466758
3.207572985824143
3.4978514858743135
4.398320828449153
3.3652177843766413
3.964323490933889
1.9234418839600071
4.297153441283003
2.85798280371271
3.013889572001729
3.2221361588044837
2.3776078513905246
4.139253361636971
3.9965912609618703
3.8826822360631876
3.9082309694653286
4.391607745072333
4.5353001783703855
3.850757193365835
2.862894248799732
3.0282836544053193
2.617689731954295
3.4734239510805955
5.155911343747374
3.0498231525854065
3.188118052075352
3.312393121487012
2.7871912070018365
3.294468206447034
3.5433947910435326
2.9363086674566556
7.8390439327684325
1.884440287997455
2.999064281523756
3.6404979839695124
1.9862848396954593
9.022936434491271
3.4443798624146007
5.874625776588509
3.4621280546540696
2.1764934512704692
1.6891625051312609
1.9306999039322283
3.175818345490713
3.5704060494801158
3.1415833623118172
3.7209249042271955
2.403569404624518
3.6051436887252084
2.6397380905546615
3.8431684281280076
4.1954615991358
2.6768142194313
4.3054932633797485
3.7152313034432973
5.8542347680461235
3.2247514792798815
2.94932624301081
1.5444286550100308
2.593518624204616
4.042527842550994
3.2284990703563756
5.023483735344759
3.639900025262654
3.0662877247881832
2.016273108296613
3.1092039664887565
2.415012757760168
3.2153046946370565
4.0373698714401565
4.100276700696134
3.0805298597446162
2.455722650669651
5.129568066266368
3.181347840614364
4.132817382336948
2.83500538578357
2.283292198763402
2.9310021441185645
5.800188545107629
2.056570438383948
2.1839814007996474
1.8745585865566137
3.0287720145483337
2.7268834430359066
1.6867525004155246
2.3901686359536454
3.1082546960853743
2.322702494874449
3.439312405166503
1.5714694487360612
4.364324451449104
2.2300018584635195
3.8725615798921478
3.082152370991411
2.474966333069467
3.3656394025961758
4.462105022646308
3.9952019706034623
4.699732946982262
2.0418536647509096
4.98937764764977
3.133658129087241
2.2007437123748583
2.6038377508254853
3.8490431539629
4.348493240204504
5.70217729836529
3.5541213843419572
4.419734180909162
3.2430587733906937
2.5545240266987568
2.480530928388363
3.219203446452085
4.333887290827314
2.782250076483412
2.6596470924600752
6.587231580505508
3.5968489035539712
3.767998736577629
3.1970035208129133
3.1884674897401717
3.351547985003406
4.858608099529114
1.717942589589435
2.968724765219775
2.1449842263445724
2.5606229076738622
3.609847787439864
3.5139006348182606
3.9418137737213303
2.1636793802910916
4.734938330101716
4.178753823228227
3.0398984814051238
2.512647929012901
3.6586975817029335
3.464009778418908
3.1272826569254106
3.7792498035001905
2.055232078997643
3.346673419471093
3.9027788839091735
3.4658039152706857
3.5195982226032068
2.7155616426501994
4.066382040397166
3.8748227509121738
5.352223292070267
2.601173684532409
3.032022783811693
2.911696536619221
5.230075277699886
3.1317389956961406
3.0286195934605216
2.772764912771898
3.7512622129343587
2.1148030421349366
3.235365553130924
4.346172469467298
4.0528697680205665
3.646160568589161
3.4170173236574417
2.014752130330822
4.246709801369433
4.127286531334583
2.3004032126035145
3.4849402390787816
3.028363503206413
2.8824261704519483
3.466916294842405
3.2597542994553748
2.4489678678116014
3.1399649178591997
3.7282500599036665
3.543318429635108
3.262474716334739
2.598588222354496
3.0614433284450864
3.2769376356782534
2.2123481168021417
3.160909657642163
3.981296650735122
3.624067957299003
3.3682399556950573
2.228758297692181
2.209229104432609
2.1208383903117256
4.344848103327533
3.1919923733908884
3.7208070468535137
2.346334311680897
3.6473220988610957
2.6342694547206773
4.057239752780389
4.1103444961671585
5.920717218825548
6.196191540885449
5.111900124395568
4.989529932359009
3.3694034333737326
3.929139480106016
3.3418866135873966
4.989772971384213
5.185233214266981
4.639758368818496
4.668489878642071
2.806682344392148
2.445602622777304
3.809894233668211
3.787528303512049
5.92048451005022
2.2990298450279356
2.879402485711501
2.6588415678042145
3.9764564597811116
3.9730563722696135
2.693209848144847
1.603092483920566
3.4736568620388475
3.3893041003008157
3.009646480883573
3.528181069933336
4.0546925220914325
4.305125605779629
5.878501152677071
4.473405027945404
4.6443731127571315
4.644510386438247
4.275579528926459
6.093022480662927
4.558029750720974
5.2326188410851815
4.479224104242761
5.309728987600077
5.50200491902642
6.008709127445087
5.535689459727835
6.473554791039839
3.6541594056920577
3.9038669567341313
2.8630238697862946
4.344683395758551
4.056415123122953
4.536714488474092
3.226107142593084
3.170253296762087
5.91525271342492
3.0860212557275823
4.73250410068533
2.596220295090877
3.2905995829202075
4.181949417507489
3.6048908774964996
3.125102595941309
2.383286980598836
5.495710362632029
3.5091054250183644
3.1918137670659195
3.820842885640371
4.707859602311657
4.7865168469174515
4.409281989757119
5.771882350231832
5.196185300349114
4.714176413225746
4.578661348974681
3.5420751176907492
5.091841054679645
4.267785261927795
4.266259584536238
4.251051580138147
5.182825679684407
4.598892630538545
4.598403348125764
4.208562126192462
4.467747136321378
4.808665151569719
5.084653954555351
5.621981010080873
3.6897375090213536
3.02798846420244
3.41026731452509
4.482762313507454
3.6599321804246383
6.169366303151627
4.98044945209455
4.365538263293649
3.278422871838272
2.6601949147874566
3.248546364567408
3.7498903523270934
4.869241950901553
3.768545360479952
4.966127526968016
3.3061062014539018
4.967571537561058
6.058436431255674
4.464668248245666
4.863764536761276
4.592511223621246
5.154654181635397
4.83847349493505
4.950844835131245
5.865975718882863
3.7971992983097382
3.4736406249255354
3.354141513975562
3.466628254660783
3.5311696391877394
4.05343554449407
3.717127945017168
4.584533460144026
2.77417025877824
5.758363462636368
6.148102774214953
4.645677363074216
4.115110494199951
4.293178210075355
2.8761369139042943
2.906060117921171
2.7211131265101165
2.94373696488383
3.6455990686329316
2.3865084595123225
5.094141813886211
1.9770114006382342
1.6148975302525899
2.5599070266556825
3.2648929412615595
2.6875405355036324
4.0148484169130985
4.084495406290026
3.7399113305149094
3.828463705869372
4.125680621714643
1.9856870392975066
4.68541886812756
3.355634448172654
4.258804796213063
3.986383477222402
4.642721321535191
4.261234058365053
5.2014250290479955
3.8423047207305667
4.153863491363336
4.837982457157118
4.536314694179342
2.415236619610331
2.764070286309908
4.331348093911026
2.3113724951638237
4.680592500786607
5.33915836710398
5.853971870480259
3.029718454830414
4.72295059964855
3.1488585450801545
3.021323223793547
5.5399030746927185
4.016874061645648
3.399014516558353
3.1714529365786426
3.5608028236343476
4.66551634039834
4.327413114324668
3.1347088608094866
2.0888063473846556
2.648256353592327
3.5685047657625852
6.21885761412505
3.3384356005178066
2.8590213606240438
4.2635384709489195
3.2237912202563943
4.375487092315634
4.470675893497603
2.315859476570425
4.44078046330916
3.1251583123461337
3.947675456510005
3.2443025381524584
3.8638454357880314
2.9549114063410054
4.72125053644586
3.0445706875430667
1.8476073056869509
2.0653800585789712
2.8414019103423436
3.6701735486469564
2.220958192024735
4.693134865237465
4.4164323723872485
3.390510133385834
4.498870861497623
2.3400212174421857
3.0359823820928504
4.767404594699282
4.367817902818875
3.5808648872019626
4.074506326272715
3.8055342439663864
3.419179954576938
2.4050435396466745
2.1522144928927833
1.6913005370116487
1.7177253094494795
2.0353917337317813
2.4325271892922675
3.1961165832674006
2.706097526306162
2.4911798486735663
3.6229139033958413
4.474012191408468
3.4018121830557626
3.7475239225810197
3.7931802344048133
4.548083077162044
3.4908020250479312
3.733864014558067
4.565767381319059
3.12613713645305
3.002548656346451
4.046126755077824
3.661746965887343
6.1994729267080215
4.332629541073859
4.331799093228796
2.383578591847535
2.349172532942558
4.313704146932864
4.346443169673783
4.560309831924216
2.537926221694818
4.745621241528558
4.662532814367699
2.398097980022539
5.143374881465667
3.496682723528399
5.452544603479752
3.5058338498364314
3.6148127516074915
2.875086277214856
4.086481761744597
3.88633952816324
3.3150886907835373
4.328669916636505
4.237179744323542
2.5978676065801443
2.7900685373010763
3.585958372977271
3.378129946979276
3.2832917280454272
2.761460444141976
2.815870602451631
3.433930294508977
4.5159527770762224
4.0727546698542785
4.573571928717991
3.461095589755108
2.004280141344475
3.8417155467955815
3.350512618653026
4.258609501505859
3.161188685583692
3.7569348341090727
2.8268429340955583
3.1182893623274524
1.4787605178755299
1.8438543315189135
1.6403193298620435
4.088825448340611
2.923322530046536
2.209694568191021
2.6261745502473866
2.639059577165591
5.735738711888828
6.38872543113626
4.74319433783087
5.385300410912755
5.007405767535522
3.635022579376667
2.6197846384749846
2.445500036098476
3.0952779544431293
5.702719352767183
2.415445971106733
3.8597435560237683
6.498856019486801
2.142460941021874
3.7243345029709936
5.557462872175604
5.478978114493812
2.8910475193647818
3.9929513287773952
3.014476816300487
2.6040032988270325
3.147678947986641
5.3132642192307955
3.5669124335436933
3.383628847041099
4.8826941799699615
4.796595117351598
3.291902830952966
4.844730178063909
4.205428967608576
5.404770706903651
3.4407232163458525
4.641293142348018
4.979447887647357
4.74475145859102
2.8832139465892803
5.07664327689106
4.590870223552487
4.471627894343443
4.512501949916804
3.7871587994392195
3.6193210045028943
4.210611881812549
4.616957668682823
4.223986471039696
2.8637082091657615
3.4347802983568094
4.041460922717699
3.061574976956601
4.255187398359773
2.739324472542563
2.847708540927241
3.3203281767189927
3.04901870219825
2.6525760714824917
2.8285293444716912
4.675969480493715
2.910594071804024
3.35470766153119
4.107938480198771
4.59329246389219
3.7807823454724474
3.5477215615798667
2.94153615843877
3.2755549764161738
4.545430199260142
2.61179212961793
5.456564030895454
4.136160172769487
3.074743276558059
3.497348955846439
3.5024096023311335
3.3996122270065596
3.2942688962419546
3.2927633799062903
3.264964165079321
3.091475123143778
3.404998195357743
3.5231152375754986
3.3737929597883247
3.067059114421956
3.1815312716217767
3.131556978053861
3.4569167497842623
3.0322033176248877
3.1196418942286495
2.8750143797861942
3.27211749277622
2.9746587717504545
3.1991246740837846
3.2701670902968996
3.4778987473801846
3.1767726307554622
3.922481398317395
3.133590978857008
2.730041452747835
3.9799094815251865
3.0477698456342965
4.348696609965111
4.319779949434594
4.9492640435970285
5.025087353643797
4.183707399442707
4.79378750362811
4.128935847296503
5.299563546672999
5.152690577594661
5.067743254299118
4.844645413709301
4.480045918303373
4.3213771371236875
4.248767425755818
4.185193739883397
4.886086975166127
3.763123275737151
6.368348560717257
2.452844876880753
3.719636792265564
2.994536545640067
5.563960838836177
4.526933840170226
3.2638830785215722
3.0173139987610917
4.4142768126551015
3.7314272613202766
3.7840181153808037
2.4010234704408795
2.2370552269161164
3.7708132407306763
3.5836926245803538
1.962430942223796
3.8802817545902637
1.511454365334177
3.3158929584996577
1.9492289949798134
4.203539393789821
4.125491809442179
2.550129961002675
2.44667079663087
2.3951306072612573
2.6366007722841607
3.2128573455384855
4.821441581497162
3.2940194853721865
6.19258556812288
5.696040591656029
5.935710451247551
3.082030697745293
3.013576049837803
2.5757057934790133
3.7503251972099902
3.3600214165633044
4.1991670840381605
3.225820582133238
3.3427769052869376
2.1224011293935785
3.111177220714982
4.029072276172298
4.350436791326882
3.231167344228884
3.51343690115033
2.9231888784389164
5.140505559087704
5.63147758881933
2.707955228209044
2.651926259019551
4.089191942791595
2.8315374221171483
5.392410234235101
5.493092648811259
5.491465350596715
4.61530333894629
5.009084611432231
4.553303095680955
3.3775440062585584
4.453226703141041
2.4855566940709175
5.196262567359947
5.1412638488861235
5.585087578665271
5.389291062150223
4.640741693872752
5.843584432530304
3.8030078456818606
2.8804395917724834
3.6523801415793717
3.9461041083225847
4.1162132903006885
3.0553778746053664
3.867783322371304
3.084180514941382
4.637205497314744
2.866994101350607
5.560175852702768
0.9550154775104956
5.759982189426755
1.9055316654095855
4.563059988223216
4.107774117284138
2.4737386153555505
2.0532647851052777
4.163466445332342
4.0407865803924485
0.6543737571064734
2.123963112264777
2.4125883054950936
1.933213553296684
3.167243878957966
3.5463962688218498
3.5043836803647275
2.404541341801425
2.635297035434658
1.872825069607794
2.7712692341640386
4.139512702291274
3.9419269823626397
2.7651959842591003
3.724239660670027
2.4061402728743975
2.409969135835363
4.280729541361722
3.396005963172843
3.9345955113642215
2.4690610503988686
3.3036035335899885
3.2980465729287616
2.8328324868714083
5.939119509527708
2.40182119970585
2.687165467068197
4.4356289695786355
2.332503582823706
2.607728169062066
3.9122500278681747
3.5578902016130245
2.4638376902036967
3.1951077774629164
2.4438460445609573
4.5926743062684
4.008384876882174
3.409136942194758
4.41890903951688
2.4798127393207157
2.496840162954272
3.008398265399142
3.405850224200331
2.5556206729937556
2.944300831512145
3.5431276574996797
3.7581647124493385
2.864275820180984
3.461988513352096
4.4314268027022194
4.65262877360831
3.499556650031912
3.2909556143790515
3.5347288025149686
2.7994092812891433
3.9399872016545507
3.004875090086916
2.4292403075712814
6.701235030120998
5.4006684597272
3.950798787612122
2.5847091242051743
4.76533548778057
4.505723776730854
2.1233633679342523
3.1224456698769045
3.32862489434955
3.5719800621058733
5.066314978964223
5.019627304830207
4.340174936949699
5.749710270049411
4.154056340949014
2.011388294471938
3.530521400218138
3.914780023379782
2.131443183565622
3.904631621216283
3.9271697963998062
4.423666567446677
4.598027536498228
6.648482259805751
3.0993654247159697
1.0398547348336349
1.5338206569501665
3.381893019261228
4.180249923645867
2.118806306933449
4.798204956435318
4.617421885969023
4.072840927132879
2.81366748207105
2.129003953227052
4.054794176835278
3.593218437911213
2.3447115825457336
2.859043075803828
2.963526294616405
2.8827883119969058
1.9466177055293403
5.042418216064438
2.815205708390568
3.195888628534451
2.9174091054432125
2.771539421327337
3.1029939837923517
3.740593002330352
2.06317120687775
2.0074944202903007
4.469055214252313
3.433413894476967
3.320480162681637
3.8436239473902374
3.128325933208875
4.425871992514001
4.058728860876067
3.6274369150847923
6.508512205968872
6.550990766867886
7.043415729393287
2.2844754260983127
4.316987285159495
2.6545508400615434
3.675863659269178
3.6618092261014312
2.3282432143243645
3.103567739093522
3.0674050294348
3.1430208962716337
4.9299384081772555
5.300729890667923
3.779670969941037
5.718296279520914
2.6031852312318207
3.6167869145967577
4.10334864066168
4.077247505952871
2.589675140279689
2.756686580236938
2.7728735479485116
5.215587955943589
2.669168998910618
4.465835572484556
3.2902764107035436
3.574130093938278
2.929432167244828
3.868571813656609
4.061392361820891
4.344577609941741
2.8778535785423616
5.031888455712504
2.5668086569436444
3.975257566744837
4.440607518243116
4.85859818456449
3.4389565359745005
4.635617104886361
2.7858032516346065
4.992612771273193
3.6783592585410263
4.620846651560434
6.3460718459220145
5.760343150039257
6.158383260970104
3.9740457964031064
7.099500750378679
7.099500750378679
3.9418551545913094
2.1020125664773
5.972854564055567
2.52242833877562
3.696503317414574
4.038197590136086
5.7775316351588435
5.842101506578659
4.25321837802971
2.5848614638333527
3.5522346226770085
2.476912305218471
4.143337593634623
2.8780469745218396
5.340886645861253
5.675475974122966
2.975290291775292
3.004309595060101
3.3519848197232083
4.87024778461039
2.480834979882592
2.490875034803826
3.5330397756393728
3.941614245071702
1.601516903894976
5.076004501739614
3.841709964075368
3.3131436004746995
3.504443398795935
3.179937029023249
3.5869652619545653
3.118648852542251
3.0937457009565983
5.823945897441266
6.1917695484178665
6.6029510896329535
5.408027587767019
4.706452628573048
3.2370164107179282
2.6413443186780685
4.22693028072678
4.542190338877422
4.029620946713259
4.680562887806103
6.137468593010504
4.535655745566051
7.082833657136741
4.067925569037203
3.1671002347944825
4.306273421238045
4.457844579926209
4.342759753208657
4.328842203651142
2.7426392005531697
3.132972526355977
3.682036446115119
3.4234183408812404
3.5702294421781975
2.725692514598692
3.646188719777053
4.488458140538629
3.9259813223316367
4.4927543297172825
3.7215910816590307
4.231716605187825
4.160141859902138
3.4391764862513914
2.3641761865402833
2.3120653869679315
2.5322677909020452
4.368476460024784
3.7897244966293773
2.823138342682423
4.473454473874002
2.8251331634180343
4.03768459692021
3.6749723652553756
2.963360388369264
3.2249657108051855
3.768359141475336
4.214435491865939
3.7349366603658307
3.546495352543613
3.9357157244767826
6.494790167836437
5.524583766706161
2.7371384751727907
3.1153700568839
4.492547360899779
4.83843742510048
2.7476459362896284
2.3437329258452047
4.476443176814318
4.880201080953127
5.463223585969112
2.954495001846374
2.5908651598891312
5.698951484588504
5.520073157885345
4.115273378754972
4.051898449231461
5.018824734910484
4.094399939662071
3.4540477872955866
2.4067547742446465
3.2391976131821902
4.084127341398943
4.569456517056665
3.189642846432176
3.7940360572793814
2.956554044346949
3.250853125281667
3.2673965686489526
2.679955729484575
3.4889743500673625
3.4876928993861442
1.8902367772442479
4.464061551116745
3.2466526971758114
2.521050856482316
3.4898504961873726
3.4301481920098507
2.3989090262993127
2.2618265727130877
4.086063001469993
0.8891065772754048
5.410438230216889
3.15679194529598
4.661000922415018
4.7361991016599125
4.184726819405621
4.694252943780276
4.394885183912537
3.7896151384349244
3.02156360852211
4.659037349079412
4.020763899859539
3.9691542766692836
5.4224804439447425
3.5342305405252827
4.49536311038487
4.283728727057454
3.4230616854690004
3.3762322737409964
2.481848624926745
4.05260278195985
4.349486605011254
2.6508870654096297
4.497960562810641
2.8594073562125972
5.892573066344557
1.6028337247828268
1.6533213992804572
1.8312657325161508
4.504651047622773
3.6639943882881627
4.953803425410321
4.468399388784243
4.173785174160091
4.918729111953603
6.095741668420295
3.551335023877996
5.908943794561917
5.854432458426049
5.609462835878604
5.494702150995888
5.855623418435932
5.289940091417031
4.373522496924773
3.418507787346134
5.01259522199104
5.206223298344231
5.522220094813743
3.9370754359645126
3.240099626081339
2.3708610646063493
5.724433174425193
4.61840127013266
2.5035859818471518
2.9080423304070075
3.5629747728977894
3.828604429762282
3.6839786031383053
3.4207103053763444
2.670284146484776
3.492444050967271
3.734886561606251
2.791485922328025
5.591909163697211
5.088760153783963
2.657350012222208
5.339366455700861
4.264750787831829
6.023730213570513
4.001686960087279
3.875284431804702
2.4976792156082346
4.209272749076322
4.862170516509348
4.745265118983917
4.866616542892387
4.9276155333385585
4.478007452168038
2.4886734754835755
6.435834125764703
5.520892017561002
4.182918314577379
5.341478089257537
5.395478951886399
4.599873590634902
4.282607829723856
4.766399689750146
3.711171710111973
4.615840430279877
3.6158054524076406
2.3989207821926355
2.5160695256428403
4.076370153088086
3.127953746594817
2.7303266594386875
4.355309022132154
3.6323994053852053
4.6631901019540765
5.806059238254557
3.8686839099706036
1.975905140536224
3.674825168538356
2.897351715470128
2.519022429258253
4.246036833570323
2.5027328365492814
4.821471878625836
5.999732669222009
4.48586916889874
5.41930491433833
4.390882256461387
5.221404686423727
1.777471157634031
5.633536640944633
6.0773589012157005
3.777313321714934
5.010450927286098
4.196511032556112
1.9904254604425429
5.031898955203848
3.1320755412464276
4.549507837530209
2.80449833691791
3.0255797615742743
2.5976360632600146
2.4406792321882826
3.031761114524752
2.1992527058944162
2.5647293473810437
3.101787272528092
3.4119019765918708
3.7210544093251983
3.3040411727416235
3.6758054939372884
1.9350390652839466
2.764575990058858
3.408738290864179
5.215917723853434
2.178791067435629
2.6700400932106008
3.1345274503810527
4.1426551421142745
2.0825057037461456
3.8285168920349477
1.8658150820930424
2.8506972549156
3.95792245646189
4.760695530100752
4.709019675967328
3.3773896852150807
2.967669347026979
2.598731840987893
3.5442804015637503
1.7877848826914087
4.031385953433581
2.3764493206741557
5.76959214846952
4.351690650764398
1.9876865703918527
2.496378842950343
3.9465082651125414
3.949076266698525
2.5328487867072376
2.9581343353392553
3.8739928444299987
4.217139003005175
4.535725324699866
2.4942315067881506
4.221151965773862
5.3881452152405735
3.6889385124522267
2.8369418703620655
3.7796868496390834
5.543356211261817
2.5707743866080848
5.228975847335704
2.8106617133994405
4.613352567546576
4.299234499874345
3.4983375370792382
2.237950876941495
3.5965053394413875
2.344991496220304
4.526661064414975
3.944734216457535
5.675236049473035
5.018092017961781
3.4510231641936024
3.685139917176943
3.6147817940395
3.8350587260442555
2.1449895127799405
5.639354339253607
5.783359986246152
3.259982906464918
5.796541805359238
1.8910927985007089
2.964436473299363
2.6487836439947814
3.756282312581339
3.98815084139218
2.5749263524564565
3.091528975908695
3.083967491588827
2.657653320207688
4.729709628956974
2.201992104655396
2.9835467809664227
1.2204764062067974
4.191112656853751
3.612558036159206
2.9896217690914835
5.12005248311567
5.162057435920036
2.5455079607432523
5.163018647696437
3.768993950205749
1.2594647189681973
4.593794794202658
3.755364238820456
2.8059981818499975
4.187906552777865
2.817338153962289
3.367400389489097
3.0484919695769532
2.8973954158690978
2.3190522325576444
3.795566443285594
3.9184001149394136
3.0589591192561567
2.6250604740259393
5.22927889424444
4.570942360746367
2.9912669871642867
0.8634071806561598
5.119486176004032
3.8197047264679886
3.0667621800395146
3.333182524829921
4.531705535667856
3.279932799105647
2.569818347958726
4.142725297817139
4.3643381352772925
2.2013832838549727
2.7741690654101125
5.613147092391235
3.1950059915419047
2.6187925021831044
3.01434861461966
4.490233437225315
2.8902254699941667
4.48734705224277
3.928252059515979
3.0232122528534946
4.609285643013039
3.5114863252305106
5.250536788517569
5.553985376222084
7.112594394821609
2.865052235622356
3.8554834780994724
3.983350424376393
2.5159308941561305
1.5615487095323646
1.4941412364074982
1.2261080203055854
4.4400227219625155
4.242535090556977
3.134097129991569
4.134417103839039
2.808000667232143
5.292462987321371
4.409261853545812
4.618533944852417
5.4140883485034905
3.8351935248646263
5.350875907182009
2.7042837791407974
2.0969231369075887
4.8267440035995355
4.181952237234997
2.2931745070569676
3.0947313290606546
3.175713792240964
3.6884106754969834
3.292250912590101
2.8545450197844646
2.8965334770872713
2.6389124514858504
3.263750035322401
3.940576409615812
2.676129598394942
2.9679809783571773
3.6004981240932628
2.7102184968985217
4.031082284928363
4.777098360809963
4.235063168804902
2.742918330626466
3.4096493282430673
3.496376077157571
3.6922576827737887
3.484272306789299
5.66083980383091
4.829340569527507
4.4011616707308
5.010457316207455
4.544131257095126
4.108141717377467
1.9199963214237459
2.4655743391217295
5.214013196996899
5.60380145116414
4.133015373798673
2.4933892131630024
2.054549938290186
3.81856738999368
3.0339698100090664
3.3035130694675807
3.0471412818982198
4.080379223520825
3.520635743693899
3.4673742228162405
2.356509628648693
3.7654752078214218
3.0320263334372806
2.381949339379111
4.66772344594482
3.58738666567119
3.0597401922020375
2.5042858489542597
3.1584785125606443
5.568427576749199
4.136636952302645
4.248645753916553
4.562955064847502
7.522892717980734
8.743312564536792
5.447142344453794
1.7454647517148023
4.705869051406313
2.397636376097096
6.658077766673229
2.8238110580447673
2.8641061261551415
3.057129243154124
4.252424837398726
4.578849281642888
3.6087554127220365
3.335242820249275
4.01232425958979
3.75574215552568
3.8567915315055954
4.104719718577104
5.343938813606974
4.892881064758787
3.0947867340295723
2.5919168901491623
3.591833749869887
4.103297822508409
2.683841762713641
3.211867481419979
3.7791415283755003
4.255527334017575
5.243253064113754
3.015610065325075
4.293044735356727
3.3641086342123794
5.832931665231718
2.221781985892693
2.9927832080543513
3.552773895857475
3.5803558622594154
6.053437163444767
3.5621941901441305
6.642067805559533
6.39133666049153
4.369513800757032
5.505888461079223
5.192899513677377
6.1411338992212885
3.4099654050698556
4.166159578579457
4.456247508550204
5.145221600216948
5.473594209080426
4.001384253693802
4.238512352594209
5.075019950620978
3.1761078238793194
5.49435350041225
3.116853430444362
4.269461556294105
4.765922343563911
4.032728114119651
5.613611431695419
2.5810536553502903
7.478306001280161
7.1609063148316725
6.90727506164395
9.565351710338653
7.862783321004499
6.567206256969311
3.8182594274602177
1.3468498221278258
4.37334655526739
4.3841118234341545
6.51928035635495
2.995701884882808
4.640827042611732
5.275089923341785
5.508745468520038
4.18341556321413
4.704977583440738
4.287510147285015
3.7533958804588563
4.228063931558645
4.809307841602475
5.068682051597172
5.347141189318371
4.4614533313302385
3.141481988050483
4.954104355032447
2.3194304574178424
3.746427431600125
3.4174396412766064
3.5222948108819274
2.893284051109439
2.899250699234331
3.261116876251165
3.681707819622947
4.9393553383320805
3.2168368221776324
3.8975150701331214
2.3099434266067447
4.267180343885708
3.9794676642628692
5.59108076219203
3.8875425133812826
5.028241668354778
4.295404477690143
3.154322861005906
3.483009981327943
2.9775703794178936
5.549230812001123
4.8503674314891825
4.143711698593777
3.563750991437987
3.5383213511895764
5.034043851165864
3.6818330909651746
3.945080617895635
3.01178209420295
3.7874921072898364
3.313130610293614
2.447555328246367
4.231439226906012
2.34687241891275
2.275255756653047
2.6635920850112016
2.5946415284032884
2.2916639066334334
2.300929663430286
2.559368743018083
2.1563206979357012
2.466459784069335
3.0534141772416143
1.9957798090636694
2.1282209066663134
2.336344151253402
4.701310132726784
3.3270075455006225
4.184562328724567
4.276370560240526
6.499588793640609
2.834400723417499
6.2109395872981334
2.7140688712813836
2.9533123003480077
3.929140170740767
2.450362150190963
4.623489532679443
3.51861194196254
3.1695094136331714
3.8271514584633617
2.7680994788015747
3.2807861097473827
4.149652101591746
5.19366344582967
5.115592961752839
3.6917840111616775
5.478441139475821
5.771937747802206
4.237061701593481
4.939862455083407
4.8269567922293355
4.7333717529926735
4.400659269490182
4.929744438795737
4.025643425250844
3.8459877040762365
4.0612538514598056
2.2907095346155923
9.501920462602465
4.174294838962373
4.711093087677903
5.518182895179413
3.4707725085042354
4.289637416472028
4.802051646882677
4.487305076759409
3.5517504884376425
4.023761236064629
6.302924638507429
4.55220642156479
4.896776305108054
4.378681750151821
4.239841191433154
4.366444671370932
3.6255671496907538
6.5622699082989815
4.679062558594961
3.0805893437236342
3.367356891136231
3.420157652788247
4.629975696398991
5.215112642963769
4.713733944000423
3.7044946955860896
4.380609358495658
4.349516492353519
4.946753338426274
3.299927061464855
3.0548266713859062
4.824404237517729
4.305486709222258
5.088076089846251
4.8200883678809054
4.484092198057261
7.4461804318436595
4.0155426889058665
4.865988872627362
3.7997466707269196
3.929204699280401
4.243266488630643
2.974711043641116
3.81323639020642
3.391603171068109
3.7799693786039312
3.4131596888647415
3.1561707007378845
3.7288924426290295
4.150127904747307
3.9350045572303296
2.806275123815106
4.811658600698259
4.723621772399123
3.99291279308196
4.054549451709155
2.321420944858344
4.433025138219191
2.297885546777586
3.461628262367301
4.13480311593451
4.249990255318239
3.940070882265831
4.360993114397072
4.6892929782724435
3.898182458011559
4.569849626979658
2.608439373490906
2.2649719818414478
2.3445867465657044
2.1613317478612033
5.014227839346645
3.979200663185942
5.1328108017713205
4.404307037609576
4.251189643954139
3.379436342463067
3.193357382143583
1.6352010809347475
4.426045541952366
4.527254468404243
4.4411144855998135
4.760313419533619
4.362491065042689
3.983725357727364
4.280944757247914
3.5738750868728526
3.530683294757605
4.1225067163736515
3.0699796154636783
3.66788532299213
2.3621794190365684
4.099159018138495
2.492956730451029
3.1761575631343186
4.887238540507962
5.395987958311154
6.7890651675528435
6.878647351511798
4.827254885210601
2.552497808189705
4.921133392720638
5.008923521051942
5.000261416586022
3.8461469915290625
2.09503528436174
1.962108785995724
2.0746585312851225
1.8598571195574594
2.1346149379838724
2.189704540836914
2.2369215456947567
2.0488984474832357
2.198589461945133
2.2100152909224384
2.167437933705656
2.426089366038801
1.9901568558333926
2.1563977311852693
2.076834240271818
2.0994899974522045
1.9427702025456484
1.9765501948039284
2.1167037008410703
2.364235375698596
2.1300182619608106
1.925720725576665
2.438863752307028
2.2369563872785356
2.095681359545195
1.8782538707172525
2.140808938630125
4.220419118857592
3.0506523652479003
3.674114362384343
3.941441914198429
6.044953149080153
5.06753045432938
4.554413428671672
4.625024966031258
2.57919087860051
5.186656257504269
5.14252678396694
6.170078130121134
6.428009815893605
3.602455452878358
3.3200803899422415
2.043139302606406
3.3717361693352976
3.1734211863437207
2.0595122131280146
1.9688724080014532
5.544785420023164
5.646792398916474
5.849892249358245
4.258311374620614
4.487660273757658
4.787648576336657
4.40102172709638
5.466856688555087
4.768569845849188
4.889067367708725
5.004845272665522
3.145803234457242
1.0896299540866436
1.1321860309023533
1.1902270230108218
5.999455816940007
3.180178719768461
4.076711833783696
5.294423059178924
5.513536938280813
5.521127619024765
3.702225516400555
3.999479989641392
4.2827712534294236
2.871732312148537
3.2770469193352283
3.2771917377241504
4.156250114474985
2.651166714648843
4.5520604396904805
2.659146598131818
2.397525830171579
2.2893895983818595
1.8981215275890384
4.777307873388224
2.3301640048199816
1.8947861319308417
4.425560661790323
3.9120053570591575
5.104664270126982
3.339483602459638
3.777315167466517
1.941314259878821
3.1896776345528437
4.705180831605284
3.4113933832210104
3.5716928128081875
2.1931740432212385
2.5262406067007803
3.843549793161407
2.6167298224147126
3.202212443005845
4.778588297807672
2.4998647549048156
2.985005778570395
4.201268632829811
3.755310220769822
3.207793814990475
4.102738960776426
4.474713498017959
5.071824444234007
1.6889974868588005
2.988012194168903
3.1415511908048406
3.2735003548052917
5.183779811978577
3.259648839854911
4.843088593187427
4.013768340897743
2.257217963191488
6.349735261740932
2.7385644441032824
3.432969253632563
4.896521818866553
3.583877498758105
2.5274643826093186
3.0245323244570663
2.5778314037715346
3.969667517444075
2.0610250866630055
3.4868843601429695
3.4319628298665954
4.73237134488195
2.9089483861125576
3.4152552066178443
4.887141732330019
2.3063766171036697
4.151333888857453
2.8280719898129956
4.168704337831731
3.7418302125068186
3.1824136224061896
4.101072635729823
5.072253820145002
4.807598556760474
3.756569513578772
3.6820040891586023
3.7374203408911697
3.7738547530719586
3.2222255145285863
3.7596554435398386
1.898871119825649
2.258520851699123
4.327287501566946
2.0744673201611605
2.2680694406663116
2.8639123844189616
3.4168075310741397
2.3867805773977833
2.5477565445539123
2.5454977933744716
5.6264852362930755
3.3433077198859293
2.62490212800156
3.7271675919945926
5.354945635320864
3.2121104016598396
3.33619237477564
2.201672789362492
1.2191330756153118
3.2230170563058618
3.010653615850307
3.6129410960675212
5.898491700507365
2.6876679677163127
5.714799647176012
2.9295476043021345
3.407912220143398
2.725340161430647
2.908641514267377
3.7938378016382663
4.189397820614344
3.3862691605333786
3.1625442319116344
3.856894143996845
3.6775474184409047
3.3683668549570553
3.0886553624510524
2.7975838653161125
2.6795239160184376
4.882812175052141
5.769308544333804
2.896671799562081
1.1797011510003106
2.679644415299401
3.034475833152347
3.6823685832884605
3.1923816435557706
2.2093169999068287
3.6813109090774367
2.608731767160089
3.9417017346050596
4.500962591917291
3.161459212430082
2.0468440568038275
2.927652958894093
1.9436014110456041
2.9189955716649774
3.0443794155705577
3.939416882908433
2.9455736657879417
3.757652872688035
3.5129688686304315
1.833353342516951
3.291304107264048
2.626820882705511
1.8628255155245288
0.9707194623078748
1.37873371117622
2.515354960254661
2.505820799409621
2.2357500048022287
2.8701131405915445
3.3123487492212353
2.9558917503118365
3.0566251588758364
3.327520764947992
2.3473450823137663
2.925064504402073
2.9788833923032048
3.3086365971739444
3.8158898715062635
2.8826582922902673
