2.7617089138213196
3.9416387306660776
4.515678077694531
2.6797895276227854
1.7411953763108994
1.689206191317439
2.8822215447595623
2.469500828482275
2.978393646190751
2.189905279875828
2.778249364346733
2.54349394631152
2.1422086183145073
2.215796928605722
1.176839048372171
1.831555761366126
1.7079532897873215
2.789434145095942
3.944046133543606
1.8609292524721968
2.486651899553746
3.2734580148108665
2.09085716519089
1.9599103495485386
2.1806711823827984
1.7323687904359786
3.043245758213275
4.005819610005082
3.665969922527334
2.708294329429509
1.6904079783939874
3.334914409651914
2.080322574611473
2.703874394941787
2.202521025237549
1.5785819793949014
3.211032821387571
2.4592538466508094
2.2663825115811544
2.1477712067145114
3.7501039937111758
2.1297404902478907
2.0588138277276116
2.867066867770384
3.0607474723271175
1.9927599686958788
2.3586254445278927
1.8077183362098623
2.413373734163124
3.0138987507439503
3.534026839205907
1.906261255994839
1.6910818100040024
1.374314846641209
2.9946387981497025
1.6859884806139056
2.368365163436479
1.894044284386299
2.956347212664523
2.4612687407166143
2.807721789002991
1.3346623909687954
2.4443388136402917
1.8448126449354507
3.074556738551986
3.729841046379798
2.331935003146111
1.702779443744107
1.9046039412614053
1.6841822432419165
2.938767070720344
1.1270470085898874
2.156514797274208
1.873408912162164
1.6228603031217068
2.949011687204956
2.3112427602507926
2.107578129888708
2.309653010453408
2.046038295161962
2.2941045652144085
1.710047239425078
2.4882879530158135
4.553927705986444
4.4644731649406335
1.8950525034949466
2.7558091194009706
2.0725626018397576
1.7299905462579444
1.9097611000775083
2.491125435593028
2.0004505155758965
2.175433786949466
2.4698479627802135
1.9506079656168824
2.7025683215856513
2.094718959431722
1.6568266140532804
2.5686236700167977
3.2377094282549526
2.3084563786541037
2.03991814728493
2.894222583918985
3.4485509945171904
1.6343903410713059
3.7199975413734774
2.1618101553179794
2.5734846407075977
3.3199975589521666
1.529906554021676
1.8245700429989926
1.7368619138861194
1.8221779088837782
2.8302453917994614
1.3349294677756607
1.571608302463612
1.7045734470001352
1.800812706549065
1.6671313499786682
1.730549497899758
2.117619297522189
1.9627932723227766
1.1880683009954074
0.8703200402926999
2.0522871620842644
1.6760344074525335
1.5195489967070448
2.1825460491717976
4.152047092969525
4.325977928304271
3.002011636210223
2.0956755902887076
1.847526486776417
2.933531815312652
2.163640620037228
3.3155821372784766
2.4239896565532306
1.48281132852574
2.170643032121035
1.5331769141330407
1.5513446336346084
2.030640873530917
2.668956980459193
2.7616216806327265
1.5635730614743921
2.78785887702432
1.6792467285280546
1.877692963733782
2.0254198333928883
7.911920649069795
2.502080401826516
1.4189648369992007
2.5990529800125883
3.252220572730893
3.2838618316709027
2.999776829789472
2.7754912845083703
2.9109309927514415
2.2607421936294014
3.6688785180105783
3.7309548615699692
3.6369954004710743
2.273927288890639
2.310351278359929
3.131267679647934
3.2647509282285565
2.2052397716771464
3.498554725668201
2.8420252664460612
1.4631428524339471
3.552009409849492
1.357387328041288
2.536385226368251
2.493876470139625
2.2404899591664345
2.000931046056214
2.674740283704207
2.72858628643349
2.5572182507647296
2.018147421002304
1.8374996791413638
2.1445418753090126
3.042917587580804
3.793051300706286
3.984562102474758
3.884873327347413
4.1644345468709565
1.5101735073622533
2.7232441903117977
2.924538849868366
2.440907573162543
2.4668858858237663
1.5401248284952687
2.640873979943259
1.5672807585587898
2.035289499748876
2.0441077798876037
2.2601306801976033
2.986742387175352
2.5335617682119675
3.6786375070273327
1.9921590481196632
2.3553433628326506
2.2239009550391615
1.8727552765149758
1.5405227192982611
4.09044187126975
3.1552022487325586
2.40820945318455
2.387616350604432
1.8088372257767216
2.5136295159710813
2.0985488681495603
1.3378122404345214
1.3952816269286978
1.704088343720208
1.4173715654958154
1.7047252103759158
3.014992105345062
2.6719961207123366
3.206717386532542
1.250165529762108
1.5837161579521581
3.8879869405560807
3.1718213866087175
1.959477608081126
1.269861839842337
1.346487786902512
2.1030750209618283
1.9123429422382014
3.3318138137298403
1.5213235050954939
2.043389898014473
2.3430604190851727
2.94731199215216
1.4639289913004383
1.9879647965292655
3.223338398488919
2.0436595961522936
1.9118145275625995
1.510233742515476
2.097811478776031
1.966668786599777
1.485616003072638
1.8735253082951393
2.033571265844278
1.5584042948844632
2.100201163327643
1.0079296346910143
1.9691178483535108
2.005610221755825
1.7932847570546502
2.007223351970279
1.5867610891767576
2.1253396361305485
1.6831678477102934
1.6690612965698122
1.2596237496998821
1.8873742796162596
1.2183030591059734
1.5139911133933024
1.1795705506582728
1.026360752155846
3.208459080216298
2.1657192751553174
1.6487443214050777
1.1843394293009029
2.3725461124013716
2.0372109597214125
1.7432161089477471
1.428439343925616
2.9245561808851885
2.761574029628184
1.6535378070996662
2.035981304385695
2.6365686030404936
1.3741643314056233
1.828161069695602
1.8622973328182266
1.885997401225299
1.762608152948778
1.1682706844452022
1.2199999710021514
1.1410091580880801
1.0001083838304243
2.110831409774132
1.2635768452239695
1.7991881972820434
1.7855667245169513
1.9792566795194402
1.55545539343028
2.639167012458071
1.111133467696436
2.397121100765029
2.2921365658663975
3.403840582647904
2.9872852969180292
1.3477049384743667
1.3707267553365816
2.3859940948737832
1.959061157435537
1.496694838679245
1.3384274781093513
1.6737410630364733
1.4628855576013342
2.10244470709295
2.980805833799964
1.9342853914981353
1.886335273715907
1.1684764346042384
1.3658669846097178
2.013263003871495
1.0332095158602699
1.9349885814300933
2.2027041867398194
2.836024377079286
2.9219671393386535
2.9777659707106077
2.002120893259232
2.1477506141492264
2.826795285218584
2.000070412411263
1.2746947335947398
1.546145516762379
1.995748863322076
2.162909906034564
1.4562927654398734
1.8454608509623047
1.2238156746723399
4.048641335444884
2.4811667655265413
2.5221637892198627
1.7403795299155753
2.2279017663467466
2.1167363848665546
2.442601898135371
2.0095940476135783
2.7422335719585518
2.008925019814671
2.247020852626067
3.4447509106944674
1.8173998651815666
3.2260902295957
1.8422164386151545
2.0541097900240444
2.8418343190204536
1.590393754958374
4.099456652031568
2.0408328875355632
2.46003809838086
0.9564415396117903
3.4615980935347945
3.3209760725418964
1.6752515184698111
1.883848741006424
1.8045183506167168
2.8850163400925384
1.2714548588712553
1.8526123361361662
1.5634768028948716
2.745498471215097
1.0524529778393725
2.494122599970249
1.5379345779422646
2.6541604995685333
1.6473899309435447
1.8147689158896323
2.550893657792977
1.6983355176996389
2.3897010549350255
1.4967342214932673
1.4514461667731624
2.1780267804825577
2.196310991369244
1.8540917830566992
1.7495492865106261
2.3362642683453534
2.089913406436567
1.0327001113509071
1.8585780030549164
2.1170120669022676
2.358812585277096
1.4423015627771507
1.4696920905402442
1.3058937739916001
2.2302564077692297
1.3483422698827234
1.2704017285161058
2.7518523088458458
1.4101721079861025
1.3281942247187974
3.045317619425998
1.6301012447941288
2.281800483137332
2.9997119649582484
2.6524311173522532
1.8167895699912286
2.4895109419301513
2.497545151719817
1.8932736495555282
2.7682304742248607
2.37999279344547
3.221462622425061
2.3307882746212005
2.4619721292112464
2.554446581134041
1.8030858311071163
1.6560898998923688
0.9135961425201568
1.1541663549638723
2.6402816940739346
2.4450206990986736
2.322225667424846
2.54645321680075
1.9020005670086422
1.1982071228546258
1.6374474480129737
2.0419870481195637
1.8955911048678022
0.831273236413528
1.8176123957010288
3.2511784359962084
1.665504404825144
1.3182469525899099
1.6427267031869717
1.7186852860860038
1.3778235214128203
1.42790576427884
1.603647636638037
3.5356538621356193
1.8342807017118385
2.495854466602398
1.713996831665456
1.371286408249037
1.228835760512646
1.1824013146153434
1.7944517683456982
1.7926368074099783
1.292442114233964
2.2749535858321557
1.9468903663555819
1.649120719400675
3.346137201063245
2.6878186114626628
2.4088072327786696
1.8409339091664505
2.8016766127816672
2.3805247411955235
3.7746120581542106
1.1588689274783606
2.2775514074802303
2.2505555670150543
2.725320369487575
3.250151371736288
1.4430106752165612
2.883578928763346
2.2230148730109054
1.2511126454204304
1.209617373717932
1.4238958675445852
1.896259110151006
1.1144877918494125
1.5969273664342358
3.4322470297364256
1.1690413754394962
2.3448775307865826
1.4437618651782596
0.9948470429362919
2.4441166465402047
2.3744926371851562
1.5984402902272707
1.7619188460512378
1.6735060548113059
1.9152332316410758
2.5474282796821837
2.865856591586734
2.874966002571291
2.2837967958249807
2.078737527797364
2.957452075258286
2.2394998141459537
1.8078346796947935
1.9899917545325272
1.5468136374568633
1.5105273577841956
2.177494764032512
1.765364374387814
1.7164651931556876
1.9968075335171158
1.5366226688128533
1.9937421752839075
1.802423807491126
2.3755001026905225
1.9396918802208938
2.8024441640741555
3.0704429189708176
2.2214505452728837
2.6275215401691976
3.778424250785551
2.3927926385578266
1.952497196547839
2.1406089200715654
2.131511543159577
2.0073834393052703
1.3305162245069546
2.2176256773969216
2.6794155365687398
2.742116931514193
3.1535158278139774
2.8587788466163717
3.799823485999303
2.7828370414311294
2.3827026975087433
2.0240912734079126
2.6932248023756395
0.9462869021648613
3.171593389302741
0.9874560273244346
1.2906969495011953
0.913569832499022
2.979340545188507
3.0363026372455995
1.4262434229230179
1.6190112601574391
1.175854879896433
2.983799369124405
3.307733814355946
1.8724397990911517
1.6938161118255313
1.2961909521799124
2.2226172188024194
2.936237045627756
1.9393273144654963
1.311005358614516
1.5040749871653696
1.3017992556414981
1.2901339772941673
2.193387681138656
0.9363262632737295
1.3201670501487448
1.895656711008732
2.081738733002539
2.1443025352679577
2.333961150033774
3.315468871960027
3.139558290567337
3.7427116654592756
3.949820087621011
1.0291389588535484
2.5539524159338076
3.1170188752802366
3.3252008844432637
2.865670866748995
1.6790209183369205
2.3448177801453225
2.1934000224497003
1.737096758551811
1.7316091563584792
2.544239415009438
1.5995482921504263
2.118789637298348
2.4067127080768214
1.7233435689825003
2.054798015573509
3.770513420718984
1.4155789326364714
2.1580366562887536
1.8900049034057327
2.3492300459219853
2.696692807469513
1.8031897711898204
2.2672656856581668
2.4961563088525254
1.7083350271465254
1.8785755941327145
1.912853026338334
1.6451588783961621
2.525285753790242
2.6092979942650896
2.2738601489337134
2.1090581184015496
1.313312314319482
1.551940295270446
2.6758159295843984
2.0253733466537454
1.382401515930936
2.214050192853115
2.3315887513661577
3.3614505411593467
2.6460645107150342
1.59780625790444
2.3671516646751454
3.632753839293662
2.292540325461134
2.072789840903938
3.0371659640245485
1.6094277728392132
2.6517721717282012
3.112249632858696
3.0378625101185794
2.124624965248529
1.5718069366825882
1.7015375826547086
1.5020851856344613
1.948717749084623
1.6116493518888761
2.263188295835874
1.2533768789869435
2.010925708330399
1.8657337788866302
2.1454783853813435
1.0575344564990912
1.126698994495378
1.5552712190268192
2.0546872675064
1.6458978686092836
2.1926717929078423
2.7860782386055543
2.0710896639117555
2.4493735624255133
2.266409774294528
1.8554084455763755
1.4073569274018236
1.5021732940368928
2.55911829730281
2.054435049156559
4.7879856094604545
2.7033332763523474
3.8138986899920795
3.201241846067883
3.6168152515617757
1.934333159347667
1.8697103126741996
1.5284892272689792
3.368415346657845
1.057472239665356
1.7593235084484404
2.3895916356278746
1.8500600899885806
1.7715906401449677
1.6976591772954126
1.5107674322967573
1.2220095740042256
1.755508320343166
2.2789417777845693
1.3856076222930664
1.0925163573556311
1.4301623332937303
1.5214799738975462
1.2496474588327517
2.1439883271867055
1.784352334551452
0.9065515876144935
1.385524904017986
1.4501154147165687
4.49386319333
1.8619997816975715
1.467536650255578
2.5204048087825512
2.013773957568591
1.4975153189858283
1.9665316714005268
1.63176892951163
1.2230732341531427
1.7087879442589942
2.1093733719147054
3.195787484843324
1.9572939304322958
1.273917653070657
1.7507525657636893
1.595694640954091
0.9723028241679401
2.2330219349089635
1.6191022019184476
1.4755745500696507
3.1919509267917188
1.5328322190635275
2.011721102284362
2.8592819438674564
1.5621753407787358
1.6343126136450772
1.5595335824670664
2.191158001567152
1.4203298423203783
1.451339661793737
1.9933411634279923
2.319941183496794
1.9995772193030572
1.942726774567438
1.0735090477811189
2.4328286003725865
2.5409690401062033
1.4211102401683464
2.858690304854105
3.1139858724162224
3.4636276656532043
2.5558306899052767
2.9787198851836605
2.3487013150319753
1.2090536627987574
1.9038849606669046
3.3083785271094106
2.8716364821378226
1.7661589323488522
2.4078334470556064
2.335511993894548
3.0302523783995627
4.036280159039086
2.60893216005931
2.675802119271926
2.4573441427473743
1.40359115069182
1.8451848469927699
1.8253753923426033
3.0957429371398875
1.8062270556994504
3.108470191724024
3.8317336282277714
2.022278006940384
4.323230579997551
1.4781603191085215
3.0652181417822586
2.659920762184918
2.814236962370688
1.7343367458899843
1.6792231166735747
2.5421924525426545
2.9823162984941276
2.6238222352906346
4.379461505769549
2.5174010093225005
2.2285301763183782
2.0349529231088037
1.6783712976955867
2.6400704007068256
2.3069097417244806
2.598064309150729
1.9963972050039773
1.9187703902324866
2.156725797153793
4.196431279117833
3.18000068805364
1.1769479782456567
1.8167282075307796
3.0461367725451165
4.131754229447558
2.3973429953328527
2.1588208612430355
1.433174565567996
1.6631216896052798
1.8641366590927206
2.842481506057504
2.033337348526292
3.379479074967478
2.3524156261890115
1.9820509264117618
1.9415265336293273
1.6950968955925605
3.0607812750058097
1.894027666523518
2.5572511064527315
1.7045803460193887
1.9166489183039912
2.409107971044349
2.058223050100186
2.100784119856613
2.0674088304113813
2.279728960171572
2.1768133726210586
1.9716006147663119
2.7624053738816734
2.39096186333814
1.7862242139265554
1.9313247317933264
3.4463130225866982
1.2678158310026044
1.571209539345503
1.9705365796628378
1.614490031574722
2.4598188547531934
1.8313420042714756
2.4079625242813427
1.5784204580563685
1.697898586450198
2.4525730011185103
2.335270562503043
2.7807870056102066
3.151190032854133
2.057514895687567
1.785296432523823
2.7927790159334647
2.051012524317368
2.127373803911851
2.548999068095569
2.1748912933170157
2.915451302656425
1.0689644232001558
2.416837164120983
1.4650091336482374
1.5966031352998946
2.0898998105278213
1.2009500838548233
1.517933565550247
1.6819541742134207
2.159073627860149
1.592826291437292
1.8368720138428554
2.5698519683202794
2.600541941859744
2.1002409744643584
1.3108730087396527
2.457608793282245
2.1128110198312857
1.8973243556996837
2.0458144575384147
1.8609050141967236
3.7877153348956836
2.466727337053542
1.904494939736909
2.770469058627419
2.5627869251719595
1.760196124385428
1.6744443742855122
3.1144489877697614
1.6453994937402583
2.0905891152061846
0.997213978251006
3.5883201818425556
2.367780255765732
2.3802317593183844
2.5593056002129644
2.8730466322126214
2.434215744367482
2.155235261325314
2.497344687054248
3.2731615708570763
3.1485366929022427
1.8604905568525907
1.648618429093905
1.5693561434161036
2.0431888387344554
1.2872653962767135
2.0867891497230167
1.9744896879697706
2.355914163538465
2.109501652066381
2.1001876303421065
1.0520484652729023
1.744689552710484
1.2468297707376663
1.2289344643212035
1.8909470816443692
1.899292129868198
1.0220412940460417
1.3004295386726785
2.0231997649663858
1.2640219924667455
1.4093803596195214
1.3370509549647027
1.9456912017446966
1.2095692794537816
2.089439527854891
1.4840169638380831
4.180801426142268
1.307468735064751
1.209270330126436
3.9196348426997027
1.1668292046637612
