5.03263
3.6619408
4.135841
4.623961
3.7849782
4.0269814
3.702365
3.3534915
4.2894993
5.1701765
3.6912825
4.2739196
3.8288152
3.6994815
4.2073603
4.4616237
5.0300293
4.8223925
4.96345
5.0004525
5.457191
4.604432
4.725997
3.748975
3.725162
3.8766265
4.2413883
3.8466666
3.3702416
6.285903
7.847279
3.5925019
4.307453
3.810326
4.129862
4.158601
4.682774
4.081147
4.235261
5.612005
3.173844
3.4638743
3.0515184
4.565472
3.7482884
3.5337288
4.111803
2.7257998
4.4399347
3.477387
4.454354
3.4535537
5.5502687
5.7264495
3.6339033
3.954743
4.08928
4.947253
3.536534
4.122122
4.6301136
3.581946
5.420303
4.1240253
3.6884303
4.89317
3.5883744
3.3239214
3.5147161
3.921798
4.5598016
2.4968016
5.4449153
5.3249426
4.419389
3.661188
3.3831341
4.347012
4.729577
3.9699328
3.4367943
4.4264584
3.0874257
4.7597647
4.4668245
5.182907
3.9840508
5.0741935
6.501704
5.2750654
3.8477943
4.997895
3.1945763
4.1385775
3.8652103
3.9867413
3.383393
5.123885
5.5943804
4.9129987
4.030837
2.504177
3.637165
2.9810805
1.5224712
4.1604395
5.9457197
4.707675
4.3112736
4.929785
6.5156255
4.501125
4.095538
5.0577893
3.2950726
3.660765
2.7817264
4.3544264
4.2196975
5.4483004
3.1776032
3.528448
3.6789656
5.572767
4.150051
4.2309613
4.19646
3.1768959
4.598202
3.732823
3.5391436
5.773431
4.103668
3.9817085
4.5878196
3.1477656
3.948387
3.6527166
3.9081728
4.7052536
4.0433245
5.6953487
4.400313
4.881016
4.7230926
3.8827205
3.8659427
4.5141163
2.711393
3.7238832
5.10787
2.9377773
7.0366435
4.3875313
3.272802
3.6350975
4.2630324
4.4966726
7.487868
4.880927
3.8293738
4.15021
4.8055263
5.7887316
3.8429472
3.7268522
3.712071
3.8315942
3.3069184
4.169795
5.635208
4.323249
6.987403
3.6265657
4.2528124
4.790736
4.2236214
4.69905
3.4837732
3.846798
3.8912427
4.573621
5.3975997
3.6466799
3.6885371
4.465748
3.875729
3.6814697
3.6603248
3.0286486
5.0128064
3.5766537
3.1872325
5.3423505
3.9185216
4.270332
5.538992
5.934155
4.422126
3.4438257
3.7304335
4.605767
5.2669277
2.9279842
3.2735605
4.503634
3.600829
2.9448009
3.573613
3.3751626
4.1414804
3.4291708
5.596215
3.5573773
5.312733
3.629297
4.1169934
6.7036295
3.6446116
5.8902645
3.6235337
3.5009646
5.1081967
4.8019094
2.2351055
2.9924872
3.3490558
3.7354937
3.9416246
5.624401
2.005993
1.5396682
1.4787422
1.5224712
1.5565516
1.5465723
4.613944
4.707154
7.4674587
3.2253554
3.9046283
3.4620328
4.557709
3.6919909
3.485727
4.2188187
4.778245
3.6367195
4.4503136
3.2385247
4.748733
5.083618
4.804666
2.9660184
2.2499633
3.5934186
2.6525578
4.0155373
4.4791927
5.05458
3.158846
4.41523
3.4761572
3.8275695
2.533446
5.0792894
3.9571204
4.050846
4.0802965
3.8489854
5.6008844
2.5251598
5.014927
3.7779167
3.2151127
5.408528
4.3314314
4.1899996
3.7920172
3.5442474
6.9681263
4.195051
3.5378509
4.647181
4.1583176
4.520093
6.0277333
4.253625
3.129431
3.5752604
4.2405577
2.9284165
3.8152046
3.9482124
2.9762077
3.8019235
4.2787323
3.2983186
4.1196895
4.0212736
3.9535112
3.8497298
5.006097
4.2908006
5.342631
3.2376878
3.0244226
4.7014847
4.9302297
4.7374883
4.701234
4.3748374
4.7766047
2.9015787
4.1406474
4.038376
3.6508737
5.7242675
5.219268
4.193481
5.7244277
4.565172
4.440695
4.013174
6.7582517
5.0991077
3.6570303
4.3030586
3.1302485
5.181051
4.187747
4.1296453
4.5127535
1.5488842
4.005674
3.2049732
4.416033
4.060088
2.9617412
3.8952768
3.2402275
4.446558
3.7799802
4.529074
4.555383
3.5005124
4.6777344
4.3856764
3.5254107
3.8531075
3.556551
3.7428603
4.505055
4.1417065
5.045209
5.5630326
4.718816
4.536316
3.791665
3.2900867
3.1826272
3.5169232
3.553228
4.3273563
3.827956
5.8185463
1.3785616
3.826678
3.5516915
2.792465
4.1474466
4.4868374
3.5135431
2.8869627
3.7809527
4.588369
5.521604
4.929
4.0397215
4.339989
3.8001971
3.2783382
3.2005775
4.2885137
2.7591474
4.717955
4.7107997
5.91109
4.86832
3.9372723
4.881881
3.9408517
3.8170478
1.5224712
4.235689
3.7730308
2.7643404
4.713875
3.6320689
4.214637
4.172961
4.279565
5.0943666
4.6399174
3.6352084
4.521402
3.0756135
3.9261782
4.0804205
4.307506
3.6333542
4.0882025
4.247887
4.1647763
3.3411224
5.076798
3.6590312
3.652724
4.245948
2.9718287
5.331556
3.647251
4.553876
3.8703485
4.0850935
4.0278754
3.8188832
4.350912
4.55491
3.7039475
2.5453556
4.0427055
4.2396154
4.1541615
3.7318738
3.795717
3.7653224
3.8840883
5.1953087
3.5995188
4.427861
4.931313
4.6619277
4.584643
4.277532
3.5559115
4.758778
4.5297613
3.199586
3.5465846
3.9765267
2.9116602
5.930373
2.6947103
3.824194
3.9478176
4.6538796
4.2099485
3.275701
3.847875
4.0172215
4.572618
4.4800005
3.2469049
3.2476697
2.3950357
4.355421
3.9963155
3.877781
3.911609
3.7858489
4.0674305
3.6811895
4.1928315
4.0209565
6.2098575
3.0982077
4.288222
3.5224934
3.7382338
3.569575
2.0624087
2.5190098
1.5371594
3.007475
4.275075
4.4746823
3.7608619
3.383604
4.8680024
5.907577
3.479913
4.632591
4.8389983
4.3037806
2.1354833
4.79496
3.6375146
3.867432
3.7055585
3.878804
4.413643
4.5577307
4.114285
3.7270103
4.2601995
3.7071407
3.5996797
4.0211525
4.158149
3.879216
5.407775
2.98579
4.988875
3.825896
3.5048516
4.0526557
3.4384236
3.2686856
3.2083497
3.1506546
2.9127817
3.3676407
2.716596
3.8544908
3.2841291
2.9859102
3.407408
4.991416
2.7215612
2.3638582
4.15596
3.796309
4.5191817
3.304691
4.730345
3.273122
3.683991
4.1327295
4.2644167
3.817748
4.00371
3.391499
4.9076514
4.673243
4.062945
4.114826
3.6406767
4.465665
7.5337524
7.481836
6.3901267
3.733152
5.581371
4.4831142
3.2836344
4.903948
2.9861212
2.452991
3.1217387
4.249569
4.095474
4.494998
3.3518548
4.4038796
4.837296
4.17472
5.07289
2.8374965
4.9943795
3.6992655
5.4568043
1.648749
4.7158756
4.0887713
5.103282
3.446608
6.6681237
3.6521938
2.8055108
3.2858553
4.7843595
3.3926284
4.6045303
3.4112158
3.7024314
4.9736834
3.8371735
3.1336117
5.2448363
2.0904255
1.5465723
3.9570148
4.202886
4.001416
3.1176107
4.6969748
3.80227
2.5190098
4.094068
5.1571136
4.25861
3.6007783
6.03331
5.6811275
3.3666854
3.4233463
3.4613574
3.615548
3.5439682
3.8655243
3.6879077
3.4116025
4.579017
4.056283
1.5396682
5.148264
4.385713
3.7261727
3.2027342
4.741483
3.8018804
5.575563
4.5213475
4.1071205
4.402323
1.5465723
4.382901
6.12414
2.9891057
3.6042674
4.8115835
5.630006
4.749354
4.2829447
2.465227
2.9453464
4.3109436
3.5834448
4.072711
3.546386
3.915875
4.15965
1.739309
4.070731
4.6884966
5.404532
3.8589563
3.8283505
2.941632
1.5239705
4.86803
3.8104396
3.6470237
1.660248
3.6465878
3.8355901
1.55
4.2726126
3.3849916
3.8525448
4.157518
3.2576137
4.5493937
5.8256574
5.1282864
3.6808572
4.225459
3.859186
2.9753866
3.955419
4.504918
4.933337
5.2578106
4.198283
4.037283
1.660248
1.9253148
3.5101006
3.0539558
3.677893
3.717086
2.6682816
4.865
5.755413
4.6706085
3.1403754
3.6319032
3.6110067
5.1856513
3.1275282
3.369717
4.0974083
4.452005
3.3836749
1.3844677
4.4648476
4.091822
4.574789
4.407646
4.447644
3.756539
5.704263
5.5289483
3.5430853
3.432322
3.868118
3.2884183
3.2173793
3.609618
3.2026424
4.337895
3.194099
5.0322976
4.8854485
3.4820218
4.004283
2.6593804
2.7122757
3.9580593
3.5027857
3.8894384
3.447308
3.813489
2.4259732
3.8129866
1.5962557
4.8861904
5.775838
3.0219076
4.3856344
1.5488842
4.3045254
5.2406254
4.0042667
1.4959972
1.4787422
3.7912426
2.8784633
4.493944
1.8233736
4.657583
3.366014
2.9457662
1.5583874
1.3844677
1.462143
1.5239705
2.9973989
1.8105311
3.843376
1.5630622
1.5428916
1.4959972
4.854225
1.5565516
4.492299
3.700839
3.456098
4.4639063
5.450659
5.9071455
3.8731089
1.8431398
4.4818563
3.8037739
6.7840714
3.6735
2.6891713
4.6288147
4.9162974
3.2362146
6.6489973
4.2182903
4.746398
4.6757016
5.371663
3.7132006
1.6113749
1.8816625
5.88415
6.491223
3.6687372
3.558137
3.9088466
3.566614
1.4787422
1.5565516
4.3812
4.120368
2.9461942
4.027816
3.2806182
1.5465723
1.5415866
1.6291276
4.308117
3.7949312
3.806865
4.4486213
6.4485297
4.144288
5.791244
5.163572
4.5771847
1.4787422
4.853814
5.1444383
2.5910094
4.6562843
3.4021668
3.3401952
5.5317106
4.229589
4.2346754
3.8564494
4.5702724
3.8244903
4.447913
1.5224712
3.4993432
2.7663374
5.904463
3.479468
1.5224712
4.0081444
3.539943
1.5239705
3.765308
4.2549906
5.2147565
6.105763
4.5520716
3.1181004
5.9178467
3.374213
4.398841
4.0210924
3.949643
3.2698832
3.9092498
4.3542457
1.5415866
3.8255386
4.2224684
3.7608223
1.5415866
3.3991303
4.1123095
4.513963
3.9588103
4.519172
3.3512075
2.621702
4.516833
4.855685
4.975033
3.515211
3.2611442
4.120954
3.6090431
4.045519
3.3829513
2.1586926
3.7577205
3.3131807
4.9474277
4.6152434
3.5212317
3.9303613
4.5777817
3.795665
3.5437286
3.7333295
2.6909769
3.9939954
6.458428
3.8791938
3.8740652
4.2894993
4.0840125
4.6878595
2.8425217
4.013862
4.2446647
4.239535
3.937351
4.062033
4.285574
4.1920166
4.5644193
4.7614317
3.6317139
3.3822987
4.0079107
3.7268522
3.6208916
3.7508218
4.0311055
3.301778
6.2978415
2.9747517
3.828636
4.3044834
4.740246
3.898799
3.3076262
4.076518
3.585481
3.2512798
1.5428916
4.031887
4.6924634
3.74521
5.718959
4.1020827
5.413199
3.7207832
4.185548
4.7023554
4.019087
3.3404102
3.6545804
4.6467924
4.3931212
6.059723
3.634339
5.4839535
1.8803684
6.119053
5.1069803
3.574962
3.9392495
4.210621
3.114554
3.1333187
3.1919072
5.455587
1.5488842
5.856808
4.1171827
5.648122
1.5224712
1.5565516
7.1514406
3.9641118
5.2652693
3.1529336
3.6305785
3.90609
3.2606845
3.0019596
2.979666
3.1325233
3.116805
3.9058032
1.6113749
1.7712355
1.9678029
2.0247674
5.820199
3.7770078
2.2284727
3.8382945
2.9397137
2.555447
1.7634351
4.3255787
3.138319
3.0030417
2.0754619
5.476402
3.413704
3.7349114
6.932392
4.8899517
4.4611344
3.9543798
2.2510126
3.8595147
3.331002
3.8276877
3.090145
2.736416
4.709158
3.3191507
2.9438176
1.9266111
4.2410135
3.056537
3.927792
4.9625583
3.3522959
4.8750415
1.609971
4.1664267
5.352897
1.5396682
4.068082
3.6704986
2.2624643
3.3281922
4.9660287
4.384495
4.128577
6.1055527
2.8543837
6.655387
1.5565516
2.1526353
2.483648
5.0966277
5.8653455
4.5229464
4.124627
2.9756608
3.2789946
4.401369
4.1220474
4.326624
3.842089
3.6501503
5.800749
1.660248
2.9070277
2.6409082
2.232384
3.9124544
4.435247
7.1982427
2.7382092
8.564561
6.655387
3.348881
4.396613
2.192705
5.2851815
3.5869339
4.891776
4.674643
3.9441366
4.960975
3.6443143
4.781189
3.786178
3.3308327
5.285671
4.329508
4.044669
3.6037705
4.358902
2.8469796
2.7216513
2.7433035
3.459054
3.7074385
4.6391425
3.840562
4.4121304
3.3384645
3.9727294
3.4681125
4.8232346
5.188251
3.6663573
3.6803694
4.07596
4.7919
6.671175
4.8556533
3.4897375
1.5224712
2.6179762
2.8001359
1.8345301
4.17529
3.0056937
2.2242498
1.7454177
3.755742
3.8667188
6.8389463
3.932212
5.414016
2.5639064
3.4328477
3.6596637
5.090984
4.0874333
3.5609245
2.4177785
3.6831462
4.0033264
2.0904508
1.9078047
3.6840317
2.1462617
4.334502
3.802803
5.8634043
1.9272205
6.3256507
1.5396682
3.6659374
4.0988836
4.260857
5.168988
4.1174846
1.7952894
2.4186049
2.611001
4.577729
3.2261586
4.802609
5.313836
5.2043247
3.4728506
3.065128
2.9965966
1.6113749
5.2845063
2.3715007
6.710893
4.5167136
3.7506127
1.8345301
4.781975
3.5905416
4.812755
5.747736
4.826445
5.1921873
2.8193786
1.7207748
2.406765
2.9671896
3.8802984
4.3569317
2.585133
4.580691
4.019828
3.352024
2.212119
3.535874
3.7569396
1.5220044
1.8345301
1.9106671
1.7521099
2.4730067
4.1121044
4.05138
1.6376251
1.9078047
4.0393257
5.2650213
4.430397
3.7773547
3.194516
4.029009
3.264541
1.4329712
1.6063454
4.348999
3.8871765
4.516348
3.9892566
5.266753
5.215828
4.7433352
2.1912448
3.8070128
3.361731
3.2856
3.1877902
1.5428916
5.618471
1.6692487
3.7062094
3.7317796
3.3457677
2.3020701
3.99445
4.4978943
5.5483594
3.173732
3.5638814
4.205758
1.6924855
1.6751066
1.5465723
1.5630622
3.3459127
2.6294663
3.9074318
3.7573485
2.6644614
3.2379665
6.4748235
3.4436347
4.560214
5.342349
3.3987613
4.5215783
3.2318873
2.7833118
4.8142314
4.4285955
2.286963
5.8595767
4.9537673
6.541948
4.4549847
2.2230725
3.1717856
3.3220482
4.9379926
4.2612033
2.7041168
3.5167613
3.691063
4.019473
2.6377897
3.745441
3.7234247
3.1915069
2.98132
2.2652447
2.5245628
4.1499376
4.2129273
8.624399
4.002179
4.7186675
3.3822842
3.390252
2.9178514
6.3127637
3.1585217
2.5910592
4.1610203
2.675502
3.4523902
4.582354
4.1695156
2.988753
1.9408563
6.045384
7.6484623
5.0966825
3.1779785
3.338757
3.7561123
3.0783837
4.957388
4.3409185
3.2964876
2.4033232
4.3907795
2.4488773
3.9622295
2.7954843
2.633066
3.685401
3.0989819
3.5607467
2.197909
3.3832583
2.8558471
3.4647193
3.5499816
4.826431
3.7594573
3.4647098
3.3998656
5.6080804
2.2563248
3.155576
2.702388
3.0974734
2.959054
4.460805
4.222888
3.6662786
3.187067
2.7548754
4.0672183
2.7610226
6.0854483
3.0888498
4.086138
3.369818
3.6568398
3.754975
4.843111
3.028402
3.1094947
3.478213
3.3063464
6.166698
4.060957
4.661748
2.2046041
3.29257
5.634496
3.981458
3.26923
3.171425
2.6295726
4.263717
3.712769
4.2157373
3.2911396
3.7096834
2.8409503
3.7577527
4.61159
3.97552
5.465717
3.6855507
4.083435
4.3970437
4.162918
2.7032619
3.9153843
5.2642956
4.0059986
6.652091
3.754133
3.994968
3.7841046
6.0624437
3.9208038
2.9464269
2.357529
2.9554818
3.2906165
4.4519634
2.9786656
3.6725795
3.9508438
3.9679906
3.0076234
2.332286
3.6598709
4.190998
4.3243227
2.5729275
1.4621894
1.8691156
2.604193
3.6173384
6.8750424
3.480873
2.7931852
3.5019064
4.037075
2.338731
3.5814273
3.5595124
4.5182905
2.3651464
3.5305264
4.9400325
3.5705054
3.6911974
3.9099607
5.7131357
2.0933776
4.240368
3.7947693
4.2157345
3.6396763
4.07645
3.2058413
3.9853442
5.7298584
6.3768215
3.9198368
3.2632315
3.019945
