7.646443514644352
7.491079812206573
11.361702127659575
6.462732919254658
8.65035799522673
8.095060577819199
8.062565172054223
6.98813056379822
9.504166666666666
7.340869565217392
8.66789667896679
7.887434554973822
9.301282051282051
8.65035799522673
7.317399617590822
7.469251336898396
7.803550295857988
7.031021897810219
7.874424720578567
7.646443514644352
7.3463302752293576
8.257242178447276
8.960045662100457
7.908814589665654
7.772836538461538
6.305343511450381
7.263431542461006
7.908814589665654
8.249681528662421
7.019877675840979
10.246882793017456
8.15442092154421
6.6347708894878705
8.266117969821673
8.040598290598291
6.974747474747475
7.297018348623853
7.041484716157205
6.978021978021978
10.637377963737796
7.742971887550201
7.069387755102041
8.257242178447276
6.725173210161663
6.374745417515275
6.870967741935484
7.491079812206573
7.923913043478261
6.794943820224719
7.886627906976744
6.223088923556943
9.184713375796179
10.120689655172415
9.396778916544656
6.870967741935484
8.215469613259668
6.572298325722984
6.832797427652733
7.096514745308311
6.906396255850234
7.10281517747858
7.063318777292577
7.334630350194552
7.4987277353689565
7.986225895316805
9.367666232073011
9.113333333333333
7.317399617590822
8.30456026058632
7.301130524152107
6.836898395721925
8.503846153846155
6.843648208469055
7.155688622754491
7.301130524152107
8.810760667903525
7.711764705882353
9.086677367576243
8.095060577819199
7.301130524152107
7.322056833558864
6.705544933078394
7.943089430894309
6.837837837837838
8.43620178041543
7.019877675840979
6.2216828478964405
8.099804305283758
7.297018348623853
8.65035799522673
8.219277108433735
7.301130524152107
6.726072607260726
6.7155172413793105
7.40084388185654
6.794943820224719
8.095060577819199
7.874424720578567
9.8
6.151515151515151
8.53191489361702
9.985119047619047
8.165562913907285
14.07667731629393
8.960045662100457
7.340869565217392
6.870967741935484
7.301130524152107
8.513833992094861
7.83453237410072
7.573248407643312
7.317399617590822
7.377682403433476
8.777777777777779
8.272076372315036
7.91994917407878
9.297629499561019
6.27536231884058
7.402390438247012
8.545454545454545
7.052721088435374
7.3964577656675745
6.213864306784661
7.019877675840979
8.272076372315036
7.198019801980198
6.974747474747475
7.21830985915493
7.450354609929078
7.063318777292577
9.8
8.577966101694916
10.31469298245614
6.462732919254658
7.4987277353689565
7.551075268817204
8.39972337482711
7.020833333333333
8.823394495412844
6.870967741935484
7.222222222222222
7.215686274509804
8.114285714285714
8.474576271186441
7.274725274725275
7.070093457943925
8.70125786163522
6.553264604810996
8.823394495412844
7.491079812206573
6.678714859437751
8.507462686567164
6.154411764705882
8.432664756446991
6.614406779661017
7.447867298578199
6.726072607260726
7.491079812206573
7.182965299684542
6.429945054945055
7.823529411764706
6.906396255850234
6.870967741935484
8.151799687010955
8.095060577819199
9.985119047619047
8.53191489361702
8.608843537414966
8.474576271186441
10.478260869565217
6.797979797979798
9.297629499561019
10.733067729083665
7.190542420027817
12.054054054054054
8.54109589041096
11.526666666666667
11.19767441860465
11.041139240506329
12.260808926080893
8.023255813953488
7.867014341590613
13.070422535211268
8.062565172054223
11.359882005899705
8.432664756446991
8.096774193548388
11.265625
14.379310344827585
8.862704918032787
7.711764705882353
8.65035799522673
7.711764705882353
6.626692456479691
8.09753008233059
7.601092896174864
10.12751677852349
7.215686274509804
9.058201058201059
7.92022792022792
7.957805907172996
6.700559701492537
8.70125786163522
9.747762408462165
6.974747474747475
7.781767955801105
7.491079812206573
7.1125
6.945383615084525
8.095060577819199
10.168478260869565
9.931034482758621
6.974747474747475
7.803550295857988
9.528604118993135
9.414225941422593
6.870967741935484
8.153846153846153
9.528604118993135
9.73785594639866
12.93719806763285
11.174657534246576
9.036745406824148
9.038610038610038
9.854700854700855
8.960045662100457
8.249681528662421
8.151799687010955
9.666666666666666
9.528604118993135
7.552197802197802
7.957805907172996
10.690265486725664
10.120689655172415
7.721153846153846
13.038461538461538
8.74074074074074
7.62396694214876
10.821428571428571
8.53191489361702
8.09753008233059
8.785840707964601
14.010362694300518
8.960045662100457
8.777777777777779
7.573248407643312
12.827118644067797
8.231617647058824
7.886627906976744
8.65035799522673
8.657004830917874
7.450354609929078
7.063318777292577
9.09349593495935
10.527472527472527
8.095060577819199
7.62396694214876
9.577540106951872
10.320754716981131
7.396654719235364
6.6347708894878705
7.340869565217392
9.77710843373494
9.396778916544656
7.274725274725275
11.053125
12.310880829015543
8.339113680154142
10.246882793017456
8.095060577819199
8.858870967741936
7.1938775510204085
7.020833333333333
9.27134724857685
14.379310344827585
11.204301075268818
7.61651376146789
9.90990990990991
12.310880829015543
7.900447427293065
6.688571428571429
5.951382268827455
10.081395348837209
8.432664756446991
7.986538461538461
9.606879606879607
7.768844221105527
7.957805907172996
11.359882005899705
7.031021897810219
10.120689655172415
7.377682403433476
8.546351084812624
7.874424720578567
9.437346437346438
11.204301075268818
7.191977077363897
9.833605220228385
8.673529411764706
9.568627450980392
13.619647355163728
10.29045643153527
9.931034482758621
8.65035799522673
11.041139240506329
8.09753008233059
11.983827493261456
7.711764705882353
7.491079812206573
9.414225941422593
10.120596205962059
7.031021897810219
8.062565172054223
7.644549763033176
7.301130524152107
9.27134724857685
8.730077120822623
7.986225895316805
7.803550295857988
8.246231155778894
6.700559701492537
7.555851063829787
9.90990990990991
9.445414847161572
12.210526315789474
9.516129032258064
9.505011565150348
11.418674698795181
8.432664756446991
9.367666232073011
9.437346437346438
9.403225806451612
11.202290076335878
8.38243626062323
7.3463302752293576
7.164227642276423
6.6347708894878705
7.92022792022792
6.945383615084525
8.513437057991514
10.626623376623376
6.276543209876543
10.704918032786885
9.953191489361702
7.900447427293065
6.626692456479691
7.772836538461538
6.663438256658596
6.870967741935484
7.3964577656675745
8.231617647058824
8.09753008233059
7.867014341590613
13.923076923076923
8.63443396226415
7.031021897810219
8.38243626062323
9.739570164348926
10.028985507246377
11.237154150197629
11.265625
9.009404388714733
10.916666666666666
10.527472527472527
8.673529411764706
9.437346437346438
12.496240601503759
15.27027027027027
10.821428571428571
9.504166666666666
6.625228519195613
13.39240506329114
10.786549707602338
7.202185792349726
10.43095238095238
8.810760667903525
8.156862745098039
8.716494845360824
8.15442092154421
8.708661417322835
6.369774919614148
7.874424720578567
10.433106575963718
6.092819614711034
6.250463821892393
7.942122186495177
5.958254269449715
6.213864306784661
7.096514745308311
7.768844221105527
8.25635593220339
8.09753008233059
6.0581761006289305
9.885245901639344
11.025906735751295
7.5
7.04129263913824
7.813504823151125
7.874424720578567
7.646443514644352
6.974747474747475
8.151799687010955
7.162234042553192
8.170542635658915
7.041484716157205
5.951382268827455
8.38243626062323
8.503846153846155
7.874424720578567
8.960045662100457
8.151799687010955
7.62396694214876
7.274725274725275
6.906396255850234
7.190542420027817
8.085106382978724
9.493562231759658
8.862704918032787
7.0880829015544045
7.374819102749639
5.9911111111111115
7.858895705521473
7.781767955801105
8.05763688760807
9.058201058201059
7.274725274725275
7.164227642276423
8.648902821316614
8.63443396226415
7.711764705882353
7.803550295857988
6.870967741935484
9.91286307053942
7.504201680672269
9.036745406824148
8.09753008233059
7.744958481613286
7.874424720578567
6.663438256658596
7.274725274725275
8.357377049180329
7.867014341590613
8.64864864864865
6.572298325722984
7.874424720578567
7.874424720578567
7.020833333333333
6.250463821892393
8.960045662100457
7.1125
8.892857142857142
7.5256410256410255
8.960045662100457
7.21830985915493
7.301130524152107
8.513437057991514
9.4037558685446
7.521857923497268
7.3463302752293576
7.83453237410072
7.1938775510204085
8.249681528662421
7.403162055335969
10.3661800486618
8.39972337482711
10.342767295597485
7.616788321167883
7.301130524152107
8.401826484018265
7.274725274725275
6.54071661237785
9.466346153846153
6.700559701492537
8.546351084812624
7.803550295857988
6.5924713584288055
7.182965299684542
7.297018348623853
8.730077120822623
6.5675675675675675
8.151799687010955
8.266117969821673
8.266117969821673
6.333791208791209
8.39972337482711
5.859719438877756
7.3463302752293576
6.870967741935484
6.2948490230905865
5.951382268827455
8.25748502994012
7.10281517747858
6.352941176470588
6.2216828478964405
9.4037558685446
6.151515151515151
5.989830508474577
9.113333333333333
7.340869565217392
5.979123173277662
7.297018348623853
7.377682403433476
7.7812911725955205
6.945383615084525
7.063318777292577
6.836898395721925
9.396778916544656
9.367666232073011
8.279569892473118
6.293906810035843
8.116363636363637
7.274725274725275
6.837837837837838
7.191977077363897
8.810760667903525
6.974747474747475
8.694915254237289
9.323636363636364
6.6347708894878705
7.141216991963261
8.654545454545454
9.73785594639866
7.986225895316805
6.625228519195613
7.874424720578567
7.128113879003559
8.085106382978724
7.2904109589041095
7.744958481613286
6.700559701492537
6.974747474747475
7.096514745308311
6.572298325722984
6.427492447129909
6.961267605633803
8.095060577819199
6.6750448833034115
8.174545454545454
6.80188679245283
8.215469613259668
8.474576271186441
8.257242178447276
7.772836538461538
9.393884892086332
6.429945054945055
6.989569752281617
11.566878980891719
9.396778916544656
9.466346153846153
7.450354609929078
8.474576271186441
7.886627906976744
7.190542420027817
7.10281517747858
7.986538461538461
8.858870967741936
9.144796380090497
9.8
7.867014341590613
7.141216991963261
8.383802816901408
8.858870967741936
6.5675675675675675
8.64864864864865
7.2904109589041095
7.274725274725275
7.069387755102041
6.572298325722984
11.432835820895523
6.369774919614148
6.989569752281617
8.123076923076923
8.165562913907285
7.711764705882353
6.117647058823529
7.04129263913824
6.836898395721925
8.095060577819199
7.1938775510204085
10.459854014598541
8.242105263157894
7.661538461538462
7.297018348623853
7.141216991963261
7.301130524152107
7.711764705882353
7.908814589665654
6.374745417515275
8.215469613259668
7.128113879003559
9.396778916544656
9.09349593495935
10.637377963737796
9.670781893004115
8.192307692307692
7.352769679300292
8.546351084812624
10.637377963737796
10.459854014598541
7.052721088435374
7.616788321167883
5.951382268827455
6.125119388729704
8.654545454545454
8.116809116809117
8.231617647058824
6.726072607260726
7.551075268817204
7.377682403433476
7.3463302752293576
7.141216991963261
6.870967741935484
7.4692737430167595
8.25635593220339
7.20919175911252
7.803550295857988
7.141216991963261
6.5924713584288055
7.781767955801105
7.670731707317073
8.279569892473118
7.297018348623853
9.154929577464788
9.505011565150348
8.30456026058632
7.128113879003559
6.6347708894878705
8.023255813953488
6.663438256658596
9.367666232073011
6.374745417515275
7.041484716157205
6.870967741935484
6.254211332312404
7.396654719235364
6.475982532751091
7.616788321167883
7.872892347600518
9.06875
8.09753008233059
7.141216991963261
7.069387755102041
6.429945054945055
8.39972337482711
7.867014341590613
7.745454545454545
8.357377049180329
7.065573770491803
9.504166666666666
7.301130524152107
8.925842696629214
8.282157676348548
7.069387755102041
7.900447427293065
7.573248407643312
8.170542635658915
7.274725274725275
9.078864353312303
8.095060577819199
7.91994917407878
7.352769679300292
9.854700854700855
6.572298325722984
6.6750448833034115
8.32716049382716
7.4987277353689565
10.35820895522388
9.081818181818182
8.165562913907285
8.717948717948717
7.2904109589041095
6.477876106194691
7.92022792022792
8.545454545454545
9.006944444444445
6.352941176470588
7.141216991963261
8.705882352941176
6.477876106194691
8.231617647058824
7.447867298578199
6.369774919614148
8.377777777777778
8.377777777777778
7.121359223300971
6.995833333333334
7.447867298578199
6.5245098039215685
7.4766355140186915
8.570934256055363
8.461206896551724
6.6347708894878705
7.274725274725275
7.182965299684542
7.191977077363897
8.30456026058632
9.003210272873194
7.0646258503401365
10.091858037578287
6.870967741935484
8.513437057991514
6.974747474747475
8.377777777777778
7.886627906976744
9.64245810055866
7.504201680672269
7.91358024691358
7.683937823834197
7.052721088435374
8.314516129032258
13.506493506493506
7.9868421052631575
7.957805907172996
7.263431542461006
11.432835820895523
7.7703081232493
8.09753008233059
8.694915254237289
9.184713375796179
7.942122186495177
8.432664756446991
7.908814589665654
6.700559701492537
9.807213930348258
7.491079812206573
7.923913043478261
9.113333333333333
8.64864864864865
9.437346437346438
5.920353982300885
8.43620178041543
8.785840707964601
6.076589595375722
8.219277108433735
8.231617647058824
7.957805907172996
8.777777777777779
8.249681528662421
8.091787439613526
8.74074074074074
8.65035799522673
9.73785594639866
8.698412698412698
8.085106382978724
8.65035799522673
7.070093457943925
8.313084112149532
8.503846153846155
12.260808926080893
7.377682403433476
9.297629499561019
7.874424720578567
9.75923392612859
6.153846153846154
9.568627450980392
8.54109589041096
9.27134724857685
9.27134724857685
13.471830985915492
14.379310344827585
12.246666666666666
8.960045662100457
8.402985074626866
14.064935064935066
11.540094339622641
10.821428571428571
12.459016393442623
9.144796380090497
9.753424657534246
10.120596205962059
9.505011565150348
6.870967741935484
9.09349593495935
22.771558245083206
23.555555555555557
9.528604118993135
6.678714859437751
6.945383615084525
7.063318777292577
7.62396694214876
9.77710843373494
6.451428571428571
7.867014341590613
7.803550295857988
9.418032786885245
7.03035413153457
7.297018348623853
7.215686274509804
8.730077120822623
10.680851063829786
8.249681528662421
7.721153846153846
8.156862745098039
7.872892347600518
5.8444022770398485
7.301130524152107
6.407547169811321
7.1125
6.282679738562091
7.744958481613286
9.089285714285714
9.089285714285714
6.837837837837838
7.0588235294117645
9.7
10.947552447552448
8.963235294117647
8.488888888888889
10.35820895522388
8.05763688760807
8.673529411764706
7.886627906976744
7.981481481481482
8.43620178041543
8.474576271186441
7.096514745308311
9.606879606879607
5.9911111111111115
11.014925373134329
8.488888888888889
8.557603686635945
9.445121951219512
8.686153846153847
8.681102362204724
6.352941176470588
9.039408866995075
7.010057471264368
8.546351084812624
8.09753008233059
7.352769679300292
8.632911392405063
6.725173210161663
7.20919175911252
7.128113879003559
8.566666666666666
6.625228519195613
8.09753008233059
7.685658153241651
7.0588235294117645
7.063318777292577
6.906396255850234
7.695652173913044
8.823394495412844
8.116363636363637
8.43620178041543
8.53191489361702
7.3964577656675745
6.2948490230905865
7.942122186495177
8.377777777777778
8.38243626062323
10.637377963737796
7.986225895316805
8.810760667903525
6.678714859437751
7.04129263913824
8.513437057991514
7.900447427293065
8.266117969821673
7.450354609929078
6.462732919254658
7.7812911725955205
5.833333333333333
6.989569752281617
5.958254269449715
6.374745417515275
6.429945054945055
7.3964577656675745
8.099804305283758
8.156862745098039
9.73785594639866
6.843648208469055
6.941368078175896
9.568627450980392
6.276543209876543
6.870967741935484
6.626692456479691
10.478260869565217
7.986225895316805
6.550724637681159
9.403225806451612
8.304054054054054
10.637377963737796
8.095060577819199
8.401826484018265
6.989569752281617
6.546332046332046
8.862704918032787
7.278688524590164
9.747762408462165
8.151799687010955
8.686153846153847
8.272076372315036
7.274725274725275
7.711764705882353
6.794943820224719
8.570934256055363
8.09753008233059
6.475982532751091
8.095060577819199
9.985119047619047
7.096514745308311
7.450354609929078
7.538461538461538
7.21830985915493
6.614406779661017
6.989569752281617
8.38243626062323
7.063318777292577
7.874424720578567
9.46808510638298
8.357377049180329
7.340869565217392
6.048275862068966
6.429945054945055
8.39972337482711
8.420849420849422
7.350609756097561
7.182965299684542
8.266117969821673
9.516129032258064
9.833605220228385
7.374819102749639
8.557603686635945
6.625222024866785
8.099804305283758
7.900447427293065
6.870967741935484
6.223088923556943
9.27134724857685
6.878048780487805
7.031021897810219
7.019877675840979
7.744958481613286
7.986538461538461
8.339113680154142
7.396654719235364
7.670731707317073
8.257242178447276
6.254211332312404
7.874424720578567
8.570934256055363
8.401826484018265
7.463565891472868
8.763358778625955
9.383928571428571
7.297018348623853
7.772836538461538
6.305369127516778
8.513437057991514
8.53191489361702
9.367666232073011
8.174545454545454
7.552197802197802
8.960045662100457
7.352769679300292
7.646443514644352
9.505011565150348
10.279569892473118
7.261455525606469
6.678714859437751
7.328804347826087
7.551075268817204
6.905511811023622
8.960045662100457
7.340869565217392
8.272076372315036
13.506493506493506
7.141216991963261
7.162234042553192
7.781767955801105
9.06806282722513
7.803550295857988
7.20919175911252
7.297018348623853
8.165562913907285
8.810760667903525
7.886627906976744
10.120596205962059
8.70125786163522
7.62396694214876
7.552197802197802
8.53191489361702
7.301130524152107
7.91358024691358
8.357377049180329
7.096514745308311
7.355044699872286
7.803550295857988
7.20919175911252
7.190542420027817
13.297991071428571
7.0588235294117645
8.38243626062323
7.450354609929078
9.086677367576243
8.401826484018265
9.953191489361702
10.320754716981131
9.619565217391305
8.857142857142858
8.65035799522673
8.513437057991514
7.20919175911252
7.744958481613286
6.048275862068966
7.396654719235364
7.031021897810219
8.09753008233059
8.513437057991514
8.401826484018265
6.6347708894878705
8.09753008233059
6.475982532751091
7.491079812206573
7.374819102749639
7.162234042553192
9.003210272873194
8.862704918032787
7.340869565217392
8.64864864864865
8.215469613259668
10.459854014598541
15.575835475578407
7.450354609929078
10.607734806629834
7.128113879003559
6.2948490230905865
8.249681528662421
7.552197802197802
7.340869565217392
7.957805907172996
10.932773109243698
7.92022792022792
7.252252252252252
10.571428571428571
6.429945054945055
10.568965517241379
6.427492447129909
7.491079812206573
7.589327146171693
8.116809116809117
7.823529411764706
9.285714285714286
8.705882352941176
8.25748502994012
12.459016393442623
8.15442092154421
9.577540106951872
8.960045662100457
8.513437057991514
12.28978622327791
7.3964577656675745
7.981481481481482
7.781767955801105
8.432664756446991
10.038461538461538
10.168478260869565
7.297018348623853
6.429945054945055
9.985119047619047
7.813504823151125
6.456140350877193
9.64245810055866
7.694444444444445
7.469251336898396
8.65035799522673
9.113333333333333
7.555851063829787
9.8
8.520833333333334
8.65035799522673
9.953191489361702
8.257242178447276
6.689655172413793
9.807213930348258
9.445414847161572
10.31469298245614
7.83453237410072
7.197368421052632
6.797979797979798
7.644549763033176
7.190542420027817
8.546268656716418
7.62396694214876
10.120689655172415
8.095060577819199
8.08849557522124
7.573248407643312
7.019877675840979
7.867014341590613
7.450354609929078
7.867014341590613
8.963235294117647
7.56386292834891
7.063318777292577
7.711764705882353
9.833605220228385
7.92022792022792
10.418181818181818
8.777777777777779
8.925842696629214
9.903846153846153
6.6347708894878705
6.626692456479691
8.266117969821673
8.38243626062323
7.019877675840979
6.580645161290323
8.608843537414966
7.555851063829787
6.870967741935484
7.274725274725275
8.70125786163522
8.763358778625955
10.478260869565217
9.038610038610038
9.77710843373494
9.383928571428571
8.09753008233059
7.191977077363897
7.491079812206573
7.753681392235609
6.832797427652733
7.261455525606469
8.83177570093458
8.503846153846155
7.551075268817204
7.023809523809524
7.10281517747858
9.06806282722513
8.686153846153847
8.691489361702128
8.763358778625955
7.551075268817204
7.728205128205128
9.558641975308642
8.65035799522673
11.683333333333334
10.433106575963718
8.566666666666666
7.2904109589041095
8.215469613259668
9.719626168224298
7.491079812206573
8.257242178447276
7.047904191616767
8.777777777777779
8.249681528662421
7.328804347826087
9.505011565150348
6.725173210161663
7.301130524152107
10.246882793017456
7.03485254691689
6.974747474747475
8.657004830917874
8.570934256055363
7.1125
7.3463302752293576
8.716494845360824
8.54109589041096
9.568627450980392
7.92022792022792
7.83453237410072
8.068965517241379
9.577540106951872
7.141216991963261
8.15442092154421
7.469251336898396
9.520891364902507
7.62396694214876
11.193181818181818
10.31469298245614
8.09753008233059
8.65035799522673
7.377682403433476
9.606879606879607
7.297018348623853
9.983870967741936
7.900447427293065
8.401826484018265
6.870967741935484
7.069387755102041
6.614406779661017
8.116363636363637
7.923913043478261
7.867014341590613
8.08849557522124
6.868181818181818
8.960045662100457
6.974747474747475
7.274725274725275
9.003210272873194
8.844594594594595
8.777777777777779
7.052721088435374
8.095060577819199
8.388297872340425
6.837837837837838
11.701986754966887
11.317757009345794
8.694915254237289
6.961267605633803
9.437346437346438
6.995833333333334
7.469251336898396
8.570934256055363
7.91994917407878
6.352941176470588
7.986225895316805
8.272076372315036
7.943089430894309
7.900447427293065
9.606879606879607
7.867014341590613
8.782816229116944
9.505011565150348
6.673611111111111
7.377682403433476
7.3463302752293576
7.031021897810219
9.086677367576243
8.570934256055363
10.166666666666666
7.900447427293065
12.360655737704919
8.558823529411764
7.052721088435374
7.61651376146789
9.972093023255814
7.781767955801105
7.711764705882353
6.906396255850234
7.2904109589041095
7.572727272727272
7.274725274725275
7.491079812206573
7.670731707317073
9.009404388714733
8.823394495412844
7.328804347826087
6.726072607260726
8.266117969821673
7.660550458715596
5.920353982300885
8.420849420849422
8.09753008233059
6.867796610169491
6.462732919254658
7.322056833558864
9.797820823244551
8.231617647058824
7.7812911725955205
8.810760667903525
6.253119429590018
6.429945054945055
12.628108108108108
6.689655172413793
9.73785594639866
7.052721088435374
7.772836538461538
8.900212314225053
7.491079812206573
8.474576271186441
8.763358778625955
10.31469298245614
7.867014341590613
6.689655172413793
6.700559701492537
7.355044699872286
7.041484716157205
7.491079812206573
7.912751677852349
7.986538461538461
6.572298325722984
7.317399617590822
8.577966101694916
6.989569752281617
7.189542483660131
8.377777777777778
6.989596879063719
6.5675675675675675
8.09753008233059
6.333791208791209
9.739570164348926
9.039408866995075
7.334630350194552
9.84331797235023
8.15442092154421
7.1125
8.432664756446991
6.869485294117647
7.900447427293065
8.657004830917874
7.396654719235364
7.297018348623853
6.974747474747475
7.04129263913824
6.680713128038898
8.38243626062323
8.068965517241379
8.30456026058632
8.30456026058632
9.5125
7.572727272727272
7.491079812206573
7.450354609929078
6.678714859437751
7.396654719235364
7.711764705882353
8.151799687010955
7.91994917407878
8.170542635658915
8.266117969821673
7.2904109589041095
7.096514745308311
8.513437057991514
7.753681392235609
8.507462686567164
8.165562913907285
7.334630350194552
8.39972337482711
7.728205128205128
8.249681528662421
6.427492447129909
6.475982532751091
9.445121951219512
8.153846153846153
9.885245901639344
8.249681528662421
7.40084388185654
8.30456026058632
6.253119429590018
8.231617647058824
6.726072607260726
8.09753008233059
9.577540106951872
8.960045662100457
8.095060577819199
7.2904109589041095
9.081818181818182
7.019877675840979
7.396654719235364
8.282157676348548
7.450354609929078
8.0
8.266117969821673
16.102298850574712
8.570934256055363
9.747762408462165
9.018867924528301
9.983870967741936
8.30456026058632
9.403225806451612
9.493562231759658
11.025906735751295
8.231617647058824
8.095060577819199
8.632911392405063
8.266117969821673
8.570934256055363
9.352941176470589
7.923913043478261
10.354085603112841
6.876404494382022
6.870967741935484
7.297018348623853
7.019877675840979
8.095060577819199
7.867014341590613
6.678714859437751
7.019877675840979
8.282157676348548
7.069387755102041
10.166666666666666
7.377682403433476
6.998073217726397
7.744958481613286
7.491079812206573
7.772836538461538
7.3964577656675745
7.340869565217392
7.91994917407878
9.352941176470589
7.096514745308311
7.872892347600518
9.383928571428571
6.678714859437751
6.337770382695507
9.27134724857685
10.459854014598541
7.031021897810219
8.099804305283758
7.91994917407878
8.151799687010955
8.15442092154421
9.038610038610038
6.477876106194691
7.602564102564102
5.989830508474577
7.252252252252252
7.2904109589041095
6.282679738562091
6.870967741935484
9.516129032258064
7.21830985915493
8.249681528662421
7.91358024691358
6.429945054945055
7.263431542461006
7.551075268817204
8.432664756446991
9.367666232073011
10.947552447552448
8.151799687010955
8.272076372315036
6.868181818181818
8.474576271186441
7.7812911725955205
6.836898395721925
7.591304347826087
8.810760667903525
10.194805194805195
6.837837837837838
11.006960556844547
7.728205128205128
6.989569752281617
6.941368078175896
8.401826484018265
7.728205128205128
8.242105263157894
8.116363636363637
8.708661417322835
7.141216991963261
8.062565172054223
8.503846153846155
11.301724137931034
6.870967741935484
9.493562231759658
8.676923076923076
8.950773558368494
6.989569752281617
6.0581761006289305
6.6347708894878705
8.70125786163522
7.886627906976744
9.396778916544656
8.810760667903525
8.43620178041543
8.782816229116944
8.53191489361702
7.263431542461006
7.781767955801105
7.297018348623853
7.867014341590613
8.823394495412844
9.797820823244551
14.559431524547804
8.257242178447276
14.391184573002755
8.960045662100457
8.558823529411764
8.165562913907285
8.388297872340425
8.393258426966293
8.357377049180329
6.837837837837838
7.867014341590613
8.249681528662421
12.246666666666666
10.786549707602338
9.505011565150348
8.362637362637363
11.174657534246576
7.396654719235364
9.73785594639866
6.093425605536332
6.27536231884058
7.874424720578567
8.09753008233059
7.504201680672269
8.5390625
6.912806539509536
7.573248407643312
7.100671140939597
7.2904109589041095
7.491079812206573
16.391304347826086
8.557603686635945
7.886627906976744
7.03035413153457
5.951382268827455
6.5675675675675675
7.742971887550201
6.038216560509555
7.912751677852349
6.462732919254658
7.041484716157205
8.43620178041543
8.266117969821673
7.4766355140186915
6.870967741935484
9.038610038610038
7.297951582867784
5.958254269449715
8.313084112149532
8.25635593220339
8.38243626062323
9.505011565150348
6.550724637681159
8.960045662100457
9.73785594639866
7.616788321167883
6.870967741935484
9.577540106951872
8.377777777777778
9.086677367576243
7.20919175911252
10.168478260869565
7.5256410256410255
10.786549707602338
7.772836538461538
8.266117969821673
6.3723577235772355
8.39972337482711
7.986225895316805
11.02713987473904
10.37037037037037
6.794943820224719
6.989569752281617
7.3463302752293576
7.190542420027817
6.352941176470588
8.314516129032258
5.808656036446469
8.266117969821673
9.9
6.7155172413793105
7.322056833558864
8.062565172054223
8.950773558368494
7.263431542461006
9.058201058201059
9.367666232073011
8.266117969821673
6.369774919614148
7.20919175911252
7.721153846153846
9.018867924528301
6.369774919614148
8.040598290598291
9.144796380090497
8.257242178447276
8.38243626062323
8.186528497409327
9.606879606879607
7.551075268817204
9.038610038610038
6.223088923556943
6.6750448833034115
6.868181818181818
8.960045662100457
8.960045662100457
7.957805907172996
7.647058823529412
10.459854014598541
7.555851063829787
6.304347826086956
11.301724137931034
6.539358600583091
7.253968253968254
8.266117969821673
7.867014341590613
7.21830985915493
6.870967741935484
7.867014341590613
6.552805280528053
7.342696629213483
7.660550458715596
9.146666666666667
8.30456026058632
8.123076923076923
7.919463087248322
6.625228519195613
6.680713128038898
7.141216991963261
6.626692456479691
7.340869565217392
7.031021897810219
6.2948490230905865
10.246882793017456
6.572298325722984
6.6347708894878705
7.069387755102041
6.048275862068966
7.1938775510204085
8.691489361702128
6.017035775127768
7.744958481613286
7.301130524152107
8.65035799522673
8.388297872340425
7.521857923497268
6.369774919614148
8.513833992094861
8.64864864864865
7.396654719235364
8.266117969821673
7.340869565217392
7.491079812206573
9.73785594639866
7.322056833558864
7.521857923497268
10.645367412140574
8.935779816513762
8.282157676348548
6.429945054945055
7.215686274509804
9.73785594639866
9.807213930348258
7.190542420027817
9.52914798206278
7.03485254691689
7.986538461538461
7.475247524752476
11.0
7.874424720578567
7.900447427293065
7.20919175911252
8.09753008233059
7.10281517747858
7.03485254691689
7.772836538461538
11.61111111111111
7.551075268817204
10.418181818181818
8.062565172054223
8.243862520458265
7.62396694214876
9.367666232073011
6.974747474747475
8.274074074074074
7.100671140939597
7.872892347600518
6.890186915887851
8.09753008233059
6.2948490230905865
9.424528301886792
7.711764705882353
7.322056833558864
9.528604118993135
8.15442092154421
9.797820823244551
11.67687074829932
10.066465256797583
9.606879606879607
10.277978339350181
9.75923392612859
7.374819102749639
7.91994917407878
11.044117647058824
11.432835820895523
7.646443514644352
9.297629499561019
9.445121951219512
8.38243626062323
9.606879606879607
7.62396694214876
7.273504273504273
8.249681528662421
7.469251336898396
7.923913043478261
8.43620178041543
9.568627450980392
8.65035799522673
8.65035799522673
7.872892347600518
7.646443514644352
7.377682403433476
7.377682403433476
7.957805907172996
7.3879142300194935
8.868421052631579
8.64864864864865
8.062565172054223
6.017035775127768
6.837837837837838
7.019877675840979
7.04129263913824
7.355044699872286
7.019877675840979
7.031021897810219
7.183908045977011
7.252252252252252
6.878048780487805
8.546351084812624
8.339113680154142
7.377682403433476
8.38243626062323
6.843648208469055
10.626623376623376
9.4037558685446
8.513437057991514
9.520891364902507
8.266117969821673
8.095060577819199
5.859719438877756
8.557603686635945
9.568627450980392
6.836898395721925
7.573248407643312
7.322056833558864
7.297018348623853
7.62396694214876
8.243862520458265
8.632911392405063
9.396778916544656
7.589327146171693
7.555851063829787
8.30456026058632
7.573248407643312
9.297629499561019
8.691489361702128
9.44954128440367
8.151799687010955
7.322056833558864
8.461206896551724
7.322056833558864
6.5924713584288055
8.249681528662421
6.688571428571429
6.093425605536332
6.837837837837838
6.2216828478964405
5.8444022770398485
6.429945054945055
7.1125
6.337770382695507
7.352769679300292
8.558823529411764
7.019877675840979
6.625228519195613
8.698412698412698
9.086677367576243
10.947552447552448
7.190542420027817
7.872892347600518
7.572727272727272
8.513437057991514
9.009404388714733
9.445414847161572
7.957805907172996
7.685658153241651
9.797820823244551
7.069387755102041
7.616788321167883
7.273504273504273
8.165562913907285
9.833605220228385
9.144796380090497
9.558641975308642
7.355044699872286
6.253119429590018
7.481572481572481
7.352769679300292
7.4987277353689565
7.328804347826087
7.450354609929078
8.70125786163522
9.009404388714733
6.974747474747475
7.382352941176471
7.772836538461538
9.113333333333333
6.974747474747475
9.184713375796179
7.2904109589041095
7.521857923497268
7.7703081232493
8.304054054054054
7.21830985915493
8.186440677966102
6.429945054945055
6.367521367521367
7.753681392235609
7.141216991963261
7.573248407643312
11.041139240506329
8.558823529411764
7.322056833558864
15.5
6.890186915887851
8.38243626062323
9.466346153846153
6.726072607260726
7.190140845070423
8.960045662100457
8.257242178447276
6.7155172413793105
8.432664756446991
6.462732919254658
7.3463302752293576
7.923913043478261
7.063318777292577
7.867014341590613
9.739570164348926
7.396654719235364
7.555851063829787
9.833605220228385
9.036745406824148
6.890186915887851
8.272076372315036
6.626692456479691
8.70125786163522
6.726072607260726
15.05939226519337
8.231617647058824
6.680713128038898
9.009404388714733
6.678714859437751
6.974747474747475
9.039735099337749
7.591304347826087
9.528604118993135
6.477876106194691
8.716494845360824
7.711764705882353
8.377777777777778
8.279569892473118
8.062565172054223
7.450354609929078
9.516129032258064
7.301130524152107
7.942122186495177
7.396654719235364
6.427586206896552
8.810760667903525
8.15442092154421
6.836898395721925
8.83177570093458
12.310880829015543
9.5125
7.121359223300971
8.09753008233059
6.296875
9.516129032258064
7.768844221105527
6.998073217726397
8.503846153846155
7.874424720578567
8.730077120822623
8.963235294117647
6.572298325722984
6.870967741935484
8.116809116809117
6.836898395721925
7.874424720578567
9.505011565150348
8.823394495412844
9.146666666666667
7.114795918367347
9.58955223880597
6.726072607260726
8.694915254237289
9.528604118993135
7.491079812206573
7.803550295857988
8.730077120822623
7.91358024691358
7.121359223300971
8.54109589041096
6.978021978021978
6.893048128342246
6.462732919254658
7.91994917407878
9.896321070234114
10.356223175965665
7.711764705882353
6.945383615084525
7.874424720578567
9.27134724857685
8.249681528662421
6.405882352941177
7.7812911725955205
7.274725274725275
8.304054054054054
7.010057471264368
8.39972337482711
7.7703081232493
8.095060577819199
7.872892347600518
7.555851063829787
6.7155172413793105
7.0534351145038165
9.73785594639866
7.121359223300971
6.5675675675675675
6.572298325722984
8.377777777777778
7.21830985915493
7.3463302752293576
7.62396694214876
7.781767955801105
9.505011565150348
6.998073217726397
7.215686274509804
6.912806539509536
8.15442092154421
8.153846153846153
7.589327146171693
8.243862520458265
7.900447427293065
6.836898395721925
8.673529411764706
8.062565172054223
7.063318777292577
8.062565172054223
8.777777777777779
6.369774919614148
8.062565172054223
7.0534351145038165
7.874424720578567
7.297951582867784
8.243862520458265
9.396778916544656
8.810760667903525
6.974747474747475
6.688571428571429
7.4935064935064934
7.551075268817204
7.573248407643312
9.297629499561019
10.120596205962059
6.253119429590018
8.095060577819199
7.900447427293065
6.559322033898305
7.3879142300194935
6.223088923556943
6.427586206896552
7.128113879003559
8.116363636363637
7.504201680672269
6.338095238095238
6.429945054945055
7.4987277353689565
6.625228519195613
7.874424720578567
8.777777777777779
6.6347708894878705
6.3723577235772355
7.491079812206573
7.069387755102041
9.146666666666667
8.63443396226415
9.437346437346438
6.552805280528053
9.301282051282051
6.64
7.886627906976744
9.4037558685446
8.432664756446991
7.096514745308311
10.246882793017456
6.837837837837838
7.2904109589041095
8.507462686567164
7.322056833558864
7.1125
6.239242685025817
7.932203389830509
8.09753008233059
6.456140350877193
8.85
7.03485254691689
8.062565172054223
7.278688524590164
6.475982532751091
6.700559701492537
9.670781893004115
7.721153846153846
8.09753008233059
7.874424720578567
7.551075268817204
7.0588235294117645
7.182965299684542
8.648902821316614
8.388297872340425
7.301130524152107
7.274725274725275
8.432664756446991
7.019877675840979
7.010057471264368
6.700559701492537
7.041484716157205
9.45086705202312
7.03035413153457
8.39972337482711
8.503846153846155
7.273504273504273
8.401826484018265
6.076589595375722
7.874424720578567
8.566666666666666
7.772836538461538
8.810760667903525
6.151515151515151
8.32716049382716
8.231617647058824
7.190140845070423
7.2904109589041095
7.03035413153457
7.867014341590613
9.078864353312303
8.339113680154142
7.772836538461538
9.445121951219512
7.683937823834197
7.0880829015544045
7.887434554973822
7.872892347600518
8.39972337482711
7.141216991963261
6.228848821081831
6.151515151515151
8.401826484018265
6.832797427652733
7.041484716157205
6.906396255850234
8.23404255319149
7.1938775510204085
8.08849557522124
7.340869565217392
9.036745406824148
6.429945054945055
6.837837837837838
7.616788321167883
9.403225806451612
6.625228519195613
7.772836538461538
8.09753008233059
7.91994917407878
6.429945054945055
6.989569752281617
6.27536231884058
9.297629499561019
7.355044699872286
6.837837837837838
10.869565217391305
7.957805907172996
8.402985074626866
10.31469298245614
7.781767955801105
8.43620178041543
7.813504823151125
7.521857923497268
7.7812911725955205
9.301282051282051
7.352769679300292
7.301130524152107
7.7812911725955205
7.9868421052631575
7.161290322580645
7.56386292834891
7.660550458715596
8.165562913907285
6.689655172413793
6.305369127516778
6.451428571428571
8.513437057991514
8.133333333333333
9.807213930348258
8.632911392405063
6.974747474747475
9.297629499561019
8.219277108433735
7.942122186495177
7.555851063829787
9.393884892086332
7.616788321167883
6.6750448833034115
6.673611111111111
8.062565172054223
7.900447427293065
8.095060577819199
6.794943820224719
6.625228519195613
7.83453237410072
7.745454545454545
7.317399617590822
7.202185792349726
6.912806539509536
7.912751677852349
6.552805280528053
8.862704918032787
8.516483516483516
7.447867298578199
8.657004830917874
7.803550295857988
8.64864864864865
6.836898395721925
11.334117647058823
6.7974683544303796
7.753681392235609
9.995481927710843
6.223088923556943
6.797979797979798
7.721153846153846
8.357377049180329
6.429945054945055
8.632478632478632
7.491079812206573
7.020833333333333
8.70125786163522
5.87
9.445414847161572
6.427492447129909
9.06875
8.858870967741936
6.837837837837838
5.56072644721907
8.30456026058632
9.606879606879607
7.069387755102041
8.344729344729345
5.675174013921113
7.0588235294117645
6.427492447129909
7.274725274725275
6.700559701492537
8.401826484018265
6.475982532751091
6.869485294117647
7.340869565217392
7.20919175911252
6.223088923556943
6.974747474747475
8.09753008233059
8.30456026058632
7.40084388185654
7.867014341590613
7.3964577656675745
7.521857923497268
7.396654719235364
7.886627906976744
8.062565172054223
9.301282051282051
6.869485294117647
7.447867298578199
8.38243626062323
6.974747474747475
6.5675675675675675
10.637735849056604
6.673611111111111
7.932203389830509
7.858895705521473
8.474576271186441
10.246882793017456
7.711764705882353
8.63443396226415
8.313084112149532
7.40084388185654
8.313084112149532
6.153846153846154
7.274725274725275
8.231617647058824
7.555851063829787
7.481572481572481
8.38243626062323
7.3816793893129775
7.803550295857988
7.886627906976744
10.43095238095238
7.646443514644352
8.950773558368494
8.062565172054223
8.546351084812624
8.062565172054223
6.477876106194691
7.065573770491803
10.3661800486618
7.711764705882353
8.960045662100457
8.068965517241379
7.957805907172996
7.0646258503401365
7.551075268817204
7.5
7.3964577656675745
7.322056833558864
7.297018348623853
7.62396694214876
7.646443514644352
7.874424720578567
7.646443514644352
7.340869565217392
7.874424720578567
8.165562913907285
7.711764705882353
7.0880829015544045
7.301130524152107
9.58955223880597
7.4987277353689565
7.772836538461538
7.616788321167883
9.983870967741936
8.272076372315036
8.09753008233059
9.735
7.153153153153153
9.038610038610038
10.248704663212436
9.086677367576243
8.170542635658915
7.768844221105527
6.680713128038898
6.374745417515275
7.874424720578567
7.141216991963261
8.068965517241379
8.219277108433735
8.520833333333334
7.551075268817204
9.301282051282051
8.65035799522673
8.963235294117647
7.161290322580645
6.678714859437751
7.858895705521473
7.21830985915493
8.116363636363637
8.249681528662421
8.344729344729345
7.683937823834197
9.46808510638298
7.396654719235364
8.401826484018265
8.062565172054223
9.009404388714733
7.03485254691689
6.576923076923077
7.867014341590613
7.128113879003559
8.068965517241379
6.2948490230905865
10.37037037037037
5.859719438877756
9.493562231759658
6.705544933078394
6.305369127516778
