2.9030569222137905
3.110868240785396
3.2424616925405334
2.866228121819339
2.9918465694145695
2.938944522701788
2.9789968531505053
3.052373978719203
3.022757219216709
2.8051790334977924
2.904839517449495
3.077466941192103
3.1091940462431724
2.768050939273874
2.907380831080685
2.76285913084318
2.637124089197244
2.9167716010386435
2.9776914951598377
3.0213017829358613
3.10174088752064
3.0795737928326874
2.640162864462619
2.8917149294167404
2.9387818402001877
2.806401242149424
2.893018972229016
2.945410467669335
3.061294648195774
2.9416780085492995
2.867760491398446
2.9886484404685043
2.8605221156573535
2.9120961242890493
3.0965243126087385
2.8922404021667676
2.9706870563526118
2.9844973771000882
3.1249865625685658
3.0147304263634065
2.7938981260908347
3.029725447713367
2.687447594880468
2.949018981207016
3.0311276628079336
3.1116538837940704
2.9996458885784447
2.8599914184423754
2.6617859024072255
1.9313148068950265
2.8579507940823303
2.925103829743601
2.7882683953223726
2.841976236124789
2.740255854120616
3.0007910412521603
2.8937121987151855
2.7919106764582224
2.733717929523908
2.3537290513834557
2.913259076659684
2.8710587412544406
3.2438324230081714
2.80139451190993
2.9098392499777948
3.030199854924709
2.913806764434878
2.7682911844956557
2.90321162229178
2.778874067170721
2.914685863387366
2.813992627636767
2.925476011935138
2.7733351019874553
2.7632901543291672
3.06563939820913
3.08968369987442
2.986095509828908
2.8611110983545776
2.852197831146621
3.3366204949448015
3.3076205157153358
3.226520803693476
3.0817783212525365
3.0260736675373834
2.9370502984873306
3.089912257457047
2.876045825780532
3.0997766826664956
2.9986635012401845
2.8578327614052847
2.9901000447999464
3.0629598958813884
3.030693593608605
2.7963033852781733
3.0519925715602287
3.002851612370912
2.831859682582359
2.864816553933328
2.8637887947224105
2.703571199591842
2.7536933697983597
3.2355498377461283
2.880332122411848
3.008188301906171
3.010580176981656
3.224229700890904
3.042607288085181
2.9909662387728653
3.0385364263791548
2.5360397938555934
3.3460928666467047
3.108645141917892
2.9877101719533656
2.971740930638516
2.9031583640806287
2.89550175838956
2.7728660382492905
3.0277636949905915
2.995688898556578
2.907979716278436
3.0581811004897204
2.8759736916881526
2.9856876660321987
3.1009650546980625
3.1831225184284464
3.060506257338961
2.895126606354211
2.9903724837970787
2.8115651219366495
2.8510454001474117
2.9001520649377515
3.007493091997767
3.0024016113758725
2.583279602568846
3.2474456891875247
2.7773994003663094
2.5973357634466
3.153732318360656
2.9921773535123473
2.856645345258555
3.03416891816718
3.154596964652656
2.926975944231101
3.0025681728039246
3.0056093719469525
3.094172277119846
3.0526658715812185
3.093788121678978
2.808539619170102
3.10712094728345
3.07262131347449
2.9556082514329294
2.853029975221743
2.849045719985306
2.8862811895619793
2.774573902574196
3.016050715155909
2.878894402871378
2.560411536751852
3.020952571794837
3.019389476143021
2.7376779680083967
2.9107022867855443
2.9178717794133266
3.188637134233068
3.0431640378292335
2.9947122427915795
2.644127306275732
3.3039564815118383
3.308556109859486
2.7796470846719648
3.0978657367871447
2.9426687940856704
2.707072503809038
3.123153997375009
2.9822953973919937
2.7692598815479053
3.0766232708110617
2.7383804737955133
3.126223254757258
2.9261856295030353
3.0642757370702114
3.02384812472273
3.027944766911022
3.2366362125548456
2.7007477100016497
3.02197138675839
3.1279756797435208
2.814420634632537
2.8926403699562204
3.000947063963478
2.8729183900517707
3.0182727616194835
3.0411054693744592
2.8417749472108946
2.8570723312811444
2.7586242125233813
3.1486246620045106
3.0784960217992143
2.1845022353916583
2.6112206484620475
3.0382105359428078
2.740394380140025
2.176730330627125
2.284643471551671
2.93419204888028
3.2315956461439925
3.4009012355830186
3.1431765975985226
2.9174874054155002
2.719679002093692
3.009345390676096
2.7544226370768334
3.01764897883528
3.0477224761070154
2.9906373748085358
3.1287279262458707
2.9418358167192493
2.949524279339189
1.9735566654763184
3.072760641883105
3.1977205059586855
2.9600171410874543
2.926191048726721
2.491899263659397
1.9693300459909
1.9851460301210246
1.9419485309188147
2.0167226186300704
1.9361592426122105
1.9675000071355409
1.9880941791664886
1.9432191241162937
1.9540296973134947
2.08396566210138
2.083979622634459
2.071600607531966
1.9512950225901253
1.993574208099623
1.958688778489535
3.043754893401746
3.0362460579933295
3.109789429638586
2.036731316902102
3.207048256870256
3.006715036250283
3.103854749018676
2.999186425607847
3.1145037579985746
2.8146253817776343
3.0039097097916545
2.7684930905524965
2.243926958249524
1.9898977465654941
2.013021496874658
1.8952344581594298
1.8353967623513363
2.1585326468598023
2.1133914574379946
2.184954449765782
2.5486690597225463
2.9106482781699063
3.0132147612300173
3.101812255577891
3.186239755816741
2.997123032110157
3.1110576216835795
2.750558994139056
2.7260947635235433
3.014280189681294
2.874323000919702
2.9889893629531894
1.6069115857202325
3.004097550318553
2.4864186129259442
3.0537920095229745
2.261520518939899
1.895438575011141
2.8415519100046622
2.6187506777430545
2.452468589314085
2.5902031000292824
2.305332041418878
2.3211496416122213
2.1330262129751207
2.6072107844927093
2.9904925364145356
2.9386940990493335
2.486380379061896
2.737311708321912
3.1227257028739417
2.9181325404343688
2.922183879138458
2.8222739331298645
3.015960407812759
2.8259842710384118
2.6054931040277194
2.5139268495674587
2.615461688850422
2.5661093125439454
2.6493772492730767
2.8416615150520372
2.9568083266783396
2.9618494286211434
3.0196425954750215
2.8182091534804363
2.91366506083076
2.8946679580141
2.8867385332715463
2.7890476500904278
3.0489816913296823
2.9812414832983745
2.8756279122299233
2.804880252109608
2.1994938618321216
1.859304636834774
2.723973006844458
2.90193005837666
2.9830832124374074
2.9649635281164546
3.0193279391295906
2.8445133664192843
2.746765490319148
2.817447371374485
3.014396090124835
3.01835491236467
2.7683409390041938
2.9401710622587602
3.05714944936468
2.919652177733759
2.4701963490958665
2.895038762895878
2.736330900241022
3.0014620541526926
3.091577438468618
3.044142776448065
2.981061238548174
3.05865840459553
3.059634528918918
2.7680011606375823
3.0144122427057853
3.095908225705922
2.8574775242117045
2.9529306926683803
3.0612954341241805
3.236275532314295
2.892124702609634
2.936797829151109
2.8765706847146504
3.1330410695665267
2.8018055056663274
2.9173709306014546
2.6082938493716328
2.8503706646131284
2.3345536938712135
3.0143808311549902
2.5567884508772365
3.075953843739437
2.981752834095624
2.77866316874262
2.945314312076125
2.9599200986030674
2.921098160438505
2.6112952529034663
2.7026508180940385
2.8398015532546586
3.0819516130735507
2.942269441699486
2.9945402854329615
2.876991241741245
2.7265259495505894
2.922012677355619
2.920996685898602
2.641235386933018
3.046148502218371
2.954228347953508
2.576513177720318
3.071546593521733
3.0370841751314126
3.025834462261154
3.126578459679699
3.0300634404541222
2.984399783113119
2.9209815226033844
2.9055565767415024
3.1216423058069886
2.8947420734067424
3.0864045678889513
3.2366882216892456
2.78661072197261
2.988203265649338
3.0635727201398257
3.3020908802138926
2.875871014376325
2.970131599223445
3.0968369742625006
2.963618477999962
3.0029977335504063
3.021184492240024
3.090644185801988
3.0114913074043823
3.114694762509826
2.9671162160716937
2.909221169761997
2.9816594285298685
2.8974108020441744
3.091783833846561
3.0447026863763207
3.0741165367093157
3.0333358200780913
3.0901164006483004
2.803339546712481
3.083003724033693
2.919542176652209
2.9958246020589416
2.974181921952381
2.7473075707372008
2.804016588975906
2.9117961088455204
2.868401386466544
2.9946671235827407
2.768636401912302
2.930592775023323
3.083084950934056
2.9494404214650793
2.789458051371343
2.7682326204949446
2.1549477782124224
1.7938081276816709
2.000162403085863
2.8933826164408725
2.8749928196069394
2.755797426296618
2.899109220037324
3.025917785690787
2.8464736136460145
2.9812755222550047
2.9869288275695602
2.910797726044419
3.1130622584362464
3.1377665042069394
2.9335706019612853
2.4400363667759772
2.6620814587986805
2.8867211970101003
2.9499277398203794
3.184256088693545
3.060711598644124
3.1017898803839334
3.2779225742045517
2.813471266305181
2.921582992320852
3.207786276154008
2.7346531092629736
2.6023656173864893
2.769030398494752
2.8341789706618523
2.773995123663414
2.9903141086178615
3.1000042517696684
3.012850589388561
2.9592323418487463
2.698273192097942
3.009301418136658
2.791677648473049
2.4996328251065205
3.3036032384170015
2.871510197142652
3.008394840416772
2.672481193349602
2.782799195396306
3.1498124568804178
2.925644951748009
2.782509184530837
3.1033065011402723
2.9754586501205567
2.919028986183583
3.0257807809445723
3.0464149575493265
2.9664605819311314
2.8369665802060946
