11.843510264494892
26.907649752957735
5.971857670704733
9.756896687985476
28.319756920186936
35.14999750346591
26.329341940626556
9.252870857673905
12.34405657201723
30.700431250728872
12.640432477962618
23.675208226989568
16.28265255687181
12.326674400974023
9.253042125002889
9.594597804491052
23.365510777239564
20.593485223886994
14.502364797543956
14.106072560969846
14.246865869024102
12.310368610486258
23.927057865219496
5.624382532871468
8.15817347203404
9.514683255163469
8.80198571290917
8.343499301005428
5.146596838775346
28.06465133393824
16.929185034664552
16.209612485708305
10.606800763749623
11.071932571082925
5.302330221940322
8.05142377474037
18.414535176243405
17.058491303346955
22.576473653604168
21.092087357775192
8.841359856385948
40.21968184358765
12.476698917408923
10.907940554894445
10.50403527879455
21.66713060536604
11.679014442869674
8.688071944031453
24.38378545415261
12.55919978499243
26.99895692588639
11.755825737487442
6.034291642615663
12.014841067898121
9.85642280550717
17.923542766964516
7.336342996044946
8.7956285358798
9.696995426899116
23.36125775642701
7.582022219904429
9.697616665470544
9.703090847994309
8.98315738007894
7.673389963597323
7.9079550833564936
6.592937798173078
6.956512174143361
10.12071594731705
9.322775337510821
11.823177928367596
9.141054429368026
9.802282547107152
25.531158310859894
7.0283211944957955
9.84792726673033
14.632722396808648
8.345853182022642
8.732079937611404
9.374299486523448
9.307232172505964
12.928687224022465
11.37026250814386
12.273498393079958
28.41105376261325
4.8776673022364845
8.856172641394068
9.938085248945486
5.323558641504477
3.5754244336116474
12.68778988485639
8.713034281627529
12.876002002891589
4.933293383932175
11.347859108306576
19.881432155949057
10.432662395029137
9.68301043431986
21.60449660941037
12.017198762546151
5.098620344857632
9.84792726673033
15.440253185484075
8.345853182022642
8.732079937611404
6.929529468306027
8.497403287925096
5.427454069308358
25.82377547769308
3.8975023265368605
10.837686106030006
21.176570555557184
5.809628453256651
13.021967904930642
27.476439148457786
11.659291179037336
25.697667956699057
22.935248044149425
14.03558412688044
29.36589676157575
12.198432732802004
15.02486981118213
20.817378674930175
10.81710850485663
16.911819980837905
12.218765944277015
6.134871965271177
17.619229281566312
6.595534778041302
8.414366142279617
11.628032638579146
12.594170876993195
19.038640808003663
17.240839839262655
11.324504229422123
10.46603777889765
12.658251226797574
22.056357893270395
6.924319916190756
26.695049694366627
10.45265369502978
21.699860492281623
4.785517303868999
8.77218074776431
4.171204999921331
4.8492895110475525
6.461025065500137
13.923443022243548
23.32527367930529
10.866932365031056
17.58465924288336
7.543694161955289
4.453469115371001
5.100949581358768
8.638224823714319
9.294145017268292
14.005694099159953
12.535641932995956
10.90191777967132
6.9877406815972805
8.991973118343063
11.831222042612419
19.58875229500721
13.34072716338956
16.65232049756098
5.886759580752087
12.379563965739077
10.312601018795462
7.94296645292679
4.594635971754598
12.562165867745637
16.765095370116512
9.327560968812804
7.903452365685965
10.49842438036031
10.594290097117284
9.117344583906275
13.712838535671654
9.748234565795261
4.838028113083527
4.904998739126356
8.251625411023705
20.508829238126438
18.499027500172254
15.688406730060304
20.288594048384155
17.960397676671754
20.363996605264795
6.938473484445773
11.683447351139677
10.864032262465964
6.341523547068584
7.250631626473276
8.347370458997656
13.555312670626385
12.60914334723234
7.052970150546152
17.764832529091706
4.0930004947903305
3.466015031084858
12.471862829026996
17.83626468703531
17.76649810549198
8.48102600513475
11.833848252012586
5.7225577896181985
6.495405145972996
8.86608496953544
23.022855653500365
6.686967524588258
8.196918058308938
10.015796577319875
8.009603745262257
20.821680889222193
19.99551406585667
11.321426216550208
12.976417870557396
12.262099437272123
5.524696419659547
8.9072233589647
18.95861386413533
6.789052379492364
9.412219837838794
18.205985073276523
17.421290633908264
7.388812698937529
12.471107071200137
40.85269258789634
7.7721033019050605
3.4465840931360634
4.9366612325787615
21.104527746992552
6.731705317583866
4.604745624745528
