3.6130016
3.6630845
3.634405
3.661784
3.5790367
3.3385558
2.9405665
3.2285292
4.305143
2.9387982
2.773169
3.6963425
2.8100479
3.3809457
3.2700644
3.3643472
3.1576283
3.2394862
3.7521377
2.9913712
2.8282046
3.6558218
3.9963934
3.9247797
4.009984
3.0469036
2.9883096
2.9145858
2.7005742
4.3764896
4.5893426
3.4253721
2.7419882
1.4259645
3.1760361
3.3876712
3.2535253
3.275583
3.2992222
3.5714371
2.807714
3.0656545
3.7138433
3.4789903
2.7345076
2.9862561
2.9866867
3.7510202
3.2229996
3.710923
2.712345
3.59685
4.3989115
2.7479393
3.038549
4.100232
2.2018473
2.7831392
2.8749099
3.140144
3.3301373
3.0277293
2.9685113
3.24419
3.5929978
3.1178482
2.1137252
3.407872
3.6776366
2.7723715
3.0902753
3.6490998
3.851438
3.108531
4.1834106
3.0909948
3.3049767
3.6849864
3.3476262
3.550321
2.589175
3.3075068
3.4560616
3.7407742
4.1251664
2.6726227
3.2440472
3.07516
4.569833
3.7819993
3.5978048
3.236453
3.0933561
3.7732015
3.2465343
3.3882875
3.7065382
1.808999
4.57441
3.4365654
3.5085783
3.8791287
2.975602
3.4898133
3.432591
4.0466146
3.929675
3.2399986
3.9402916
3.3335035
3.8291636
2.9920855
3.3337212
4.1658382
4.4098043
2.810082
3.92182
2.7771497
3.938295
2.281933
2.7525263
3.1235552
3.2510881
2.8486876
4.475851
3.2649908
2.993188
2.861036
3.2171056
4.475017
2.454957
3.0086756
3.9797742
3.4164767
2.7800725
3.3284934
3.2511446
3.9447227
3.901178
3.4354103
2.9985468
3.333324
2.6117706
3.8662527
2.8162236
3.1924706
3.0741313
3.5821552
3.80052
3.8470056
4.169377
3.3768065
3.5273364
1.82355
3.1642551
3.0795817
3.1435304
3.56007
5.5600014
4.9918094
2.7241106
2.2709408
2.8642862
2.9055002
3.472276
3.2598174
3.321047
3.4435747
3.0774426
3.3103673
3.34355
3.519707
3.2530856
2.9263842
3.546487
3.0878198
3.3609655
3.0481186
2.7852857
2.3918989
3.7468534
3.9062846
3.552803
3.713321
3.0310025
3.0335493
3.9709744
2.9193993
3.8265936
4.4785023
3.7488768
4.281952
2.67984
3.1279569
3.686492
3.0352464
3.563779
3.7251863
2.9176576
3.8322566
2.8466654
3.4355214
3.4503055
3.7692866
3.8129592
3.4848232
3.6900065
3.383214
3.3642452
4.129513
3.3293462
3.503313
3.4187117
3.865351
3.177351
2.9405167
2.7680924
2.3663325
2.7674031
2.9514925
2.0076566
3.1810584
2.2029295
2.766692
3.0774515
3.1686485
2.848597
3.545881
3.829989
3.5242844
3.5523708
3.3550284
2.127801
3.685886
3.8486838
3.094056
2.522162
3.0890234
4.3517804
3.1178355
4.9287424
3.4319115
3.159534
3.7710102
3.805999
2.7282972
3.3756545
3.2342103
3.2504134
3.5357096
3.3013475
3.7378209
3.026946
3.1205766
3.3643472
3.2613015
3.7638547
3.2889102
2.596333
3.5220714
3.719479
3.075713
3.8803651
2.9774735
2.9875038
2.2444491
2.6300528
3.6629245
3.01947
3.122318
3.2394862
2.9692683
2.2580142
2.241886
3.367666
3.6781719
3.847693
3.0795817
3.516435
3.5147963
2.8106735
2.9844062
3.9505973
3.3226066
3.152584
2.856726
3.100376
4.008792
3.4353304
4.25148
5.3572273
2.713513
3.8799844
3.1036422
3.8309906
4.1383486
3.017881
3.3220975
2.797833
3.1246736
3.5960448
3.559178
3.4979396
2.5920908
2.9629643
2.4177587
3.872516
3.353844
1.9261168
3.8963842
3.700911
3.0879216
2.7463527
2.7819152
3.535996
3.550105
3.3685496
3.7077467
3.36031
3.5323496
4.6242285
2.916471
3.742702
3.3220975
3.0681033
4.481909
3.490143
3.2778585
3.4239488
3.1505296
3.7943165
3.4362173
2.807583
3.2889102
3.206091
2.9763377
4.3762636
3.046645
4.172205
4.618869
3.9021356
4.539397
3.2095053
3.1002867
3.9966
3.6631021
2.7304108
2.94872
3.8543184
4.5819664
3.2778585
3.6997118
4.6998954
3.637205
3.7866893
3.7617288
2.8438005
3.4264698
3.6278975
4.021798
3.2976184
3.5508158
3.672928
3.5500567
3.307101
3.868723
3.7996225
2.7609208
3.262125
3.4686975
3.27772
4.0111656
3.5318105
3.2155545
3.8078442
3.4821017
2.9955382
3.4549105
3.6030316
3.93073
3.358092
3.7068388
3.3331566
3.0491836
3.7011285
2.525414
3.2952037
4.206238
3.2748363
2.7193675
4.0723944
3.1147232
3.7582278
4.31745
3.403897
4.947903
3.57557
2.98316
2.8780026
3.4331641
3.2646036
3.1911001
2.591319
3.2214904
3.9411502
2.3959794
3.034952
3.7681208
2.929198
3.1591382
4.5624924
3.6598265
4.6709266
3.1617253
3.1757762
4.335112
4.251521
3.2519374
3.480527
2.6216726
2.2371807
2.900179
3.3489954
4.111326
4.156386
4.20627
3.3390896
4.014819
4.4860487
4.1569033
3.8841038
3.912466
5.141759
4.7445226
3.8403296
4.9071655
4.0540667
4.604225
3.292117
3.8940957
3.6227925
2.6243677
4.5399294
3.806147
4.277813
3.4314287
3.3154411
3.3075068
4.1710043
3.435397
3.0826902
3.6301885
4.5181985
4.3255367
5.0305796
5.294953
5.2232075
4.389641
3.4247358
3.382647
3.8811452
3.3880212
3.072648
3.4118698
3.0795817
3.1740355
3.4482589
3.890542
4.02845
2.9728882
3.7679546
3.4496784
4.07381
3.5333872
3.6301885
3.7321105
3.3405297
3.660191
3.992234
3.153095
4.0095854
3.8013375
3.0102975
3.4607432
3.4395986
3.7577567
3.6029932
2.947134
3.4595683
3.0377114
3.024644
3.671463
3.1974368
3.2874062
3.8044255
4.0325413
3.1844935
2.6330192
2.856574
3.2939062
2.0792618
3.0726805
3.9947472
3.9181986
1.8539523
3.5754068
2.4541821
3.8375435
3.8324146
3.3818855
3.4261777
3.3221033
4.424025
3.0866373
4.3393598
2.6730163
2.9598606
3.2787807
4.563268
3.0383415
3.7268136
3.157402
3.9125576
1.3176641
4.0251684
3.072874
3.2490907
3.099326
3.0962105
3.7047436
2.8974128
2.8959465
3.8745835
3.5532048
3.2190328
2.1142273
3.3222795
3.092149
3.9682782
1.3651869
3.0362768
2.3593535
1.9517851
3.7422314
3.828639
3.4110575
3.3058386
3.3924882
3.7050357
3.44473
3.0444794
3.2866979
2.466173
3.041348
3.5413108
3.1660492
3.6301885
3.3075068
2.807268
3.1269372
3.674898
4.494261
4.8107038
3.324247
2.409801
4.9091253
3.77966
3.1922154
3.975203
2.928511
3.1422596
3.7289295
2.571581
1.3631043
3.7151203
3.5180287
3.3165143
3.301253
3.6461701
3.289275
3.100376
2.9872606
3.6822085
3.4833665
3.5251353
3.5180287
2.8513644
3.7449517
3.7083862
2.921801
2.7190695
3.4603057
2.3300104
3.3381522
3.2657928
2.9835668
3.726103
3.5430238
3.8712342
3.0940216
2.1466517
3.3684185
3.7253597
2.0607212
3.2272434
3.2873833
3.022313
3.5956292
2.700835
3.4144087
2.9616258
3.6023738
4.3355293
3.9748437
2.6459348
3.5342116
3.5432851
4.325796
4.2477818
3.5653567
4.748387
3.5060081
3.0404289
3.4005892
3.2621047
3.1993866
3.937699
3.198358
3.6034353
4.9053125
3.9765036
2.3244388
4.0636454
3.9015138
3.3829625
2.7028563
3.4718966
3.6139266
2.810399
3.0315802
3.5033796
3.3497205
2.162805
3.7318714
2.5349603
3.1397362
3.564398
4.0701294
2.5979352
2.7971747
3.365654
3.0666418
3.173278
2.9226828
3.4363577
3.5508158
2.0106406
4.1700125
3.6838593
3.7967696
3.1879067
3.4063048
3.4833603
3.357506
4.279173
2.8662784
3.8111386
3.6665483
2.7862725
3.7587225
2.4806275
3.794317
3.5842047
3.3722203
3.44889
3.1141014
2.9836235
2.5511754
2.978659
3.0845711
3.195687
3.840363
3.1033797
3.6933413
3.867473
3.2898247
3.0344608
3.1162033
2.203237
2.6574838
3.240318
3.100376
3.071034
3.2714565
3.1307647
2.947486
2.611166
3.1942308
2.8664606
3.1878295
3.3250482
2.7048602
3.3643472
2.2903929
4.692673
3.356195
3.3489954
3.7301233
2.501327
2.594293
3.0993588
2.7487407
3.2841866
2.834154
2.8755872
3.4784079
3.6903975
3.3731804
2.2795353
3.611512
4.449192
2.1589274
3.2963455
3.2070158
3.1823041
2.70967
2.7110968
3.4696505
3.3211453
3.4910579
4.226306
3.2921793
2.6959705
2.8872664
3.180629
3.7743301
3.0553222
3.230193
3.0935602
3.6315775
2.925238
3.1521337
3.4251103
3.507902
3.3781943
3.3412757
3.9996972
2.8854237
3.5303512
3.660535
3.7969818
3.4901109
3.1937342
3.1806567
2.7672539
3.2501042
3.7167168
3.7616162
5.21992
3.2325268
2.9416845
3.8628292
2.6756468
3.3867462
2.239262
3.2841866
2.6155715
3.6673694
2.7502384
3.1695735
3.77179
3.9631214
3.7054672
3.1262865
3.4770553
3.6995258
3.3071501
4.0207357
2.9899006
3.849395
3.944051
3.468103
2.6727192
2.7117898
3.5675986
4.254075
3.3915658
3.275048
3.6614215
3.8208349
3.5051177
3.4179494
3.480527
3.257692
3.5886006
3.7216012
3.203265
3.7001991
4.5363345
3.5767605
2.9840765
2.467712
3.1199079
2.8066204
1.9442327
2.7255228
3.2789001
2.6664953
2.6722474
3.3024282
2.7424705
3.6270132
3.6656888
3.0226438
2.750354
3.2205322
2.423752
3.4039607
3.6014907
2.749425
3.1589918
2.8378327
3.2844288
2.9010339
4.0479145
3.5893245
4.054654
3.4493759
4.733171
4.12732
3.192236
3.3781943
3.1033797
3.2766027
3.4506688
3.5135298
3.4471736
3.4510498
3.0356863
3.10232
2.5827703
3.2644472
4.3543625
3.917598
2.7475393
2.9176576
3.8932576
4.5772605
3.5503287
2.2491593
3.0759177
3.4649625
3.6987636
2.953344
3.4034517
4.0075045
3.9557786
3.6988251
2.8535302
2.4895468
1.5030038
3.3899856
3.3959317
3.1933894
3.6671624
3.2889102
3.9246871
2.5415149
3.3005645
3.5812714
3.3282838
4.0630484
3.3547857
2.9451065
3.7430234
3.4716656
2.1807406
3.4078472
3.3414335
3.2312942
3.3465307
3.4506335
3.7885377
2.289171
3.1368566
3.245474
3.9237359
2.756381
3.535996
