7.653072687110584
4.37591868126435
9.229100360574236
9.5819178800929
5.27926685815794
5.512822764775552
7.700336401131802
6.347623704154328
3.6281101688740547
9.617355405709766
2.870836930851447
5.012795545726124
6.084492096210028
6.84211317561648
4.123575759871819
7.600846326058015
6.952219100603825
7.474643526354434
6.168040747871716
5.557598073637391
13.074893469796272
6.87765831068194
5.436682459181064
4.589471557443305
6.472686331114793
13.404513542431603
6.411711338858772
5.7730077328001785
9.10272683481352
6.081570283043889
6.065587028582922
6.60947455882766
4.904101923884275
4.3703681120445
12.572459685959299
5.538278819967441
5.896093247342503
6.2669312819625596
6.9434793379924855
6.233241994727531
6.177598570616286
5.815305647006371
5.141567959727238
6.390045060705888
7.577465737711734
4.778979889956784
7.221384166825968
5.266136281581159
8.444916354202661
6.471774542931044
7.896238006438541
5.587670626379707
7.335419349919358
6.835103277920219
5.189672770756232
9.794809311636502
6.2615092015168345
6.589156068010776
3.5876349430698897
7.466190526928881
6.637281032139385
6.046011886503406
5.311330771518916
7.64518157614428
5.713067701340475
8.783461674840828
4.784559672491176
5.279818436408922
2.7700714622465177
10.53306057413415
5.9206857304725204
5.937796078399351
4.585505815538412
8.31632821785434
5.423435526538949
6.523613435953352
6.891639091132714
3.9984081906411975
8.305881913676282
3.757920825849423
5.670452329990106
10.420648378081511
6.712056040119438
8.839811309346185
5.398224236675377
8.403924304705122
5.730770336090273
5.678099179475385
5.923236075597342
3.9223018677611923
4.547274977122672
2.2427391652098403
7.352739101993287
10.340063983771941
8.473390767177765
7.402573139452684
5.935543521022831
6.325752668462586
4.477864917140312
7.673038195822088
7.177395008245446
8.144942980152111
6.992597237735262
6.732524630582686
1.993031126797594
7.342189488546742
6.5714187504457335
1.7191882250884332
7.248797247644501
5.246430205882726
10.326009876202347
6.584070226500701
7.385212340727496
6.686135287785545
3.67884477566314
3.068208170701053
2.810593259136252
5.528733680059604
7.393943373261018
7.2335692623936545
6.596225747511694
3.0110704648887037
3.9585769532276993
7.46235053077852
6.02760630416009
5.961245575176083
6.198429473905432
6.434192068197758
5.074708439557826
8.15432620461204
6.175146244983841
6.28252510147362
3.6417652838280032
5.706643783158025
6.0933727356628555
4.453337870499257
5.577923198669625
6.474240340915823
6.614804018887415
8.301723635103206
4.838389990884402
8.353243281618363
7.26043002688273
7.80162583683857
5.267526087268147
25.426925038713698
6.198526881897325
5.236605478754506
3.609944135866116
3.6233567468936476
5.862332703230354
7.414682318195663
6.328824903433653
6.411067177062302
7.390901455010038
6.989605353998132
4.43031311490488
7.064730529498675
10.544383458180079
6.725604929480792
4.95032815323085
2.7157355794333258
2.733759434117245
7.554540082737101
11.907980962062883
4.868159750048021
5.0614486007452975
7.862043891337575
6.34282717925276
5.911437394037621
6.3668060458939255
7.249268301007146
7.258160091909251
7.6478088917197145
8.564891703081482
8.59304464830472
7.4345061204041
7.9962504583797
2.6108225909958684
8.217261625368005
6.148973061029237
8.40181615639052
4.535425430357287
6.60352872337514
8.006112446905473
2.8463066476964163
6.862213931100589
8.39315612357219
6.196440759664032
10.596496769174554
9.174629978070362
7.27704578203923
6.17632710540186
6.638302019209296
5.754568712595027
8.974913329767482
7.80563431481561
5.644708195599319
4.894330344349797
4.967572532667376
4.310685538335495
8.371554654322683
3.791046743605236
3.880832553634464
4.183900689043566
5.509266493189884
9.581229131028962
7.388975930104526
4.9627238116870664
3.7192898363381333
3.8575257602327446
4.751285773328391
7.259118978209458
5.295763666215953
4.16035083968868
4.043916095116518
6.38416660461051
6.181054369953092
7.149619649663757
9.203049926335234
6.267804664619171
4.772737353820671
5.254098019440916
8.193941682091133
7.171557863823037
7.0717913475907785
9.269628858235155
11.497204544256675
6.582996447401428
10.179778872507704
2.014357944192905
2.025054484932235
1.9790942354005707
1.9425334636720057
1.966936799272062
1.993031126797594
7.339531788795436
4.069486052106272
5.846047910398467
10.881134299587552
4.437488061610379
8.099863061091451
7.852445117311626
1.990592951016651
7.986330276546775
3.717774407123752
8.102744472899621
7.543805926018321
5.963679501064742
4.104492056313953
8.090847412086097
8.126745412642576
11.988219590164686
6.914362519737993
4.104492056313953
3.3258014466401957
7.457507294386216
7.879236107712103
9.451262694116714
4.356876796292736
2.9846979672477465
8.641132812609637
8.64688955808668
7.25643979462322
6.159491310938383
7.3724559891628845
7.923045485994789
4.002460015109401
7.493845209573248
3.979617177322722
9.346381487539373
3.476047656020334
6.240092600300511
7.9461561597732135
8.846331546205098
6.18889111506602
6.505427181936142
7.2758881066281225
6.427636249242706
6.777213180653473
6.139981610413462
3.972646474884596
5.862425918465765
5.815006561015085
6.736763633688989
4.214327465536124
7.778184712757494
6.246298952668211
4.987506656261481
6.395938459994845
4.489981162905491
5.565917764534466
4.983815366618963
4.715169138415448
4.137269890059084
5.528065991785641
8.189107085735166
3.999463974715895
9.194320100764665
10.088846322146248
6.469421806335814
4.449691171092328
6.32252095895936
8.821098709511075
5.466572020806386
4.178883729813496
5.309098626010818
8.924900050021437
12.736577903555057
7.875861079503094
5.666767263762705
8.23628104626224
4.996342956823709
4.872315250075872
4.202811128226375
8.572917075153493
5.372160593811155
5.9386264263105994
4.677670449463724
5.608064652197666
7.2827825901808865
8.018260845713838
3.856998409165951
5.542793325843728
5.298192466075259
6.6330248610139835
10.260065685398201
5.544526190085261
6.911672297421892
6.365528309531332
9.160469693598467
7.363627601593647
7.194903742307406
1.9405321626116807
3.904313531146926
6.0103132073233265
9.711907494307622
8.132827016199942
7.5309003210206935
6.384938643501308
8.328868305589419
9.94399411895549
5.834690689870673
6.299598920511653
4.602741121528922
7.3843394927481025
10.904761152105905
2.065823811573052
3.826087278864752
4.0815767347108
6.285958871065491
4.99067770496527
10.951496483010542
8.215953203684311
7.796819015984678
7.123827429689537
6.677002088274336
7.938429011185395
5.361872131754619
6.915489889723253
7.727559680680482
4.803631285340883
4.202434349490108
10.254673414528762
5.031005793690153
8.91574367079504
6.450344663206517
7.915266214505216
4.431116702554692
8.34873699487339
9.276590544638811
5.881332321079714
6.2920214181590834
6.60434563411811
7.149551950684608
8.078995886321467
8.499949067617052
11.433014357879168
9.92531230696641
7.715106275866504
6.813041460619658
3.823676605312094
6.60699610726843
3.247745753820341
2.7435328486822783
5.7599168740541264
5.454100491254642
5.368048512124863
4.856378911565676
4.728089660745851
6.99900862631077
8.834656648245218
11.648419367454652
1.993031126797594
4.665696570672711
8.206208649774553
5.405229341440174
7.6028661492497775
7.642167894967312
6.515577637823192
5.346396406570111
5.28781432333271
2.606489632469292
5.3148667879673255
5.006345996863811
7.481653230293875
6.777288514871497
4.5728318082958594
5.340994181797486
7.199217239996193
4.303899043108347
6.215071305381329
4.3835313744494995
7.594900622676647
10.17802775442562
5.187238010070707
4.942301862411771
5.224153006845337
5.225578424427526
9.782833914210384
8.93421080348562
5.687799750728794
5.73219842518497
4.7220549040206645
6.620667989302371
6.563131383035428
5.946225025820791
5.66666736789264
3.410025921479662
7.900244360722476
6.558845527164056
4.062476483155344
6.721863015733203
6.0286736376038315
5.938213692861127
5.670878225024869
4.628717797226747
7.474125138459664
5.131373953262868
6.084691918769074
8.850836001096669
5.823758515461658
3.0365717901248903
5.96773461918968
8.61036205216422
5.982015529565124
9.25754010233902
11.024660358022498
8.75609727422552
5.209894646576349
6.407495975888523
7.88294211629846
6.582336622990772
5.578863753908628
5.878294913389508
5.5363520240462725
5.868363045877425
5.182749408247898
7.878281195425005
5.477811675154986
8.986551740883765
5.5057060777579165
5.535473196013343
4.346217131387589
2.737233178420223
1.81581462280423
7.83569670787399
4.881961555470647
5.673198036271896
5.994645537518033
9.015829910725568
3.3773271401796525
7.3635849039842
6.001288907944848
4.231297107911399
6.270393397376424
8.644953037925385
6.048589649185103
5.756586340956744
5.121055537250789
4.91355399596238
5.714394542581127
2.7597326684424566
1.9162398636610403
6.522414984549332
10.401328434678764
6.961247845416267
6.336871433327503
3.1131587629130695
8.32812062610287
7.316437032941154
6.633830548721051
7.315056921804338
7.7683722092470795
6.4926836897116
5.184388583068045
5.19976302107854
8.327650813797863
11.121467546366441
9.056270173224926
16.149991015764144
6.2860008828580405
8.482920325832694
5.821342371150907
2.017075259864989
5.318880170843409
5.847350277288737
4.926278200660775
6.430342207105144
6.1889679894088765
6.315308975668924
5.951392225633451
5.502069259672463
3.7682957089380005
3.479018290082739
6.726448592099565
3.104110830130196
3.798044896188622
2.5871101890748607
1.2161001530643405
1.7475566076596591
4.84315246893919
9.288667989858336
5.919958690391048
9.475350650176248
4.319954152689724
7.298275330938399
4.196169094959481
7.77490941517974
8.306540299825022
2.2886625455007925
10.451331389725578
4.530938058747328
7.765254795811661
7.096632197140304
16.845115271768247
11.029430958475363
4.883328117775504
4.977188520660972
6.290104018778757
10.062505716000043
8.469432132460613
5.8392853736179955
8.5410395075497
5.997150933669453
4.794809368020542
4.586633727205233
5.088824419782185
9.584526177014189
6.256879498526615
5.621568502149065
9.344890373746695
12.07258169277459
5.601028110440609
5.976783614652404
7.915665563364712
4.949321332759989
4.03960994460731
5.944295147058018
5.895014834600659
8.669315128657512
8.005787853385737
4.092929768779687
6.363050782891315
5.613050717090664
7.6019462409138745
7.724087993400019
4.549515697296598
7.242282060967932
9.54946256834713
3.1876290919221
4.8702836685983595
1.9663365099804044
5.05133925501415
9.242727527777372
7.5565279558639284
9.13501957125675
5.539564245980124
10.168768612960719
6.4477623275200795
12.460124546525888
4.693105558167782
6.500029386582663
5.476570846346197
4.29400683978331
5.107421348736666
6.871762992640694
6.799779406402121
6.527765316971952
5.548731207901013
2.025054484932235
1.920162649788737
4.518329690337216
7.317695442565955
6.918148626990581
7.984514486566189
4.0111018103704055
7.096424801662326
1.952906833137214
4.234185343697504
8.249318268028683
6.091955564232938
3.646438700769151
6.2305802204343355
6.395175579280167
5.0453129387280145
3.3662009680555576
7.252693061617535
9.862830786086308
6.625211090523053
5.07018041121913
6.8663319864251235
5.471012803402519
6.351013984373341
2.027806963412893
1.951368071031113
3.9556761518143406
4.098578338083833
6.294484336680214
3.6271781356350514
6.7548523573595345
3.0674507432283242
11.11130224796186
6.95051776123066
9.687899445909864
4.266877977842709
2.009912427194763
8.218142150342281
11.588930225106777
6.294245706690112
5.226876549335088
4.084814333353412
4.960276285446758
6.505857531830382
5.843392514604864
2.531889620164535
7.283400737202951
6.594156475112788
5.829121060443884
5.258828587085694
6.947707237261723
7.473125853899676
6.158774118186124
1.9374733824057337
8.840046547246565
5.378738137322773
8.274342076406606
6.798835317376529
3.8248418473012427
4.675781574983961
1.966936799272062
4.83373848056438
10.302249556671061
4.461137326465217
1.9790942354005707
3.505830662120614
5.580159821156783
1.9416699815864908
4.648155216109165
5.289387230796367
7.707122476665242
6.2182876330423476
3.5346413655655433
5.725261217232227
8.615391500377465
5.541178784525385
7.499625045269906
8.686862918170206
5.935336199214161
6.295819619249401
9.195225607963545
5.550743440018506
6.091937427010893
7.802423690606721
7.7256412030720085
4.102905671156131
1.951368071031113
2.1000287171354337
4.9233408561271945
5.901833424856905
3.828755872404797
5.056054269845111
6.076105721143621
6.35683359520783
8.895326634274511
7.5511006446893685
4.818760131626357
7.083248958284208
4.83608425206946
2.520564676081633
3.504238900871457
6.624109524367082
4.450235155839186
3.171099311506176
5.233745680709996
1.9162398636610403
6.7958222539893525
9.041428396714764
5.8045241698497785
8.226906464139471
4.727122430309367
4.249738465841359
7.268244079831411
3.492819154243421
6.838533542337003
5.263474229519857
6.3358590138588164
3.821538948368879
2.385518521971383
3.8304438644333394
5.756883166980451
9.84955967366388
3.187924864715298
6.929142790918207
6.618313124888233
7.813585640434181
8.381699450387718
5.41822280459578
4.725999092138162
6.011464091462452
10.2098459237812
7.986479653604733
4.305092486936572
5.163774677217202
2.6916767301753923
3.300690792160902
1.7742610360218567
6.631837176327368
6.6071594564613
5.590989228534958
8.074304594208566
1.9374733824057337
4.1560403264627
8.643785842585972
9.391423605493559
1.975311689084885
2.014357944192905
6.832488136474443
10.827336766742807
8.884891623911063
1.8191296119041371
3.579317680480142
5.0695094098192
7.0504123846423505
1.9790942354005707
1.920162649788737
1.951368071031113
1.920162649788737
6.452317181847375
1.958887438025115
6.222357054969606
2.009912427194763
1.9405321626116807
1.975311689084885
3.357556139690697
1.9405321626116807
5.99046555439597
7.138779339149784
8.187941412803589
4.546109099186595
5.8161999761767875
9.468834332178536
5.205707485732051
2.2293534662619896
7.376683908576186
7.162491245503734
13.337375523044393
5.1440623132074075
5.430731977609831
4.686544279539549
6.558798142278741
3.5314132984066626
6.879179818123818
3.8301784593812265
9.502228500641342
11.793514738396867
14.324514740162641
4.309786328811182
2.025054484932235
2.847079964980346
11.666593620651996
7.589452280079397
11.370643344985462
7.0407428780241785
4.772648930505277
7.949966956787574
1.958887438025115
1.9790942354005707
5.992852207797886
7.210734733173823
8.33354686777623
4.281267806337891
8.587940157939425
1.975311689084885
1.9425334636720057
1.9405321626116807
5.99866971966206
9.364056899842536
5.529324244917848
5.545891867460176
6.20012719770718
7.037112580239975
6.900856450161448
4.764664080962256
5.088389807286267
1.951368071031113
8.749389753989785
2.824565907312333
13.538657626725279
6.530772127903125
5.422460897239957
3.9899482540605584
2.8716174534234207
6.0044955558364
6.231555229750948
7.218824460617144
5.62031454938128
9.212497429674501
6.3000061636367715
1.993031126797594
8.561733946628577
7.037530047447001
8.044475680134058
10.96679056021364
1.9790942354005707
6.712908200527742
6.075648849798584
2.009912427194763
8.471541869485732
6.1604427536333635
6.560182176188724
7.345492606278925
6.246594148814568
7.6730303471252315
6.653464153759557
3.6279042978126443
5.313018551763918
9.483867669915124
6.253729096618905
3.326732036634534
7.936828526351876
4.325557479778057
1.9759572625401671
4.747588829292868
5.599882744993178
9.285235561985253
1.9162398636610403
4.066616498358077
6.392784625569336
4.476306950582238
5.529875429351132
7.392623944981491
4.069550590224587
4.217094668313358
7.336834503723163
7.4208746409293385
7.134435666999295
5.000677917359916
2.5129200141101906
4.67295023204824
8.073980249079208
6.658161970288368
12.84710099712323
1.3218325917896474
4.197456131423791
4.408795671391509
7.667706001026067
7.477245691370465
3.1505677378382297
5.940733338794469
8.652305178237143
2.544085121297767
5.3010070767585304
7.7425066184749065
4.743080574440465
6.4860544119072365
5.957959191796671
4.438851576845471
5.222766789797405
5.379901005176248
8.564748159485436
7.851624756736871
3.4680818289962136
8.225950061704287
9.079285999292429
12.983310124418825
8.718823132349744
8.107744092161013
8.744945791863596
6.849840175613485
6.373053774663676
7.418994087617718
7.476990150539163
8.205101973122657
8.455190728636717
5.40301185945663
4.96239224496667
7.461903969233713
5.9288054829959576
2.9727071857020326
8.651483871795147
4.4135642985969215
9.894853108010295
4.206664060847333
7.198911137565447
4.338728588167302
4.5759245159594
6.652500070075463
6.553744828832015
8.170489435652803
1.9663365099804044
8.217727073196155
8.447831630918932
6.697810110069297
7.869551378038681
8.164412391940136
6.38486332227461
8.197676018745776
7.4714011081787035
11.9176484948692
7.2048660336803305
6.30216321381286
5.333747105290942
5.888300851203601
9.765974787923664
9.700146325887335
9.541966854747738
8.609192663214856
2.0672125588641967
9.646901654127113
10.483378635835308
5.310593568740055
8.934279505699644
2.844652441923079
11.098880871345346
4.816728367993391
5.787160160192761
7.196330972877815
1.9663365099804044
10.561565071985383
6.3642265200076436
4.696305312880225
1.958887438025115
1.951368071031113
12.32870564508237
5.229721568732505
11.841088926264524
7.506931780775843
6.83657940224906
11.440686447341395
7.65964935088561
6.603002773921643
4.08026545471526
5.9911606010933305
3.0870740008858006
3.4041679959221747
2.025054484932235
2.014357944192905
2.621936902080743
1.8246957178784264
11.23389989815271
5.171987700582905
6.66071356705747
9.210674954393252
6.556053613298841
2.556297628165255
1.9759572625401671
5.500890225999477
3.9509077176400615
6.3267072598817
1.8246957178784264
9.962290532372554
7.398841185122499
4.384113745330436
6.475263214121062
5.407920314734633
5.379843707122573
6.059473101160953
6.544034332816357
4.365690524895453
6.660293856668098
7.5464556151318565
5.094906467454165
3.4942764653817435
5.65242702979915
5.432890979943029
6.958963077128723
1.958887438025115
6.789216765699886
4.3323028688279255
6.171849370152415
9.647640509121318
5.488668942515763
6.5388445084471725
2.4952807054897277
7.9004735547056795
6.203041551390658
1.951368071031113
5.82428892398437
5.192795518924366
6.612998378369861
7.244227797133641
4.9903058527704145
6.828984840986803
6.981250736789162
8.161577710756836
11.143515390420422
9.197156442002234
2.025054484932235
6.612998378369861
8.482391836926126
9.467443852194148
6.608365831946911
5.660591498334899
7.090501687220826
10.823298063980737
1.3319016633807088
6.190977183327725
4.599698113328682
5.5007893150591
4.361011645454307
3.749272622598115
7.082195879545813
1.9790942354005707
4.768816312101115
6.246708793509489
1.9346352912384692
6.124596378491929
7.999598994732444
7.0029394292210325
4.4238344705814345
7.823087554525565
11.29889079909496
6.6370997585815426
4.93516470561125
5.036919268412264
6.442534415571881
4.771095211365695
11.301298039176508
7.473784386733366
5.49159321955596
8.504774673788381
3.3499348090227907
7.825084124367027
2.9758900222058857
6.086775904532629
7.965528172821097
8.68601353942359
4.4707701250372835
5.751323984696817
5.497242063095543
3.0953414823718775
5.631052960362352
5.7734862691341124
7.195014075505724
3.900438685222139
5.629002023013251
9.64898063398255
6.340833020144254
7.704713303769252
3.626937781328294
7.272430718854474
7.214244140335469
4.734328543635497
7.0348205960819
6.354082753331783
7.845138142154833
8.809464394398697
8.36563570235676
7.285903013153624
8.654109451495154
2.014357944192905
3.711209461346379
4.2328777536746145
2.097155652760153
4.667862576775256
6.737120835038729
2.017072256908339
2.025054484932235
6.81444803771262
5.951682491124407
5.363384944051869
7.429233397302366
9.805728967640263
11.899885957513916
6.196014976594559
4.491175624398533
5.817074268117148
6.373189969617878
8.48377879560723
3.2789943230060814
5.225890650105196
5.262832283525788
2.0079252003284953
2.152480344856898
5.893724663681949
4.94459211146205
3.5429159944749316
4.831758794427067
8.076468089925303
3.6355245510984537
3.786614711885289
1.9405321626116807
2.8801541977167586
6.91376584495393
10.001960903750032
8.227494146522893
2.999607115679512
2.1122866938972815
4.252770166234983
3.475446808581542
7.700302130207698
11.115024486246103
8.704006343271088
6.003135870361666
3.590777056424754
3.756870902353922
6.13472071685048
3.5026324373395576
1.951368071031113
5.767811117455638
2.31762479879771
9.875367965037995
4.49447654117025
5.113999318251075
2.0314022637678883
5.356950502650718
9.19032525808971
8.23041959125144
8.544247507669718
5.627605782852878
7.641453774908099
5.059525532729887
2.938164041311589
5.115868235414271
3.8370109697472152
2.3262999993680427
5.96694656279934
2.9369795462660613
9.629963910674473
7.122076183529927
7.1788867848956865
3.0580448498953934
6.259612052889397
14.754564833093474
2.014357944192905
2.0382266523672747
2.014809847984462
1.9790942354005707
7.5975179211781185
8.475560234828068
8.143166911953763
1.9790942354005707
2.0382266523672747
3.1306457478180048
7.3462410249887125
4.71102289020073
5.999229245121437
5.278222333169713
5.474132425718165
9.069278905970585
1.9759572625401671
2.1122866938972815
4.258675760261647
11.310983194191039
4.378551112117024
5.189075709958117
11.993837662201374
6.509974203800134
5.523412946683925
2.274774677792777
2.5628872491663635
6.1251506159509805
11.08399462693237
9.141728071082992
2.0079252003284953
5.337742640628815
2.1539921598652616
6.879785170183789
4.7245390146421125
4.015783759653593
3.4696205237651587
4.114861330284641
11.287511801448368
3.139752631646666
6.465623889486257
6.043289999071595
5.847813043351173
2.165201858962135
2.026740609023192
2.014357944192905
1.9374733824057337
4.607576841050325
6.958744451553664
6.654241692188231
6.0173083663060325
7.699748975658669
5.200218177750705
7.107981621504866
3.6079762687988195
7.0174915118394185
10.229503488848412
10.847428188498386
7.796056848291563
3.4215047934663105
4.26563217423676
4.79474140468477
8.084926911636455
4.110344514763655
7.738597974171304
5.569212434214281
5.071062178516268
4.731158059956834
3.6011501432950936
4.346326283955654
2.0451133435589455
5.457372496014372
10.117971112725959
7.604639690793394
2.6530421646036157
6.204008758928377
3.68831987280374
2.7445102123833713
5.805696951320071
4.868314942750911
3.318377751646559
6.550499572741028
2.0314022637678883
5.515607031014825
9.119675447164862
5.739286338675419
16.18549094157343
5.159921974154692
5.660417926923633
9.653784271150636
3.885623079330594
6.3364280544454985
7.544495436200966
3.4302732704491823
4.181629480315602
4.143688306560191
3.1944621447567303
4.913416710395811
12.020442939020256
3.4881167343656516
2.5745360239451953
2.648650481943698
7.009825825254821
9.645640841587857
4.176507591680668
2.7974202069154464
2.4135932507889195
6.6058852657777445
5.022205340120156
4.971710219778953
4.837004569400211
6.722161115208618
4.606105646526802
6.0347848502663775
2.3973068883595974
9.999179223476888
5.978804805246355
2.542360207291464
4.841021820600706
4.985272586420129
4.658274567731044
2.129784544047751
5.875825699736178
3.558203714373787
10.083130142594706
6.9740472048780555
3.567917579620824
7.400678644926821
5.48107159480616
3.3310808171190502
9.520758172339868
3.3323089887453414
5.970927141655251
2.7364957012274504
2.946294163961565
9.788889767953174
6.0744156443215624
6.121415903599952
6.017181120548928
5.385960640911177
2.3744361267752683
5.2856024499508845
5.101080924805582
7.782439464092022
6.377741627945221
4.2858997310859355
3.3369463216677855
2.750066095967565
4.689023365056534
5.73402424492196
2.5928570892191214
5.921812157921582
3.427383869515574
4.539787271066738
7.923801062451938
8.644469871549484
6.342636302244577
7.840307105031745
2.43425892174929
8.19330410475403
7.9943589270984585
4.481357385247866
6.720147273588302
6.193880967638959
8.699085857641055
4.354633279370044
3.9318109605988063
4.013897003060826
5.275815651636849
4.080262911819311
5.025711958114656
6.465557987829215
8.10590412732832
8.19726065887775
4.573252687111714
5.150013124602721
5.247515630386695
3.962835803974306
3.8921770533510127
4.057813358400124
8.089811966909508
6.5527124959575485
5.1227767465395
5.439416067299628
3.7376191402988854
5.355121592858307
10.03550526754111
1.9647429419747882
1.6861233359491485
1.9278213078716033
4.337158226863129
6.792156178820239
8.139498757386233
9.76863804069734
6.3254708080757975
5.619091505984445
10.569025884223828
4.496043190053346
4.32521947518272
5.195201252022017
5.204795698218652
8.06124869116903
5.088837198389743
2.5362345675621962
7.098301410013305
2.7860014093502783
5.75203209808264
14.004939078533347
4.5027551581345095
7.498084466206797
4.689771577670558
3.506301957484765
2.0738179302688513
4.533173802820262
6.938840867881004
6.868156188377426
6.102836600056589
3.4918515194742326
8.953739124949719
12.390437287306064
6.167877502517236
2.781708781988009
5.4703842360243256
0.8401608784919867
10.249365587439856
7.78666503556606
3.1207352783342843
7.678812274359193
4.749756498115893
6.292452569091268
5.382003554521547
6.285285747346364
4.564395386793928
3.669120485263117
7.03903973055968
4.3520164223419
