4.9092336
3.5618925
4.892613
4.5052958
2.9742336
4.6909866
3.610862
4.3928413
3.1793215
6.312727
2.7708735
3.5057285
3.384915
3.5827856
4.069143
4.1585674
4.895155
3.851712
3.7116542
4.4516864
6.4950714
4.8358393
4.2041287
3.9169438
2.7433302
4.6083393
4.1628995
4.085767
3.3703969
3.672183
4.0450377
4.123503
4.182
3.0793333
5.1249394
3.191894
4.3470855
3.9871936
4.285623
3.4455755
3.6861308
3.5452733
3.5863423
4.6311245
4.602186
3.6197572
4.4585238
3.7183826
3.4244103
2.5279634
5.6118317
3.5687
4.7871447
4.3880863
2.7973468
5.29421
4.310143
4.135996
3.0765877
4.423273
5.018771
3.645164
3.681398
5.39508
4.5401897
3.9081063
3.6597397
3.6193075
2.5848348
4.342965
4.7661557
4.3751616
4.8515224
4.7690897
3.944809
4.1754675
3.7725205
3.8795917
4.004245
3.0355659
3.4690046
5.4030724
4.7110224
4.177806
4.1893406
4.575074
3.5485554
4.2085414
4.0069695
4.7117934
4.0383906
3.9548879
4.3637767
5.3120522
3.3837633
4.6489367
4.4555426
4.063855
3.584418
5.210456
3.8399289
5.9012494
5.346748
4.62438
1.4572773
4.316636
4.6358175
2.7989755
3.4598002
4.0112014
5.6892066
6.9246798
3.5133433
5.1653395
3.4365275
1.845679
1.7577264
3.641029
3.9545047
3.949634
4.688265
3.4071655
4.216017
4.385355
4.224624
4.798233
3.8739986
2.98189
3.7786539
3.7913804
3.5729015
4.1232414
4.603741
4.5585847
4.5628624
3.9852326
4.5401816
4.430029
4.8277845
4.0950937
3.411202
5.9308033
3.8279924
4.0885
4.4861975
3.654744
3.977719
3.784175
3.1383576
3.6256168
3.587504
3.9904006
3.4000149
4.4834633
4.6892548
3.55594
2.1752229
5.0305805
6.6595716
4.5956774
3.629964
3.750219
3.7375667
5.3514056
4.9801717
2.7941675
3.6304953
4.2487617
4.36919
3.3832076
3.9818008
4.272357
5.4923835
3.6569803
4.096841
5.0941315
4.3978376
4.8898296
1.6777829
3.3410218
3.842441
5.0969024
3.3175075
4.983564
4.005821
3.0583227
4.8160324
4.0628357
4.228209
4.859408
5.548768
3.655208
2.2200413
4.140937
3.4573376
4.1778417
3.4197288
4.152397
4.683365
4.335659
3.0919292
5.1338186
3.7066255
2.2413826
2.6264782
4.2138186
4.689288
4.8978796
4.049561
3.96504
3.5466948
2.3748403
5.402545
4.6613665
3.0954914
3.9456403
4.1340404
3.8122654
4.6878676
5.123601
4.2991753
3.822859
4.1436014
5.279724
5.6559987
4.4281387
4.9700127
4.676487
3.4709783
4.1448107
1.4334629
1.4217072
1.4961634
1.4529662
1.4572773
1.4290302
5.301709
3.9758446
3.5653908
5.1882267
3.9462187
3.3394573
4.897978
2.2230916
4.557101
4.009548
5.046982
5.1160393
2.1666694
3.623572
4.838617
4.5074973
4.1211405
4.3334723
3.8399334
2.2754436
3.623572
4.012583
7.9402523
3.9258723
3.0660617
5.9673977
4.3197546
4.606013
4.525787
3.5660043
3.604635
3.4286776
5.9832673
4.075782
4.6110125
2.2140493
4.4912167
4.9326544
5.974339
4.704649
3.811491
4.620746
3.6202254
4.1053514
4.058617
3.3744786
3.6186457
4.4616175
3.4766774
2.9277325
5.4192333
4.62241
3.7858598
4.342246
3.2785935
4.171429
3.6632488
3.9169438
5.6695766
3.4094844
5.3755655
4.197522
4.881303
5.33185
3.7672355
3.9983523
3.556501
4.7188063
4.1679163
3.7209496
5.2366543
4.858194
4.2502556
5.7760396
5.069487
6.396108
3.4885373
4.2792187
4.0418644
4.305298
3.3903723
4.416019
3.57411
4.8555646
5.1575913
4.779516
3.595556
3.937562
4.322988
3.8076224
5.9186635
4.436658
3.627645
3.7952454
4.7398067
3.7893689
3.1589496
1.472244
2.2957304
4.279731
4.4090147
4.531337
4.0931644
4.489729
4.732069
4.15221
4.1090927
4.115574
3.5454605
5.182617
3.4760761
2.9759886
3.9119802
3.3968234
3.262171
4.098419
3.5288494
4.4240384
6.109594
4.481146
5.168419
5.305536
3.8044608
4.0305147
4.674631
3.2210548
3.4134543
3.3651805
3.201104
3.8446195
3.978698
3.564722
3.7860885
3.904563
3.973006
4.8999357
3.7160892
3.7772853
3.4629824
4.701236
5.067639
3.453725
6.18163
5.275179
5.4958305
4.4551735
4.525573
4.4967675
3.2610373
4.4504786
4.4754386
3.8314276
3.7434366
3.2082794
4.705682
3.5574205
3.7849536
1.4529662
3.567988
4.290078
4.388404
4.4152756
3.2082794
2.5738587
4.458695
4.704442
3.9843109
4.029156
2.6062818
4.486871
5.541785
3.1378622
4.155283
4.9359565
4.792025
4.736532
4.279997
5.453026
2.710555
2.5124907
3.512189
3.542608
3.4480343
3.4697382
5.245089
4.008658
5.128723
2.7749033
4.7644687
3.5348024
3.5810168
3.736579
3.9649343
5.397818
4.4144773
3.2260036
3.860078
4.310052
4.161005
4.980552
4.215871
3.8932674
4.3303556
3.5004203
3.884947
3.5202956
3.0908635
4.618555
5.7027955
5.1910434
4.0072556
3.7234867
3.6115077
3.3366492
3.364748
4.616016
5.375607
2.7559547
4.3169127
4.761259
5.085421
3.0224254
3.491444
3.4789245
5.4660654
4.1643515
3.2717333
3.6908216
2.467976
1.8654777
6.384045
4.1817875
4.1798954
3.31445
4.4145947
4.0740294
5.2818146
4.286108
4.6047115
4.7203546
5.423045
4.5266485
4.039628
3.0543892
3.6294963
2.3842702
1.6258965
1.4333901
3.9388123
3.132957
4.509628
4.536384
3.95017
5.297309
5.698182
3.4220674
4.084877
4.744632
4.160321
3.7491875
4.8493605
5.1320553
4.619321
5.1808934
5.0838604
4.175346
5.6361437
4.324841
2.4991488
4.3079567
3.5618236
3.657396
4.199793
4.0702057
3.657396
5.3160834
2.9564612
3.7182987
4.09342
5.7093973
3.5910542
4.5618067
2.914713
3.0869682
2.1715417
4.1879387
3.814392
4.7255344
3.6981735
2.723677
3.841291
4.0948534
4.4832344
3.3609548
1.7933748
3.5959415
3.1328456
4.5468755
2.6469884
5.822271
4.2904463
2.8647237
3.9577496
2.7767148
4.055891
3.756735
4.5731225
4.3741245
4.2137527
3.8024318
5.2679653
4.4171715
5.4353676
4.907245
3.743653
4.554467
6.222891
4.2929277
4.2757273
5.5785604
4.035886
3.6091597
4.0249267
4.1984887
4.3803787
4.554864
4.0220466
5.164301
3.228281
4.255389
2.9275558
3.7719052
3.626023
5.151677
3.5866578
3.775789
1.4771103
4.772831
4.308222
4.544371
4.225498
4.4514837
5.0978117
4.623233
5.2435694
3.663199
5.35019
4.984746
3.6224825
2.9562478
4.289405
3.970395
4.5858994
3.6522923
1.4746997
1.6073107
4.271491
4.0031977
4.6353564
3.4352145
3.9047503
3.7567809
1.4237269
3.282534
4.66705
3.5972633
3.8657224
4.7576313
4.6749306
4.2984114
1.8957572
4.173559
4.716691
4.201837
3.367451
4.695255
4.302185
5.0305524
2.353231
1.4334629
4.019446
4.896735
2.781215
3.1378622
4.101458
3.0548122
5.6522326
4.3236675
5.3602653
4.1415462
1.3594441
4.0693398
5.1378717
3.8435147
4.095548
4.2448974
4.158964
4.2311788
3.5441525
3.3605242
3.8474178
3.992641
3.1878514
4.827495
3.308264
5.547976
3.8405757
1.472244
5.1390085
4.120243
4.4769526
5.68393
3.4880912
3.1489344
1.30738
4.0073013
5.1656747
3.536104
1.4217072
4.1856675
3.3335776
1.5381597
4.0065856
3.4482884
3.7200959
4.021162
3.1802382
4.404958
4.559636
4.7855206
5.404237
3.983738
3.7242084
4.264753
4.138369
3.6486058
3.907086
5.3475814
3.9850109
3.5618207
1.4771103
1.4586473
3.7784894
4.1201544
2.3438234
3.4453416
4.67306
3.0771444
4.520974
6.597862
4.3908005
4.1631002
3.0568135
3.6326277
4.1725063
3.775551
5.2082763
3.3715832
3.8087642
1.6073107
4.767008
5.135914
3.9930162
3.7406201
3.4190197
2.981443
4.8066306
4.0240483
4.450379
3.2794507
3.5538797
4.2429333
2.076095
2.8502927
3.729698
6.4226694
3.3643517
5.7634563
5.5408573
4.842187
4.1521664
3.5513387
4.2606077
4.5089884
4.8473835
3.3595407
3.5594606
3.8879228
3.0576649
3.2986321
1.5667322
4.152397
5.755288
3.1878514
3.3607223
1.4961634
3.5355153
5.468981
5.242173
1.4572773
1.4217072
3.778496
3.19165
6.376236
1.7357932
4.098509
3.503871
5.9470577
1.4961634
1.4102557
1.472244
1.4333901
4.3699923
1.5087861
4.434266
1.4290302
1.5087861
1.5381597
3.670939
1.4746997
4.4025993
5.2383866
5.2856913
2.9026191
3.8719378
5.802308
4.2508907
1.7030091
4.2204986
3.8464885
6.600996
3.7567809
4.125045
3.4288635
4.4345703
3.8057241
5.2089887
4.065714
4.8264704
4.3871384
4.7381926
3.080607
1.4746997
2.0289109
3.781136
6.8123145
5.4616127
4.9387736
4.168248
4.463065
1.4746997
1.4217072
4.2220316
2.7649395
3.137046
2.805816
3.8725462
1.5381597
1.4290302
1.4746997
3.9097795
4.6103177
4.7554793
3.4840531
4.919965
4.5350866
6.3234377
3.3672264
4.0171165
1.4334629
4.952176
2.8529422
5.35255
3.9008057
4.626818
3.424608
2.8312774
4.6291084
4.69323
3.9492784
4.002517
3.4250946
5.4405093
1.4102557
4.934993
4.9454846
4.999686
5.1817384
1.4217072
4.9902487
3.8534513
1.4529662
3.4601686
4.100769
4.6606646
4.8955207
4.2655773
4.530039
5.579561
3.8112652
4.102108
6.364697
5.7096314
3.7990403
3.419564
4.1131544
1.472244
4.0358677
3.5832655
4.454705
1.4290302
3.4397714
4.832283
4.2654963
4.4299393
4.625387
2.078309
3.2266858
4.157857
4.0755434
3.33831
3.3574188
3.18715
3.7225027
3.378281
2.5006814
2.0836792
1.4024588
3.532265
2.882599
5.3231726
4.9605775
3.1919532
3.808265
4.6280785
1.8927864
3.7318547
4.399549
3.1521974
3.7024028
5.329972
3.758312
4.050217
3.158586
5.211241
2.91931
3.6913457
3.5112188
2.8517017
4.730936
4.9531236
4.8394327
2.8438373
4.8252225
4.5057316
4.2260103
4.4757595
5.233958
2.869868
3.8244355
4.592407
4.9212637
4.591873
3.2361178
4.7714257
3.7125793
5.4625306
4.162097
4.688254
3.9854503
3.8889582
5.173379
4.304044
2.7735553
1.472244
4.720002
5.175173
3.9753358
6.179431
4.0834656
4.6003737
5.7705917
4.0452633
5.8450327
5.585045
4.4269233
4.6158347
4.0758185
3.9549074
5.558446
6.045702
3.957375
1.689166
5.3483257
5.00642
3.923005
5.2766027
3.2131803
5.183745
4.1396055
3.9759436
5.599011
1.5087861
5.907139
3.4148242
4.0111866
1.472244
1.4746997
6.192673
4.6398926
3.1695993
3.647313
4.3919926
4.5453615
3.0144825
3.7024848
3.539988
3.8396966
3.0775907
3.9185445
1.4771103
1.4961634
1.4521226
2.031753
5.5973673
4.342249
3.9767547
5.6206346
4.04078
2.493631
1.4823713
3.433541
1.7269366
3.7413554
2.031753
6.1151195
4.4613895
2.599707
4.622895
4.409355
3.860582
2.446208
1.7573504
3.390388
3.5525594
3.6244328
3.5127573
2.1993794
3.2848585
4.6349707
4.069072
1.4823713
4.3494387
4.083269
4.964585
5.784429
3.3681395
3.9175417
1.7142419
4.341365
3.9595609
1.4746997
4.256047
3.5580013
1.5926688
3.3990476
3.7467058
3.840358
5.276482
5.2311454
3.4336376
5.8054767
1.5087861
1.8886353
2.7423224
5.3955965
4.7838535
4.8503947
3.641057
5.2637715
3.8241193
3.7049177
3.4179616
4.9150043
3.9957511
4.2759624
4.4043837
1.4961634
4.5571184
4.049035
1.4024588
4.013377
5.649506
5.430866
3.005627
5.3012304
6.039549
3.8214867
3.8656251
2.797935
5.072143
3.7591083
6.337717
4.600076
4.718731
5.741464
3.2697392
4.9970155
3.4368901
3.3785133
5.1340313
5.7778378
3.7420266
4.046898
4.514272
2.1180418
4.549459
3.8014612
3.6446617
2.353231
4.93892
3.6499815
4.2789903
4.452376
3.0835402
4.4810967
4.6464834
3.6747315
4.3288174
3.7247388
4.541162
5.5197687
4.9953384
5.4288387
3.592472
1.4961634
2.6257393
3.1371806
1.7599258
3.4241848
2.7744699
1.4290302
1.4217072
3.9575732
4.721181
4.5861645
4.1534395
4.3494053
4.487496
4.476593
4.002515
6.1124353
3.649977
5.111479
2.4926064
2.6471424
4.449121
1.4823713
1.7599258
3.4161904
4.3839784
2.871371
4.6278467
4.357688
2.1131248
3.3272173
1.4217072
3.719814
5.017398
4.389002
4.5943947
3.616541
1.7940077
4.065306
3.4932199
4.768142
6.3146033
4.605583
3.7837315
3.7453725
3.1442585
3.8455496
3.6968713
1.5087861
4.4865427
3.0854428
4.474635
3.095423
4.034328
1.8432162
6.064163
4.431308
4.087471
4.424591
4.9913807
4.521944
3.4741096
1.965517
3.5452402
3.6146731
2.835229
4.288534
2.3810267
4.309621
3.821323
4.431508
2.775934
3.930148
4.38246
1.4949191
1.566304
1.7940077
1.472244
5.347549
4.49602
3.9803543
1.4823713
1.7940077
2.7431593
3.9092145
4.6310196
5.0145507
4.583478
3.6277447
3.4064164
1.4334629
1.7502754
2.692163
4.113086
3.5496514
3.428622
5.0242887
4.081704
3.9608471
1.4129732
2.7111757
3.0715768
4.350086
4.679532
1.4746997
3.9469888
1.7452484
2.961706
3.7467737
4.0065536
2.076095
3.5911646
5.2913566
3.4565969
3.3313236
3.4029522
3.8404906
1.566304
1.7452484
1.4949191
1.4949191
3.5532067
5.134291
4.618314
3.6446562
2.9346256
4.30793
3.076692
2.0140991
3.8557262
5.010683
3.888745
4.8637633
2.705763
3.6782563
4.438884
5.346683
4.2350554
5.7969637
4.562125
4.366221
3.9160473
1.6193985
3.6169143
2.0380328
4.0701113
3.384264
4.941903
3.0678766
3.1041443
4.861887
3.743503
4.3006287
3.7195575
3.991946
3.0939226
1.8034625
4.222804
4.367018
3.6786294
5.010683
4.1411858
3.8335953
4.31522
2.5668297
3.5697262
5.0190587
3.849539
4.276383
2.988831
2.438658
3.811509
3.563354
3.9330342
3.6584392
2.1180418
5.060109
6.272062
4.16493
2.8558824
1.8797106
5.4665294
3.4890816
3.7915459
3.1936536
4.206129
2.0631537
4.8503814
2.540435
5.2174416
2.1243293
2.5281334
3.9169006
2.6122406
4.3228173
2.0920155
4.5714993
3.164907
4.7137294
4.3336897
3.8621483
4.670549
3.0469778
4.497523
3.980507
1.8927864
3.6108036
3.6018062
2.410285
4.9976606
4.918747
3.3115666
3.848158
3.2186878
2.5165348
2.7446442
3.7609763
4.3001633
4.4062586
3.4693334
3.1143548
3.2351928
4.544765
4.425817
1.7269366
2.4826732
3.7123916
2.9881518
5.531644
4.507703
4.7712445
3.0986254
2.1828635
5.9815445
3.6622548
3.9333558
3.736689
3.534925
4.611292
3.5504036
3.40708
4.325556
3.6597543
3.0058105
4.572677
6.132303
2.0582695
4.858342
3.497344
3.812995
3.8984308
3.5647676
2.8152635
2.8726861
4.2817197
4.159358
3.659439
4.301333
2.7118082
4.2009764
4.9086003
3.8412795
2.7537768
1.4319893
4.270963
3.6808465
4.5642133
5.519502
3.9898434
4.320568
5.3150954
2.9742227
2.9780872
3.6249588
2.7713284
4.7219543
4.1796875
3.70261
3.377429
1.836459
3.3114805
4.560873
3.7795312
4.118758
3.6488352
3.4752123
2.0057204
3.478414
4.1450996
3.8838615
5.141149
2.8202593
3.2382255
5.059743
4.8388023
1.845679
4.4301214
2.3713048
6.3102527
4.4708567
4.133853
4.9155154
3.7798018
4.602297
2.9098828
4.6643906
3.514623
3.4475925
4.07858
3.5094004
