3.2415840989464595
3.3409360441922544
2.7710056876252556
3.1510696378082352
2.9339473511083636
3.353485030761003
3.191610392549329
3.279939938786002
3.046358064613123
3.0394145672567454
3.1616834256876287
3.328264190715014
2.9553294605864036
2.9013389710774784
2.9346750394070655
2.9706276326191965
2.9544485862421963
3.1290607556632493
3.0321291632298335
3.0012481110901392
2.974881614155302
3.1567277669025926
2.816077048851732
3.306512465690845
3.1190788937307747
2.7732092348104542
2.7076544257022075
3.2676558892564325
2.9485319627688207
3.0385895381333516
2.9012920371407627
2.90570560721124
3.164411617593957
2.848831125483631
2.529778839072353
2.948601148376801
2.987505314704085
2.958617244924929
3.1882633596814585
3.066168978936185
2.9062592638374785
2.8506848729410037
3.40374909279409
2.52020829003617
3.284213029256473
3.2732407899860876
2.294389647468952
2.4476529736052703
2.319961308276047
1.9045504983537642
2.3935300764176386
2.80050502717094
2.432718884576086
2.432718884576086
2.2827609283969257
2.3935300764176386
2.3935300764176386
2.432718884576086
2.432718884576086
2.2061733382766646
2.2827609283969257
2.7027750184993637
2.2962456605537165
2.469725883325187
3.3833195712993214
3.003972986324409
2.772436782132654
2.6335926025147307
3.2424759395075426
2.980077134572911
3.4175162975982283
3.213664492057417
3.066733686299463
2.87225140441584
2.9112453800318745
3.0817930094487207
3.322086245062848
2.982656898473034
3.2203425395658365
2.9919599917958464
3.2589645371916984
2.8072652833576552
3.2197216375397457
2.342953580637399
2.8885766905312997
2.4116716036634074
2.7732800062245935
3.2762065302249566
2.9974047587379675
3.0052736692025372
3.3628089155993357
2.9601471920589044
2.8382742114385637
3.000502767065916
2.971193288426267
2.964250974168063
2.9265656942442413
2.8760772508750483
2.9537841995360536
2.8778943592842636
3.2918239562666374
2.0161956023715564
3.085026156795166
2.8555589613777532
2.998602370485926
3.132649965892053
3.393666253874357
2.9987246977667565
3.184735446556804
2.888993157200326
3.2713621369471606
2.8829922469343265
3.234912348841583
3.4826932004129967
3.180977988129556
3.07965893091745
3.1801209749147987
3.0846406136787916
2.447580204060881
3.103264991374288
2.917677377653351
3.215719818253082
2.937142646013451
2.837462034820405
2.9627280376389122
2.8315336158253497
2.8391276111757073
3.0722327146132042
2.188212027886739
1.8566352572236713
3.3366505883709854
3.1129836389604457
3.134033976271971
3.2176269710839627
3.185475456542051
3.3101897545835115
2.8151379811225534
2.497412935364003
3.593271047761406
3.362065375352101
2.4751321382847844
3.3053479794490133
2.754312253149621
2.683084244644923
3.067148661066624
2.765160844793959
3.0199963089768964
3.2935940965463915
3.233959327879185
3.0365324437201924
3.2362730324026305
3.1827887000830657
2.7921040197565272
2.8670635850990274
2.2029827533375737
2.6503985049433125
3.3308231809435433
2.933388980675912
3.230509903763894
3.0366099194618985
3.7168345235010403
2.513270930991161
3.326423416278743
3.3514480156194915
3.2057379361547658
3.2032977764470556
2.9272592921589076
3.0404566220912423
2.6810127200708256
3.035089229956322
3.416144407469575
2.9455431770274574
3.462884143916065
3.308828072955236
3.111017384464094
2.6732579600623483
3.274679203536535
2.54719515798892
3.066067425971021
3.318239336180015
3.8085104376333003
2.4905990225513137
2.7158945445805593
3.274465845550755
2.719758775725433
3.0486901657649184
2.857304046252241
2.2669119645622753
2.9247456843603215
3.1211317598319925
2.84978658720822
3.1245033473622508
2.4345103817992966
2.887175999619736
3.0550353150724074
3.040678632583775
2.066129438065329
2.814276794712492
2.936062818495401
3.269359413206754
1.8561704599713522
3.305307414777655
2.958742359001057
1.7211233515687563
2.2044994335800814
2.367608401470429
2.495076624824593
2.5837109493436548
3.2952541975414187
3.100888850760235
3.047668395196839
2.3250929518521275
3.0202966563344784
0.6682174857582687
3.063922221619386
2.4404334860133443
2.5846649482341775
3.5671640286476136
3.0247377349404148
2.2413179925982516
1.8420396042046683
2.7138080570106515
3.07657280897751
3.180599412884782
2.8957122499635415
2.472389004648132
1.7652900724533447
1.8203151996879612
1.952749307703835
1.9045504983537642
1.7652900724533447
1.7652900724533447
1.7898827406047328
1.8203151996879612
1.7495835828604336
1.927557837915747
1.7898827406047328
1.7898827406047328
1.8203151996879612
1.7898827406047328
1.7495835828604336
2.5758423365482432
3.0742256128083287
3.10994156085916
2.838750694388183
2.6397473202573782
3.22544764668772
2.9969862826686624
2.8918426792816123
3.091399258495681
3.181480862008739
3.0886229090154704
3.0785909360023105
2.026329446057231
2.409087027597794
1.8504290314510583
1.8192612063313243
1.952749307703835
1.8420396042046683
1.8015698272110856
2.0086469193488763
2.329254330689756
2.561048771970159
3.2051913317847633
2.6225350096612456
3.385426161699224
3.3619040209255204
3.1410565522909555
3.039583558220016
2.8972904477633348
3.154232623212725
3.2905012555466917
3.204297798553553
1.927557837915747
3.188579991692219
3.016619998881033
3.3147595611237093
2.8846799216438597
1.7898827406047328
2.3566339377936187
2.6273993889530995
1.6676718207309704
1.968017812555925
2.511322268377996
1.8420396042046683
1.8420396042046683
3.0771968661595164
3.3961556170630733
2.572813437319375
3.048047772381546
2.9882679766862936
2.9188107620810184
2.8538860819555656
2.98061128757466
2.8808831707738443
3.0530485303513744
2.3870547460207345
2.950527349135794
2.6920775186008887
2.7140830707822943
3.026593118657287
3.5751105000628067
3.211627203511229
3.4144674501091683
3.1797421117670974
3.2557433658452886
3.257640856903779
2.863865381911208
2.785770595731993
2.680315860117855
2.64432102709155
3.0963664823708092
3.319662186007934
3.2806282539737768
3.071546196178693
1.8192612063313243
1.927557837915747
2.680975200914892
3.0932552665802406
3.0179235330853804
3.005767349855624
3.0374816075931377
3.1529343804370646
2.6321545031895797
2.936251411495047
3.287075407941608
3.0924780930549014
2.8851039480648413
2.8866968083048903
3.0450372943509
3.0599221651822583
2.9801757543985414
2.698552451144401
2.7373153490519258
2.920425665403049
3.235576328553237
3.075184102383778
3.016210819524353
3.29485924120172
2.9944560300950016
3.0438763053305298
2.4170050910227734
2.988629297454604
2.386281604136543
2.5040711780636107
2.527906786313769
3.344296512994823
3.4349339707620152
3.3706554543838285
3.447533502880743
3.076229416425708
2.8900221002466187
3.1685272764006496
2.1985811913623627
3.208274633072113
2.7085390852793876
3.5162304183066304
2.6664700909175747
3.2547154616903344
3.4805757633341217
2.6967002680461953
3.141059652130281
2.859313758266347
3.439445700321903
2.5917190180719802
3.360232723219903
2.9258281622438833
3.395086399263075
3.1920425912574895
2.4001811965555695
2.670423094817784
2.452226093006701
3.55490893911962
3.5432043105848146
2.864828931613622
3.005685594420856
3.3076264381362863
3.031882018112912
3.0922044195680054
3.026212133760987
2.777930487846625
3.1565383172817683
2.872742293300176
2.490752789167737
3.301964718055488
2.9700672688646494
3.3784072582647258
3.052628190962366
3.0760013080133204
3.601321700500502
3.2628133400755353
2.6642761038128193
3.3282007017092567
2.944692775109431
2.5970318586990486
2.0447021545937902
3.311553514262031
2.679917456577709
2.709020831684615
2.8241285202255644
2.8774218235287576
2.7391883511192763
3.29589896470675
3.1382047000544127
2.8535499072163275
2.96287842958742
2.5438623434123846
3.3054971352557305
3.3676939537300723
2.3839623211819236
3.015026596079465
2.5031465498104564
2.1201499098321186
3.349315842959619
2.651001377071845
3.900043145705335
2.978801792709436
3.084860313592704
1.8129124575592717
3.371853432011734
3.289597607220994
3.389995555119887
3.135521957225537
2.51203318367216
3.379907361560714
3.262494253508254
3.451717722499429
2.9017912782235684
2.7246098535216414
2.5463294814090083
2.540895339412239
2.9539216145712985
3.014740523147896
2.053764648207932
2.889241907729439
3.248429235620103
2.6119388316077026
3.1050620195144836
3.034651449611444
3.606629940161739
2.958772454357509
3.2839844489249637
2.2844145452556277
2.3991314565640156
2.2870055087164665
2.0006957245115062
2.79474075624778
3.0800041807793765
3.150294337667518
3.2248236681761058
2.9858198952520723
2.0722860166604335
3.173441105856606
3.1819724851084192
3.1935824830850246
3.0536311649495618
3.233192991527546
2.7138257417723386
3.1000426966720123
2.908027789812531
3.013493759306489
3.169776654955629
3.0560006725764643
2.3436792439858354
3.2723899546193995
2.9721629815306287
3.247837870962602
3.0169592769798097
3.1574919232041796
3.4948171433565927
2.6807774978322194
2.468542577215897
3.235154309759492
2.702867863447667
3.0286429989699766
3.151542236905843
3.1256773217895426
2.259641844413484
2.780375168494489
2.483941448614887
3.5855894888520305
3.544198880710763
