2.752998783159439
7.0803557109711175
3.8090481701831562
4.90221049902935
7.36989418088986
1.8861485068980886
3.027687262171557
1.8619632949890121
2.362224014998612
2.64802238452355
3.707770116019228
4.8721954192967765
4.956334102896697
3.9087333559391264
4.225546297333424
3.205021177101533
5.052073438402075
2.720408572505352
2.6326582294323626
4.35874298449324
2.0214912745336746
5.201467136703697
0.7141067090710658
5.855415138576526
4.060456356415722
-0.708638961543973
3.386267352179846
4.771588524371988
2.8405365899095503
2.9509390646615623
3.03362825955453
4.35965243746705
5.971860062564016
0.7874237332363944
4.06840533796719
4.38657072408676
6.082564527031136
4.786018701094034
6.328104179303346
3.6869191292089853
3.02024289690174
5.650465790717663
3.6892579166041775
3.665347022809048
4.74292478254444
5.208743754130926
7.807585498896296
6.348027383590942
0.8346674769392759
2.0252058151318577
5.090498422958
3.5522118880970655
4.093988588341667
4.0140994623745545
3.7269123657268883
5.199855642898088
4.014459856473708
2.928114579679394
5.191642691852096
3.442283361354794
1.5342566530306596
1.8770495392546431
4.618936162245737
3.0115641303258927
5.490689870494231
5.498857601173258
4.265958288210866
3.921669097640015
5.290125976998198
3.9359000088239977
3.525673196211002
3.3903061505131014
3.4634990348190673
4.852917471711546
2.9175489143985938
5.039262702701632
5.658965747901223
4.152488190448654
4.194088169906377
4.6959715374860185
3.1728737420457045
4.093478277785659
4.572065540481836
5.073752911431363
4.251361165225803
4.730434700361917
4.07621424437715
5.782722669282343
0.7415134891229556
3.6434946553899166
3.021873383069633
1.836325846061489
2.682603410605352
3.976033148793887
5.713395312799194
3.3802607579749058
4.969344260836452
5.0579194275937045
8.139001265871084
8.085196034804254
4.831694509151372
4.234184777913232
2.741324845750578
4.454450871400428
6.3311505364347544
4.1780055024366565
3.166734936363102
5.3606611992103845
2.0159554982338626
5.654341354915833
5.545797591226
5.545797591226
4.074211882460441
4.035178773730489
9.489814533459581
1.8381494884569503
8.208132598672657
9.452791040337065
4.030658099494038
5.016680347006158
8.625496969048172
2.8961332280411543
5.322830764693603
4.306831690137149
2.85678232647675
3.502703374431237
2.5128202028548143
3.9854237383111526
2.1839432077077605
4.985167815470452
5.509239744515658
4.753179554708396
9.651749197252023
6.818594493071127
7.955182771644161
13.06316273788335
3.2167584858654577
4.518723371790492
3.276181555064116
4.157847100476429
7.229856147251695
5.538309910931366
11.369355995413367
7.653438909470838
3.902940545207326
3.8886225916299257
6.318747491827088
6.984679759149175
3.707976621143932
4.943369976905684
5.325123966991829
3.190745228447235
2.7849370436349727
5.039188758999185
5.742087737936236
4.661546847167673
5.081481549033355
5.8418238485982386
5.076609497582825
6.83242940276706
5.943815594469976
4.176184397803788
2.9346765585613626
3.804036040009502
3.6737372510999458
2.4579598238603033
2.132874671745198
10.610054808492142
4.7107326432746675
4.130642534405643
7.021245748049873
5.150229337827612
5.603973584044405
6.809185011554298
5.316171022622505
5.467400977407243
3.1030578919621004
5.997995047168596
4.594396829356042
6.381214488697424
4.186726194600292
6.2792947667485315
6.601159534199409
6.355551318133962
5.7635695216788045
5.788741561957003
5.861349335438273
4.571449700336305
7.119859603317388
5.359989696958343
3.3146521086531577
5.274038768509696
6.31169420770557
3.182917015570948
6.949635200251312
4.800801810017882
2.799057816449603
4.9250553778429
4.538076601254819
5.850759971348327
5.505918766415365
2.533393630214108
4.986679945824641
3.392228389706262
2.591829457294632
5.686045564112686
4.197260812852712
6.620230966026496
5.900779812934833
6.942730232219525
2.3241246375507107
4.551028794577543
3.001458599578646
4.826777868572521
3.11082879121149
1.9475431618157362
1.2108062641424495
1.6553349718438186
1.2700971600060245
3.076643422049798
6.092268128416218
7.007540652130724
4.254121806429093
7.593833942772205
4.533853566066449
2.5136336880329857
3.61883414718734
2.3641232466213022
4.926755825983207
5.808818974155388
5.963359059597917
3.0967101845756244
4.190800706533878
4.139622077507653
3.64802213013135
3.700370660212409
2.7926334850703256
5.85646963580892
3.422930595182739
4.4946798463243915
4.994762373539416
3.645220860588611
3.3632933267336727
1.437693293832875
5.058394228151615
4.7197281667386175
5.023523717486095
2.323045262139972
0.28127941902332076
4.8604164590610965
2.6172190211950097
4.718441526160518
6.132995294082392
5.206895885095239
3.708733185562147
6.842890934133406
2.9827681247740747
6.751483960298939
2.801839917630871
3.8304674067869784
3.8127560046823756
3.238284856957265
3.5549588053153034
2.6772842663202203
7.063063161939615
3.519408314507728
4.485676836547036
4.7428499800497175
5.283347083890067
7.207628185909737
6.871096534170706
2.2921056746265287
6.21634949935716
3.0332921735779323
4.265085543196819
6.324733755736148
5.707316178453718
8.094464665129971
5.253533311127002
5.281634679418601
4.299545433831518
3.8342998081855773
8.887660662508658
2.161021398346956
1.0603630316509733
3.694440953498524
4.116570824207883
1.7825886407043856
7.484029469033067
7.258508420283816
2.959274852476174
4.015871733506956
2.782810325674576
4.229664156601893
5.74240281034481
3.7207287274375247
4.695783605517698
4.831425749471456
1.9201077064883423
3.1451485036906157
5.708512098241571
4.37728909919429
2.663957307467068
5.514901786673756
4.656244630916541
3.0590891532009126
5.1150254288964145
4.644049408286593
2.981419058266201
4.281462970276447
2.289489955678675
6.175008975975261
3.349955925695361
6.970447779438532
5.688566659288693
5.555803670918621
5.915346239261902
7.0437884149198995
4.2421320330055226
9.275207544023303
8.768110329907836
8.386686310570047
6.991474323098814
0.8637626190009777
4.442813554734967
6.080405473996584
1.4526711554974892
0.13741629604631034
5.605890940677132
3.580006990274902
4.294347755178206
2.7384003207640237
0.9393875166899386
3.4819935287181734
5.696946023473237
5.782820198535309
4.780452847188464
5.8574378556931155
4.62121284225663
4.088218276896144
9.110022072391114
5.551732740013438
7.635567798109782
4.906490596857086
5.186782174077134
6.05837666857349
1.8931606767387315
1.5307736257168914
3.644859469079107
2.9104326454057494
2.0397292059438232
7.692236991762029
7.183008231054842
5.65282639570783
4.918115650056777
3.8081954686919692
2.577756278199134
4.581709070364685
2.274432850417703
5.413490564165487
5.4818382229045755
5.3667822769483795
3.5966555817911168
5.674060067464938
7.120219038720494
4.030782815568663
2.2764884325274686
4.475828967062841
2.6306598392356455
3.441736412361571
5.468753244589176
7.650995890188885
2.8182986428580477
4.156092529861318
7.000340432498554
7.225789859967206
2.0513472145481897
9.609577225760898
5.657665980768962
5.201580932218658
4.506652463055478
5.747905178613896
2.9688007019610305
6.5350238666090865
