5.0644855
7.63178
6.0401077
6.4372387
4.3079867
5.171174
3.2047515
4.7953587
5.0347075
5.8933377
4.575845
4.999798
7.3895984
6.7293983
9.08272
9.608023
2.8449152
4.9491577
11.136097
3.5993748
5.6224318
2.6903193
5.067029
6.907868
4.6324434
5.8956246
4.083463
4.235404
4.658567
3.55725
3.0383744
4.1341615
4.1312494
6.1824865
7.0267277
7.490496
6.4078455
5.528118
7.120231
6.054295
6.5727096
5.067063
5.868382
5.1609073
7.6045094
17.3958
8.636628
10.867611
4.1453667
2.5734801
6.2084484
12.716415
7.163645
13.726339
6.942349
3.9141533
3.620737
3.7808683
8.036637
8.307256
6.0252376
4.4994116
3.1474233
5.006701
6.7629914
6.870255
3.0692976
5.474405
3.5292568
3.55725
4.24699
6.4529443
3.9169612
4.080642
5.2386694
4.412194
3.9441705
6.6547236
5.3515882
8.092369
4.756957
4.6162486
5.9224105
7.870411
3.6765711
5.2279816
3.7974179
8.780594
4.846402
4.220544
5.987843
6.110608
5.093579
6.7768784
4.67453
11.526069
4.52529
6.2242203
6.10599
5.7121596
4.4164505
4.5679665
3.039077
4.1538715
3.5117152
6.1126204
3.7333968
6.0935316
2.2552137
4.1939325
7.3892293
7.1485515
5.3173747
6.543841
3.6889362
9.273372
3.6319325
8.23439
8.213732
5.340937
4.163075
3.6297047
14.867311
6.518514
5.2021627
4.1011457
4.5402784
5.433337
4.4802837
5.860751
5.096672
2.6121912
6.685623
5.6388974
6.3997498
5.084857
7.9257994
10.069546
4.0565386
4.2489166
4.31477
3.5900626
3.6389751
5.1017222
4.40282
6.189218
3.0308034
6.4997554
5.6906447
6.204826
5.9888434
2.167292
6.329231
5.4164762
8.766748
8.251991
6.3368077
7.327018
9.467971
4.152253
2.4860592
11.882049
2.6794732
4.435688
5.971936
4.3152685
3.2115645
2.8124015
2.8532858
4.504301
2.3744893
3.8026578
4.827993
3.3737829
3.6658695
5.616784
6.208977
3.9851146
2.7345166
2.6167722
10.456011
3.073336
4.094823
8.820269
8.0626135
4.470007
6.948165
7.4759746
3.4835916
6.6945047
3.5666814
2.5523717
5.5480776
4.375495
3.4346368
8.779805
8.113627
7.6069946
8.065346
5.249401
6.453949
4.420187
4.1409307
3.4812653
4.114211
3.5374079
5.2287636
3.608051
2.1743855
5.561583
5.396283
4.0674725
7.359708
5.918967
3.2026384
4.880631
8.579941
3.3827357
14.734831
2.9576051
5.2212787
4.359734
2.195386
4.700569
2.801511
2.9604802
7.934351
3.5751982
6.3372364
6.1969323
4.44014
4.678145
5.4478817
3.469647
3.181418
3.1795893
3.9432254
2.5211933
5.2977905
5.100724
7.2432213
3.2904766
3.710991
3.9073284
5.5272727
4.169401
4.3963156
7.657497
3.436897
7.9769006
5.7021284
2.9050944
4.792978
2.3600843
2.4860592
6.9727874
6.1817946
5.4724274
15.554972
3.261632
2.721307
4.9177346
6.5306544
6.7888823
6.034944
8.427146
2.5245636
3.6389048
6.042466
11.85745
6.224606
3.5835774
4.140315
4.698051
2.089593
6.5198865
5.3048453
3.0878985
6.951756
4.863691
3.9822278
5.785672
3.8712716
5.002646
6.1344595
7.094815
12.9117
5.1194863
4.517917
2.8598304
8.831254
9.463057
9.440222
7.6240654
6.702738
6.578234
6.4227085
2.2552137
2.6728132
4.8640785
5.094045
4.0805483
8.59209
2.5057604
2.919461
3.710233
5.7895026
4.2335854
4.7072477
4.4518623
6.0720897
3.8603575
5.214849
7.03599
4.30949
4.900364
6.299098
8.366133
8.1116085
4.2095466
5.031912
5.000596
4.8316073
4.992686
3.0167587
5.9698505
5.7015576
3.5274954
2.965598
4.334347
8.229303
5.7937527
3.7764049
3.6039166
2.9476202
6.1128554
5.331579
3.215213
5.1832895
3.7199447
4.1925006
6.5721803
4.986669
4.986669
4.986669
3.7480812
4.4912863
4.986669
4.0803204
5.1707525
3.0260608
4.9502277
4.1162233
3.4763699
2.8403928
3.6076386
5.456921
3.824275
4.603107
6.950249
5.552794
4.0061965
4.872699
10.273796
3.8600113
2.1310477
4.60876
4.183056
6.6543937
8.174574
8.028466
6.1576014
8.866859
5.1838856
5.232258
5.346447
4.0592775
2.089593
3.123311
2.9587262
4.1514683
2.956351
5.1144657
2.8275878
8.095444
7.4234886
6.617359
9.948427
9.693357
3.469962
5.359869
5.565852
3.082299
5.798825
3.7595544
4.364298
3.9854457
2.5504186
3.8976562
3.0012789
2.2878127
9.190896
8.852402
10.375667
8.68415
7.1194997
6.8834286
8.261946
5.176083
3.4036832
6.189179
6.3335023
6.0292873
7.5455236
3.324287
5.189306
3.8419878
4.352293
5.8294806
5.71514
3.8167515
5.366435
3.0795534
5.245364
5.84599
10.301546
8.638361
8.831533
4.2870083
4.1907234
8.3369465
12.303131
5.4211254
6.202959
5.529044
5.748094
6.292582
6.3709702
8.62068
9.9742
11.126999
8.3055
5.411242
4.5707097
8.251878
13.503851
8.6208725
6.0334196
6.851303
7.1291285
5.8732405
5.928295
6.310008
4.2361975
4.9997845
6.6373644
10.270794
8.716282
5.991294
8.288869
8.100424
6.399803
6.5107155
5.15811
6.5743666
5.43021
7.4209323
3.862177
5.548675
5.807784
5.6011515
5.5352364
6.8135715
6.0693
7.347047
6.84624
8.444983
6.0126843
7.2228103
8.227243
3.7694035
4.8086867
9.850041
9.230784
7.8275247
5.501558
4.719428
3.0960143
9.487843
9.871128
8.313418
12.317322
11.973315
12.4734745
9.761519
5.1290627
4.529911
2.3879042
3.998651
5.544281
3.1133335
2.7003393
4.77778
4.7421207
3.660617
4.0671244
3.4015684
5.1400304
4.018644
5.391849
3.1341827
6.0124097
3.5981843
4.513624
3.9822278
4.2449923
2.7934055
5.789971
5.3879457
3.7503188
6.472237
18.505413
6.062342
6.3915353
4.44817
5.0520983
7.740258
6.167997
5.8799896
5.239335
9.1471615
4.8353415
7.745695
4.5377684
9.653981
5.702501
7.1411524
9.615379
3.51598
9.318523
10.572343
6.410077
7.520133
6.3638983
9.083406
6.444682
11.97963
8.543984
9.079302
7.969973
9.773677
12.772838
9.164362
6.0944834
5.6709695
15.445567
8.9519615
7.6551824
16.753767
7.2706604
16.213814
6.8288493
19.43515
16.863014
13.028404
14.396082
15.498318
17.012856
13.633504
4.985698
7.8209543
3.2419386
7.500202
5.127123
3.0931625
10.272634
5.1532364
5.100425
4.789729
19.935026
3.7197661
5.963472
3.789619
6.0303335
4.4726033
7.5225325
2.8134947
4.6389117
4.6831446
3.2543075
3.4755769
5.9522676
4.0168085
5.654776
3.27341
9.870638
7.3306227
6.69083
4.0192404
5.2511415
4.9861183
11.091148
4.060878
7.9434958
4.8185434
5.943928
6.9382324
7.6264014
4.8853683
3.1689496
4.141212
8.11578
4.638205
6.197363
6.7312465
3.0525515
5.645767
4.8044467
4.2228103
8.702456
10.618866
4.4139705
5.9020715
4.4845953
9.946561
6.6736193
4.600577
4.5694914
10.573135
3.0432875
4.245222
4.9266043
2.6263855
5.350725
4.6866546
3.5289462
5.8840947
7.637091
3.36145
10.234431
5.358114
5.568203
8.345166
2.9172904
6.2230697
4.4616766
4.0192227
4.251479
10.47376
6.1021147
7.119022
6.1420283
6.327153
6.0051627
9.521202
4.5173097
3.4292083
5.1565824
4.9536314
6.170279
8.417788
9.180513
5.5340567
4.3066654
4.442914
5.3730636
4.1336193
5.758112
9.086876
4.5721364
4.9436083
3.4787197
3.9461727
2.6430821
7.9495673
7.841174
4.080281
4.0193043
6.540465
6.4242263
4.6496744
3.9136078
7.8585944
4.3604355
5.4717464
6.2399993
2.42135
5.9269767
6.7992296
4.2400265
4.955388
3.7652988
7.6049027
7.8863974
6.0124097
5.291162
4.9873567
7.4578137
4.6663857
1.9379803
4.8653746
3.5914807
6.428918
3.4016337
1.7400035
3.7343132
4.737631
3.7773187
5.99897
2.8445692
2.3372626
3.1366923
8.502217
7.7290792
6.978431
7.347952
6.0196238
5.689518
5.7798862
10.035207
4.089411
11.100811
5.3989086
3.839002
3.0049174
2.6317356
7.333916
7.3663616
6.2260957
8.665112
8.754597
6.85717
5.68112
9.231354
4.3606153
3.7188807
4.8442388
5.840909
10.704406
7.8619432
8.774578
4.014186
4.014186
4.0193043
4.080281
7.517398
6.290838
9.116716
6.347685
5.612104
2.8991823
5.5280704
4.697319
2.8814666
3.2405267
4.900364
2.1498723
5.8099947
6.7279954
9.859167
10.744765
7.91213
3.0556242
5.0615053
4.530593
4.79524
5.8593044
1.9536365
4.971931
4.9586535
2.6704803
3.35815
4.749929
5.955549
5.1808753
5.739007
5.2920494
12.45203
2.3930664
7.7979403
6.227462
5.6973743
11.565529
9.157342
6.9839344
5.3884635
6.72804
6.1395516
4.1525507
4.4870996
3.495242
8.395838
4.987289
5.7475185
2.0034966
7.1824083
4.6971602
23.071241
4.3838415
4.0193043
6.403433
6.584177
11.255452
6.71269
5.418782
6.7118673
4.3679686
4.3987937
5.489131
3.4214184
4.6982493
5.3455024
4.023138
3.8285828
5.7321815
6.2418857
2.865424
6.8632627
4.931072
6.233298
12.375219
6.4616027
8.519803
7.9035187
2.524489
6.4530406
10.664419
7.7920885
7.2213016
5.480669
9.327855
7.8593025
9.017951
5.9577556
7.597724
5.7676125
6.7461057
10.685254
6.4988194
6.09364
3.0799634
4.4994116
8.137426
6.7062817
14.457414
6.186407
4.525047
14.2240715
4.3265676
5.919002
3.9429336
3.699588
5.0051136
7.1239824
3.7069356
4.0697093
4.2536163
5.1248083
2.811346
10.091959
4.8036036
7.7455196
3.970038
2.3372626
5.2636695
10.233189
3.4714046
2.5639503
4.3086085
3.2543075
4.0920167
4.9431305
22.719496
7.871539
4.468568
4.5740256
5.6604824
5.871547
4.518956
7.749183
7.2908154
5.6438
5.0052595
7.4090705
6.3988843
6.6342306
3.65989
5.870182
9.01105
6.475207
3.245553
8.274801
9.099047
7.7890177
5.4621296
5.5533214
3.5375743
4.8957825
6.2568555
6.9465475
3.702289
5.4713483
3.978181
9.054119
6.5649285
5.48417
8.443836
8.69349
3.7872314
4.520894
7.0229845
7.0142922
6.9582915
6.3947344
5.641839
4.7835584
5.134561
4.9690685
5.5090404
4.291571
8.379029
3.7696643
5.937528
10.98683
10.554829
10.94689
4.921838
9.137944
4.6482906
15.944739
6.5840673
6.750715
7.4395084
10.343389
11.373518
3.1180494
4.8308764
4.950386
8.389904
5.6015124
8.762571
8.3822775
5.934637
4.6924644
5.755733
5.9908504
6.181241
10.75087
7.0788097
4.7990117
6.6719546
5.3956795
7.4697094
7.7435
7.0920486
4.947342
8.184341
8.256731
4.253294
7.8075795
6.0184436
6.184241
8.502256
6.1454797
8.718055
11.176254
8.553764
4.751115
6.531488
5.060881
4.923952
6.2040396
9.553255
5.5363884
8.200271
19.603222
5.578132
9.052933
6.313082
5.388947
6.2206573
4.830491
5.2412434
8.839525
6.2418857
9.5242815
14.396333
3.765186
8.696951
6.574525
6.1597075
14.352886
9.974357
12.874737
5.998559
6.34907
4.6647844
5.5621543
6.6943226
5.8306417
4.3918858
6.0659
9.777645
16.755686
8.420774
9.710891
12.953593
7.664604
4.3987937
3.528561
4.2037897
4.5186286
4.385641
4.3987937
4.5186286
4.080281
4.724759
4.579634
6.956155
7.2355
4.959906
3.5687912
3.6158063
4.327075
4.002938
5.879663
6.1288457
6.4947076
2.553746
2.7196887
5.239324
10.605576
7.020609
8.971436
17.268711
9.535457
8.1478615
6.421494
6.939206
9.206408
8.1712055
6.64606
3.9745297
2.4295735
10.274407
9.439594
3.9802437
12.089429
2.9087484
3.7450986
7.5745215
4.9536314
7.0648685
5.533743
6.2170367
3.5674648
4.070242
7.9647264
5.1392164
5.413387
11.780324
8.476045
5.631143
5.2424726
16.049603
4.7674785
6.408161
2.711947
6.957606
4.8307443
7.091888
6.6288376
5.8286443
7.191527
7.139957
7.317824
5.0761924
6.0598025
4.6550016
25.973772
4.182193
10.295329
9.668355
27.963776
11.2936325
8.802397
6.6621485
4.4971447
4.794432
6.845926
7.8058457
15.926594
14.176599
7.4549127
9.668671
14.890545
16.946398
8.29974
4.7328444
4.985782
6.075664
11.948952
6.152425
8.78722
9.402886
7.183402
9.509916
6.2222257
7.543508
9.915012
3.0103714
3.377631
4.818294
3.6880233
6.898445
2.8722289
5.761509
4.1643906
6.351969
8.218567
8.309892
5.8907275
4.6400504
15.217636
6.192303
19.216702
6.765189
10.590896
9.56361
29.405483
16.005943
12.381208
10.708055
14.271928
9.472894
6.274297
10.333496
6.154589
7.827424
5.015597
9.524687
5.177265
5.066422
8.886335
2.2100224
12.743004
9.887286
13.469626
8.510288
3.5489528
5.7176266
6.09364
3.2536347
5.309958
9.322792
11.579725
9.745484
8.485707
5.330894
10.896903
20.44438
5.1140747
19.990795
2.5264423
4.533572
7.8516874
6.2029247
6.599004
3.2894661
13.866019
8.521169
7.2258224
10.890279
6.661702
8.959571
2.3533158
2.939817
5.2352715
6.0801497
3.3896117
8.138818
5.4476123
5.6394114
4.729163
4.4977064
5.5394506
8.392166
4.887271
4.721228
7.110538
5.8809667
7.406581
8.358604
14.196271
4.0661583
6.78533
5.721604
4.62862
5.5457
2.7606273
8.059473
4.2511396
7.247687
6.9655237
8.546374
3.7076647
5.521138
4.1842365
5.572506
3.534193
9.361442
21.008013
10.88121
20.132692
18.729132
7.684949
15.196873
19.204515
17.496935
7.4303365
10.176645
7.6875734
6.2396154
17.36785
12.282516
23.398306
7.754528
4.6524434
4.639411
5.8493123
3.528561
4.162238
4.6139154
3.528561
3.637855
11.3626375
6.2611823
14.99953
26.107182
4.0838594
6.349796
7.548122
6.531546
6.894727
3.8785102
4.421912
3.2297292
4.713624
4.6509066
3.825734
4.0472546
5.0051136
4.4236
19.342665
5.9760356
5.275463
11.330645
6.087843
7.4654217
4.0954394
3.759827
4.9305973
3.0386014
5.1280274
6.8664804
4.4335575
8.767204
6.9822936
7.0969768
5.544043
5.394922
5.3312
9.888607
11.088817
4.832914
3.8777914
4.874169
10.815236
5.985157
9.345022
7.9314895
7.10824
6.3932643
4.3236465
6.759232
5.091569
3.082299
4.760111
8.741123
6.498254
4.718694
5.2705407
4.154151
4.2535563
5.0231004
7.2643366
5.822038
8.575191
10.242384
20.474731
7.343101
5.96553
6.871865
9.361
3.3019962
6.171
6.3878055
7.0445166
3.9980214
4.09431
4.09431
8.160589
4.124933
3.623168
3.4273565
3.4547796
4.865968
3.1735091
6.158718
4.7514524
7.3444366
4.0660973
4.921654
6.3436966
4.073758
6.7413497
6.228651
12.652118
3.6826818
7.1457148
4.780212
18.460966
19.781609
14.897348
27.526634
28.581787
14.897348
9.131674
5.2096157
8.037777
5.0361357
7.706366
2.8374739
5.9884796
5.4577527
3.986719
4.4573374
2.2995625
4.9812694
4.625597
3.4231706
3.949539
4.0333786
4.7091312
5.138361
5.181467
5.8100533
2.5245636
5.30075
6.4077106
6.713934
6.0196238
5.184548
5.443919
2.8698747
2.7547078
7.1801376
3.713581
2.536804
6.5889845
2.3177042
5.515514
1.8637195
6.8007402
6.132819
6.1639757
9.481885
9.984537
8.282064
8.967388
5.211574
2.9319866
8.527351
6.623461
3.3115356
4.8475676
4.2536163
8.944852
7.3982987
6.973305
4.174966
4.759344
7.483183
5.06847
4.938713
6.950405
6.4236894
3.8143804
7.999431
3.0948253
8.134977
8.643168
5.8631716
10.254944
6.4913054
5.298841
8.9125
7.3460803
9.274924
10.923633
3.8204546
16.316227
11.461374
6.7393103
2.6704082
5.074424
12.235834
6.9780617
4.6928144
5.931604
3.7898867
5.7022915
7.3626285
4.529033
7.118321
4.3741326
4.676445
3.6643877
5.311719
7.3933797
3.9844155
9.915903
8.616847
9.184122
4.600626
3.147465
7.177096
5.5888057
4.0878105
2.2878127
1.9379803
2.8233232
6.344744
8.1544075
6.334063
9.658304
7.593357
5.274447
5.6127667
4.8915553
7.2911525
2.6517284
6.9227414
2.1046724
3.7898867
9.000275
9.8815975
14.763733
7.7703075
5.9275236
6.155347
3.4713793
5.457495
5.686268
5.855028
7.643624
3.956981
9.893164
3.135971
14.629067
13.941814
3.2735493
3.713581
13.27028
29.743504
37.978447
7.4793215
5.544765
5.967463
4.104799
6.5599036
5.0660048
8.528105
5.4305024
5.572
10.325622
5.609456
7.535209
11.122993
3.6230838
8.3663025
8.018248
13.624834
14.225602
6.1885242
7.018996
5.2466245
8.32007
7.2952876
3.6290584
12.940848
5.816267
5.693268
5.983368
5.9279766
7.6508646
4.332079
11.651378
5.6510615
6.551373
5.5777173
7.145153
7.9349337
4.11532
5.9835973
4.765023
4.613902
8.780233
6.2019887
11.077041
5.82878
5.483717
3.2003267
3.9745297
4.7103744
3.7127087
3.0663383
3.8455236
6.302268
2.6682918
3.652097
4.726529
3.8046572
3.596328
5.3858943
3.2391725
5.7309895
5.7762623
4.603967
6.8044395
5.1385193
3.9256136
3.1094072
4.1448107
6.5992374
17.70135
5.0136538
6.3527374
7.7507024
5.749128
4.870565
4.129234
5.7718983
2.6998239
4.2774115
3.6029773
5.488721
4.014186
4.0193043
4.385641
3.528561
5.151664
5.862417
4.958703
4.9728365
6.0847588
3.2553594
5.098612
3.4687257
2.6898603
4.863863
6.1499977
4.9524546
8.505755
4.512857
4.0606976
7.2040844
2.0675619
5.714798
5.847179
11.464454
6.1170125
8.031139
7.0569444
3.214509
6.6026917
5.126727
8.151559
8.422478
5.519339
3.0202496
2.4921017
3.5851314
5.742846
5.4518967
5.943991
6.0841193
8.818387
10.54402
4.624287
8.439434
4.4104967
5.40319
4.4549685
5.186344
3.4707084
5.353924
4.1987257
10.909565
6.5104575
5.037493
1.9941068
6.1581893
6.3495913
6.6759095
6.579503
8.467841
14.122545
6.805335
5.485327
5.0763435
7.8473024
6.633827
8.365137
9.9363365
9.054207
7.3091545
5.337871
10.6797495
8.005495
8.104714
7.2080812
8.411081
6.834972
7.4790163
4.8742576
5.0587025
6.3290935
3.9505079
3.528561
4.2157335
4.3987937
4.5186286
5.3034916
6.61706
2.359833
6.040648
3.927732
3.5824432
6.2146134
5.750834
6.1782928
3.799414
3.1545947
7.436127
7.782791
4.890181
3.972602
7.7190948
4.889134
6.599082
3.3240035
5.741198
6.289914
4.259772
3.122004
6.489883
5.2014747
6.15938
6.2092633
6.9885383
6.9885383
14.516948
2.2993793
4.5073595
2.6451643
6.6289434
6.085189
7.1373873
3.135971
4.6453557
4.549579
6.269687
4.791033
5.218387
10.567115
3.5444458
6.617767
6.173203
5.492317
6.3382688
4.4682693
2.9093666
3.5292568
1.8916671
4.1595106
4.2536163
8.500755
4.1646237
4.974441
3.2132728
4.018644
3.848135
3.2455423
5.133887
10.690538
4.954893
1.8020483
4.084627
1.820092
2.2878127
3.0331352
13.019721
4.194455
5.0919065
3.5735018
2.6299622
1.9981647
3.78761
2.7981932
3.2278857
7.3122673
3.7699997
5.9352326
6.946914
4.306304
8.305889
8.50842
6.703432
5.9626207
8.405172
6.0438533
3.5137153
5.3224006
3.0908632
8.268767
3.8764577
4.011714
7.7586217
6.877526
4.517367
7.0155177
2.3298078
14.076735
6.9401827
13.011337
4.354202
4.3835135
3.7899754
3.3844335
7.061366
6.053744
2.6182966
3.7275584
4.4256415
3.8141203
6.922805
6.7084646
7.4270396
8.271956
6.125353
7.101665
9.795911
3.9539478
7.079864
6.5539513
7.5850215
5.8439436
4.592562
4.660799
11.412974
6.9248514
6.8970504
3.7335517
9.446825
4.8853726
6.4762173
3.0676925
3.4970813
6.7282867
3.0376778
8.397251
6.089495
9.616508
5.7103534
2.5672684
3.528561
4.2157335
4.2157335
4.2037897
3.0486314
5.4327054
8.058373
7.075889
3.7159662
7.5726323
2.9137003
3.5058644
5.0770793
4.6395655
5.6241946
3.8631828
11.654332
6.097942
6.904516
14.174518
10.905249
11.651918
5.845207
4.1119766
4.342916
4.984668
4.7617955
8.144093
3.071478
5.8356676
7.4577656
3.8089836
3.299662
5.877656
5.028827
8.659377
13.572067
10.450004
5.1760607
4.826733
3.2106173
5.097495
6.183681
4.0486083
6.2155943
5.0653744
5.529614
13.864115
6.477224
5.23946
32.454483
5.7838755
5.130408
4.811799
3.0485044
3.9025354
3.9025354
3.9025354
4.1491942
3.6286614
3.3520901
6.1623983
5.3565836
7.9845324
4.2952504
1.9750173
4.3028173
2.9822772
6.0164423
10.306734
7.83355
2.3710837
6.2143598
4.112661
20.81898
5.3958507
3.9909453
5.752282
4.711784
4.5650415
3.611969
4.3291426
9.236619
8.830864
8.195274
9.283619
6.2668214
6.17707
2.1161747
8.421192
5.6749597
4.6215434
6.9644547
3.4365146
3.351427
6.6221466
5.224098
4.6982536
4.908755
3.268648
4.875935
3.6348543
4.1399174
5.220025
7.380203
5.6833315
6.557164
7.1990275
6.300583
2.1290283
4.7087736
6.489888
4.9361467
4.2419815
3.8598304
5.5896635
13.107931
8.109427
10.483406
4.299368
10.195124
3.916646
5.356687
9.7079115
6.8224177
5.593867
6.165013
4.484359
4.165069
5.272361
6.2620616
8.107927
2.793167
15.466982
10.817806
14.791659
3.213548
2.5241168
2.8468542
9.71832
3.445453
5.433951
9.332149
6.7245893
4.3427715
9.862863
9.379358
6.444564
4.513679
1.7772224
5.4716425
3.2547603
5.1815596
5.031352
16.161137
2.4280663
6.4068356
5.9017982
4.558364
3.362734
4.7071743
6.6413755
8.372931
5.792976
2.2408204
17.494944
5.6794405
3.3283558
6.790798
5.1172786
7.723009
5.2464757
8.057426
4.722439
7.12202
8.12227
5.7059393
5.4907584
6.342825
6.878819
7.2648344
8.617487
6.859889
4.46006
5.968622
5.989392
7.6261306
3.9839458
21.005909
5.9993596
3.4673297
4.768805
2.517492
6.049994
2.3372626
5.634867
5.0983267
3.3372757
4.7169976
2.6256104
5.2253594
10.489573
2.6158416
2.3533158
4.2662864
8.03079
10.582893
3.5586405
1.9468366
5.0359025
2.879433
4.0225983
6.901311
2.2878127
7.070648
8.598656
5.8438315
6.0556974
3.4018626
5.2562275
5.4889827
7.786604
9.660253
5.883422
6.3522353
5.6973357
5.446623
7.5686507
7.128695
5.9705863
4.574071
4.741082
6.485615
1.9234495
4.291374
6.1306987
5.8772073
4.254121
5.63091
9.910162
9.616341
5.892426
6.128151
5.4408464
10.301136
5.807739
5.010394
6.071411
7.583631
6.619933
3.1370718
11.841489
8.111983
4.1978645
9.371407
7.8209605
10.574934
6.2704396
2.9428022
4.0193043
4.2037897
5.6576786
9.555792
7.9744444
5.7969303
7.5551972
4.8106537
6.5269547
5.993248
6.60115
6.2672954
4.493302
2.771371
5.9657073
5.122273
5.8114595
8.760596
5.7550316
6.0572586
4.695623
3.6461718
7.12
4.636634
8.640592
6.6513767
6.7455583
6.9067817
6.09742
10.423908
8.758821
5.6883206
9.924564
7.270948
7.9240317
6.306092
7.9145966
7.014935
8.937762
4.887111
9.072384
7.3883233
8.403145
9.637033
7.1524715
9.700595
8.199847
8.067045
5.532993
14.414648
5.954932
10.529196
5.8213754
7.4822927
3.9744766
8.93503
7.164758
7.545131
6.3741117
8.878957
11.327293
10.128395
4.472483
5.9591794
7.0415587
9.969688
5.490107
6.1605186
3.686989
3.279681
6.6872306
7.5632415
8.059071
7.507385
5.866474
7.878579
7.324679
9.597068
6.0848646
7.4382467
5.5457
4.7014832
4.671244
5.798651
7.786129
2.7191062
4.701258
4.1413603
4.741649
13.820062
3.073336
5.7384734
7.7946215
2.8439186
4.775717
6.606608
7.142175
6.8113756
4.0883455
10.289449
10.372293
4.602199
5.2411346
7.4544487
4.5465846
2.2235107
7.376918
5.8167124
6.090196
4.720627
5.919455
8.7475815
5.179644
7.608541
6.6695886
5.816698
6.3383183
2.6685762
5.8596625
6.9103184
2.565783
4.9084105
11.725741
6.946914
6.275716
13.900786
6.8057866
3.3755927
5.5959125
6.927168
5.464014
9.596134
7.951543
4.2471323
4.4120574
6.865392
2.9292674
5.099094
4.7925935
6.393227
3.1139848
3.3014002
5.3069215
7.4974566
4.737189
4.3871245
5.099094
4.33487
2.2105703
5.100305
8.105538
3.217872
5.3173575
9.628375
9.719191
6.517912
5.86605
9.318802
8.019064
4.5970297
10.132572
9.006318
5.486654
8.903894
2.3188515
5.6056967
3.2647305
5.6112947
7.1849875
8.015753
5.2846456
3.0154185
4.2647142
2.3997588
7.077724
3.8799462
3.0609076
4.6060233
4.4238224
5.5218773
10.844414
7.553284
6.432413
5.918529
6.951828
8.542013
8.032204
7.098449
7.0965714
6.669032
4.7019253
11.539278
2.474698
4.053382
4.6201763
6.01922
2.669358
4.422574
7.6701374
7.9308305
4.8738003
10.356367
5.504981
2.5679493
7.4456167
3.7710428
9.866716
7.5791626
4.6661353
7.4894886
4.6335425
3.8690171
2.9449844
10.291476
7.027719
4.8732963
9.261812
4.275466
6.4612293
7.702699
7.701305
9.595342
6.439192
6.225341
12.094778
7.9150977
8.121054
10.334673
6.673487
4.338969
4.010987
4.519453
2.5182066
4.446104
7.637699
8.784823
10.408831
11.018001
4.8237257
15.71347
9.13138
9.691645
6.502024
8.961535
8.843072
16.131123
5.2592063
9.681672
11.052702
3.1881676
9.274881
4.6806917
6.5816813
6.208431
4.9440064
6.129159
6.1213818
6.4516125
4.9305043
8.142449
4.4854426
5.300995
5.9591794
5.644436
10.087208
11.533266
7.554617
8.661171
6.4981627
2.6401348
6.9319477
6.8324366
7.2951865
6.810685
9.322663
6.4770403
6.231347
2.2775302
2.6752748
7.445132
2.8129592
5.4965367
9.342435
10.227615
10.626104
5.3249216
13.622524
11.297265
4.962848
7.6534004
4.5627747
6.9250383
4.5126333
4.1609144
6.464503
15.623934
3.7073927
6.773697
8.618624
18.043913
5.7100987
5.9248066
7.075903
2.9205685
7.6862044
2.8257275
4.9907355
3.1210995
4.028955
5.7578993
9.708335
6.3182836
3.2227492
6.4882684
6.2787805
4.7284245
4.0328116
8.279277
7.706229
6.873262
2.5229466
4.559268
7.6251426
7.3579125
6.248505
4.717143
3.4532602
7.4244714
6.293805
5.269396
5.4933543
9.241584
6.525902
12.620138
5.9908705
5.577738
4.769588
4.8087816
14.592802
7.754999
8.143248
10.7268305
10.42288
7.409609
5.780283
4.3081574
8.393438
3.3047142
3.80087
5.651886
9.644809
2.1033435
4.721109
4.5079126
6.316896
3.9882312
4.067476
8.367185
6.0957828
4.6627526
6.3119717
9.220159
5.1865225
6.542522
6.659264
5.507555
4.073655
2.8692691
3.313354
7.955231
4.714634
7.5979767
7.181458
5.8456035
7.394447
2.444389
3.4076316
3.7597415
5.608253
7.880904
7.3392034
6.783684
5.1894336
5.8786855
3.9069476
3.1094072
6.3243313
5.838496
3.108082
6.6386786
6.3259606
7.6180973
2.1968355
2.4149432
5.3503366
4.398278
6.6110463
4.717598
6.06445
10.072117
4.432191
5.528624
9.561302
8.226879
4.833485
4.0997543
5.8445473
5.400055
19.620718
4.8471375
5.4440255
4.291725
10.598236
12.498046
7.5037694
5.265658
1.9750173
9.071145
7.006
8.693565
5.575216
6.274883
4.2002745
5.018148
6.2569656
6.0090294
6.6902037
5.575074
4.298772
5.1366034
6.197241
5.629475
6.0944014
5.3098783
8.263821
6.426681
6.1378155
4.47601
3.7593894
3.1934402
2.2995625
9.993251
5.7051415
6.858039
13.171953
4.8864813
5.184799
4.0674534
6.134035
6.8313823
5.248319
3.7730162
4.620306
2.6548023
7.5471315
3.5700555
3.3000314
2.794123
4.414851
7.507072
4.3506565
4.555968
7.5095406
8.405093
3.9550138
6.626594
5.2865324
6.826233
7.232229
7.9641376
4.9669113
6.5960083
3.8662288
6.693671
9.172306
6.1960726
3.2144525
3.7415168
8.247339
5.9496975
7.102199
7.4778967
5.076475
3.655349
7.0013885
10.337697
10.3405285
10.055356
10.563954
5.6639915
6.41019
4.9120846
3.534533
6.1576014
6.3960533
5.7377944
8.77912
9.812843
11.617492
1.8020483
5.833561
7.642079
2.8803022
5.031088
7.0181184
4.7036386
5.035505
6.1041846
4.8185434
8.942846
8.767657
7.797726
3.9073284
4.813525
4.8565383
3.3545687
7.171581
5.9645963
10.5285425
2.243347
4.7822742
10.657941
9.259895
8.539132
9.736765
8.405487
2.6283195
10.673411
3.792627
4.771258
2.6289458
2.5679493
2.075221
8.630366
11.351279
7.001002
10.092883
8.041105
5.6564765
3.0809221
4.7019157
5.2889986
5.7974606
3.4223847
6.326442
6.0248995
5.967321
5.4024997
5.0291185
4.7263904
6.803478
17.654274
3.2446115
5.068864
4.89992
7.6314363
4.608127
5.9714413
6.547138
5.0256047
4.085288
3.583243
3.583243
10.147853
5.662278
5.9482136
8.624702
6.984954
8.372177
4.4252887
6.1540723
2.9085577
6.237185
7.502178
5.3275485
5.980884
10.570438
11.329074
6.595008
8.400911
10.982291
9.756614
5.971352
4.98139
3.0180085
10.270087
8.114113
4.0635815
4.5985746
8.680076
4.5262704
5.943197
6.4317465
2.4915028
4.350912
4.8773203
5.5207205
10.493929
5.8088975
8.103554
8.734988
2.0108514
7.413594
14.691058
3.708054
3.817806
7.1607203
4.042285
7.8075795
6.8222146
9.841674
9.777528
12.819532
2.771143
2.6510909
6.109103
2.4683561
5.3614683
4.11909
4.359522
9.313787
8.4746895
5.05058
8.640018
11.052203
6.9833035
2.1696863
9.508648
8.172043
7.946685
6.5598965
6.105444
6.4405627
6.62259
4.602302
4.33595
2.7864032
5.3805733
7.060459
7.275444
7.260914
5.165958
3.7690203
4.1952085
2.9204788
3.346755
1.9624317
7.164993
4.5348053
3.609604
5.11935
3.0611975
4.28716
5.73121
11.657625
10.504288
5.05307
4.03708
2.474133
5.8351164
7.299609
10.764774
6.243213
6.2029676
5.561854
11.427687
2.4874504
2.3948436
5.456778
5.1057816
5.232869
5.767799
5.1955857
4.2993603
5.1323338
8.223182
5.1126237
8.452169
7.3355503
7.3355503
6.271108
9.135445
10.312034
5.8215585
8.292757
4.5565405
5.170615
5.884838
2.7457495
7.7683115
7.473239
6.4296875
4.5955944
5.3661304
6.837917
12.631701
5.5390344
8.182728
5.932954
2.7916956
5.7724857
8.084593
4.6539936
3.8452253
3.7121377
4.146043
8.240494
8.336088
8.173672
11.083962
6.308783
8.876851
4.1379967
5.9924545
6.3912096
7.7702184
4.6017003
8.558475
6.8436317
9.028179
5.8981514
5.0649247
9.994878
7.1194973
5.2225366
6.2656317
6.905664
4.1474037
4.0279183
5.1035185
6.6148877
9.151065
9.487078
9.339634
10.205682
7.4201317
4.1175375
5.858106
4.149354
7.6323676
8.346912
8.248818
5.55893
6.2281723
6.9830723
5.0766525
4.7701206
4.012604
6.131818
6.973457
5.473451
8.023204
6.1734223
2.0143156
5.0634494
3.277542
4.1925993
4.6355515
5.8236666
7.3202033
4.667742
2.8222716
4.953117
5.719255
5.5593596
5.1761785
4.975271
4.334108
3.7542026
5.849992
3.2996802
4.1841135
4.230957
6.8577266
4.992038
5.081524
5.5382986
7.1647835
6.6227894
4.3602095
6.254137
6.1397557
4.8182373
6.2693796
6.1034226
5.2085457
6.3192763
4.9114647
4.718286
2.955351
3.338042
5.993081
10.732316
9.027062
4.991852
5.9747076
5.042683
6.9112415
4.5227737
6.21329
6.2997136
4.125448
5.912483
6.423315
7.3266973
5.299217
7.268455
6.116472
6.426138
3.994822
6.4558883
2.9618857
3.7037177
2.8334565
8.987566
9.13538
7.987734
12.876315
11.194656
5.897409
3.5718267
4.27446
8.300569
5.612155
6.211873
7.517907
7.368967
3.4174497
3.4810758
10.204768
10.017751
4.4958096
5.9278564
6.926664
5.1789184
2.5985575
4.734665
4.6924686
6.005675
10.877404
10.665952
2.948003
4.7826786
4.3703675
8.189877
6.6152306
4.5512915
8.134462
8.437101
9.057336
9.967853
3.361369
8.023291
7.947028
7.868344
14.097152
12.982274
5.591505
9.61068
8.889711
9.966494
4.6667852
9.806978
11.274835
10.847189
4.820583
3.6338305
3.1881676
3.7977092
3.9141533
5.602606
3.462197
3.70713
6.486952
5.9038525
5.963084
5.32236
4.1734123
2.8632452
13.424749
8.816404
3.4157968
4.8174872
6.320555
4.979253
7.1302495
5.9715233
6.840856
4.0801497
6.908875
6.2329183
5.295027
2.7727852
5.5998683
5.938508
4.1755514
3.5765653
4.0641637
2.5214143
6.5546966
5.129975
3.366841
4.7956414
7.2746234
4.258723
2.6548023
11.248818
7.100909
6.637182
5.675063
7.166608
8.495346
5.146943
2.9153638
5.887337
14.68466
5.671062
6.784381
3.6062958
10.231782
5.834274
6.2952743
6.7294755
5.496502
7.627931
12.248087
9.354747
11.0758
4.085288
5.219641
8.051403
9.518032
10.466808
10.077349
9.085938
2.110488
3.1998665
6.1727858
3.7594655
4.2967052
4.3739786
10.452409
6.625267
3.5309064
10.944342
5.547477
5.921866
5.1450205
6.8059893
14.762541
4.136289
3.166586
3.1660216
5.112377
3.7192864
8.888673
6.9362803
6.045968
6.7426343
4.8704805
5.8989444
3.3517992
7.068256
6.883068
5.639431
5.0757303
6.727701
2.4851885
5.351548
1.8466794
4.885206
3.0026639
6.74302
6.141119
5.469938
4.630485
7.5702753
2.9486778
6.3410974
3.3874707
2.5382645
6.489847
4.688011
2.3424602
13.603955
6.6758175
2.1376014
4.5344167
2.4228606
3.0083587
5.2443423
8.006472
3.9745429
1.9956715
5.9482713
6.301672
6.147493
7.2484026
6.0326023
6.281903
5.815046
6.5853033
3.8273926
5.7104716
5.7229466
5.0193405
3.2721226
6.2388115
3.0040092
7.3155146
16.680826
6.897808
4.993584
6.1858697
4.7933836
8.699098
2.6306098
2.9670272
8.191818
5.9441843
5.1463046
7.18336
2.316513
10.781047
7.4528933
5.186961
13.008113
5.1064873
3.5063798
4.6256866
13.431791
4.2401066
3.207664
6.054481
4.627772
4.086426
3.922457
2.6216726
2.741422
2.4746528
4.0778594
5.58326
6.8532114
8.049402
2.7984219
2.040917
4.4199705
2.356625
3.1593926
2.5980535
7.1592975
9.339506
2.5229466
4.797294
3.277123
6.076708
1.8466794
2.9029863
5.8425617
5.22845
8.254469
2.679211
2.4823236
10.983848
8.259912
4.7624903
2.4499898
6.2413435
4.9789987
7.404625
6.4891124
6.3066173
5.2513013
4.8267236
5.80736
4.837491
5.7752175
9.654683
4.3178453
5.306838
3.6568089
4.979335
12.378909
6.908228
2.208376
4.7750416
2.4567916
8.175148
6.794995
4.0288334
10.318525
5.2708488
6.842931
8.745934
4.171021
3.9382093
13.45236
7.397688
7.4148808
5.391174
2.7296686
2.5493279
3.6907804
4.149336
2.58765
7.2553267
6.0951066
7.1074038
3.5201297
4.7402186
15.259932
8.551431
2.8464491
7.824311
6.683057
6.0880833
8.770424
13.188925
14.959953
11.76912
18.28506
7.2707443
6.9702277
2.3604183
4.454012
5.619034
4.781962
4.4862394
6.53563
9.717422
6.250163
9.788144
5.6838064
3.9296892
3.9804792
4.2042923
4.279258
8.342208
7.320195
6.421955
7.728118
8.189648
4.1913934
12.211343
10.296394
2.191595
2.5806603
5.9816837
3.8476784
4.0851054
3.919566
10.042681
5.8013697
2.940442
6.858734
3.947552
5.594566
8.828696
3.1784766
5.2791967
2.2296944
4.176528
5.860594
4.78996
3.4993205
2.388081
6.665098
4.944384
30.133474
34.49448
9.345322
31.53916
39.284355
35.11196
14.109062
9.99143
11.839768
31.53916
5.4884243
4.939032
2.6626158
5.341451
2.518085
6.2953544
4.8699355
6.300315
5.909902
4.986039
3.075315
4.4875994
2.3264453
2.956351
5.9304247
5.904965
2.356625
3.3654573
5.7310553
8.472128
8.837479
3.9546766
4.069913
3.152532
5.9278274
6.53239
5.1976967
5.451118
7.1271753
5.3524566
4.5519896
4.331379
4.381709
4.0282025
4.14022
3.9485252
5.5077353
12.321415
7.2547927
6.660356
17.182486
2.5572155
6.4849534
3.1704483
3.6790602
4.822665
6.006364
4.7949104
5.873191
3.6972084
6.279828
4.170156
4.9433274
9.217029
5.493405
4.1334743
6.526324
3.8622956
3.882123
6.8457866
4.5611176
2.7959058
3.5477016
2.5160794
2.968014
4.143521
2.7333846
10.353135
5.5727277
6.5778923
7.371959
4.2518997
4.7788625
5.989518
3.5707798
8.662879
6.5542774
5.6545177
2.8077717
5.792731
7.7921047
2.9675522
2.7589626
4.6971602
7.7909365
2.1858635
4.605152
6.126479
3.675943
3.6723502
3.73099
5.5669217
5.7109895
4.115649
3.8304691
5.1399436
5.244704
7.3960004
4.2158566
3.9180942
4.9844365
3.9416816
5.5202327
4.0470524
7.8168387
4.386939
4.8274274
8.765285
4.133831
6.797189
7.2340136
5.8863034
3.6166587
2.8292465
5.9976845
9.480479
15.726275
5.113592
4.2538342
5.8792906
8.907508
6.6764507
7.119944
8.646087
6.9341297
1.7794899
5.148779
2.1687732
10.569012
8.933049
4.19419
7.9928427
6.4096875
4.522313
10.265327
6.4964156
5.7882667
10.100384
4.0778594
3.9296892
4.0685797
4.2042923
9.952187
8.106538
7.083505
5.50451
7.675592
6.0374093
3.0734663
8.052077
9.665048
5.5933456
9.952934
2.894031
2.9771943
4.0380106
11.83701
2.7220163
2.3890681
2.7886739
6.318559
7.787345
4.8409286
4.693696
5.9102693
1.9468366
2.0309453
2.4833145
7.46567
5.0340815
5.4630127
3.6668246
5.088561
5.2333775
6.79437
2.863089
5.458164
7.082047
7.0470266
4.4214983
2.2237897
4.4926653
3.7013726
5.4119415
7.164064
7.555568
6.683101
3.6277816
7.2016635
10.414252
12.5146055
7.19433
6.049973
3.0777447
5.6598625
2.2468276
2.3297758
6.4139943
5.3808913
5.1680255
6.2899823
7.247709
8.287668
3.2939894
8.218393
5.5792327
6.0095954
3.378797
3.1369479
6.353527
2.0198174
2.103365
6.664079
5.6807976
4.0768204
6.2159567
5.9391184
5.287238
6.127492
6.7223973
7.7700043
6.237821
5.2632475
11.617109
3.0349002
9.5012245
8.331293
19.426521
6.6082335
6.0554585
6.0983033
6.414141
7.0452104
4.404919
5.054257
5.635203
4.713429
7.5122595
10.385847
4.8202977
4.419568
4.0253735
2.0834785
15.093922
2.5933442
8.209105
10.087079
4.427347
6.966555
6.6791964
5.0734286
6.016246
3.0154185
6.632723
3.8193576
8.991695
5.2595487
5.704603
8.618388
8.584665
11.490756
8.848877
9.55272
18.077751
8.75932
12.0039625
12.471325
9.787869
5.4300785
5.778976
5.061026
10.643782
9.616883
6.81596
4.4465714
6.5183597
4.5623975
6.587428
6.584335
12.14942
5.2339168
7.481601
4.1558566
5.7935953
7.786751
4.7251143
4.6580157
5.7426333
10.971951
10.083497
4.018981
4.9336934
8.657447
11.078117
7.0005527
10.258804
12.378909
11.04834
5.095535
4.845333
3.122004
4.1680303
9.30867
12.417284
5.4391108
6.9598627
3.872704
4.1558566
5.8084054
4.563182
7.189467
10.204596
6.4878464
5.988125
4.3964653
4.4471474
4.0510836
4.561794
3.7186553
4.561794
3.7181542
4.4751067
4.375596
4.472942
4.872927
2.5572155
4.208722
5.72991
7.5201187
6.7740254
7.730641
6.343029
2.928502
2.2605124
3.3448687
5.415845
4.8900466
5.026214
2.277409
3.4630527
3.1009622
1.9662203
5.9180174
6.4530406
11.336052
6.026309
13.508685
13.121679
9.899946
12.611151
11.9168415
7.600692
9.079129
10.838591
6.5626125
10.897378
7.843287
7.7850404
8.452839
8.812865
5.5518208
9.719759
2.8515878
5.2408643
5.4746847
4.0498877
2.4478397
5.9460077
5.2318544
9.734738
5.968799
8.084783
5.278311
3.3806236
4.8994064
3.4680002
5.422323
2.0345259
3.3352745
4.401333
4.0631933
6.0857544
5.321778
6.9752584
4.4194517
7.052551
4.892209
6.5145626
4.892209
7.0214887
4.5549374
3.6521962
5.750153
3.1833706
8.488998
3.6735291
3.9798694
3.951863
3.610615
4.6353765
7.380539
6.0706835
5.5486207
6.020405
5.355412
6.26572
6.780294
6.66061
4.8197064
4.8175735
4.852715
6.3484755
4.888368
5.208234
3.562537
5.2485914
6.61693
6.5600414
7.362147
4.959879
4.22069
4.876411
5.7101355
2.510803
2.4523823
3.7192545
4.437766
13.240331
7.3643813
8.798673
14.75626
9.727383
7.053319
5.5271387
8.150812
5.1611295
10.128234
2.2643003
3.722205
5.853083
4.2645826
5.495194
3.8405347
6.456228
4.6139307
4.4155045
3.7239976
4.1738195
3.824022
3.8997126
4.4559727
5.5457
3.8699486
8.009245
5.36548
5.134605
8.3572645
4.480326
2.2818673
5.904544
5.7121925
2.9398146
3.9779873
6.4835706
5.192945
2.7544155
2.2169614
5.833112
3.51906
4.13041
8.833578
4.397693
7.94676
4.59786
4.7524905
6.551596
3.067324
3.463282
2.4384823
2.2863865
3.362734
3.8188648
2.524632
5.166165
6.485533
6.2255363
4.1598473
8.747812
6.019378
9.267517
4.5748467
7.082106
2.280001
5.2974253
6.48113
4.1467867
4.807082
2.2789552
2.3033652
6.4195733
6.523375
4.1629167
5.263248
6.0614195
3.881162
4.6587796
3.748889
3.8237443
3.5389662
6.0045314
6.332063
6.284808
6.8155327
3.536832
4.3117642
3.7733102
3.0975716
7.1673117
5.0741186
2.8589506
9.043298
4.2418556
8.156899
3.6772382
6.0248995
4.034095
4.7434406
1.9740266
3.0154185
4.695682
5.069624
4.2744656
6.14616
5.3138227
4.79877
4.5109663
5.4703255
5.5189524
8.296616
4.7010136
5.384205
8.167168
6.6096916
4.616835
5.8544555
4.469024
5.1537466
5.91977
3.4551275
2.4683561
4.602751
7.391793
4.9880033
4.2328835
3.3644438
8.785308
7.9320545
3.8474994
9.001714
7.341732
7.4282036
5.477018
3.37803
7.053086
9.902877
5.880345
4.767344
5.5082855
4.631616
4.7600408
4.3735733
4.976235
5.564111
7.2179513
11.71476
11.5701065
4.0057993
8.052739
10.414266
4.1465893
5.9085627
7.1720576
4.9262476
7.8469205
9.203034
11.30929
9.369334
7.20081
3.1103504
6.620064
12.849107
7.260744
7.226822
5.162982
5.3623776
1.7772224
6.056315
5.8462586
3.2108648
4.74732
4.3527193
6.412375
6.5823107
11.327506
4.819798
5.882971
7.484767
9.0549345
9.824407
7.124905
11.054815
12.811194
9.942281
7.9520006
7.2218237
6.944693
4.684982
6.109807
9.916282
8.167568
4.7085786
9.533977
6.2176127
8.7068
5.776605
7.4555697
12.6044235
10.137143
8.360959
6.9946733
5.996578
8.76434
3.3909245
3.4835985
3.5157647
4.425422
4.422759
5.064919
7.2291646
3.9868836
5.2292266
5.514392
5.610456
8.68942
7.329538
9.715705
5.320232
4.378771
4.8070025
4.8241863
5.2206035
8.172569
2.919981
3.9071095
4.3427563
7.0607514
3.7711077
7.700291
10.021096
10.60325
6.635678
7.4891944
5.1324162
2.5351577
5.7168474
6.639782
2.5525692
4.8379745
4.888114
3.5390067
8.334087
5.3309455
5.720711
3.7492347
10.38318
2.8972876
3.0227523
5.444847
8.963881
6.261387
10.281971
3.9072561
3.5434744
3.7136517
3.6525474
3.9232156
4.6095214
3.8946793
7.7075963
9.138418
5.01848
4.4160223
3.7431605
4.3388124
4.7292285
2.2920413
4.6582875
4.796604
6.552878
6.290366
3.64902
4.355556
7.102743
4.6642594
2.9452188
4.992541
4.599908
2.3033652
5.9768977
1.8243896
3.651213
5.252257
4.679704
6.9901752
6.707886
5.154314
3.2580633
4.423523
6.800342
8.517797
8.341525
3.3005939
4.329772
6.551568
4.700635
5.546093
5.678258
6.067423
4.1301203
20.500809
5.5729103
4.794016
3.8350558
6.361936
7.0138087
2.7752616
5.026566
3.3506145
4.657745
3.327121
4.77869
4.3341894
10.0277815
7.4611726
9.716994
9.263843
7.0000806
6.742484
6.492265
4.7735195
7.406861
11.49156
8.078062
6.8441396
19.70448
4.9586763
8.052475
6.847263
10.237719
5.672958
5.6365056
13.477223
9.073912
15.197781
7.2542825
7.5784173
23.410862
10.48768
9.723777
5.476105
12.203032
13.94135
13.596243
16.458385
6.5998793
5.8554697
5.233367
4.6928134
14.682428
12.472387
5.8686314
14.653422
13.570288
16.170605
3.6921692
3.6364956
4.085763
13.678956
6.6562004
3.7258499
5.970935
7.8089976
7.0208774
8.609416
6.390026
4.299035
6.130671
7.1974974
10.164324
5.702835
5.3841834
6.228197
6.7734785
3.7580998
5.804414
6.126189
9.103237
4.5013404
5.14527
7.2542896
4.4139094
10.514765
7.064541
6.9570894
5.8417377
3.786762
4.062772
6.5075135
4.4863224
5.482578
4.8310122
4.2310214
4.30287
4.763557
7.5488086
2.3769238
2.3372626
4.6879697
1.9123888
4.026557
9.085186
5.694133
4.1737914
5.770853
3.8000925
3.1518543
4.425184
3.43132
7.5497766
6.717013
3.0479274
3.5866802
3.0911922
7.453227
5.2878075
2.9206295
2.084907
11.116832
4.852851
6.471256
5.69584
6.100252
3.8757527
8.474552
4.719792
2.6685762
3.168719
2.7451634
3.265721
5.2995443
3.8716187
4.5321383
3.8457525
5.146987
5.6956506
4.7730684
5.6611004
5.3649898
9.919751
8.840324
6.5587263
9.000307
5.715868
5.1605535
4.324604
4.1807594
4.9658647
4.774882
4.774882
3.9972265
5.9457455
7.896457
10.321203
10.321203
11.779369
12.143206
9.611139
7.239394
4.524159
5.3540125
8.38095
12.138469
5.52175
5.5418706
12.787366
4.4312334
7.3286705
4.686619
5.571562
9.069322
8.375238
10.540911
10.176732
8.957956
7.2934084
8.024601
8.67438
6.430673
14.501389
8.649895
5.0735126
11.950163
8.900644
6.4588876
5.2618074
8.006208
6.8217635
6.1632934
6.0979824
7.0137944
8.353119
7.7292104
7.649715
4.2014494
5.2830515
8.38015
7.0313745
3.857687
6.822178
7.485685
6.5276775
6.6409206
8.056977
7.0497236
5.6547723
8.759484
6.972931
6.6615973
5.7343125
4.965042
11.611814
10.410901
4.4830885
8.129488
10.91687
11.843934
4.484846
8.018475
7.901394
7.199439
7.920912
8.451683
9.38943
3.4912734
10.2289505
7.4907007
11.843017
10.040625
8.800209
5.590989
5.516949
6.5578966
8.285353
5.181467
7.95037
5.130128
4.0282025
8.362645
7.666907
6.7689853
4.4661093
8.545662
6.678566
6.286315
2.9009795
3.7386472
4.3173337
4.823674
5.929366
6.7367573
3.7062607
3.987326
4.598827
4.2952824
4.739987
2.6626158
5.0527916
9.088536
5.3720517
5.84601
4.877587
7.2051735
5.0052476
4.1463385
10.567723
5.5535564
1.9057063
3.0806234
10.067282
7.2741175
5.333002
6.037345
7.21743
4.499604
5.3540387
9.131034
1.9750173
3.7456658
4.485235
5.8911
3.5576656
4.901773
5.856979
6.8838844
4.33487
8.35202
4.0027804
4.162992
3.9972265
3.49314
3.3114657
4.774882
3.49314
4.774882
5.8527703
5.476752
4.5977488
4.1005545
2.511642
6.545033
4.500999
6.0956187
4.4579124
3.328255
6.595986
6.488806
7.2527466
7.9546037
5.9616036
3.7411318
4.18156
3.8192427
4.688877
6.5397987
11.693288
7.4196568
11.429195
5.575771
7.5219417
4.661094
3.7409754
5.251614
2.4140024
3.7310376
6.1533566
3.8006098
3.8277977
3.8277977
2.6313343
4.564366
4.65737
7.1107597
2.8077717
4.2681932
2.317523
4.919745
2.837465
2.3611765
6.079878
5.205457
5.9454474
8.125526
4.7543364
4.1660633
7.5539193
5.5197053
3.4799042
6.049952
5.0577526
5.016619
3.134233
2.4427118
5.766701
2.9962137
9.360508
7.656052
11.400818
8.266707
6.6128564
7.5104413
5.3631706
7.8410273
6.795955
6.238341
6.2489343
6.4463716
6.9650483
4.907792
7.126069
8.860621
6.399426
5.3539834
7.7287674
8.176353
7.3539653
10.767304
7.6303854
6.969965
6.791859
7.0450025
7.6164894
10.973701
8.74108
4.6279473
11.882127
7.7000346
6.669986
9.0867195
6.772731
5.6935964
5.026327
11.089641
7.839642
6.838683
4.4063606
4.769224
12.685379
7.988267
5.1247573
5.8141637
4.1091447
9.886268
4.1272783
7.492165
5.1421714
10.861565
4.613245
5.7472305
6.1939898
6.0335913
4.395612
5.8981514
4.1373167
7.7734427
6.4906874
4.015227
7.1259875
7.878578
11.276457
3.7333481
4.670157
13.872184
6.0269217
3.117667
6.565345
5.7202573
4.0977263
10.175763
8.379803
8.11344
5.7456245
7.0721626
5.066066
6.639094
4.8046474
6.2942705
4.5555534
6.113479
7.8874745
5.36324
13.387308
6.0443306
8.355001
8.41873
5.6282215
7.5205927
4.618126
6.6740994
4.948774
6.820396
5.3980703
7.2277293
4.0008917
6.2942705
6.2161293
3.7960749
3.0791283
8.075474
7.002572
5.7653465
12.6044235
9.930577
9.119482
6.4704685
10.914976
6.66415
5.371076
11.65366
7.248044
12.644598
4.6362987
18.122177
12.6828375
9.935506
5.643031
5.482578
6.109807
11.994373
9.119482
6.4704685
12.022704
6.5131693
8.630923
2.650859
6.8147893
2.8314073
6.319362
10.913927
10.028575
11.526264
4.559121
10.029914
4.5600824
5.920313
3.4543347
7.8624635
7.770075
4.438568
5.118158
7.2529655
3.3184226
4.0466146
6.8615923
7.7357078
6.453949
8.708721
7.8847475
4.0071254
10.146407
5.4383535
7.527696
7.818851
8.547488
7.80259
7.2627406
6.222208
6.8607836
7.614771
6.6047783
5.8754883
5.347174
7.096175
5.5089755
6.3951354
4.427347
4.8153434
5.7844462
6.4404736
7.350697
8.568259
11.773294
7.569981
12.597763
7.1683235
10.108099
7.478693
18.61394
5.246644
5.4598184
8.973566
7.610626
7.0875015
8.035036
7.2868824
3.430985
4.5311747
4.9652686
4.8528934
13.292853
5.8176646
2.4863362
8.149071
8.086481
5.7337165
5.3303485
4.0693445
6.986083
8.386597
2.8559663
4.473014
4.5688505
8.3908205
8.0423355
4.613647
5.6118937
3.9668362
2.507387
3.3874707
2.8444202
7.9221992
4.8594155
3.7232828
5.979774
5.6616144
4.1735396
3.7906551
5.5187507
6.14271
11.396921
6.332119
5.8599386
6.8799887
6.1792636
6.1620564
5.381113
3.3678255
6.2934546
5.8319354
3.1599398
5.8238287
2.9799166
2.4248486
3.051752
6.1756616
5.317123
6.779947
6.4389405
4.911885
7.0701785
6.991618
4.2537365
6.057824
4.78996
5.4626484
4.5252924
5.595751
2.9242756
5.011799
3.9308128
7.595305
4.7389402
3.9503107
3.216677
3.2260711
6.027701
5.965701
4.756638
4.0905085
2.3533158
9.815858
7.373785
9.0613165
4.7224402
5.236064
3.4634666
9.047253
4.159881
6.3686814
4.5945287
1.6967572
9.4147625
7.083783
4.5271087
4.9727454
6.319246
5.52495
4.3414965
4.8206935
2.9099255
3.5774696
1.820092
7.0491934
7.0701666
9.182684
7.4527426
5.2639203
7.575232
9.085505
7.688586
4.5515523
6.207573
6.2398257
6.4609137
6.0388007
4.956826
3.8903332
6.4402685
6.3119664
9.692216
9.655323
7.2072926
8.2113495
4.697336
2.3683648
7.4122076
4.2145824
3.9545305
7.6154284
6.575521
7.1006036
5.8298073
3.4217994
8.255899
3.9550138
5.4521265
4.7173405
3.5202985
3.7130935
9.948077
5.5356345
3.4367328
3.553183
5.9360733
5.192603
7.7290287
5.9737525
4.532691
3.9341536
6.5884027
3.4739428
6.8170986
6.136196
6.9959264
8.558173
7.4409394
6.1232758
5.855679
6.778323
7.7715306
3.824211
14.033692
7.472108
4.0120707
2.118836
9.677424
5.3984528
11.448608
7.660742
6.4612093
5.6203494
7.066279
8.232198
6.6457467
6.40415
