20.188016044767796
23.633961400036497
16.246727583755842
18.558442218704098
25.469980299173603
33.94615031823378
23.286584200104134
18.606774751648825
21.023192717356164
27.849422115550496
31.20228963604401
24.452116627787557
22.03357890580062
17.50012719360186
7.45414484140617
22.97187722254971
26.09728738645094
16.36517161248874
22.279542265841396
23.774562745115222
18.88350494634587
16.35399256520638
23.760469570611573
16.888365213407795
11.925678890212723
16.21349310056705
18.761603616128408
17.11699714747669
11.406838868049938
17.513609433298793
23.36371535659533
22.484038461862493
14.717306957998947
22.38219089241184
17.31034203744285
18.08551963249309
18.1479601624153
20.311712496769946
19.422031807621938
32.00937846929484
16.77092118723668
25.985549587165796
15.66005446566411
10.967569466280118
17.001320414973854
20.860019313509127
22.543510881941074
14.39540359772036
13.0928772751869
21.617897497181946
27.98068379834748
19.44172729959374
15.310536066127128
20.488539195899783
18.47197204292472
19.868089220523252
17.98595123178647
12.912936750265015
17.226756568918642
23.49086322323794
20.78527280013765
21.282325192450987
19.961583033210843
13.52716293307978
14.895295228977691
18.372414426090085
9.951189681191682
14.043577064167604
17.651517702873576
17.37068379530709
14.802313848828984
14.237897824841625
12.097638737996792
23.653091087030386
12.562222841481056
4.514203634689051
9.747936589850163
5.145523974834053
11.748582400969891
3.9808452809754464
9.336665554270155
19.7826734701418
23.068057158816337
20.784114611810487
22.863122844062485
14.952603487842289
22.31018001641246
16.897563692467934
4.871447861226807
5.214724421297433
25.087331271032312
18.486986290146024
20.026267606606687
14.474191987841976
18.472529385739758
31.690195000652867
20.684576654957727
11.37149173121978
22.970219724808143
10.957252725574328
12.887803532893763
4.514203634689051
9.77758536164734
5.14552397483083
11.748582400969891
3.9808452809754464
9.336665554270155
13.914880591183227
22.0029792665508
7.221597521452158
20.549198825837077
25.340767658400328
9.624640333617137
18.794623619004508
20.55068241745695
19.4189835826641
22.604274278721697
19.403541242955587
17.355801965732855
23.73225075838076
18.634309958222364
21.210287199618787
20.33992787099631
14.971946731915072
18.96948822950429
14.203624951273603
13.337437268541134
14.961087319516313
9.549837673551917
18.49532564315117
13.731408859115358
19.352397744540315
17.4170331822228
17.871783133984184
17.323954629317
20.071272387765635
17.913265279517514
18.468992746737403
14.037440935780012
15.833692172611268
15.375179369196402
18.748351360927114
13.891861096494232
18.00929007541338
9.644831631727303
13.830949465826496
11.08663167743953
18.695525602548848
17.73776191768443
10.85651804080928
21.26459651781122
18.668577666331455
16.91527913188683
11.653663950890515
8.705023480590164
19.249070186987332
18.37981643039927
17.299071582496868
15.189233530928671
17.18196708179187
18.033567946439277
12.734054484700124
22.76999809593993
17.00002535830763
18.283059874417756
9.78113013458297
13.15374008827678
14.860429962157372
17.991661302044626
12.842546699693095
15.784940360694911
15.29002013015904
10.340647946741495
11.45876897358161
17.01151368615375
15.603828301723176
11.90316862018567
18.943067708685195
14.885684642702468
10.291472067395905
14.057294592018426
13.0913794291138
13.558659973842957
10.860624261666835
12.545600996659683
10.889032933058534
19.300730632891838
19.51944499802506
7.882016532302086
14.735284110648866
11.011485225382163
15.296358332740319
11.28582610692116
8.241231709926147
9.6813514474008
11.7567409129325
14.369736449904337
20.38844682459281
7.660604286741851
10.786553760387868
16.006227867761144
12.461349356923606
10.950586613272247
17.314769690039444
21.1083232211388
11.949604727080462
11.643753697484648
16.346383702696443
17.306040042920294
14.984130427937227
17.071845580350754
14.521679790310852
16.552675810218712
18.687532099931513
11.092711673521663
20.811618854395263
13.82976928963291
16.790103184578626
11.969695459853572
17.692944750201438
18.859936022925993
8.125554764063416
21.33410564870874
20.224980145108066
27.130994738042112
18.327908260248797
15.122466987193928
23.30890534054092
14.44849713048183
6.42941168852627
9.825061448451294
25.04844580691088
18.37988197670212
17.24086246046806
