7.895774647887324
9.047709923664122
8.156756756756756
9.295336787564766
9.226973684210526
9.88961038961039
9.294117647058824
9.22814498933902
8.975567190226876
8.116316639741518
7.930232558139535
9.22814498933902
8.906122448979591
8.379310344827585
9.415384615384616
9.008403361344538
8.342541436464089
9.508733624454148
8.446064139941692
9.686411149825783
7.619402985074627
9.76923076923077
7.621004566210046
9.732217573221757
8.342541436464089
12.419642857142858
9.76923076923077
8.083102493074792
10.066326530612244
8.813420621931261
9.866666666666667
9.804878048780488
10.154471544715447
8.813420621931261
9.667355371900827
9.238095238095237
10.732
9.22814498933902
8.05099150141643
10.774834437086092
8.116316639741518
11.09
10.167701863354038
9.008403361344538
8.634877384196185
9.508733624454148
8.798488664987406
8.813420621931261
9.822878228782288
10.138613861386139
11.903703703703703
7.342783505154639
10.170648464163822
7.930232558139535
8.101587301587301
7.545774647887324
8.145522388059701
8.813420621931261
9.028169014084508
8.813420621931261
9.626050420168067
8.13738019169329
9.153558052434457
10.745098039215685
10.078125
9.90625
8.798488664987406
9.706896551724139
8.723300970873787
8.519323671497585
8.88
9.217821782178218
9.88961038961039
8.268412438625205
8.115942028985508
13.671641791044776
9.810650887573965
8.465116279069768
7.979942693409742
8.382749326145552
8.813420621931261
9.238095238095237
8.578199052132701
8.134048257372655
8.602469135802469
7.826086956521739
8.433962264150944
9.245283018867925
9.058823529411764
9.22814498933902
9.925
8.634877384196185
14.801608579088471
10.488888888888889
8.532374100719425
9.6225
8.605263157894736
8.669172932330827
9.22814498933902
8.975567190226876
7.567919075144508
12.38692098092643
8.101587301587301
8.134048257372655
10.078125
9.22814498933902
11.037414965986395
9.507936507936508
8.40782122905028
9.866666666666667
8.519323671497585
6.237354085603113
9.677777777777777
10.310880829015543
7.989629629629629
9.22814498933902
8.534246575342467
10.096153846153847
9.153846153846153
9.161904761904761
10.0
11.430830039525691
7.851913477537438
9.191489361702128
9.834016393442623
8.723300970873787
10.350877192982455
9.548780487804878
7.758152173913044
8.8
9.370473537604457
8.197411003236246
10.95360824742268
7.082539682539682
8.13738019169329
10.775743707093822
9.626050420168067
11.048484848484849
9.627450980392156
9.884469696969697
9.875
8.783018867924529
8.976470588235294
7.989629629629629
9.226973684210526
7.857142857142857
7.040229885057471
9.357843137254902
6.5
8.149051490514905
8.813420621931261
9.346534653465346
9.348837209302326
9.706896551724139
7.925155925155925
10.350877192982455
8.725663716814159
8.5
10.0
8.394618834080717
8.308724832214764
8.723300970873787
7.67427701674277
10.661417322834646
10.38888888888889
9.337209302325581
9.553846153846154
9.508733624454148
9.575178997613365
8.191935483870967
10.289389067524116
8.066502463054187
8.631443298969073
9.188461538461539
9.8125
9.677777777777777
8.382749326145552
9.188461538461539
11.465753424657533
8.446064139941692
9.42134831460674
9.227272727272727
8.725663716814159
9.862745098039216
10.36078431372549
9.479310344827587
9.22814498933902
10.732
11.136986301369863
10.907063197026023
8.725663716814159
10.557522123893806
8.827794561933535
10.067415730337078
11.098039215686274
8.430232558139535
10.38888888888889
6.236363636363636
9.226973684210526
8.465306122448979
8.915492957746478
10.529411764705882
9.76923076923077
8.115942028985508
9.418326693227092
8.513119533527696
10.214814814814815
9.822695035460994
9.878571428571428
10.163934426229508
9.947368421052632
8.975567190226876
9.878571428571428
11.116666666666667
10.976744186046512
8.49438202247191
5.25531914893617
8.813775510204081
7.545774647887324
7.342783505154639
5.980066445182724
5.6521739130434785
7.342783505154639
6.743478260869566
6.031847133757962
7.339031339031339
6.5576923076923075
6.5576923076923075
6.582375478927203
7.2727272727272725
7.342783505154639
8.291666666666666
7.925155925155925
8.197411003236246
7.427672955974843
5.25531914893617
6.582375478927203
6.114285714285714
6.744027303754266
7.5993150684931505
7.618461538461538
6.730769230769231
6.36
7.841085271317829
7.379545454545455
7.342783505154639
5.6521739130434785
9.788732394366198
9.810650887573965
10.046875
9.226973684210526
8.713432835820896
8.688473520249222
8.63013698630137
10.650862068965518
9.484848484848484
9.227272727272727
8.712962962962964
10.167701863354038
8.813775510204081
10.926174496644295
8.306358381502891
10.474747474747474
9.706896551724139
9.479310344827587
9.575178997613365
8.578199052132701
9.021052631578947
9.85344827586207
9.508733624454148
10.635416666666666
8.604743083003953
9.875
7.3603896103896105
8.1320293398533
9.866666666666667
9.866666666666667
9.100864553314121
9.575178997613365
8.634877384196185
8.666666666666666
9.357843137254902
6.568888888888889
9.562962962962963
9.885767790262172
8.737463126843657
7.612813370473537
9.226973684210526
10.642857142857142
10.096153846153847
9.862745098039216
10.314285714285715
11.56768558951965
10.0
10.642857142857142
10.712918660287082
9.636363636363637
8.134048257372655
12.03125
8.725663716814159
9.294117647058824
8.725663716814159
9.686411149825783
8.268412438625205
9.143518518518519
8.11038961038961
8.191935483870967
9.274725274725276
9.884469696969697
9.947368421052632
9.822878228782288
6.384615384615385
10.26775956284153
8.555555555555555
8.778947368421052
9.52112676056338
10.717391304347826
11.189573459715639
8.268412438625205
8.164772727272727
8.134048257372655
8.465306122448979
7.96
7.851913477537438
8.255154639175258
7.379545454545455
8.268412438625205
9.37
9.865051903114187
9.143518518518519
8.425629290617849
7.672364672364672
10.01865671641791
9.6225
9.8828125
9.867469879518072
10.096385542168674
8.268412438625205
9.191489361702128
8.394618834080717
9.484848484848484
9.047709923664122
9.227272727272727
8.336713995943205
8.63013698630137
7.67427701674277
10.650862068965518
8.254237288135593
9.867924528301886
8.976470588235294
8.92134831460674
9.421052631578947
10.450617283950617
11.130952380952381
9.226973684210526
7.216216216216216
7.54337899543379
9.562962962962963
12.675324675324676
9.884469696969697
8.125
8.394618834080717
8.088669950738916
9.477611940298507
10.968
10.762135922330097
9.370473537604457
9.22814498933902
10.666666666666666
9.8828125
8.191935483870967
8.395470383275262
9.008403361344538
9.047709923664122
11.432835820895523
10.571729957805907
8.254901960784315
8.268412438625205
9.885767790262172
10.047169811320755
9.191489361702128
9.686411149825783
9.885767790262172
9.088541666666666
8.534246575342467
8.342541436464089
10.869565217391305
9.677777777777777
10.038910505836576
10.923076923076923
9.164556962025317
10.774834437086092
7.67427701674277
9.862745098039216
7.841085271317829
8.670103092783505
9.227272727272727
9.27027027027027
10.047169811320755
8.395470383275262
9.227272727272727
9.224242424242425
9.015151515151516
8.737463126843657
9.233009708737864
8.546511627906977
11.30379746835443
8.783018867924529
11.048484848484849
8.425629290617849
10.247706422018348
9.337209302325581
9.153846153846153
9.822695035460994
11.169590643274853
8.306358381502891
9.008403361344538
9.100864553314121
9.667355371900827
9.895104895104895
10.350877192982455
12.95973154362416
9.667355371900827
10.261410788381744
8.306358381502891
8.49438202247191
9.575178997613365
8.906122448979591
8.8
8.116316639741518
8.557377049180328
8.975567190226876
10.896
9.058823529411764
11.094674556213018
10.487179487179487
9.88961038961039
9.925
9.188461538461539
10.366666666666667
9.834016393442623
8.976470588235294
10.919354838709678
8.725663716814159
9.030864197530864
11.136363636363637
9.008403361344538
8.116316639741518
11.315068493150685
8.1320293398533
8.813775510204081
10.066326530612244
8.670103092783505
8.513119533527696
9.307692307692308
8.425629290617849
9.909952606635072
10.684684684684685
9.549019607843137
9.778225806451612
8.805882352941177
10.333333333333334
8.336713995943205
9.732217573221757
11.384615384615385
9.549019607843137
7.562289562289562
8.975567190226876
9.925
8.798488664987406
9.015151515151516
8.069565217391304
8.069565217391304
10.366071428571429
7.979942693409742
10.732
8.906122448979591
7.562289562289562
8.880208333333334
11.136363636363637
8.783018867924529
10.078125
9.778225806451612
9.878571428571428
8.92134831460674
9.370473537604457
9.370473537604457
8.254237288135593
10.406040268456376
9.508733624454148
10.136986301369863
9.421052631578947
8.513119533527696
10.642857142857142
7.851913477537438
8.33
8.813775510204081
9.562962962962963
7.895774647887324
7.67427701674277
9.484848484848484
8.634877384196185
7.138121546961326
8.191935483870967
8.236467236467236
9.682926829268293
9.477611940298507
7.213483146067416
8.555555555555555
9.79874213836478
9.421052631578947
9.575178997613365
10.661417322834646
7.896725440806045
8.134048257372655
8.088669950738916
9.79874213836478
8.101587301587301
10.366666666666667
8.101587301587301
9.885767790262172
8.191935483870967
7.758152173913044
9.426470588235293
8.906122448979591
11.39922480620155
8.0
7.082539682539682
9.417808219178083
8.765822784810126
9.667355371900827
10.333333333333334
8.156756756756756
9.029850746268657
9.324324324324325
7.753623188405797
8.40782122905028
7.618461538461538
7.339031339031339
8.813775510204081
7.896725440806045
8.116316639741518
9.479310344827587
8.908212560386474
9.626050420168067
15.787735849056604
9.415384615384616
8.688473520249222
9.778225806451612
9.56640625
9.191489361702128
8.605263157894736
9.029850746268657
8.395470383275262
8.336713995943205
10.758928571428571
8.737463126843657
11.136986301369863
14.58974358974359
15.958333333333334
25.56923076923077
13.0
17.2
9.008403361344538
8.765822784810126
8.179487179487179
9.244094488188976
8.813420621931261
9.245283018867925
10.303846153846154
10.589928057553957
8.798488664987406
8.737463126843657
8.13738019169329
9.073170731707316
9.6225
7.895774647887324
7.88
8.798488664987406
9.39655172413793
7.562289562289562
9.303921568627452
8.669172932330827
10.571729957805907
15.950819672131148
8.425629290617849
8.145522388059701
8.737463126843657
9.407407407407407
9.788732394366198
8.254237288135593
9.677777777777777
9.047709923664122
8.830188679245284
7.67427701674277
9.227272727272727
9.885767790262172
10.650862068965518
8.688473520249222
8.101587301587301
9.865051903114187
10.100294985250738
9.421052631578947
8.669172932330827
8.149051490514905
9.667355371900827
8.425629290617849
8.798488664987406
9.233009708737864
8.236467236467236
8.268412438625205
7.979942693409742
8.975567190226876
9.884469696969697
8.069565217391304
10.066326530612244
10.589928057553957
9.885767790262172
8.145522388059701
7.138121546961326
8.116316639741518
10.100294985250738
9.153558052434457
7.896725440806045
8.534246575342467
9.667355371900827
7.54337899543379
8.101587301587301
9.484848484848484
9.238095238095237
9.39655172413793
8.096625766871165
8.975567190226876
9.370473537604457
9.785714285714286
9.118279569892474
9.153846153846153
8.425629290617849
9.227272727272727
8.446064139941692
10.066326530612244
9.890995260663507
8.908212560386474
9.804878048780488
10.650862068965518
8.13738019169329
8.908212560386474
7.567919075144508
8.382749326145552
10.254098360655737
9.153846153846153
8.631443298969073
9.667355371900827
8.465116279069768
10.126582278481013
8.306358381502891
8.813420621931261
8.342541436464089
9.008403361344538
11.271186440677965
9.56640625
8.975567190226876
10.825
8.631443298969073
8.145522388059701
9.508733624454148
10.762135922330097
10.666666666666666
9.08
10.163934426229508
7.342783505154639
8.813420621931261
8.513119533527696
10.692307692307692
9.015151515151516
11.465753424657533
8.149051490514905
8.465306122448979
9.508733624454148
9.08860759493671
10.333333333333334
10.589928057553957
10.374164810690424
9.370473537604457
8.813775510204081
8.157894736842104
9.794392523364486
10.612903225806452
9.875
9.244094488188976
8.268412438625205
8.712962962962964
8.976470588235294
8.975567190226876
7.979942693409742
8.458823529411765
7.895774647887324
9.22814498933902
9.717391304347826
9.895104895104895
9.794871794871796
9.575178997613365
9.56640625
10.716049382716049
9.021052631578947
9.22814498933902
8.906122448979591
10.1875
9.088541666666666
10.652482269503546
7.896725440806045
9.885767790262172
8.191935483870967
8.336713995943205
11.08125
8.827794561933535
10.100294985250738
9.047709923664122
9.810650887573965
12.020134228187919
10.627118644067796
8.805882352941177
10.273381294964029
8.268412438625205
9.705882352941176
9.890995260663507
9.479310344827587
8.725663716814159
8.578199052132701
10.684684684684685
10.571729957805907
9.477611940298507
8.813420621931261
9.407407407407407
7.67427701674277
9.357843137254902
11.35
9.56640625
8.465306122448979
9.164556962025317
10.154471544715447
9.06547619047619
9.995555555555555
9.553846153846154
8.816901408450704
8.725663716814159
9.227272727272727
9.778225806451612
9.794392523364486
8.115942028985508
8.395470383275262
8.191935483870967
9.233009708737864
9.454545454545455
9.477611940298507
11.869158878504672
8.813775510204081
8.975567190226876
9.226973684210526
8.813420621931261
10.254098360655737
9.22814498933902
9.484848484848484
9.226973684210526
8.101587301587301
8.342541436464089
9.274725274725276
8.921259842519685
9.695121951219512
9.161904761904761
8.725663716814159
8.806201550387597
9.191489361702128
9.143518518518519
8.342541436464089
9.047709923664122
9.890995260663507
9.073170731707316
9.925
8.725663716814159
10.652892561983471
8.783018867924529
11.05109489051095
9.164556962025317
7.948453608247423
9.233009708737864
9.677777777777777
8.555555555555555
9.76923076923077
9.188461538461539
9.227272727272727
7.925155925155925
9.047709923664122
9.06547619047619
8.725663716814159
9.6225
7.67427701674277
8.465306122448979
8.342541436464089
10.571729957805907
8.069565217391304
7.851913477537438
10.25531914893617
8.519323671497585
8.813420621931261
8.101587301587301
12.243697478991596
8.115942028985508
10.310880829015543
9.029850746268657
7.930232558139535
8.908212560386474
8.830188679245284
9.100864553314121
10.154471544715447
8.666666666666666
9.822878228782288
9.029850746268657
9.088541666666666
7.672364672364672
9.479310344827587
9.11111111111111
8.12987012987013
8.783018867924529
8.430232558139535
10.914285714285715
9.479310344827587
9.06547619047619
9.484848484848484
