28.939393939393938
17.135922330097088
32.40601503759399
44.78776290630975
24.020725388601036
41.34444444444444
43.970588235294116
16.468325791855204
49.42982456140351
15.593457943925234
14.695067264573991
34.17275747508306
46.04838709677419
29.931914893617023
15.365217391304348
20.951977401129945
40.41509433962264
32.34722222222222
12.739506172839507
39.6948051948052
38.52684563758389
39.761744966442954
60.65419161676647
16.468325791855204
14.695067264573991
46.45070422535211
13.095723014256619
49.625
27.580645161290324
20.41025641025641
63.22164948453608
57.416666666666664
16.523809523809526
24.55072463768116
19.176666666666666
41.68064516129032
17.63137254901961
36.11891891891892
16.207171314741036
39.28374655647383
12.909090909090908
35.3448275862069
51.47164948453608
12.376171352074966
23.7979797979798
45.981651376146786
27.979094076655052
53.51102464332036
62.82210708117444
17.63137254901961
26.164948453608247
21.807174887892376
29.37552742616034
34.76704545454545
43.15107913669065
31.7
12.424167694204685
60.27897574123989
28.939393939393938
24.55072463768116
27.728285077951004
13.095723014256619
12.827956989247312
12.424167694204685
53.25503355704698
24.806949806949806
18.174418604651162
19.46938775510204
12.827956989247312
13.095723014256619
17.24025974025974
16.468325791855204
45.85820895522388
33.09615384615385
30.92233009708738
19.18285714285714
17.46987951807229
12.424167694204685
27.45724907063197
21.15753424657534
13.095723014256619
35.3448275862069
17.622464898595943
13.095723014256619
25.976
45.981651376146786
15.358024691358025
17.873949579831933
27.165644171779142
21.757062146892654
24.55072463768116
23.81111111111111
39.43877551020408
49.42982456140351
23.81111111111111
47.891176470588235
24.77027027027027
17.622464898595943
18.48170731707317
15.5678391959799
27.12200956937799
29.37552742616034
15.37007874015748
12.360576923076923
18.23076923076923
17.622464898595943
38.325102880658434
12.827956989247312
44.63400576368876
57.44047619047619
17.24025974025974
16.717703349282296
51.47164948453608
21.383795309168445
61.0255033557047
48.04521739130435
15.5678391959799
16.45308924485126
27.728285077951004
33.54545454545455
25.064935064935064
42.45774647887324
15.5678391959799
21.4
23.611538461538462
60.27897574123989
41.70807453416149
12.521978021978022
13.845971563981042
15.895104895104895
11.081632653061224
16.45308924485126
20.952380952380953
27.165644171779142
20.576051779935273
13.845971563981042
15.593457943925234
44.828828828828826
34.64356435643565
16.717703349282296
35.386243386243386
17.873949579831933
32.229729729729726
21.387978142076502
53.42307692307692
13.830188679245284
19.18285714285714
23.66840731070496
46.27479338842975
45.981651376146786
55.23018867924528
38.52684563758389
28.011904761904763
17.63137254901961
50.90277777777778
14.113924050632912
15.289473684210526
15.593457943925234
48.330900243309
27.12200956937799
19.72871287128713
21.791666666666668
22.384615384615383
13.095723014256619
20.952380952380953
36.751918158567776
12.827956989247312
17.873949579831933
15.958677685950413
12.827956989247312
34.77168949771689
34.35925925925926
18.65573770491803
12.827956989247312
29.803030303030305
29.508333333333333
24.159817351598175
10.790055248618785
11.621253405994551
19.134375
50.16955017301038
31.363013698630137
19.33139534883721
29.84297520661157
35.85756676557863
46.04838709677419
28.431818181818183
32.53703703703704
59.13333333333333
51.50373692077728
22.518987341772153
15.5678391959799
19.990384615384617
45.129629629629626
42.33806146572104
44.63400576368876
29.84297520661157
31.7
55.27363184079602
20.07191780821918
23.0126582278481
16.753521126760564
12.401709401709402
28.310344827586206
34.76704545454545
19.0
51.47164948453608
21.512820512820515
12.521978021978022
15.5678391959799
53.42307692307692
12.424167694204685
28.574074074074073
41.4009900990099
36.11891891891892
19.0
38.52684563758389
16.363957597173144
25.913793103448278
13.436314363143632
15.5678391959799
12.521978021978022
21.878424657534246
28.2
48.330900243309
25.568181818181817
17.622464898595943
24.085106382978722
11.081632653061224
29.931914893617023
23.66840731070496
29.195121951219512
21.11864406779661
12.827956989247312
24.97142857142857
43.06707317073171
17.622464898595943
16.717703349282296
25.913793103448278
23.41269841269841
21.4020618556701
38.87096774193548
33.47931034482759
23.66840731070496
27.45724907063197
40.41509433962264
19.18285714285714
23.611538461538462
17.622464898595943
30.56983240223464
31.7
33.785714285714285
33.54545454545455
20.07191780821918
22.653508771929825
43.06707317073171
53.51102464332036
15.603864734299517
34.77168949771689
16.363957597173144
17.622464898595943
53.742587601078164
17.406779661016948
42.68571428571428
14.914285714285715
60.15356711003628
16.717703349282296
30.353846153846153
17.97938144329897
23.66840731070496
12.424167694204685
15.593457943925234
43.672413793103445
10.865853658536585
15.5678391959799
17.622464898595943
37.03782505910166
23.0126582278481
16.84090909090909
35.90760869565217
27.728285077951004
16.45308924485126
12.739506172839507
10.86875
51.30696798493409
13.095723014256619
12.424167694204685
12.682926829268293
17.622464898595943
12.827956989247312
21.757062146892654
13.845971563981042
39.6948051948052
20.489270386266096
48.38
12.827956989247312
23.27777777777778
16.363957597173144
23.0126582278481
19.72871287128713
32.34722222222222
16.717703349282296
28.574074074074073
12.827956989247312
55.56666666666667
17.97938144329897
54.217021276595744
39.761744966442954
22.904255319148938
45.29126213592233
37.25188916876574
19.386904761904763
40.77493606138108
12.424167694204685
34.77168949771689
37.03782505910166
41.63895486935867
23.41269841269841
13.095723014256619
17.070588235294117
12.682926829268293
15.365217391304348
24.085106382978722
61.92403314917127
59.87678571428572
27.580645161290324
46.27479338842975
13.095723014256619
17.46987951807229
29.508333333333333
35.3448275862069
16.363957597173144
40.77493606138108
14.016304347826088
16.363957597173144
20.38888888888889
24.020725388601036
16.468325791855204
27.580645161290324
15.37007874015748
34.64356435643565
12.739506172839507
16.717703349282296
11.081632653061224
46.04838709677419
16.5425
11.386740331491712
26.8843537414966
25.44
35.29896907216495
54.81214689265537
54.03333333333333
32.28623188405797
38.22794117647059
22.12280701754386
17.63137254901961
41.68064516129032
55.5
25.615384615384617
21.4020618556701
15.37007874015748
22.904255319148938
19.18285714285714
18.003584229390682
32.34722222222222
14.65
50.16955017301038
28.939393939393938
14.016304347826088
20.51851851851852
34.35925925925926
25.598039215686274
30.7972972972973
30.128440366972477
13.388625592417062
12.827956989247312
12.424167694204685
17.739299610894943
18.31924882629108
12.739506172839507
36.333333333333336
20.489270386266096
41.18454935622318
17.048148148148147
23.66840731070496
16.725705329153605
13.095723014256619
18.078740157480315
55.74716981132075
45.981651376146786
16.5425
35.98076923076923
19.72871287128713
32.69144981412639
35.3448275862069
50.50243902439024
28.310344827586206
35.386243386243386
17.406779661016948
20.951977401129945
35.98076923076923
16.363957597173144
50.50243902439024
15.5678391959799
43.970588235294116
21.878424657534246
29.508333333333333
24.77027027027027
15.593457943925234
13.095723014256619
16.207171314741036
27.45724907063197
32.34722222222222
26.207920792079207
36.333333333333336
44.63400576368876
63.1169014084507
28.011904761904763
40.41509433962264
17.71518987341772
15.273972602739725
21.82857142857143
26.490909090909092
56.2
44.07741935483871
12.827956989247312
54.455919395466
58.62559241706161
14.914285714285715
20.22222222222222
19.18285714285714
19.840579710144926
24.806949806949806
27.728285077951004
24.478991596638654
13.095723014256619
11.621253405994551
45.981651376146786
39.28374655647383
37.03782505910166
16.772727272727273
18.464912280701753
16.363957597173144
16.45308924485126
35.27301587301587
31.7
35.627450980392155
35.627450980392155
12.424167694204685
16.717703349282296
28.592
15.593457943925234
12.395348837209303
55.23018867924528
44.828828828828826
13.640625
35.76704545454545
38.22794117647059
41.63895486935867
17.97938144329897
42.860240963855425
25.344444444444445
18.057377049180328
16.45308924485126
34.62698412698413
38.0
20.07191780821918
14.695067264573991
33.291666666666664
12.739506172839507
25.44
29.931914893617023
19.18285714285714
54.217021276595744
22.50526315789474
32.34722222222222
33.36768802228412
54.455919395466
31.7
20.952380952380953
11.25912408759124
19.408695652173915
12.827956989247312
43.06707317073171
27.12200956937799
42.72769953051643
47.215753424657535
16.725705329153605
20.951977401129945
50.398791540785496
55.27363184079602
41.68064516129032
30.56983240223464
57.54716981132076
16.773662551440328
17.361764705882354
24.97142857142857
34.939655172413794
44.78776290630975
38.52684563758389
16.444444444444443
12.424167694204685
49.779329608938546
40.066985645933016
19.990384615384617
49.53333333333333
49.856521739130436
35.18994413407821
13.095723014256619
12.424167694204685
42.56944444444444
16.5425
28.939393939393938
19.990384615384617
17.19047619047619
25.44
11.621253405994551
12.424167694204685
17.622464898595943
19.176666666666666
25.653846153846153
17.873949579831933
14.65
49.42982456140351
25.976
54.217021276595744
31.7
20.489270386266096
24.395939086294415
35.76704545454545
13.90176322418136
14.016304347826088
43.72477064220183
55.2
16.363957597173144
21.4
19.18285714285714
54.455919395466
49.53333333333333
20.51851851851852
19.176666666666666
40.066985645933016
21.878424657534246
30.832684824902724
14.016304347826088
53.86363636363637
19.18285714285714
21.878424657534246
15.593457943925234
56.052845528455286
30.424460431654676
40.0
32.34722222222222
50.16955017301038
38.22794117647059
27.12200956937799
47.891176470588235
41.68064516129032
53.42307692307692
18.48170731707317
15.544041450777202
19.134375
61.62724014336918
45.66313559322034
16.5425
17.71518987341772
30.859154929577464
30.424460431654676
41.63895486935867
24.887417218543046
13.388625592417062
17.97938144329897
54.217021276595744
56.2
25.598039215686274
13.363636363636363
54.611111111111114
49.69736842105263
15.273972602739725
47.891176470588235
39.761744966442954
15.598930481283423
12.424167694204685
12.424167694204685
61.45454545454545
13.845971563981042
14.232758620689655
11.621253405994551
33.36768802228412
18.31924882629108
34.77168949771689
11.24390243902439
31.179916317991633
55.84166666666667
15.5678391959799
17.361764705882354
12.739506172839507
16.207171314741036
49.42982456140351
15.5678391959799
24.020725388601036
16.717703349282296
12.827956989247312
27.905882352941177
16.468325791855204
11.621253405994551
23.66840731070496
25.497267759562842
24.806949806949806
35.3448275862069
12.682926829268293
27.165644171779142
24.77027027027027
21.080882352941178
21.387978142076502
20.576051779935273
14.13953488372093
55.56666666666667
54.87179487179487
16.45308924485126
40.10091743119266
42.7773851590106
25.598039215686274
22.653508771929825
24.77027027027027
14.695067264573991
24.77027027027027
13.095723014256619
25.598039215686274
11.846153846153847
43.15107913669065
23.81111111111111
14.914285714285715
15.5678391959799
28.291666666666668
35.3448275862069
17.048148148148147
12.424167694204685
40.41509433962264
13.095723014256619
22.50526315789474
27.580645161290324
16.717703349282296
18.003584229390682
25.913793103448278
27.580645161290324
12.424167694204685
14.440860215053764
15.5678391959799
59.67357512953368
27.12200956937799
55.71895424836601
58.077806122448976
13.90176322418136
33.36768802228412
28.939393939393938
25.048
23.913385826771652
49.779329608938546
32.34722222222222
14.65
19.72871287128713
45.981651376146786
15.5678391959799
15.836879432624114
41.34444444444444
26.207920792079207
12.827956989247312
49.96634615384615
15.895104895104895
19.386904761904763
16.207171314741036
13.90176322418136
27.905882352941177
51.50373692077728
51.47164948453608
31.7
23.17721518987342
15.5678391959799
44.78776290630975
15.5678391959799
18.057377049180328
55.71895424836601
33.291666666666664
39.243478260869566
21.878424657534246
12.682926829268293
28.939393939393938
23.66840731070496
14.65
38.325102880658434
21.807174887892376
50.50243902439024
15.5678391959799
15.555555555555555
11.830188679245284
43.15107913669065
28.939393939393938
35.23170731707317
16.09704641350211
12.424167694204685
41.34444444444444
16.468325791855204
26.8843537414966
18.464912280701753
12.682926829268293
37.47560975609756
48.330900243309
27.979094076655052
24.880281690140844
61.62724014336918
41.43946188340807
41.68064516129032
29.043956043956044
25.44
15.37007874015748
54.217021276595744
25.44
18.23076923076923
43.06707317073171
11.241573033707866
41.63895486935867
53.363076923076925
19.699152542372882
39.6948051948052
42.68571428571428
15.593457943925234
24.159817351598175
34.77168949771689
16.717703349282296
39.761744966442954
50.91864406779661
26.243119266055047
12.271186440677965
13.095723014256619
46.04838709677419
21.387978142076502
17.622464898595943
47.891176470588235
16.926470588235293
13.095723014256619
21.852459016393443
29.84297520661157
59.13333333333333
10.86875
37.03782505910166
12.401709401709402
34.77168949771689
25.615384615384617
43.8
28.939393939393938
26.8843537414966
32.34722222222222
55.74716981132075
51.47164948453608
17.048148148148147
35.627450980392155
46.27479338842975
27.580645161290324
31.571428571428573
42.860240963855425
28.975609756097562
55.27363184079602
15.37007874015748
28.939393939393938
21.878424657534246
17.218487394957982
27.728285077951004
21.878424657534246
20.952380952380953
15.5678391959799
41.12676056338028
12.426470588235293
38.52684563758389
20.489270386266096
20.734104046242773
19.18285714285714
15.5678391959799
30.56983240223464
15.273972602739725
27.979094076655052
53.51102464332036
19.72871287128713
15.365217391304348
17.63137254901961
11.327868852459016
57.71085858585859
19.18285714285714
19.066666666666666
18.695652173913043
12.376171352074966
24.806949806949806
25.598039215686274
22.50526315789474
24.806949806949806
21.807174887892376
15.895104895104895
17.622464898595943
11.241573033707866
10.333333333333334
22.12280701754386
13.5
18.25
16.363957597173144
36.96629213483146
24.55072463768116
14.65
23.66840731070496
23.0126582278481
42.7773851590106
17.135922330097088
27.979094076655052
25.44
19.176666666666666
17.977443609022558
16.717703349282296
53.42307692307692
15.5678391959799
17.873949579831933
49.74038461538461
40.10091743119266
46.54799301919721
53.16030534351145
51.47164948453608
31.3828125
30.803030303030305
24.806949806949806
49.42982456140351
12.909090909090908
34.891304347826086
25.497267759562842
12.827956989247312
13.095723014256619
16.468325791855204
12.682926829268293
21.383795309168445
27.12200956937799
24.42391304347826
23.583333333333332
59.258426966292134
12.682926829268293
15.5678391959799
24.020725388601036
18.23076923076923
25.44
18.48170731707317
45.29126213592233
17.71518987341772
54.217021276595744
50.46677215189873
20.489270386266096
37.92125984251968
23.66840731070496
11.621253405994551
14.948453608247423
16.45308924485126
17.71518987341772
16.717703349282296
28.939393939393938
16.207171314741036
14.65
17.048148148148147
20.951977401129945
15.659574468085106
21.878424657534246
58.10532994923858
20.695652173913043
43.053030303030305
14.232758620689655
33.32258064516129
39.28374655647383
14.695067264573991
13.385
55.23018867924528
25.598039215686274
21.807174887892376
15.593457943925234
17.369565217391305
22.0
35.76704545454545
42.72769953051643
20.41025641025641
12.827956989247312
16.363957597173144
13.385
18.464912280701753
17.361764705882354
11.241573033707866
19.386904761904763
25.653846153846153
27.45724907063197
23.583333333333332
21.383795309168445
52.6404833836858
31.363013698630137
28.8
31.7
26.164948453608247
14.232758620689655
58.72779369627507
29.37552742616034
58.62559241706161
63.84474123539232
22.384615384615383
17.135922330097088
18.64406779661017
27.92233009708738
26.490909090909092
27.580645161290324
12.682926829268293
23.611538461538462
26.942857142857143
15.273972602739725
38.52684563758389
30.816666666666666
20.576051779935273
53.42307692307692
53.363076923076925
50.50243902439024
21.878424657534246
18.620689655172413
38.52684563758389
38.53012048192771
34.62698412698413
55.27363184079602
19.18285714285714
15.836879432624114
33.36768802228412
42.860240963855425
27.92233009708738
60.5
62.849624060150376
17.622464898595943
46.12439024390244
16.363957597173144
29.931914893617023
17.622464898595943
54.81214689265537
27.165644171779142
20.951977401129945
28.939393939393938
29.84297520661157
43.27619047619048
28.291666666666668
51.50373692077728
46.54799301919721
14.297297297297296
41.15925925925926
19.18285714285714
41.15925925925926
40.77493606138108
13.845971563981042
22.16883116883117
31.363013698630137
39.84375
40.0
19.72871287128713
19.18285714285714
13.095723014256619
40.0
12.827956989247312
49.96634615384615
46.27479338842975
53.742587601078164
23.59722222222222
11.081632653061224
27.12200956937799
17.622464898595943
12.827956989247312
27.580645161290324
33.13333333333333
25.514285714285716
10.91633466135458
19.18285714285714
16.45308924485126
15.365217391304348
40.77493606138108
18.49137931034483
20.576051779935273
44.07741935483871
33.00374531835206
21.847457627118644
14.016304347826088
63.10354223433242
23.583333333333332
27.165644171779142
22.384615384615383
13.845971563981042
38.12921348314607
34.64356435643565
12.827956989247312
20.952380952380953
41.9009900990099
40.41509433962264
56.7007874015748
25.44
29.931914893617023
25.048
27.45724907063197
25.653846153846153
19.18285714285714
14.125
12.827956989247312
42.33806146572104
21.476190476190474
32.34722222222222
12.376171352074966
14.695067264573991
15.593457943925234
20.576051779935273
23.611538461538462
12.424167694204685
17.384615384615383
15.5678391959799
33.73103448275862
39.84375
46.12439024390244
35.90760869565217
22.16883116883117
22.0
13.095723014256619
29.508333333333333
20.07191780821918
16.09704641350211
19.0
25.497267759562842
27.165644171779142
58.10532994923858
24.806949806949806
18.48170731707317
16.772727272727273
51.4375
13.420168067226891
16.5425
29.931914893617023
12.702127659574469
24.55072463768116
12.682926829268293
17.048148148148147
46.23232323232323
16.468325791855204
21.15753424657534
23.611538461538462
29.931914893617023
30.353846153846153
16.625
23.913385826771652
20.07191780821918
37.874251497005986
12.827956989247312
21.383795309168445
47.891176470588235
14.65
13.385
20.952380952380953
12.827956989247312
14.65
23.59722222222222
29.84297520661157
25.615384615384617
16.725705329153605
15.598930481283423
23.66840731070496
39.28374655647383
37.03782505910166
26.243119266055047
16.5425
39.243478260869566
32.97536945812808
13.095723014256619
17.622464898595943
42.72769953051643
41.9009900990099
20.07191780821918
21.387978142076502
44.63400576368876
21.15753424657534
55.84166666666667
33.47931034482759
27.92233009708738
22.653508771929825
13.845971563981042
21.476190476190474
11.24390243902439
11.24390243902439
18.65573770491803
12.739506172839507
17.384615384615383
29.931914893617023
17.406779661016948
17.361764705882354
20.3984375
18.28125
25.615384615384617
13.428571428571429
30.816666666666666
13.095723014256619
23.611538461538462
15.557017543859649
13.388625592417062
24.72826086956522
22.50526315789474
15.273972602739725
21.807174887892376
13.473684210526315
11.024242424242424
21.852459016393443
25.44
16.45308924485126
15.5678391959799
21.476190476190474
17.135922330097088
15.836879432624114
12.739506172839507
25.598039215686274
21.807174887892376
16.468325791855204
21.757062146892654
19.134375
24.085106382978722
15.37007874015748
17.622464898595943
16.09704641350211
13.385
33.13333333333333
17.622464898595943
16.84090909090909
25.44
11.846153846153847
26.243119266055047
16.017045454545453
17.63137254901961
28.592
29.195121951219512
17.63137254901961
18.464912280701753
47.215753424657535
15.5678391959799
15.903508771929825
14.695652173913043
15.5678391959799
16.753521126760564
32.76027397260274
25.048
59.03921568627451
40.77493606138108
12.739506172839507
22.653508771929825
13.095723014256619
31.3828125
32.34722222222222
19.861635220125788
17.71518987341772
20.734104046242773
30.41830065359477
44.828828828828826
60.94405594405595
16.45308924485126
44.78776290630975
29.931914893617023
13.095723014256619
15.289473684210526
13.095723014256619
23.66840731070496
43.06707317073171
30.205128205128204
