6.500122235545502
3.306522076664171
7.072466942547408
7.503861436472094
3.531482814016769
5.668533069840964
5.9046717783322755
4.840144528753219
4.898081168636985
7.595549255153218
3.6496238178791494
5.291083803442596
4.595280750767339
5.041100378878976
4.876521447393183
5.643856811096017
4.835981237166332
5.259299027711869
4.778762209193609
6.030251064030082
8.365009544220293
5.259737070014626
5.600793098874274
4.812588848601381
4.724904772052441
5.244525737390672
4.850372518526891
4.660600305989483
5.4046289611078455
4.679168107023802
4.8831627938734865
4.8887144671895175
4.7342775210378605
2.950050974146491
7.7019591233348255
4.927091616263476
4.438414573379356
5.311733920033486
4.802153717971104
4.109241623076901
4.131734571240148
4.3633496339726054
3.6653830939437797
5.142833716758309
6.69357373264974
3.8018564649337927
6.274160433203378
5.026279524782106
7.129782562267783
2.6647494782732584
5.347405472730833
6.147334814006726
5.347461949888329
4.832134332414001
4.5744633442464915
6.708239710705638
5.285353812392129
5.242230266279105
2.9349932201488165
4.801459820117426
5.988612792859907
4.89211214182518
3.6562979202893384
6.490906750276043
5.104412354921081
5.078378185437598
4.985766375070678
4.616122404220459
4.89537260703143
8.457309388237373
5.239382747202038
5.105544402302021
6.220600958588431
6.19046631563425
5.450488615869375
5.308525598336372
5.460939373942977
7.165143065792954
5.55755198082916
6.934703149382056
4.043397997816754
5.3415780708544816
1.1981373235880124
7.8139039328154425
4.973601612587694
4.983830990464366
5.025906975373041
4.146440368133298
5.609527381382025
5.639559069136244
6.162571858184085
5.680448578866718
5.034978962123756
6.924701604780064
4.078827509614356
5.791646732314869
4.4516810755576905
4.716250746687466
5.337085235851834
6.799852644729736
4.947636489851554
5.978475191718856
4.310425178728334
5.010768125003246
1.996659686545577
4.941177596643945
5.533939492534763
2.835901679772945
5.684768142574493
4.522669742787331
5.796010642052143
6.932249244539583
4.621596804914914
4.726246768748133
4.227210494526212
2.6813255984949795
3.1421753005954445
3.752490864689952
5.795630577366549
5.581689339115498
5.354479655069684
4.0210815874803005
3.684028724555734
5.546460900478982
5.140020021924087
5.183371101123876
4.7169367551968495
3.2269754477757564
5.503917791827602
4.44237876222906
4.061112944978923
5.0111575788966025
5.4408043232623085
6.6214799245594484
3.824611258271445
3.7488599063620076
4.007433786273175
4.9311629292735795
5.741834477208423
4.373888199927443
5.453574155364127
6.3922486115251225
3.5221194970344305
6.292121037566112
5.610951530953987
6.33769951487259
4.5612830113274
4.299792130198483
4.365567324606493
4.488931339591673
4.608580897200516
4.964072546137688
5.834864802107974
5.10056785302851
5.035140433236763
4.587890999492256
4.207214682461013
5.458601278404416
8.650089725414752
5.1208695524025725
5.248041553664301
3.2098472281572565
3.4778821812559833
6.02634681898947
4.443434265057402
4.459691780586908
4.494347006461732
4.67696187822328
5.056500661498473
6.332168987412524
5.267373571137325
4.163113011062261
6.1888254258916255
5.998763903250229
4.483337052568723
6.017748597577129
4.2673960993475095
5.743690865301787
2.8263539478641126
6.810648411998423
5.762459615979475
5.754114973245311
3.7260128605420917
5.477076331415561
5.236001835048198
3.8476066063572336
6.884610626160589
4.829468609083307
4.197900380864195
6.506913877697237
4.426025175342243
3.8026694264921295
4.11901981782518
3.46992722036409
4.848737667144527
5.842829772605475
3.748616482696298
5.614879805001264
5.744492496502575
4.211286743399027
4.171084071992306
4.457462833295871
4.22157694097874
3.503430730162421
3.2939377608179283
3.3739914865236944
5.726040360612966
4.239366725879762
5.446501035340493
4.166836700074389
4.505662292315643
2.186613090799824
5.0212438935099275
4.481440732841808
3.03618697937861
3.951771015479017
3.993107416167085
5.160705893421194
7.4074690792711735
5.334561658195285
4.598029244537747
4.602797058072241
4.548810997648921
6.270355116838869
5.539167011631226
4.541073120527254
6.6764763958752535
7.550005261940584
6.608240559264891
5.777558966384197
2.0026939335782883
1.9999999999999998
1.9996147467392875
2.007793267707559
1.997334578547149
2.007793267707559
7.4966219587494844
5.608674092935315
4.191953234128352
6.291511399392835
5.226405558649091
5.582973654472474
7.4212113023092
-1.1953966932756577
6.6514339937865765
4.68875461665531
5.521335201615675
5.464561332199607
3.905910755761857
1.9951733376727305
4.995839047928771
4.99782948348325
2.7295540577293225
4.99782948348325
3.0959035277932196
3.0063446699755376
1.9951733376727305
4.274374020664023
9.824278210675999
4.515118860104746
3.400803104268551
5.191171320233083
4.864330557799106
4.695294430476067
5.361105413234197
4.888090258474651
5.050532640055023
4.342358804576478
6.373226645672609
5.511531913326069
4.290340422179682
4.580367145019914
4.618324703516854
6.614247372472949
6.378148330320548
4.892163339610045
4.0786689010986565
5.6929388800568805
4.544780171168733
5.313947864135258
6.673281638779334
4.8969825422806075
5.305958242201406
4.757108261341809
3.6166027360642916
4.325107578732272
6.801558162022537
5.510207503761237
4.754041274030173
5.17749147594186
3.904891998649929
5.243469664468119
4.8527826521030235
4.861838772683971
5.288419417589433
4.787364863551394
5.248621714017849
4.676740865493999
5.92944217547247
5.553245280139204
4.815226700823228
4.116816103314071
5.935130357950857
7.225810506651071
4.5462178210974855
4.842353745515373
5.141715760564942
7.701644158177226
6.205183899570654
7.517519358117422
6.92212477859556
7.611351754592912
4.17782988992318
6.135880623574243
4.595414143963679
3.597928581023515
3.616600039964946
6.308343690367561
4.195073711378356
6.39324338039796
6.099559088306471
6.081778992828491
4.188942179480414
4.739620092146062
5.700867665682665
4.88895498637952
4.913660922345889
5.300990759647441
4.70172216130824
5.527611290835258
5.670394864032865
5.796269911316198
5.408093007585094
1.9999999999999993
4.479425235005246
5.160564924761521
8.287460477370502
4.42255389360913
5.531047754091287
4.979797597757803
4.361766420187951
4.42469596302425
4.984470415153861
4.8333774856053235
4.2721847569771185
5.036716544706181
6.171796632023501
2.599420923173133
3.75499798375841
3.395315840212585
4.392739472911909
4.3036868687009635
5.773283916516968
6.149210537271729
6.991718800527744
6.252148006135036
5.397831149443107
6.634011595270831
4.393962129068889
4.697030299391601
5.220642052283669
4.623625088657121
5.8561113921358245
5.348176624597693
4.485893092056086
6.5999909232999165
4.083695265423753
4.848798817700555
3.992825855786264
3.941139564255404
5.609635754306045
5.900453473216349
6.028334174749716
4.78461372294279
1.4833120711959662
4.791488865127823
5.501775455931108
5.0906372867096765
5.863531053268963
5.831443211619878
5.754980615755642
5.298960403693947
4.720254444767621
5.48223421045696
2.797763866187203
4.838792769183696
5.1132488616754355
5.006552607845688
4.235195063597509
5.106220698186267
5.980861661662143
5.782660206168077
2.721014489368368
1.997845233635699
3.8776483313379284
4.7640017962486665
5.718831838507452
5.839243632448485
5.133517463777202
4.797296456130603
4.485362384714017
5.684446692474392
4.661163208792606
4.924378896763544
4.138889377385841
3.9123517187704797
4.806390366862238
4.916705687733016
5.460079087161142
6.031218531333138
3.5619196660304824
4.537551879605118
5.043595742055206
5.932682576153251
2.1922717082609156
3.6897584474314717
4.577370928027561
4.943051641886759
3.9514002553617544
6.210331297722503
5.227733012550666
2.5420213029097574
7.108632333293071
2.9092790247732
6.1135817227598555
3.889940407805417
3.1898679393815024
4.776706620768966
3.967577416237406
4.817398049849061
4.356321970768773
4.928317183018624
4.784628291781202
4.784681253808025
6.630932305829825
5.256103440264134
3.0221873407135473
6.048926869984639
3.824438399362638
4.499504612715741
5.439249163954855
5.319499927990168
4.463943496922296
6.756688786966985
5.182497113460059
4.915295521980731
4.578400708214352
4.190373831894227
5.215360462552793
3.8471542182389635
5.351384252361164
6.36757363023173
6.116438147570674
3.9384572426052094
6.374213236967997
4.702787417783323
5.294572742874043
4.110849478055029
4.892246148577957
4.243651645799581
6.80619822200838
5.613139102871003
2.562741601805133
4.627590155536006
3.9541735250391845
4.712942025335283
5.635217276119773
4.702840142863701
5.187325397050045
6.073612623812815
5.301933233296907
3.857900617687112
5.051752976092532
7.3169186982292445
4.8193659991678555
5.908748539669429
6.81222048967747
5.457894171136241
4.484672411652835
3.7643403256024275
3.849671750852225
2.105153973891655
0.3067145360442831
1.997845233635699
5.044461014966579
4.092341433934471
3.991774449628467
5.441538976613572
5.000833592120136
5.707481012048195
6.448757642669595
5.007605922387738
4.844778096918783
5.10488456760907
4.353907941237335
4.617775907441206
5.272109089333009
5.5933545425356135
7.9217757687406305
6.748909590289443
7.078262550972452
5.100520948754587
7.298736184296091
5.072119818378225
1.4688157110459836
4.128266445747174
5.838595969192353
5.423887708012709
4.324040923815287
6.208976369560931
5.838595969192353
6.909886760037744
5.780985272201737
2.625320382265079
5.08088557181569
7.304240234282068
3.470072959361196
4.854395097087493
1.6068251036444774
1.2443766980226971
1.8788550502991297
0.022761641890987505
2.2391392930819434
3.2843383489543907
3.0089921799177515
2.167525390885971
5.213816649153103
2.2878372265413502
6.953903790960626
7.564491858825653
3.024073495614678
5.335947738461423
0.48486559898185133
5.420578874341954
5.3639138686738725
9.048488613676767
3.385125670198187
3.3776693351404083
3.011042173985424
4.2605273685194875
7.5891189877316565
4.385432854810319
3.9910212310588307
6.161277396328394
5.271364200187477
4.842548498392368
7.3213799812864355
5.904097358848091
5.918723584466454
6.343187564357503
4.8935711433609885
5.427014629306125
7.8553178453549215
4.733122961165593
5.625276289456625
5.999208247065816
3.997460048645535
4.5323554177949745
4.521854492920907
4.337192923514169
5.266317475491941
5.7663495012902075
4.63077859620554
5.3323736471658805
4.481160573966283
5.275197136064813
5.419518672581368
5.341354290211973
3.636947825366759
5.736672201610299
3.442373132601805
5.970917612569444
1.9999999999999998
5.662326860376841
4.208243709332773
5.929100410934881
7.678421654302362
4.37990080119156
4.976630759981863
4.718319485410522
6.451876258001075
4.422207770090316
5.259437067401988
6.281310180075458
4.548671377783482
5.145422285493044
5.304794622722973
6.5621909962946665
5.782846382408572
3.9177389339934634
2.011890355686826
1.999881668291273
4.011840630944044
6.741315313006549
5.023886560168064
6.383082849845788
5.039135751077164
4.769060199526205
0.6435389726997811
4.520788556292287
5.99332711771406
4.548248389685837
5.582979424861804
5.290474005411668
5.231083473999604
4.599565544276188
3.951927554932255
4.814643104005314
5.186217747599005
4.836502133882067
4.499504610900507
5.482423653768384
6.151884528220362
5.94029174904729
3.499482105899392
1.9999999999999998
4.554100847251459
5.500210430743115
4.322075189278136
4.450300670022614
5.129311415096478
4.317095019865939
6.0933898988643325
5.886265578977011
5.2467844099305205
3.741811822502771
2.0000000000000004
8.837679111934529
5.773359604070814
3.8206951381206213
4.775966793366303
4.423689314603147
5.216476864451241
5.146782981351654
4.925735127071486
3.3581750748969004
4.226322957048489
6.082727801884798
4.715717085842297
6.164589066527804
4.742009563906086
5.922772902992483
7.403623097195977
2.0009821615182353
5.4422374500298885
4.517054593225521
3.7115281793532873
5.666096073607191
4.823263488501097
3.638215932453516
2.0
4.9584580763264725
5.430855164129937
4.742050762784705
1.9984722175383718
4.869358020738262
4.664369853994236
2.007793267707559
5.4702889244108555
4.778784905587556
3.866839672987899
4.687270375014927
4.9684860047241415
4.874878136348696
4.997857738634026
5.752063516666323
5.415608535367302
6.085652869790455
5.327237395217351
5.0469138014088415
6.29482226187097
5.77652805773921
4.445958035284335
5.473439260217454
1.7324613363298202
3.815609723543602
2.011890355686826
1.9906698946394412
4.676489803874189
4.7920586184096
3.6447759293997857
5.07340126497546
3.732735948817386
5.143830247090582
7.648645947461182
6.586377958000304
5.402435895245665
4.23678939145476
3.1312686732337784
4.783912863558326
4.279299402066029
5.555040752357903
6.066535258568994
4.334377989272987
5.083885013049951
1.997845233635699
5.78071916440779
5.751879683499811
4.543352884848262
5.003838030570351
5.516960683568778
2.3855446692614573
5.540253218561101
5.250137794494026
4.775250773271699
4.213569739853355
4.09946435777086
6.72180598364962
2.646640572793255
5.051713630735161
4.851028649375306
4.606204947858341
4.46684837854041
6.565147781972908
6.042895639026691
5.037441644325854
5.656639949084839
4.544034009813534
5.168520281903134
4.175555799465646
5.542134395577479
5.12314335925044
3.7453169612263935
4.770846332460742
3.171395125298159
5.331694783895121
1.030152548522361
4.7018386195465265
6.777199024881796
4.332663027052643
3.1279626568487098
1.9955899167081241
5.230195919253096
4.936691256968013
6.174904755218096
1.997334578547149
2.0026939335782883
4.494514652107325
2.895824004624873
5.570720600244249
1.854605289880823
3.219569688975424
4.647649703043348
5.884980696424958
2.009540729463303
2.0
2.009540729463303
1.996659686545577
7.052293683939094
1.9999999999999993
4.448139686640496
2.0067295273131087
1.9955899167081241
1.997334578547149
4.656215376785605
2.009540729463303
5.870235251358786
4.6187720879152705
4.135435865419662
5.094302480892162
5.354595367369637
7.073842080270563
5.583417992395079
1.6690190600725163
4.6160569535688065
6.0201277246180815
5.568670534264331
5.6695049464994955
5.459096090247327
4.842171181822856
4.330239091019871
1.6966895712224164
5.507343719870576
5.256431537500193
4.207151121795114
6.212006001233331
6.565099296327562
2.340233326073284
1.9984722175383718
1.5742228867732244
4.669037027853573
6.736511019692156
5.380199759921163
7.439010394169273
5.457259135462154
6.639470116802043
2.0009821615182353
2.0009411823133147
5.056714093537424
2.10530069303803
6.385897949210949
3.687298537323226
5.369755881673342
2.0
2.0
2.011890355686826
4.054272751603863
5.562198220235174
6.330732835838579
4.819513560503922
4.987229605209431
5.441814976974634
6.142212661050663
4.874028696155989
7.4566056645164345
2.0009821615182353
4.670488713309003
4.573313168708855
9.038930921946717
7.385468693263666
5.500074509346161
4.259517565290911
2.487737241940338
5.048868758091206
6.254802024204286
5.672937865652047
6.289513036818063
3.92569230112509
6.912901500317395
1.997334578547149
2.990168743984806
4.354935073607791
5.556974477337869
5.115769533243636
1.9996147467392875
6.360006327119748
4.712452958201352
2.0067295273131087
6.731353140009919
5.841647213168836
6.340518047605309
5.031615283021859
4.09884834119164
4.503564917721231
5.8443474334261865
4.840623069746201
6.869390430554256
6.455314343000966
8.729692242026822
4.7520885642821336
4.627301994116863
4.112280742074184
2.009540729463303
5.469668877548436
4.126073029339528
5.94613866489338
2.0000000000000004
2.6259772285057856
5.750510047540447
4.431877334282964
5.803771154684698
6.538309894608103
3.571915799940169
4.175405587601108
4.977965253329915
4.103656869600831
3.334003757613319
5.1330947509440215
4.06787562093191
4.689036330255558
4.707819528995882
6.822999515421976
2.265440961245842
1.5768215440858326
3.70938407866646
4.912905709982574
5.36307209275863
4.492566701431083
3.24947418824525
4.547064828890378
7.286210566267859
3.4633044988157917
4.5775590998727544
4.53534786295587
3.65159036192739
5.020802157516614
5.572594290794586
3.650666969814397
4.253665510111256
5.425821821039991
5.7476014504876005
4.427377068432282
3.4282634445372846
4.772212549854808
6.232481090031689
7.11041186952963
5.094090608813737
5.229098707875953
3.9971218212801736
5.275368615993761
5.3779682858291
4.877087942916611
5.580442468497381
5.904156389788399
2.2136001149073
5.234695360283612
4.686694365809644
5.552083075359507
5.018857754871902
2.8521049445360123
6.097264056590271
4.80845401839905
6.162998897747004
4.365833728287187
5.363494872778288
4.633767195006491
4.923964354939473
5.3688845637992255
6.053393585450625
4.235404794050886
2.0009821615182353
3.989326752871099
5.119269588308273
4.3188019689848005
5.93672209036767
7.169020814530673
5.4362315472034375
7.387825752417864
5.6059878963699035
6.693502149575689
6.592938989515959
4.986999751760218
5.626185049251909
5.1160340469993155
7.4591770581503685
6.188270633096943
6.043729343963351
6.898429824531715
1.9990182373973748
5.088066004436299
5.718406024266734
5.636578309763218
7.149023109144679
7.305380528234327
7.39793465146941
4.382866858457663
5.365703047216005
6.560947940320534
2.0026939335782883
6.733551619999701
3.7755604410113057
5.028642404226243
2.0009411823133147
2.009540729463303
5.572761562724046
5.264537868657885
4.9262218455038
5.220424101827758
2.7201507282020265
6.892890368275275
7.054769243483914
4.618286685048405
4.99432047518526
4.781399574864507
3.880068873265351
5.016742031073553
1.9955899167081241
2.0009411823133147
2.1532900431047377
2.272118891112482
6.157241772163505
4.9595625154978284
4.9618700322742795
5.828826821306875
4.138525553064397
3.4893266259183706
2.011890355686826
7.218202822838277
3.055468796008224
5.279141833274789
2.658252594040947
6.469139567296706
5.0849750454433815
5.798639760127791
5.319501000276864
4.468428888584165
2.9844864993821014
5.460452954983092
3.249710929098285
4.90655100706786
4.971571415942858
4.717438671954194
4.171122113717103
3.8615302044243993
5.413478604852882
4.400837133302842
3.6966321496847394
2.0026939335782883
5.231715511778177
4.449121521937304
4.811439196827995
5.009331841336021
4.734009262460033
4.19534150256297
2.923501574199475
6.059707265551962
4.526570880580579
2.0009821615182353
6.5041350830668385
3.5137978036634325
3.203581077256388
5.229820234477749
5.83686487186442
4.841638918760626
8.128247753561206
5.178602339120145
5.855047681256172
6.356361622798552
2.0026939335782883
3.203581077256388
6.377462651747214
6.921715274800632
6.269131315981993
7.831534916994611
5.150905568950097
6.937872439095782
2.870037966251076
4.533651198831051
6.07535347199342
5.064908657459572
3.6789107933504526
3.715019843345564
6.892584635772345
2.0009411823133147
3.806472126158504
4.522325787202669
0.8844252498942391
4.191138506036053
6.026843517244499
4.505885141476839
4.180607498764552
4.882417185815742
6.662777070322644
5.234767375513228
4.572949518631321
3.838295498336638
5.0916594143305645
4.265254231706066
5.875970891238465
5.098572713121382
5.2726676802312324
5.381439450789698
3.1849406595612457
5.5604298494445965
1.494295124467057
4.875577917349655
8.293600273818445
6.461896807587313
3.937411715459956
4.443061198484317
7.952451308941287
3.0207616303159632
4.648366837431876
4.2499841567139836
3.998210467589555
3.9332786876018604
4.588595815332626
4.034911043482485
4.786874335166562
5.795754766652347
3.308111350642506
5.099902576692534
5.020886537351658
5.285089951554158
6.418237462645263
4.976588324234092
4.182795805141247
5.025777521329376
3.916093232431038
5.958882227998347
3.8821749980877236
2.0009411823133147
3.932789773232397
4.447076145401919
2.0087401599959818
0.4556681092513537
2.021099138348209
0.6533456809095195
1.9996147467392875
6.903973797146204
5.012772540001269
5.146648246638
5.056143220672717
6.343130125598712
5.470203198958972
5.259867014257793
5.8760173316925375
5.782536557558824
4.499399522042371
5.096407257668775
3.9243666657671543
3.988797898109121
5.270736723119771
1.9955899167081241
1.9990182373973748
2.8480308598896333
3.9554023848741062
3.090968218056833
5.188581645932368
6.304942451669293
4.0333533070508505
5.568199726344454
2.0009821615182353
4.485986296069163
6.1672383606790735
5.355964429787187
4.61769494764671
4.644513310276663
2.000000000000001
4.136595133274087
3.7228013185385955
7.174170544574595
4.952576292531214
5.1314803087509056
5.499411744694132
3.838061038403654
4.101842179593525
3.7751735108024107
5.095895037140021
2.011890355686826
6.076480124033143
3.9178332277176366
5.028316816250629
4.3105284038672576
4.962876850580281
1.9967407296605109
6.446944023696804
5.256342133553325
5.0587099255151315
4.415082506096262
4.356881798264793
6.012889553347525
4.600460395148776
3.4282117151619635
3.495480559822744
4.540130584965575
2.934783404339512
5.104622958082087
4.214069364312011
5.81226665341981
8.731448849659879
5.228829774303674
4.138468469509662
5.048481560337266
8.230785809171893
2.009540729463303
2.0022409654182045
2.0087401599959818
1.9999999999999993
5.394087544041506
7.279482433563407
6.691017591312115
2.009540729463303
2.000000000000001
4.415672528889292
4.902232477784645
4.085056340473707
4.706128428353443
4.440911857601811
6.284909329924304
4.473365690969294
2.0009821615182353
2.000000000000001
4.3715295598582085
4.310864378316447
4.893255459259125
2.974026868123373
5.706148038191267
4.538657557768741
4.524848900559796
2.889924390789298
5.619375759775339
5.452499423837425
5.121062072580873
4.20778653149193
1.9955899167081241
5.274455193103947
1.9996004288712508
7.793918422297307
4.566336080419951
5.762202625496119
3.0656758470371566
4.722476538224795
4.633308822933246
4.910023443314062
4.091669253042559
7.24981205579114
5.044758675571835
2.000000000000001
2.01102896936691
1.9999999999999998
2.011890355686826
3.9594745641188207
5.522983373015223
5.653527249424428
5.3789228707843115
4.015118946187924
7.510421193161975
2.6178658019039434
2.518314632363942
5.087512048119586
5.8004419314331175
4.662564901074413
6.880571191186256
4.449342239215813
3.2283361060819145
6.335484200546654
5.273091132211728
4.237968235729529
6.857666224152625
5.322328713340548
6.3165745397473
3.9414798133881135
3.8771309438958954
4.491226069989363
2.783350716935128
5.8331706661488605
4.983770622657493
4.905100849983169
3.7096242114789337
4.279215986374055
3.7518726114566774
4.255220118885564
4.911624929546987
3.4846802212762604
4.884771212314312
4.044354400269572
2.0022409654182045
4.221224475147947
4.273680689798454
4.064512508837217
6.083284762404429
3.9137384748077078
5.554499313926513
5.774621413724944
3.561856644314087
5.977201024738784
5.8052454145685655
4.977771186266205
3.9764499759549947
4.838249405740546
3.6041965677154346
4.770951843345973
4.954606563682356
4.890178522340792
3.53166047099681
3.4627192937424054
5.468456957106728
6.958481391305159
3.555213659703743
4.738971730129524
3.2861096339667446
4.514742116792676
5.069842295145978
4.716732773434485
3.9755412287375744
5.120475527067943
4.352135316564031
5.725800875426119
4.179207619060478
9.393683847399267
2.735595300588192
3.5580755186635873
4.435936144386886
5.519650288335061
5.689245954023188
3.9519595504526235
5.608696790913123
4.507109230780249
4.715868059761924
5.64415213854181
5.029914151531869
5.596131584510144
3.9141891181861537
5.96137607520021
4.729746248990985
3.78887431111473
6.982315466943811
4.356374689781076
3.9882612321460367
4.710097757735282
5.75298375566666
8.718344452423873
4.213902849098844
3.8447788464146857
3.078415404007952
1.2509159981238385
4.246624076839136
5.933156581380159
5.325426132234534
4.5253423803438775
4.468032413231162
4.489964028557015
5.031402338317043
5.004131208886088
3.749606424157724
3.4609629103688313
4.51021513648039
4.0630561323073096
5.875236304568806
5.3714922659561015
4.674772512781461
3.989704508030787
3.6612443497735474
5.790753776777684
5.898255881989431
4.19715762823842
5.927927922032621
3.450777165999206
5.99616574786285
3.3131516218348165
4.857878560717657
3.6244623016018815
4.8180262171243555
4.416283188673326
5.135085832769839
7.493242014669311
1.409979063941467
5.1978376516954015
4.575954634869399
4.407428559317956
4.4675740435592965
3.1718317276089465
2.159263176436511
5.157183644588222
6.059576982281122
5.266682791638875
5.324135670218849
3.763366667359014
3.1853707221232503
5.7197053419239365
7.753415615191005
3.4367377666030623
3.484023134816835
3.1886907150352903
4.789645695319944
5.094655180422096
5.134263571626529
6.613359504605185
4.5202302935875025
6.010059403777753
7.119022014837402
5.172693998735809
4.058351518803002
4.62738607063468
4.77861833250863
4.463178654483865
5.656834408518218
3.7962631644543308
4.066871502269023
3.308189958030784
4.191014421496861
5.430223265642448
4.29097766372695
4.727105113947604
4.249221562648242
4.826787799803055
3.3924108348011988
3.0559606340364853
6.320757978064876
5.084322762126331
5.271400938462258
3.5032923460963
4.779582788443497
6.844731964997657
4.882927370613316
3.3344447911614292
4.58008382898397
4.3790582711804475
5.261550496973834
5.665994653630017
3.766819973482259
6.50955381461797
4.9631935243011185
5.85585701960102
2.742604410702689
5.509518416820703
4.874492091037
5.814794181152969
4.37438152983308
3.7397731055953494
