7.437052945349667
6.720289561909089
6.3258363378005
3.8296562269970216
2.5963353705379206
2.8767681934271043
4.787092405457554
3.2068680882163925
2.315197214810635
4.173036045354182
8.977558708125816
8.700258649224104
9.081214517962543
8.092652644727071
2.9001026933234124
4.986003051727652
5.414298225669627
5.944803295372135
5.985537066913813
4.002112969531496
4.903804832293881
2.1257872377891016
8.052248086813236
4.3507214399467635
5.626331005414565
6.814349500917605
8.827245679255016
5.642386075503503
2.3813359305671944
1.7563622881251744
12.821741341044058
5.17015418641028
5.95822774205702
16.522239528151545
5.962081674131987
3.8302744741510897
5.640109403510226
4.416747984547841
6.41811832500822
5.281723330184647
4.48532911226898
7.860333724064797
5.597704154923902
4.00460378165351
5.706111227932703
9.030493333713773
4.697521690297588
4.422889600816785
4.647677767744653
6.815093588377998
4.992249953813606
10.863625233242642
5.306195667702862
7.015964713325764
5.181543344230682
4.716452374140367
4.498952624544444
7.719496959445934
3.5713653341117286
3.928481538493408
5.04094344496465
5.392957626859623
6.057156067272698
10.235025016638298
4.276539287386904
5.1224586255984965
10.868442821793591
8.356596929164798
7.517740021248956
6.601472749299416
4.486036404538204
8.207427860105556
4.284557256587532
5.7246674483996
6.3869821118812355
3.770999799133222
6.790123139751213
6.153106775533296
4.580291458265263
5.207502278213152
7.920070286019702
5.307397502755524
7.172809699129665
7.120172642791997
10.960348239339632
8.200785362142957
6.095383919539093
5.003144365523384
5.05679366061091
4.511877475318126
4.708576489161674
4.836038371100593
5.537680845320055
4.994270453369061
4.726832449865096
5.298543666106238
5.072600911868509
4.8284517836065906
12.313587654200035
4.6183117604812765
4.915449604362908
9.94702845745719
4.644564598510787
7.815480109128101
4.381121501099754
6.441693700571487
4.97649302191022
8.031494450775119
6.275058513325501
6.510435900580531
4.900841885123014
5.011428672868768
4.513188702911548
6.558746505271635
5.855823382571801
4.1128754491967925
5.162715240930967
5.6459168444900625
5.476793748647778
3.662697959512711
5.746938175505558
4.304609916930644
3.493447050093497
4.043097873240318
4.404000173505284
3.222097784882098
4.696122729195396
5.532233601836254
5.525920763213294
5.16379829737582
7.066897316470216
5.710258003178949
11.22095466811639
3.990642984248331
5.3285557496267755
5.707014517964455
4.441845871722993
4.543041937209612
5.995690474636334
4.961409292398515
4.71203878099769
3.76746499829762
5.596396635621569
6.572078990106345
7.375800495815091
6.598433842181802
6.251248900410947
5.735093389773905
4.95330088711824
9.325848753180844
4.715893406973368
4.971192374314444
3.9816842274485325
5.9921234336805895
5.9309243370834865
7.860434995955914
6.996794584654271
4.108814316487802
5.488207828997863
3.6950531845839
5.648794843079786
6.670966942779516
2.642062666556842
5.722283956209349
7.237188716977028
11.105574690352501
14.219321651130366
8.18938978587529
6.065183266281899
11.542551006253614
10.395254005822938
10.330580704314768
14.978406871550463
13.717019628541902
10.448604722556553
10.084074163216696
8.039941147315934
15.108522332187757
14.18669899128433
13.32366677744469
5.092294851976844
5.670621014270366
14.259984812661518
12.709494603807094
10.708600076874918
14.727625039756019
15.108522332187757
14.727625039756019
14.460144460833995
8.19573063037425
4.089503881578988
10.805559104266452
13.709853233313016
5.224802275080047
7.5265037470989595
6.6186537044768965
7.664437845832593
9.090732277760774
6.783746998578821
7.704589180830025
5.449182830859493
4.570028047058874
4.909108931491203
6.919488501584005
2.978560167028115
3.6928724831917035
4.3946614782628854
4.651060278180465
6.2278906419781
8.057799911415527
18.892969579273604
6.300125612179938
6.003397212723209
4.1567947364054465
9.134912031918518
12.01796134642258
5.001601969423741
6.270830560757939
5.026653067947675
8.410755039243849
5.274769780549052
14.004902786150812
5.284704520270387
5.412125826671322
5.363585610608927
5.787326827193079
8.102281320908583
8.397329337821
5.412125826671322
5.132349384174059
4.291822929675626
8.778263943073876
7.830792815651491
7.049934783782872
12.302515551227101
14.335466517586944
9.218225646753595
8.935532136847991
5.653905768445593
14.81225890801475
7.554993164959662
12.975594756505844
7.585018525410393
6.343444754516561
4.929524897525398
6.04699735121001
7.6387274179125
4.835736799672521
6.894836040781528
6.747860247579342
8.04352345195571
6.091757587727435
10.448862096381177
7.722546404162342
6.652361156706379
6.0480492427899
6.048625499789876
4.639906897494836
10.283375291050868
5.765389807316848
5.9092463025313355
9.782446209316543
10.374304060197206
7.3409409195436
6.711665749723795
5.651572831601409
8.730688241972997
4.482498501404708
4.4574966659079145
4.581978151523518
5.597079319474054
8.159184698212169
4.986226021564254
8.72502389311694
14.48235510135811
5.653905768445593
4.860317616285346
18.229951107322368
14.974887016075105
4.9603192788488775
7.183690932373272
7.1888269132259435
7.87721561227619
8.440573030494162
9.058085033443335
5.701748931775055
5.420819102088647
11.800194223732428
6.242411741633577
7.050460845626779
10.406079778252298
7.806611243481596
5.418642742472583
6.385567861291971
11.421770387877574
4.693892727943339
6.728516249741007
11.958757488863943
3.8763486814583152
7.646900878616776
9.869009838786702
17.92930955767291
9.802418803366558
6.422944049094924
6.0968246375226105
7.900647276407924
20.159667500470206
6.927986282412581
4.5885291961533206
6.543091635186613
6.187918654210809
4.804667354542491
5.387496898578481
5.699569245268052
5.15433012973904
4.379376283858881
6.6422690387343755
5.274955279444725
5.771644214714054
3.0535426622020907
4.073681949284357
6.124536085898096
13.394764605871986
5.26175847588735
18.591821577343932
13.376154884591854
13.495090545839245
18.369057722254542
14.480728377584079
16.309155370516567
15.805909426322657
16.71937882942555
20.12261094752506
6.9598752703961555
4.315225124504604
4.982890437762673
5.707449719476802
5.667135648796422
6.205701036163058
5.423704512802677
20.004077062137
6.877126059805549
6.780418616873121
6.11899622343854
4.832951726696916
13.041098248973638
15.108522332187757
4.908163413286042
5.9336484750729355
8.044290401356287
5.1994680929242465
4.533742996422235
5.050168677345376
15.904458789764796
5.133936421563414
6.21125165874968
5.220202128127631
19.88921022659986
14.423494483010378
14.727625039756019
14.727625039756019
14.420856906616352
14.420856906616352
5.822575743140878
14.335466517586944
14.76178197548772
20.060371849602998
20.79567223816313
20.334376302322017
6.2085627925828275
3.9430752892203245
19.040224043695044
20.881954009029222
4.177584424344903
14.259984812661518
6.849517929108873
5.32577845324876
5.8030486313213006
7.4642378215825325
7.690528119284104
5.2736117077490805
5.568468412721901
7.573878588441965
6.050865100898455
6.417467263159435
5.676697872464417
3.9576401246233113
6.676393555163374
7.316617275302908
3.840360497722626
4.238956449846646
5.3844414656200055
4.859918317615723
5.862738403488821
6.912047695030897
5.044084496898933
4.4199754260036626
5.889351965880647
6.13036917289884
4.95590231384688
8.408041505965702
10.896265000557548
4.27864479159595
4.577208490409671
7.290307103147661
4.821505665162875
7.811895533808115
4.408676670516429
5.526106657936089
4.920438323278772
12.883325599588968
5.016887893898483
3.8317246776385856
9.90235665601389
5.865093582187629
9.499149191169241
5.683947788689716
12.230701306488953
6.024413862078366
5.552763046584305
4.805041900686768
5.61636347051026
7.907109596133075
7.506085573434527
7.860681172362177
7.650560147865527
5.103346461379302
3.6090349912192217
6.620034065977767
4.341084994446005
5.144526628570004
3.5696341640123292
5.387402222309349
5.935314185280162
4.770426771799386
6.579416853774614
4.385454689371497
4.2367364175713
4.4055379400137245
5.313901651109562
7.917777488566536
4.829109432584024
12.952308565334741
8.874438586593524
6.2318712027232355
5.732988677589042
9.015863112939664
5.288905845740111
6.065609313562801
5.695743713105074
4.433883299138146
4.214836544811934
5.63522115227535
6.595607240068636
9.090288403224083
6.222349365012547
8.15599807849802
5.263307869615183
6.075930228437589
6.401480972337927
4.751403890631429
5.941139995576569
4.320394347946488
6.440075106359348
6.035708678633519
5.540032840345492
4.7570475246426245
5.14245990224291
4.837069686288012
5.301101358816678
2.806902066246414
6.273535072996629
5.531721097992937
7.160302184621977
3.8781564798672536
6.267478130341559
3.4610064371417213
5.298517149416001
5.187357433713707
5.564606477203796
7.2888673735904925
6.459178686088439
5.110332550093243
4.272682125615311
6.254623597044105
6.059127012102999
7.522736154118846
3.0835138536587485
5.283706371722438
5.699637619378637
4.769773555062552
6.126269469663036
4.847084974297837
6.096862898859942
4.628146930782065
5.304160200279827
3.6758990004154994
2.7156019280883643
11.468737828397986
4.8970233407199855
9.588649133523305
8.799935509036153
5.837648793638701
4.998565702427467
4.729425292352014
6.712107463263026
5.1717487213481546
4.8489580292419205
5.759504034042196
6.292763303809106
7.045388520306448
6.282802999685805
7.3990749025474845
5.061911882605166
6.918061437364991
6.659118850732661
4.037397711544799
4.345542276668192
16.652389904259792
4.76923977693295
4.838398191464775
14.622952149232868
7.001606751407653
5.436245567261018
5.74071133427693
4.056422116239677
14.91620076785966
5.538897570003881
6.442503677370223
5.864791349559161
6.112032442868161
4.664281444179187
5.923933572304126
5.312065112222819
5.454187589213083
4.465732159190246
7.652780509912001
4.841773680348519
5.440600018793776
5.576183412635411
6.988275608633785
4.998925955049909
4.528543313409247
7.312616803792065
5.443118052951749
3.8276590846488094
7.996596605408221
14.92602052754456
3.8191082373292558
5.025373803143995
6.50119983176008
5.069408430318764
5.524715712157725
4.474512386860425
6.664967078197167
8.428835999018682
8.921989416939098
10.084187351593954
5.323906179589176
4.259416438755086
5.671028091723721
6.9040389856620505
4.183373616380374
5.685262439265349
5.030547789365334
4.39123592829337
4.4467244411150055
7.078434100515076
11.246764390959452
3.914679120321487
3.283514729101731
5.268608322744913
7.989008584718278
5.306581061894508
4.8244456563679545
5.436268363568833
6.122936663415965
4.682683024079118
6.057385997774406
9.29539284092159
8.031235576965015
6.082022538752799
2.4034983520484983
4.47632330969689
5.165946031309528
4.269944054421813
4.993384001740696
5.124207889889177
8.977742568891916
4.790346045667951
6.826438350491016
14.382559753845664
11.90898691262871
4.052587072284882
8.525932639129419
14.04602403082624
10.176881302137373
9.867980180402219
10.136160146677314
4.518737553229445
5.649636589152733
4.1148001970182255
3.7919086444435988
4.707050652564581
4.734206274839995
4.289227685659296
5.646133037649183
5.710741810289278
4.354523616878682
6.639834144272528
6.103950603112501
5.72613060512268
6.318373049748504
6.1839627376861275
7.371244699307926
7.127411426977181
4.64995117589011
4.578763435142114
5.564373846635301
5.888043438818982
5.80806369156367
7.545468247087408
7.743292489871011
6.612564452607441
5.1393202241104
5.4056777930699536
5.903107942340636
5.926271671733089
5.4942139615818855
8.356763747426813
4.8396109974607135
4.4744865827141025
4.181077458842803
5.311957462757991
6.087523568514627
6.902063184357737
5.7962594720989795
6.560949451592791
7.14900370765685
5.494765598409537
6.455186446698966
5.122453252765349
6.60575469814833
5.850797766663015
5.687086167726891
5.877654627345828
4.316266147745307
4.7104715488148
4.883869780223555
4.521424034476397
5.22236082886563
5.549354315580859
2.7111936257956457
5.103424581040135
3.281917541628774
5.759685447765796
4.095900782287595
5.865009389001102
6.062650565109352
7.003082799439618
8.941521853569089
6.353780237580539
5.918376316286117
6.217409597908342
4.30834085771907
4.308958526500873
7.365123902568966
5.8439367239916935
5.223593380124446
5.997273938202226
4.752707646964955
5.062730244567929
3.4950835407036176
10.41329604072468
5.679662089053757
5.324992749242762
4.184013906441913
4.901114061933335
6.789749455852034
7.2956970882579615
9.394996990427353
4.0419143825108454
5.004010559241756
7.17638772987573
3.948393924002992
3.7185973611329177
5.509236785717358
4.033964624754903
6.693896854209009
4.795609476671656
5.183515198293723
5.033502407072445
5.495700830211027
7.3738085169315415
8.98191897973627
6.25912430513853
17.739355259467267
4.10304202823908
8.318251744688203
5.111163751661097
7.100773375721423
5.661257672597855
7.10386101406718
5.690261641211301
5.758334925609945
4.632983745262473
5.522947895603693
6.107105245645347
7.122969674639505
11.315569167295783
4.810817001003288
6.876811255709792
7.468499962279797
3.995843305656026
7.351353271095285
8.138375500954595
6.140633236685504
12.638873889772572
7.722410749038598
5.980765115249524
12.010031442201349
6.295337908958185
4.730850334207245
6.288529091561349
3.5007962310529774
5.0970604722846815
7.328572723890177
6.6551795743411
5.610940069787512
6.169235657682015
4.71902196224715
9.953784032752466
5.206028001815314
4.892614347772126
8.945544074362
5.558117464429477
12.428687498599144
8.56018017177904
9.395819369934935
7.080461688907866
8.755942427768257
8.99076495254389
7.38048666017616
12.564189258024967
13.737064120488666
5.65237892541269
5.821071825455024
8.171974086788262
6.251665828846834
4.26723098504764
5.582848517363291
2.6567197531031987
4.670283906676862
4.7299479895486165
6.559112224275635
11.82160846498341
11.34266564303485
12.246266752813403
15.002832797811582
10.5383920998456
12.038500473495201
5.179800213685594
11.82160846498341
11.082157887868519
9.686412796771465
12.06949972522525
10.86717520555465
12.200373821225462
11.082157887868519
12.21734352512488
7.481693586330399
5.889597431348206
8.38688950565589
12.400739129998506
12.512148504359551
7.263039215995119
4.675417919544738
5.144765782653227
6.449802620096189
11.807345481634917
9.04594095278187
7.181224369492369
5.053946363076024
4.220044077101452
5.401100016631453
10.348559069120057
6.134547450974358
5.442530003578891
6.0169183724732695
13.825232956957265
6.212909093654865
4.774029375409961
7.987238167809202
3.828187895108188
3.529721944440708
4.210981184153399
6.398059819968616
4.836545036019085
4.952228351935764
6.4840192820228975
6.114555880411892
4.275286835200433
5.068031605820321
5.013201896553429
11.537600110386144
8.180617839141695
8.493512212161596
9.5868479288813
3.192053158936842
5.29078821503356
8.447204053023398
5.957745495285842
6.401605568813884
6.54242644854465
6.084732049405278
6.926294299574099
6.943817841801876
3.640744027462297
7.218578124447176
6.359184847539952
7.264598151723169
7.213272677822791
7.010976232564532
7.616840622576195
4.550209139144312
5.411155409289914
5.763110097543473
6.913242559421058
4.611616247185837
5.894759529137346
4.598645809637708
5.572621299832019
5.582486358339477
4.603650077702383
8.61766531801954
4.880106580613163
4.03348116782864
5.804443499348422
6.884365018299878
6.080638340078112
6.113655778565669
6.1810015506740745
5.490489605416561
4.8648475662720365
6.029505236540479
7.107523565516049
5.505553120912392
4.739814121302346
5.984739352785368
6.334477971904883
9.08441993847355
8.687732771808617
6.532879614977854
6.8931558641410575
5.802568058276578
4.947694136131661
5.058202123621593
5.280345012181765
4.798218321075636
4.587533139989011
5.733420467315276
5.330662335272237
4.850646201576975
8.373322316049128
5.072623327398101
4.04656317732984
5.322557260197785
5.275696379055379
6.8812002280448965
5.04076946544016
6.386949435728773
5.6211299162790445
5.915835188892834
5.295794469909479
5.377959380861539
6.008752871823546
5.986993449057939
6.606590441752355
5.299269281241386
4.6906137968126815
8.677163279730916
6.043741386620862
5.507807113455139
7.479552422688002
3.6940149744237605
4.770322728789988
4.106817731437427
4.8816010610940905
4.645857490291624
6.873992669898774
5.670475318098732
4.904617452434934
6.221888321152309
6.206645227156031
5.231556231994677
3.235676347944119
3.918960253622052
4.326917299737207
4.3223788723569205
4.597819180873416
5.749484395535644
5.730065934981718
5.29023232498525
4.291833946096222
7.710219532982003
4.9806892311598805
4.8126420614503145
7.562929744653826
5.090019901565763
5.327837782733904
6.038727363212719
5.970527845199996
6.23792431689746
5.3519504381727625
5.652227424782157
6.8621277455262
4.776495153068868
6.671025658594535
5.079922348317047
5.770105195848498
8.126718321492879
7.503564739734126
5.222245193680027
8.216335128140898
3.7178366870532855
3.9168764521702286
5.014795628630397
6.200456042439656
5.042931773123177
8.83965390215009
4.882920743378553
3.861718038712851
5.919051731589789
5.0745281893872445
8.243094888513555
11.861953787695349
3.7000068035980687
7.116297454582443
5.128064682263012
5.339715660757672
11.318618594949758
8.713113927073168
5.276155984037883
5.871013517428518
6.48948823957845
6.639149141027872
5.577693140746341
10.923531939829358
6.271457524262995
5.635736450539378
5.946191915018753
6.609526798980003
4.793319278837894
3.7303529650327176
5.947687226477463
5.320188733260038
7.044417921282261
4.7709726439734075
12.422129209608112
4.62737532017292
3.9366608075897855
5.687680061491692
8.675922328033566
5.400298453975031
4.834771553059353
4.70147432955297
5.92558347459333
4.2043368356375845
5.712927236088226
5.029568516126561
5.228368857098619
4.025897662331309
13.490762791722329
5.402607357023036
15.118281844407962
5.8809148700942515
6.237692976776358
16.647283858587997
7.9446410171169966
8.236282575018528
8.25700047441002
14.925277349747255
4.388425757835612
6.716801667373823
5.950818979679855
9.95398865142333
5.737359818620797
8.996802979275248
8.578848914543007
5.773614847364383
4.966740407637693
5.864944388357674
5.610838568138226
9.585118548276895
9.21982236844321
4.760686831167432
5.400732004992651
4.641145101219947
18.181599430668644
7.440107603320378
6.75445738746883
8.78236446016594
6.093289025953115
5.207272174821106
4.201686891390868
6.635549785570212
6.088297157196086
4.2355910659141385
3.8610978478115205
6.852800969696449
18.34334812195217
6.590445296181564
5.834720985285486
5.678905085017708
5.1389391396702635
4.781742344421208
6.831425338205409
5.322241748604737
16.962169559699763
9.96043762129401
13.037680137688218
5.997979303512299
7.192201602498697
9.221735095395365
4.7200078403644845
5.236336392130846
3.851722123424275
5.363887822535153
4.615631868939933
9.2314272686314
9.158533070666547
5.822894500723355
3.666442247416127
5.95244233782478
5.78920547445259
5.550038849192016
5.256141384050902
20.529800120561955
5.039556172860694
6.083951010655183
8.920846084665639
6.395734177220962
6.681864893942767
6.209445222301832
8.416387723547974
8.62868090820232
7.82201098963854
7.9569977767855145
12.354142880894555
15.425328490019945
7.81261637420438
10.557108945379548
7.648207660208973
4.349015305173062
3.880618268422195
4.820139955315458
10.505463548493788
6.668521816848078
2.4891401734469603
3.8553821533709614
6.001445852125389
4.095626185884663
6.819898977619486
7.005238406154095
4.787384518294579
5.342599450421748
8.235328651952008
5.353048431578981
10.696529642729413
6.155633312517389
5.699296720868303
5.620386253097899
4.492887857816643
6.834230400020955
4.011157852459785
4.8096338702191925
7.3290329272892185
5.355127360627301
5.365426822995986
6.048209847582898
4.727793181777554
5.167480460287811
7.659052395083356
8.74619351438929
6.70748562320277
6.281929477003299
6.5032223246701175
10.11700069980392
6.529863183810752
8.761182323948622
6.487687088726776
8.112320683367006
8.014883413476184
6.877361644330731
6.390826248191668
7.460392747024211
4.868134131644018
9.327650866283992
4.721099522822222
6.719258037580135
5.573044305756994
8.10374386018557
8.346648366240508
6.191951772810564
5.376187202670029
4.351561786681561
10.973564095861617
5.648364913329549
5.270111678889304
4.815755746669831
8.324113632776283
6.022098870287061
6.932447638168689
4.546300439114018
7.996674654072971
6.8516450933814905
9.61169531633214
6.764249581149064
5.697607968372424
6.265894430046334
5.659839440804373
6.255949250684945
4.6624142719942006
5.19867131133394
5.5052666683754845
9.966011839852897
5.050897968569944
5.1805745680401865
4.697488101333359
5.628031502186349
7.996511140490619
6.095289755239311
5.5270803765049825
7.345263600946656
6.629928499308802
16.189269015530076
12.392053984272243
15.385410570511977
5.1083646073545355
7.0834617521874605
8.264197118514119
5.834719955048734
6.543830177236854
4.029362923584756
5.951058895071886
7.619954102199237
4.563467952748802
7.719447359658912
8.941158992907695
9.404054935249155
10.15966445663227
9.033447891685988
5.9818693348688985
5.473404110375507
6.888050285618621
6.746050750978298
5.099590189564128
4.9286587623782605
5.180521599925427
5.208778606485677
4.778155930167675
4.287439567554356
8.072979676494539
6.3183629325707455
5.569441883733083
5.104970184175237
6.931768429974407
3.6835631806865448
8.10360693550316
4.761477521494916
6.0010417533585185
5.233728294166817
4.711564667260809
9.823224731386862
5.637040714052674
7.553871047565977
4.473159897852903
5.210341776371619
6.850103259227787
5.737348827329401
10.983559844845974
17.59263937756525
5.112382893151543
2.280275932527978
5.212646090753264
8.429602449544603
5.3223789416413805
4.869285672192466
5.5891543744340195
5.396223823602225
6.528333397837238
4.323564040967569
4.33332770080979
5.422984554991158
6.190306419592886
6.384139196054395
5.420247571057545
5.729674875235782
4.379739014331137
5.920483570840187
4.8109797538683035
9.491724926985434
6.558236719140604
4.915987510914937
5.097967309693201
8.308413265641784
5.355800008098601
6.661295618319554
4.516715967571133
3.9038217748543715
6.307310425954592
4.9996152102367315
4.451570306768907
5.997608171176388
7.040187437346323
6.178004275932432
5.953361936376473
5.381393879251529
6.51587278954917
5.200208279751028
4.346444684342721
5.392191981626757
5.878132843144816
8.702087247766507
7.473611898326703
4.900995123442352
8.798807022629708
4.676628439891188
5.959799406256446
5.269988569472278
5.9754741644080465
4.377819041399424
4.868343335602817
4.140864004327558
6.940866442856605
4.8202255951105775
5.518975885751908
5.535684008375238
4.891363340626033
6.346646523060397
4.081398639271951
4.053270528437281
7.897602470132888
9.713171969997196
5.209948588349214
4.582706982971937
8.631771170349998
5.08420313356741
4.35196893105298
5.120722033716849
7.021548083764896
6.156134455979088
8.465215740697502
7.670594431531155
5.971749575791651
8.181987445501726
5.088724170256765
6.492982931369589
5.08667188906945
5.450561997418998
4.835233683725112
5.3760198146115465
5.5325633263970495
5.314379383659672
4.381196948095633
7.172167028714538
7.7619674887235135
5.395016333680725
6.075806744203435
5.6836802740184265
4.559682260312692
6.3628702320827735
4.14162012459291
5.415871692867766
5.052330259910533
6.037664317969153
5.978021230791351
5.160740445254562
4.977196512557015
2.8802868104225476
4.733786523161473
5.545837237538479
6.368819210389897
6.303894542448288
5.592903273326959
3.2423400604502426
10.154488305957484
6.25928649864472
10.031476400175425
7.84798522638474
4.763696545572268
4.538712693953157
5.266797999870277
6.677497921764931
4.436415267443203
6.0470794128124785
5.944196648284322
4.199360427363515
11.774682197461418
3.8801230624789267
2.9912668536710254
4.536961577276736
4.847610645410549
6.877723576844096
5.123664971317602
6.9245033606547235
5.846234794573597
4.838357539921796
3.9844989392761154
3.830598536795287
3.4751399904256597
7.560153980919396
5.052371212187363
5.090374342315614
6.680302847599793
6.196352619971292
4.701088476549752
6.525162692732184
3.4531313481078643
5.67577182062795
4.4546749157230145
2.348296357283685
5.770769879731531
5.566097967354122
6.618085086143384
7.115700448476833
5.3706488854203025
7.092239685390727
5.717767914803092
5.553300015644132
5.264645892694393
5.288635646342654
4.153471588839642
7.363764294023441
8.194220671885846
5.904055981616617
3.709179960447272
10.24927805640716
7.092819027062643
7.282189947375094
4.226335373120026
5.271891566240266
4.746516565951009
5.27149897334025
5.219334652071458
4.866274303948138
4.095142196641175
4.305133687947076
9.982009475218739
5.894109465155601
7.422308018869347
5.000975176962976
10.08264287977387
5.460310866166229
6.463298553787411
6.071648802912331
4.980475496428788
12.854295152689602
8.468641195094083
6.50095333257653
4.2989150332472965
6.3676876040999835
7.285975285938887
3.690325815991161
14.963642346771802
5.083775531192327
4.352788097287249
4.293668637154009
4.091961147864979
6.0620319085095105
5.5637362800944405
5.126046864138974
5.155091435795543
5.263627866021891
5.361294092260916
5.497852659481739
5.658789100067435
4.120124038495877
6.77788199974131
7.160408487819324
7.872991921314548
6.347795848824342
4.90162591669707
5.276517451236222
7.568334849624423
3.4768726573777586
4.5595005127876505
4.464697328285669
4.850649655003155
4.59086748155488
10.832236804519923
11.32745036610731
8.972467119654638
9.85630925732423
5.411035643461568
8.31139928535436
9.41431466394111
13.352723080013275
3.8404234652968077
4.333034337470363
3.5191266553363043
3.7377766235729255
8.14976936226088
3.96876991883497
3.636213003644808
8.649726445539393
7.0212833479200905
12.522902761803664
4.409059781986235
4.202023213980384
6.863836481630952
4.974606086504495
9.628117627439623
5.087822401745825
5.172727125254076
4.856787552859255
6.123889328599928
5.430352622195375
6.408931414833934
4.8156077084884545
5.709989250945791
5.39564488325693
7.8287399774595325
7.068548606309363
6.084918175178207
5.992067222651923
5.418702209480333
4.681105026614332
5.2239420943285575
6.4350162745326065
5.715934659556731
5.356235987747554
6.187436494652166
5.561024072939518
5.420036112569114
7.541170485230603
5.0188052986611345
4.812232071305512
5.46198383456392
4.114917006581114
5.362824848280121
8.375309998956011
3.968774095220811
5.009770345038675
7.087034924436341
4.654620283405939
5.859625098968082
5.373967665676293
4.312630763925471
5.42233495312205
15.036175796948724
9.267571370834679
4.716372340368296
4.813863519840131
5.3850846912742965
6.502741124066699
6.165779321225997
6.715022608954695
8.141027693881075
6.784032025627134
11.791456678669183
7.2824961253609155
13.825232956957265
13.696505614382849
4.6215941970959795
6.446321929303826
5.319511363855693
6.4045465226473235
4.448875784618624
5.558850346503366
13.220461368951147
12.502577394583813
13.220461368951147
12.038500473495201
12.809963236483126
7.640743318881733
3.7228504259137125
5.814276026938118
8.54635639930389
4.961585552184181
4.788753438054329
5.908150409490513
5.027552299219249
6.661385115448356
4.614523314218621
6.707052097459098
3.657220689347919
9.710803299318425
7.056314626825259
5.088564624075503
6.97471289840448
5.231371122672453
5.389673570368284
4.7074310288876235
6.9977968766885
3.686066082119665
3.7006473602961023
6.508737838776808
5.523868224885518
4.7833901156587695
3.579632579502573
4.061122214147816
3.898674098470656
6.550696150828334
5.586315821448748
3.8616629197413754
8.606333324907993
10.767066324040256
9.441550120105632
7.337776864212818
5.28287801412445
11.333985007222541
6.104062297086765
20.096575929959968
5.634817641822482
5.208196460100742
6.043080674990873
6.546786200169905
6.577666170811262
7.51513348628974
5.683166128034155
5.429593062083372
6.3981790484656145
12.422826109399145
4.470581861467886
7.456859864023561
6.352751198365288
7.579920946299281
13.435324540933284
5.084509406725075
3.2619770718897882
9.516541715786417
4.689845536279
6.050289913099662
5.3194674941789515
3.6672117557993023
7.057406500398449
7.456093999139065
6.8023077922410815
5.900879655207824
5.595563183719253
5.6046076433265934
6.075900245975262
8.750586417190652
4.824198623340127
4.871545601313383
5.419261574550009
4.502880354738587
3.3581205083933394
3.2288506851955674
4.576154735459923
5.227179310029164
5.471231438144792
5.021419106749442
11.460884722127272
5.992796941305866
7.19443693747947
4.481722140527408
5.759814368822586
5.495002602257562
3.8780402217219105
9.600608331710136
12.354154952774294
12.752815564395481
6.592925177472014
6.199680592081086
8.95297969194168
11.028608477413552
5.08850546020903
8.102420842526108
5.687920718613217
4.747325408390088
3.8431412581429205
4.2480538436747555
5.32590981211732
6.339782387860836
5.147649437403296
5.702640441222578
4.932075954012797
5.991675050859459
6.4829574556291725
4.316287382279559
5.633755073645968
7.407423536039948
5.858079454409248
7.805632135088367
10.603493652851366
5.9909793539176395
5.642488333194295
7.286910792821116
5.645066517018227
8.75177257978406
4.387689308267516
5.851566427688335
4.174662642830994
5.302913128549687
5.132592577845806
9.731936937509776
7.582267066563008
10.334769177583912
5.672151446769306
8.735040606085242
9.172015205036136
6.249393119010872
6.75450862021548
4.798101262534539
4.767189959378727
4.478523973303981
4.507067195762181
4.0505814836302285
5.184012751023011
8.790645983561035
5.016272779106261
6.120986636249818
9.129029496372416
8.24857009139681
4.436102825768499
5.41206191165721
6.460049525987202
5.064014162181737
11.518973123084246
5.563400487554455
5.258725230560735
7.052712242722602
7.15696570593043
8.619323110407349
5.099925107812692
4.795079338101822
6.410710924258805
3.125008481631056
4.834069996408459
3.510142050462693
13.594735370751476
5.306915041028534
7.658587314598871
5.519678407336043
7.95279572134766
8.805105785589602
8.499007815961816
8.924161028165962
7.53212838822649
4.855980497806756
4.767633257789608
4.9397189733773
11.234502183735422
3.8599614833423987
4.970364579890681
4.37601185139466
3.9852902636025833
3.6402197736184756
4.253906523747055
7.9640569140826045
7.510644649857583
6.792331857002596
11.855344336609656
4.945189959143955
6.794600120283278
9.174237423698814
10.728933223255215
7.681790449592263
9.357954005045816
10.160122811002855
8.979413023659836
5.562769253105846
7.608716885062115
5.3852881554554
6.929338347720129
4.896450380246424
9.156429534577164
5.169060093142477
6.07487115561235
6.524614684055035
7.4381541932681445
6.966239854821042
6.123463428138938
6.363657952577176
10.23494443748899
6.773781040443795
7.184927028659491
4.736875131565818
6.465964504644337
6.0031130062873155
7.168460847580305
5.006261750457001
7.46453940834822
4.782799859391191
5.532017678347396
5.621066165607843
3.783558829237601
7.206075485726252
5.145842594830176
3.2089141431711106
7.741294221639156
4.448453171555675
4.80015038941503
8.447875853831723
5.1540102673681245
8.599045890481744
4.969590899769517
8.658954557899277
5.924284421674602
5.281661605951082
5.380889719553524
3.7696593990894813
9.477111769597643
6.284829832076582
5.371743725892738
4.541417498133282
7.045125436224094
4.950130999451317
5.050367524057935
5.184152758805234
7.268083101511417
5.777081158544419
7.730369071555044
7.707912115813852
6.098025249368882
4.550949717906743
5.602852538379473
6.7323585467113976
4.14385170074637
6.848063265607879
6.791159201968177
7.864396596107632
6.416893506930508
6.940523973191504
9.20323931335672
6.137394367867926
6.233700313440085
6.246380135629183
5.770066325594156
5.315936100944315
5.816383621965444
5.732432079922196
9.05895357351807
6.745283028829217
7.008830043892459
8.382388758100301
6.223752599595988
6.925802476323246
6.825843929930245
4.802755746634614
5.550420458285785
5.961421618143939
8.200578452054359
5.820753982711244
3.924460175496827
6.156101187849698
5.946628507532814
4.276325496644865
4.6196196291384535
4.069986146843895
5.419348653711998
8.269095064306315
6.248759345186708
5.0188668106822405
6.012035873451235
5.397915540068851
5.493981334109801
8.227942394476193
6.397485844376204
5.1948694439836345
8.454959330613642
4.489380704011187
6.568975250866854
5.135801645040625
9.259375452549437
5.700498766969022
5.908038969650667
4.929501844416552
5.594461012865732
2.482558336044916
6.845967262555744
5.276318837866237
8.75183336732622
4.972217408494131
8.042526576257915
6.341942953646475
5.643741788559201
5.641661280502673
8.69059449970181
4.965603431877075
5.038326070843772
3.8245165331356223
4.184984629988342
5.986800911827732
6.097717941964611
5.57412640193341
7.5041561978640985
5.725300270958018
4.394181113250879
6.1427486023465665
5.819115066951833
5.212472781906292
10.458645602048762
7.672959276455199
4.299147600310108
8.217304189715206
6.168881022318929
4.339160612192315
4.997812505426857
10.180511457405691
6.921105099004343
5.379974393588879
8.321190857346252
5.170146339455439
5.544300079203495
5.482021460697876
4.89535405986059
7.528311924693356
4.878560381499865
3.991681790874719
5.457615218164527
5.407091330508935
4.919304577399457
4.024618334894077
9.361937724103825
3.9631151861405907
6.539973586463427
3.501739037733624
5.187206572520562
5.761739760904197
6.891679712415456
6.090670738363485
8.079361915187933
7.9056434961831386
4.899860811351037
6.834181807606492
5.670072572605925
7.594864153777393
7.217169574305249
5.776222961019239
6.5343471975041325
4.312486574316636
7.422302816438698
9.676400024639847
5.291727171806867
9.336986455615003
7.463034618153995
6.678673850347152
8.412187138132744
6.839075199858377
10.643284081823523
6.896716060505895
5.218931836543328
4.406863209039269
7.3230875025420685
4.802218877769835
4.614659418902913
5.388081894452729
7.133028877249632
10.627757022413132
5.884495870391971
5.123269150427715
3.7975380121309064
4.311102162150792
4.070571006944762
10.845946981121415
6.427118616826882
10.689316583188003
7.6547587589170645
5.293431323723583
6.358084037261707
6.978244760112208
7.135287626984165
6.088353622212052
3.7099184232920197
7.2736000978725
8.514581017589371
3.7527341890015093
4.413218600833672
4.611550780129044
5.887317532969666
3.6935588719062324
3.5347028491517656
7.466546745788289
6.549172829133874
6.481468927472868
4.9374512302252915
5.694300567227345
7.483087464941857
10.171215824631501
7.3423473565046296
9.695053762096258
5.375676957639419
5.569853211609521
6.131587569521434
8.780611961642872
4.012591098551772
4.370247776841996
7.477341963046303
6.543355634180988
10.374846942728047
6.0562443363843785
5.959560603580211
7.138982920730426
4.839144855151892
6.769339807613161
4.139498620084344
5.635328547155008
4.994989155214541
7.1808320642649734
7.3117876299500155
7.06834216416434
5.8395915746782086
4.826749860908925
6.180531621292942
6.029197646537745
7.343756550080372
7.619460997456807
7.439364077352814
5.269248192098705
7.411830141859844
4.2903569099934655
4.841278331580869
6.3126643460774545
4.523207088395591
5.045512598041288
8.809614088697787
5.4534852421607205
4.0444994238037415
5.4420095281232275
5.648713670004787
4.6115281574070055
5.140047233624497
6.17787115195704
5.659874507401998
5.387772922532529
5.663716969527854
5.114733777371723
3.735856322882317
5.215650448319252
10.265586307568329
6.051885625874298
5.251272279022652
5.6089334190569575
3.791092229212896
7.815493465606679
5.647708073558689
5.8484055661345895
4.503850948228832
3.619682982059652
4.737918388586988
3.748988837818816
5.6548694479965125
5.624556393096564
9.071855630749717
3.07117919639598
5.1464839865561585
4.6677506206780395
4.156421273643608
4.048390413708936
5.640347981301509
5.8066276356599165
7.834969584646216
2.7812359626047507
8.329291847289452
3.222973206586553
5.497171737064457
5.372257061694708
5.533174595866577
6.138341774951791
6.7820668908628505
4.0560892488617215
5.862065475957972
4.010402069149646
9.887800679187444
6.396088290292967
4.822828216499754
4.165820730593394
4.085706850957475
2.7226290064736873
4.506076291178665
5.117242065844004
4.398684970595805
5.964057330257872
5.944069510108305
5.043272084385673
6.471782320956365
6.252836057705235
9.590436522914185
3.826782327130543
4.392215836367919
11.511380936078133
5.420441083672661
5.318771743935692
6.370265478766075
4.567670354399636
5.943622270792339
5.617645004132614
6.7981857131142815
7.216161830911469
4.670994098859967
5.965857534937231
5.362501399028767
5.787798421342046
6.68759601619405
7.426085457520131
7.142668331987301
4.283848300219864
6.7847047678214185
6.526985529567006
3.5504017477079968
11.206212433915073
5.254663967638323
8.565170868757304
5.9529602608266226
4.038210044172184
4.852550929255329
5.408654991883505
4.452549190300518
3.7245071450408687
5.761422834483982
7.885673107070238
6.175253284388887
5.786669092645608
6.920281496486873
5.969637295582278
9.204286821316865
5.841198160511146
4.823182964305241
6.237852361213785
4.926842806718663
4.836642801912633
5.404731615957373
4.6187999867030785
3.795470692901335
7.166597810047709
10.260704038323912
5.978883412436964
4.783487487106083
6.651218311775884
5.756875432719516
8.996406143943705
9.054437174676396
10.026470995617032
5.292579342505241
5.407821899982128
8.028709297606992
4.743584438812272
6.952002084162297
8.551362917031422
5.33363021866221
4.671366804274564
5.1870182931377755
9.34363995516213
9.395925048830208
5.363622654634737
4.911088784795062
6.599952227930786
7.934592640788691
6.872462957411318
6.6715411642382145
6.449780667906642
6.684623075284938
8.416949808845006
7.334220540601799
4.838232655444221
6.923490029628053
6.5067116079647915
5.829451929040983
5.431913754234739
4.975555524312086
4.804622585440738
9.025851375255886
5.49364289905466
4.6144462830156865
7.917075870305071
6.423329554402338
4.023626097327304
4.958630034600671
6.086414432340172
5.895214289694037
6.7237162862970115
5.372126942246855
6.282734659270856
5.985032022837932
4.3382802548549755
8.588210616791843
4.872219866569269
6.723783652686855
5.611909375686159
6.309776431248843
5.264371990893634
3.581775901207285
5.969966612062804
3.7799231235065696
4.949929262914483
4.558543340117033
5.590696629486997
6.178522382697147
5.819722113770457
3.977796767953839
4.7429441877185905
5.784547755818915
4.474502924048114
5.443954913995018
6.487441665000466
3.9212939631235257
4.51622922567847
5.452129514755371
4.7409209936754895
10.231937437339282
3.7413931665181983
4.441330922928464
5.85987158803376
4.381234691549487
3.58049158224257
4.478327589809316
5.251785861969104
4.684273275893125
5.734716345027981
4.734777895970388
5.407063286608439
3.6385058896627913
5.580758468662751
9.112076453859467
5.902167342522695
3.6769860126548193
5.195904297942926
4.771041957256629
5.583913958430568
7.438130880858079
4.424022783720179
8.987170591354582
4.58762131622517
3.2793209952055
7.635118450094197
4.399782851076535
9.028596592084819
4.5128410666877405
5.029611245061972
4.81995444319482
3.9894526238145565
5.32203229026777
5.736144695268392
4.097260517120425
4.145075134888108
7.439330240503241
8.511997085140546
6.35046517916214
6.340769114315063
6.145795565673099
7.998200819888115
7.300449698477614
6.517936420729474
7.346097804726764
6.691991648608462
6.009668244763525
4.886370058516971
5.041194833442659
7.290079331485735
4.687961198080684
5.531246684094976
4.174177130303142
5.2108575780085715
7.307666969943404
7.571756614961775
7.90514399551868
5.044386046514065
4.358086332024778
4.391483545247897
4.84677122201199
4.123419700865767
3.5525806910139406
4.857033727192555
4.437676915525167
7.682095701771092
2.9157974779237765
7.348772663620445
6.681146124619273
6.056996701244429
5.043143581752934
6.6939888984245055
6.209916314215182
5.916581058748651
3.9194052805164685
3.1497021600598063
4.969080161755671
4.103093529266186
8.515575276951855
6.498006232813947
3.0267014009559996
3.1024191720428815
3.211150449867825
3.04292112838323
3.1024191720428815
3.1289050449722122
3.0889300209367074
3.2440490958058246
3.2107825487408412
3.1289050449722122
3.015658813002037
3.2107825487408412
3.2440490958058246
3.1289050449722122
3.04292112838323
3.2440490958058246
3.015658813002037
3.0889300209367074
3.1308293459160677
3.211150449867825
10.572600511690426
4.499715816770761
4.896621804041499
5.89258770992232
4.536136556495142
4.9961638654248555
4.947415694121757
5.065772531676138
4.385264603586497
6.38753225045195
5.636620197537169
5.664218722412451
6.026593746925919
4.865086571924769
5.799993151411212
8.591865817275869
6.0046969240209895
5.506970190693098
4.824341691556657
4.064739088069477
4.823904046533484
4.02322222859092
6.0484484295865695
6.492394223271491
8.008654355815668
5.432348188805225
4.532511462937794
5.744615970459864
7.638824092856113
7.567857871474068
7.205081533883434
5.1516955885647135
3.603004735436976
7.8752901191855225
3.8766602930522644
5.163802236841624
10.081326811379498
4.060681417471649
9.755639602494503
5.7831311085020545
5.651993940790174
5.418947604175789
4.821788425648311
3.805772257974558
5.547609570741773
4.482698742170643
6.627607772875945
3.7206910674687603
10.039791720018219
