4.222157479880177
10.359249817319823
5.687872420353301
3.8750281313329857
3.5827462807322235
3.4414693452003235
3.093761727853567
2.9581929173377963
3.7394985787271544
3.7551908007545998
2.8228671238464087
3.3550404283394313
4.465811595758438
5.240746768208439
3.984217056251511
4.141771707649546
3.0860382181616113
4.069801445511242
6.4579691772384304
-2.4363195154836164
2.9569117257163784
1.928922980238581
3.9491163598037384
3.6978348799212375
-0.40128065359058196
3.452968769382853
2.0404746175621047
3.733028740764303
3.1536282443996497
3.1243712502138763
2.390331454958279
5.030780528632104
3.1800566789587252
5.602211543857569
4.153671420607459
4.963825329496738
6.062723324056926
4.815995007504383
4.460135238734418
3.3399899104409774
5.039709858708946
6.05011309280705
3.416456339171127
3.7553070589502027
5.294266767426911
4.367926178020565
4.356680368321268
4.596524064010512
6.160911016184464
3.903791749148573
3.790819378087893
4.554509083276416
4.012541044424749
3.5366377323837836
5.316056790022339
4.077572046656788
1.7564841518113903
1.8840212750486987
5.2366177147149084
4.557821738938458
4.757590968655718
4.201668729818447
2.2734652986480928
3.2519708403412206
3.6574277952339216
4.023723413042277
0.9774495633772688
3.1562280481587917
2.5590970505563075
4.4506858982758635
6.503581822016554
3.8886096308728915
4.127014003577951
2.2294944251936
9.481058702204447
3.75955041626802
3.845479422830062
2.8663733863310643
3.134856657129518
3.8964763857388647
2.7438636912180936
3.149960724493111
4.5580140561179014
3.2866136272121693
-0.3990908519561023
2.6570257877489696
1.7213051777825794
4.7808406943346835
4.143174572371246
4.131333722422275
4.257593715748738
3.028348717820392
3.346265738859972
3.9267225911754826
3.599434028039338
2.972209664207794
3.17860235828614
4.134388770839265
5.864594667493842
4.885367021237212
4.14237626127772
3.7846012941752005
3.8598239019269642
2.4908081225429384
1.7556866008665077
3.583592593663832
2.2071603314222497
3.044124253465807
1.5764029816337404
6.210306417594815
6.13745853742882
8.196374536484813
18.418507176860565
9.005379005718833
5.645668690742603
4.80310248341986
4.06934736586222
3.5162136277154348
4.0175141810037
5.049344289980473
4.516731494795761
4.222498575990271
4.172521075581405
3.5805380093873618
4.147700309937672
4.2700399830413875
4.471969615267254
4.81565623493476
3.5197659112721063
3.6214250671098296
3.988399180401188
3.6972024580061347
4.285059827858787
3.7425143757564974
3.6689476367363016
2.9007544479378957
3.2973375508824625
3.7726116346022875
4.509704615170468
3.2307936152552323
3.20303012029198
4.34402613575081
2.8653152162239244
0.5873843256568132
4.028163640347499
3.7206765263069492
3.1155302361911668
7.178538505976412
4.764904231719781
6.532542519247995
4.031650636280196
-2.705896757127941
4.876359493203478
10.074001651270859
10.353011807592411
10.541138065932303
3.9127360208481297
3.6238559558967287
3.8717991018191564
3.9350915914679394
5.36480664297094
3.6850625779049158
3.5307385110986482
5.585325830206999
3.487441998214793
7.626132300739446
2.593374773770548
3.8718939716894214
0.3861168884562902
3.289082767544793
2.490874659317715
0.2520688402949851
4.183941202992198
8.316576310761594
8.573191857114939
3.13235391514655
3.4305543063806225
2.2677741141607113
1.6107512699216806
2.756346835763005
5.50551352743486
1.1218215654885881
2.651087626558826
4.184494995379927
4.76588952904712
2.290416411007913
6.199631337117784
4.780119473643875
4.064923147825988
3.8580230604449373
11.631797768336277
3.310289850384926
2.8521106830702014
3.825434807801027
4.823541690534961
2.454754791375078
4.551808124446988
4.838352652475945
3.459929259993647
4.474134278386251
3.91930769756821
3.8165047822050573
3.4547686733985685
4.867363803294917
2.7569210549978718
-0.016107982904657536
3.3880167252113473
2.5243865145532274
2.359347050221393
4.978520911710899
4.854984316116227
4.852648248495885
4.2489873823074245
3.762357735091021
2.8391267798684314
5.093845902196822
3.6913369912561733
6.69542229661361
4.10722207408896
3.891611316064606
3.3515111958180466
0.39417775919136355
2.9635143133521358
5.465993955573532
6.112114062842874
6.355834237123243
3.130908081144214
3.1421598231833108
4.814563429154045
6.2326145394033485
11.194331548717052
6.451936807926223
3.0236979953708683
3.3370650363815897
-20.91794755234425
5.297582980730038
3.178081132108462
1.7821778327811608
5.542877475080759
6.045751124368435
5.32241629507271
2.1403486769189812
2.8327341130398853
3.8235146999106875
3.150359965868753
3.3420169167346954
2.8925801619075004
3.294638440756076
2.3876851653942786
2.853233122768651
2.745854604697635
2.8508894255541644
5.519530065609088
-0.717991336494574
2.441419371265731
4.602123097246752
4.6944892686504325
4.004642054861428
6.114560416998002
6.478416781264276
0.25463487289384235
7.8419837021210475
4.026154946735331
3.622025773471054
5.718768331141417
6.012981542745216
-1.7932744111707648
3.6159534508709883
5.002953043591971
3.9826686357346013
4.372596616933736
4.054915271683832
7.056507073008287
2.9725249166326146
2.417332755282417
3.320497822841068
3.6327205173622654
2.8710000982272343
4.4636744542679025
3.623117329141716
4.3310883616097255
3.606055649155872
3.7327735407838554
4.444444595943306
5.519819566273782
4.815200636895675
3.8212756382353543
3.922791041994765
2.9045738840172572
4.88423205147784
3.9440342265718833
4.136504866553421
4.248230898789547
4.612712506652859
3.922166339371449
4.03290996709214
4.149530974113635
5.343829272118076
4.856079984901938
3.8606941319591943
4.167807921212111
3.1823495913839226
5.06576281698645
3.3464887516775383
2.334258146148485
4.252871651065647
5.398206340741487
5.9421803081990205
3.1714424153528786
3.7823348757637314
4.260364306196596
4.458799828505414
3.8292976528206126
3.5434370715499086
-0.47193023901114417
4.367876841229952
3.2018168819945494
4.848921798293436
3.4555410141005867
3.5524940353240297
1.2418756984720494
3.181248552871429
1.834052781301758
3.3815496071355433
5.027621186239014
3.833485209416873
5.47219230983987
2.1634321686987685
4.909553403546713
2.095172657687826
4.236629083943937
4.830324584449473
0.47718045249464236
4.772364551139917
-0.45038090089992666
3.0660642299053764
4.157425032683483
0.5849273962525916
3.8622781526684427
3.7284217789372027
3.5295372674947703
3.807727507992397
3.8092979459659166
3.5883927314389363
3.5224579779400766
3.726108074049298
4.155939598821855
3.551337686802025
3.8289787211320556
3.4632713713214374
5.645218151916963
3.9312700515081866
3.216595744992264
3.434749912802298
3.7644445384554746
2.974118156488451
2.5467777152603555
3.9610527492303955
2.40173474497999
1.3451024113815175
2.9531480677952477
5.079885546711653
2.307361349595515
4.03072477434542
2.8912371891671578
1.7701535455626907
4.151387541667506
3.488847438391905
3.111910438111904
3.2592100740398053
4.628776051910016
4.276196037299128
2.734504664111344
2.7031625867631943
3.8783906790288247
3.887958561094312
4.2172960319598864
-0.6152515066822581
4.158048730855525
3.657060967518155
4.935860314719211
3.303124532202925
4.54826560969004
3.302343791619803
1.3622150380782712
4.276403467184745
3.7171651103916394
4.135981408229007
1.9746931247807364
3.617416514301703
3.329423319343772
3.115269684766832
1.1689543788550867
3.0668731388328756
4.061858980089841
1.916058038062374
1.453860235820462
-4.1878923319147425
4.964040376891513
3.3712591496055992
0.8170005378463103
5.027526065357144
5.054638848371264
6.010481271846084
7.3195132330903
4.118247595420338
4.504946384766127
5.430074992414192
6.127529328852312
4.675127436958984
4.370498445191048
5.814671576777214
5.757807522166322
3.7934393502842836
2.786474604937751
4.01876456406946
3.003150664157442
1.892316595993988
5.965898151588172
6.173615101812345
2.8314246219862564
2.856046535417259
4.0179786899170455
4.920509525259482
3.2906724882529472
3.526283295571028
5.843191801697538
3.353277986792621
4.587862878873526
3.280460459435591
3.2194863387954227
3.2012412267627077
2.523939363818489
3.476465592775417
5.988189826641635
5.182686703083866
4.140518007840427
5.925301351297442
4.874846933405006
5.408632178116021
4.366833205189179
3.6363014265820692
3.619526761798855
3.2014643941387053
4.9362388116059375
4.266787997887112
8.560665546967893
4.664001761819918
4.73951145768867
5.275309316778071
4.994532536337062
5.984223399277473
2.610229464339973
3.2436997826584837
5.86800633872418
1.9417531203836702
5.460198765196563
5.419708985517238
4.474245429899174
6.144070108475862
5.053342261189655
4.493034504774284
5.590141423326385
3.849144891712672
4.195325349260667
5.389118424792846
4.1081147393208095
6.88431600876951
6.273909589119521
5.240774552989311
5.066187124457993
5.7755136476021915
5.961165310749361
4.764379179916789
5.0087633386630745
6.103203903492453
4.6706910924614595
4.8613048204327205
3.545664622779067
3.5839407146072837
3.5687129125603176
3.959259810872232
4.068026163163363
5.181860278272982
4.187398769262335
3.688914944958086
5.030727177078905
0.8481422228391935
6.253400088398209
7.567379565130336
6.437025502906957
6.998277267979184
5.728577755919902
5.857468204894824
7.319536762176955
3.2462314679449964
2.8729298681346656
2.2749738195167453
3.652223589524909
3.940725557046946
3.3692641983726506
4.579873955907546
0.7325022533003076
9.46586898335538
2.304805486424069
4.75868351819694
3.398879666200356
4.321812070666913
3.587442492270735
4.075472740172965
3.601904384072743
4.826719244153466
4.00124285966275
5.42886068889096
-0.026359866993195258
3.0768765869388517
1.6663064999132298
6.014729252362627
2.879422607870146
3.5207362121748553
4.909788537668457
4.269964509078958
3.6484244547252898
5.965452603596312
4.220829446252554
5.096411452644931
8.205205380777993
8.317499650425571
4.553058685058298
4.452603555504229
5.452378489373371
5.941905463537289
4.889108125418387
3.4259207258355007
3.8675735499041926
4.824871906277209
6.818706765085521
5.1603575942655695
8.58252852308577
4.928507128365004
3.581446311815361
5.043891296829276
4.053345759233844
3.8368913680841867
5.503877521905666
5.302961476532956
4.286037494097617
5.532967779246814
5.161034076353355
5.093543386248468
5.468733146521741
4.300884749124748
4.762349088743864
4.951642379383099
4.167235870312361
4.4096117281617015
5.051848254561648
4.074299958779431
3.3894478724146433
3.9918392084659935
5.659458235999162
4.545175987680814
4.575195193894566
3.8443079990567415
5.837085348971411
4.777710617969911
4.619772463763841
4.660187766255287
6.362652531936632
3.7824678168358092
4.59562856127384
3.40711765956074
3.4619886377835782
3.333234705495679
2.9296901220833385
4.881056229633394
5.259357630494096
4.58684724871882
4.673952470832354
4.965726218708371
4.586685312336797
2.5436696745054785
6.249551871404838
4.230836578976251
3.739873225560169
4.169375142789999
-5.210723899074411
1.0488283503087232
3.1250637931862935
4.216258616463321
4.63075298962363
3.688925128163225
3.3930226390881604
7.817055986729503
3.5712300769193384
4.7234627313300885
3.6723641776333245
2.938045760882555
3.641893905281221
2.91652515231645
4.3140038144225805
4.851230950170628
3.3477184562772786
3.4957968968386504
5.104084859830274
4.307237086974338
4.298964399516218
3.684969541942678
3.799533545268006
4.084142473120741
3.3531410178895493
3.0328928105314246
3.544189714441557
7.06966837815925
7.853982824426169
2.618445371059602
3.1653346847809685
2.627319192683804
4.761934782240994
3.8912625231738196
3.857378991969445
1.8689203565282875
2.9560434934939153
3.687158416842639
3.505375473123498
3.218188863722171
3.467512668845557
3.340057805324228
4.270475530800791
3.97533998596031
1.5642720284593916
3.8342285864073133
2.286859474766133
4.236360769085228
1.0318214281361344
2.375302247560075
3.2666201782185573
3.1258993324154627
4.735241303910843
5.431778159098502
5.192441765562162
6.850001632104291
3.741701950909842
4.96774693010625
4.180637310113775
3.431839955077376
2.842303910043797
2.156682080723448
6.5421999435307185
4.555409419698312
3.837365564646556
3.0511488695774798
4.656527283941006
2.6673655563815433
3.9995860140250485
6.102534785679508
3.65184607086667
3.53739427373689
4.130565578133395
2.9789974192329454
7.0104698506331555
6.105086389112971
4.2291898044359115
2.5056585073601836
5.445426401287621
3.373100187611478
4.112916590720603
5.416336997304427
3.44132358744033
4.000055847117396
4.4293950548873084
3.595977733258519
3.7541866699386266
2.5415017993090725
4.039820025488928
5.8855840530328996
3.7832089866909513
3.9618494433110962
3.982667698815438
3.25832414876142
3.917841117185394
2.5522331633273976
4.463613549111839
4.077928021775234
4.581056014103305
3.8571465354725687
2.692374648509048
2.601036650038074
3.9174338988676047
2.120527731681507
3.834332094363497
5.096014027367842
5.076784628475374
5.172057761004375
8.6178882620715
7.151455771568209
3.1853279497370806
4.543453738856287
4.558207376426102
1.7061101120877955
4.21878422954697
3.8123362925436055
5.355331907793234
4.223929802716563
2.5914281508171157
0.32599351391366627
4.272527004916313
3.884290777134253
6.01549155212995
2.6213590272291323
1.7407996885784058
3.210015800874474
-1.7358133888743228
4.561640901916318
3.749011431858546
5.315448528694807
4.094600510365438
3.91594834002445
4.447511379750323
4.3675876627255885
4.382287538795562
4.999641047743117
2.8294395716687077
5.669124706351288
3.6680365980321152
2.031072895190719
4.80648950430908
4.201777766772853
4.29968496388974
3.2115361349674485
3.1142232403114294
6.392791644461594
6.320083054714814
4.230004275370929
8.283860648141795
6.142040567300251
4.063838780929737
4.893742375023324
4.866377809325441
5.092773799516023
3.8489377295768668
4.040628476805411
4.175432742013745
4.0497902278065325
3.9575410237085302
4.479770794874292
5.063042698767347
2.897503295230594
4.043714461469102
5.872803339029751
3.3210693836186986
7.113926485146715
4.640480109074179
3.238861260777109
4.21607490390809
3.9455693306842465
2.497286527403836
6.495198980908152
5.24105141607251
3.218262190463106
4.094917003422375
4.643382895666852
4.579902837462227
3.3512792718809354
2.1385429530913846
4.35871338669317
3.735946070034835
2.8007098749043475
4.6640251944895335
3.8347032398612306
5.3767518028312535
3.4647894026707067
2.795745612517799
4.966907148672832
4.0165437322546556
3.3617588603227704
4.229171866949165
5.76942246526707
4.093177248243785
2.8418772484001136
4.139317197094271
5.038945677523152
3.9550963843770686
3.463928332914482
4.607081433328448
3.1885708231751493
2.8964653752257
4.064050079790602
2.71182643132273
4.016457961592032
3.8664659270405783
5.610892245125138
4.228723490963726
4.381827850861273
5.0106206112704745
4.131016720386786
2.9117979557854063
4.648863954891748
3.005200525803176
3.610051548861071
6.817131337987533
3.545028303052908
5.898668481219222
3.5872784235036157
5.740709250169011
4.794076094785513
3.217098708740274
4.447789366878998
0.6657751522143607
3.070229975787159
4.389959956731726
2.9923809790094626
4.392526940771875
2.398249811942253
4.487242594011017
3.5133905889841612
5.347636594185884
5.956421346504419
4.928439794990945
3.05050722353508
3.85223538672073
3.377093999114455
4.404794889840587
4.934048865693617
2.6400198082056967
7.0785607354796
3.6226617849122946
5.319904133884009
4.426418002782741
4.264382768039965
4.313221840725544
5.173440021680111
3.5831680022760803
3.766765608794577
5.108827718650686
6.213976994865993
3.708395266575263
6.552438867829311
3.9194772145223045
5.191641849548197
3.8492928563128155
4.874914288596366
6.108162860270664
4.247732105105903
4.486589050699851
5.011342081515212
5.143469478469652
4.3175003217227275
3.498851051363293
7.884276141648185
3.4667306930098136
1.3808366753519534
5.05771095947334
5.135568651838231
2.275172838619273
3.127071103447663
4.50404236164992
5.7931972696710865
2.0076495477326715
4.351457715107333
3.217080776677058
4.23819643584891
1.5127687703923356
-2.015441122873959
4.542498406423043
3.3990304131400926
3.5975655265845106
3.2401950600824683
5.1784798605136615
4.193848447834609
3.946230194960225
3.398988369173893
3.3743125098484446
3.2737686147412153
5.287650478793231
2.957044629082982
7.234774797236296
5.33083122140117
3.346559082919171
3.9865479296212007
4.3259752412294326
7.819558897605475
1.460577035850792
3.5926233773219654
4.0170345407800925
6.089665965312193
3.5242493374083663
6.3455898594233595
6.4859232412521415
5.649646566607681
4.459472998790246
4.548713946868463
4.196906025282653
3.7818670029553743
3.4750159555887516
3.143035972873204
5.4878881495881675
3.941583321837598
4.093106976366337
3.668358441869238
1.8419046719569196
4.843564197403545
4.976749048693302
4.634863755370479
4.882003882500218
4.559985381302294
4.636299556457846
4.983971947464268
0.39739197894127054
3.317135678075292
5.7812722836252375
5.15902161403444
4.339448863890135
5.633585980493818
4.136803211759591
4.749718978106164
4.781364072297765
5.2698919244810805
3.3023456590052627
3.9190843896193317
4.4153907019460705
3.9346018452543996
4.216632504758979
4.288845109325336
4.254567712705902
4.386903270002964
4.593008342009944
5.0490114124636225
4.626984030077931
4.27675874950493
5.429605690718573
4.848182912058876
4.237838813068492
3.60142118045781
4.420824751329166
0.9733215737745535
4.152441357734223
4.405743791705222
4.271930257223626
4.712859679276658
8.628600408419404
5.499874779583177
5.372279602860314
4.6005631765340524
4.860236241554908
4.8400826165342865
6.821461639638412
3.878887098811134
3.4442541149234196
5.234719128197428
6.117920869154375
3.554413749507264
4.019234594421611
5.58234240942945
4.027781797436979
4.937140004148224
3.520995714927582
4.226356644362811
4.04389310967916
5.05593055790148
7.279031103301721
6.340658843044842
6.32179122588813
8.862235575601192
5.389328275194545
7.236137402956336
4.7112327728527275
4.067329686565872
4.953521412434036
3.9952623166931964
4.537114699750208
4.135400391746049
4.471133812571393
15.267655106097516
4.621024576695519
4.558052664929312
5.084193919191706
4.59716441550364
6.682564058728521
4.273943921971612
3.470656667295346
3.7444659713222728
3.1369978530521703
5.397701116336623
4.272401645994413
5.252932885536586
4.544507787926718
4.6257295222504045
9.824009915507741
5.155843279224116
11.8011976060158
3.670799809006596
3.4336606077815284
4.797225658870596
5.0995296331249484
5.462192558453964
13.000491932698155
2.4039235492998348
3.277757118520955
1.515926245467437
3.8931430367700703
2.8892036460882764
3.7914114543772435
3.3784154352314406
3.616936223664125
3.5554254005362584
4.237101627443582
4.05416267579717
4.300416252889825
4.294205124480829
3.9484137526244623
3.991140420524073
4.101153226479287
3.927843400129944
4.253865257307789
4.127803724094562
11.90147701826242
5.954836762427627
5.395639462559352
10.164784964663065
3.12697345796105
3.3606445158425746
4.1526201079614795
2.413894413334354
3.5529102797253436
4.790328958917963
4.586175460157274
4.0255392162195545
3.3343550116500795
1.1400866462591122
3.294281542274838
4.132553904902261
6.233033664169067
6.3839860193298765
7.188523214769679
4.316933211701785
4.186685349099421
12.001166192366322
5.706354964966666
5.351791181874992
5.2571044198486
4.595239511875281
4.7910017806536676
2.288978943747745
4.073666350754342
3.6335274644901183
4.91987093433886
3.17825409846373
2.0143296552857257
3.334355162783977
4.8336993740360725
5.018936079998389
9.0363818097984
6.018700840409048
5.2639528359435435
3.7562906003387178
6.046280881076244
6.100380332391644
3.436609372002744
4.236740929595215
4.440105761842191
5.1377852556111625
2.498125138922807
5.077686000049188
3.284280919956366
2.9937616819566024
3.841408885533337
1.494761670914333
4.361048319957913
3.441687436427252
4.825672376138948
4.563490112349926
3.977293347795003
4.225860493558365
4.1464815864264075
3.8890046105368494
2.0799398460955176
5.019192031486606
3.8601100366893775
3.7064267757481373
4.773777130280195
4.675386821898593
3.637660768691866
3.4080442202087107
5.300911382807457
4.752102259485005
4.6534056739758505
4.307720754710571
4.526514630412211
4.747156217546685
5.887007094115339
6.978386290670521
9.733482769534431
12.878191066647561
5.714471745426689
5.394150441212234
4.708888039960759
9.512203278929888
3.6424960223655605
6.073388048435806
5.490353625776426
6.25415401903375
5.383159743088083
5.814995762947344
5.915194488404142
6.836613162868387
4.712351332432764
4.6201896189417795
4.098937247663921
5.412157972404373
3.286340004718838
6.263580377371999
8.779808930916111
2.54854661706037
4.745464951900479
4.84512694054702
5.139750676378272
3.936613732063467
4.9162617653894145
7.7542573087762
5.0580418804514125
4.772618969459186
4.470145117702011
4.198954184778456
7.100823347844766
3.8905991132267665
4.639300326446518
4.726090517821318
5.032918568301751
4.392888887759828
4.267714430669906
4.901960480757576
4.735101586320938
4.491806649329817
5.143015869546225
5.069207692965626
6.441941734301267
5.158674897273625
4.287026392210904
3.5756816622735452
4.398443191579241
3.9820129143481173
4.358784692588708
4.062614208851058
3.5044907971635393
4.973386691661053
5.461946548404993
4.487534785647712
4.506813974011856
5.935257321068531
4.680313992110111
5.459757544296642
4.962233098319313
4.099648992431004
4.829800900934915
4.33897004152269
6.626437583697667
8.493546001429396
4.880184994669939
5.364906352772397
5.322352660185603
4.189432534869027
3.904432594955657
4.367789506146778
6.0151836736167414
4.030538258586588
3.655405247727867
4.303000366206441
1.6692766544014086
3.624318927067183
3.135284691463827
3.122171537533509
3.663735063071406
3.26522241977819
3.508186936748595
-0.5228538718890285
2.7770550148845388
4.61044351259556
4.459014480271752
3.4334943705427348
4.538138794655234
4.625409707663206
5.621219199703063
5.152983733708864
5.218878546896232
6.065542031492677
4.776051895302912
3.0665159564066164
4.3014636471182
4.794537183895844
4.999583972508444
5.213856888830804
8.446151206385457
4.741439802958448
3.915698026052218
5.672980358630385
3.253854898662405
4.753732073223577
4.474748361600476
4.0145545816341786
3.804553662193793
3.244649454553973
2.9417826083545817
6.276068776988383
4.308966677933659
4.475775357222277
3.2288105490496166
6.214798765160186
5.502345543675888
6.852615547642758
6.648526730293991
4.6729178758223835
4.1486349778520495
4.333884646387323
3.152579268153661
11.462465709672228
4.346578378116117
4.679028604803007
3.860353305242185
5.791790023823591
3.732385338529125
4.283905194387902
4.776960824232525
4.052368916628793
3.8133878714756966
3.809453520185074
3.8176123836070515
2.879995191491631
4.296649147389382
3.7945396483162654
4.338391775735915
3.596866750367122
3.875507076289116
4.257869019408858
3.3436917077283326
3.14218573278152
3.7668258440748748
4.974189382145
3.6027837622187895
4.803868503925726
4.155259350887718
4.674502895798126
3.8421679833440656
4.516612646802079
6.362051519600467
2.43152813078223
4.315348459196212
2.2069493769724526
5.606822642702852
4.779455899308973
3.8414655580058885
3.6233604866465776
4.835230522183771
4.13795160094184
3.4656471429844693
3.937577962860392
4.746353597585476
4.472214191056537
4.7762961932177745
3.710819248784507
-0.40978710951920183
0.08341211089322265
3.526941382917464
3.90212577152485
4.457843897600313
3.5838526924665843
4.9361321212579785
4.748422489340852
5.2717220565915195
7.1377152095537735
6.8655289003103945
5.917679468668011
5.138613144096315
3.9591014183295323
8.181466630745343
3.554948610525347
4.898127618058494
5.470059842059952
4.158242988626577
4.399689442007066
3.4785128138867583
4.530714418098497
3.1903134806496523
2.1602863837043347
4.691128112671909
9.893207293815045
3.5050549590920395
3.9500384989543114
3.806359276309365
4.363536873558871
8.032780051020636
4.30681661258269
5.511292526263575
4.361737566976772
2.7202055821175968
5.162142967999017
3.2048734369697987
3.5594440915753625
3.485259776477232
3.4885080869013216
6.986717264795525
4.483205160859265
3.4898743143566926
3.317855364222978
2.309445246629841
3.3195398777103464
3.1792551489081258
4.150914088033077
4.439453291393426
4.976447903879258
4.350030629332156
4.513583140169744
3.4350355103334578
3.1091905355737457
1.285635218499475
2.773451581596978
3.6478850717580595
4.4408961034286865
3.673576288173784
9.036311504248651
7.048605126694491
5.1581914430393665
5.870520292867071
4.544883833597369
3.5156557504578347
4.055120494721825
4.63989111978348
3.121699837717383
2.6469792088152673
4.2244259239279645
5.334430844567097
6.049874771266718
5.149983858248489
5.092307783904659
5.104564866549625
5.18656712029447
5.2172631656178075
4.070652373630743
2.286681525388433
2.506787503078494
4.27437413492032
3.6792876120766227
5.359801053284017
4.6981335372082675
5.2744945529051135
1.6650457270213423
2.2249174478337777
3.981746580383497
5.039015404775279
3.4846966205162135
3.0402555075565902
3.819603273632161
0.5134143158304827
2.91484829818921
4.401160603898805
4.949291961612328
4.980675445613683
4.717328378560422
3.5375590702973447
4.333946269917888
4.046115470747003
4.553377016717928
4.188778491479656
3.5573132317165577
3.244254546994107
2.418281019668662
3.90789263446595
1.6580246923451323
3.7851890103650945
6.427687746910141
10.418144421041125
4.365489029988561
2.4246037096775725
5.2016671898471305
4.082231176599552
3.480674782211361
4.82204186738112
4.744914805108942
5.138148079630037
3.6505576093917482
2.9889715597811337
0.626382489455207
4.9974281500619435
3.5830462296101393
4.1435232933729536
4.100355517749665
4.4375914317022636
7.496681960784221
4.2422436354483475
3.016181901883433
3.171991391050928
5.9028687136965825
4.226790173685739
10.559445481866762
5.2842464800628335
3.8634259210865856
4.913636717573092
2.4539318688081844
4.004231026686661
1.6559071114001365
3.4640928255817296
7.083401830173712
4.459533929581416
3.685928593233958
4.900091785163792
3.888458197606106
3.4084584486601557
6.5248579007172065
4.82370880530289
4.99800221948998
3.5282445750400893
5.547312016880751
4.878630554465273
7.068824310334103
0.04199774160833902
6.0388402254099285
4.0449921044238675
4.9634866500970025
3.046873114657284
5.5658527028026334
3.00663193559385
5.666783714116568
6.900844832343489
5.241862040242368
3.1662774378538088
6.045263621040487
2.8866984265981674
3.52971055312065
4.129602699245467
4.2207436830542235
2.5876731739713295
3.6881668929852847
5.64784123236946
4.8078431733851605
3.2795358198038502
2.6179031792404563
3.481900471574937
5.91589238329664
1.6503029390474007
2.255089000680556
1.9020020764449268
2.8529213092801275
5.120504537647075
4.094301616499754
4.324305880080277
4.915542332974622
4.0564210090657555
2.6279805798260103
5.385335729854807
7.846763831506788
8.516635241806961
3.5008771817486046
3.9727498829854175
2.582309732412574
3.1344579915539663
4.768724669053429
5.163121300180873
4.3608755279747955
4.370700203980878
3.927260823839162
4.719150542502143
3.564561483095934
2.64460461684999
2.996509607319936
3.72353103411611
4.988124011078117
2.406522254067171
6.103810157607201
-0.4882114730656295
4.8932566475805
4.271957541449897
3.64728453965451
3.5093172875854948
4.753318818210031
4.2360193871390885
3.8652230366690596
4.287595267359975
10.443933604850454
3.3324029895541316
8.55473390900875
4.262699112253396
3.6029200833487627
4.320555075138647
6.583055546778743
4.252654687124297
4.023754984975923
4.329367783641011
3.9675063281088327
3.56118511716915
2.46387387815653
2.993385764403234
4.565021201733234
2.2020222006059313
2.8862019109596555
3.398252828031177
7.042968388977359
2.967672656212442
3.223530498782027
4.096506869914265
1.8642258068050719
4.552736232512376
2.9980451993497805
4.161425361029077
6.506513171815602
3.6423755055283884
4.871487204645767
5.751665883708495
4.598018152180095
5.213175121375672
3.3261564531653494
3.9208802407850936
4.488935917231898
3.722115710669465
2.42633782122006
8.87097179528121
5.433185380342242
8.661245987953606
3.303209695795415
5.570347463791294
2.9408664959839914
5.089870417962457
4.149467095488239
4.706422234678753
4.3711736859567125
7.2047531363761586
3.192432617832076
2.819422464651246
4.371616568729151
3.8595521083154294
6.106253877214243
2.74558792066221
3.712260371839292
6.20616232442952
3.2994751314199346
4.1578155433869535
5.9020948531488955
2.8628233903531166
3.4344086386926103
4.5380109981921395
5.733296092026357
5.958208898228415
4.00666107678707
2.9700693919406627
2.89666728314328
4.220053767886249
4.907345452018558
4.091935342761602
3.3515552880666855
3.9586035456287245
3.3196496441781456
2.6976209288403727
3.1804509637730605
4.446020582516145
4.822942786323426
2.8828664956814922
2.8371248240748663
6.773327025353734
4.0172960845932675
3.833023425012251
4.23098790477043
4.188759796162161
4.704416275469238
3.336224274547248
1.5759995907072049
2.949752395311754
4.061196374658813
4.469544344171877
4.7062045769444545
2.942688255875784
2.2201003398618218
3.6446589725181817
4.421422589731403
4.233744872460094
4.306176762073431
3.083384288114662
2.4361285287068752
3.450411263066071
-1.8248217109170697
4.249443861515516
5.40395979500882
3.845519997365381
3.8720664634418345
3.944383476612157
4.489755336527398
2.9709461211673025
6.090115415417255
2.815477094414905
5.097177154674875
3.4599042429412084
5.454258909526761
-3.736213087196193
1.0311942265499603
6.7158222275122395
3.63262789032279
6.406288391728373
4.528364986193674
3.24085290593018
3.877330320332077
6.353129277393009
4.798989550673998
3.562112312293828
4.304227607399162
4.020885395144582
7.6143271448149825
2.5912999998083213
2.5727325196431856
3.918781670270343
2.2036550931319123
4.545681477467335
2.8097113162209775
4.274945534322292
1.695403698597371
4.943895742068042
4.5920132940582885
5.568076828284218
4.15116732070739
4.12556684028465
4.543716202263779
4.054276865640656
3.7578313273735455
3.7781129688186867
4.916829445931423
4.1602444226973265
5.407954102427581
4.885109494797479
4.7899630052896915
5.02658543516403
5.009524397095677
4.335371861209202
6.245713019567777
5.091178788406674
4.2929282367378825
5.280939973654691
4.556415514602602
3.330985792957957
4.4580576958619975
4.183416104826161
4.500972399076571
5.252299923432919
3.581282529637055
4.339801393733898
3.8522167251228137
3.863097533140421
3.0306833655021475
4.405432723452984
0.338798545907502
3.851496481326464
4.083905993777896
4.135159800691056
3.4966573955437723
7.276866318861959
7.645822400268702
4.119292023614112
4.411266530664418
4.729213119901719
3.7916970719310608
4.35282468866983
5.025065712835568
9.931599398365895
5.184753668681372
3.738946576469352
2.8916421048676275
4.524315546727959
4.3132977051456916
3.5348674104589284
4.9554590707087485
3.3476621721587736
4.079718645959146
4.207024567243571
3.5474725946408876
3.910976926824759
4.469738111076201
4.4417728778050325
3.6935237161906156
4.568606474935596
-0.8465382498493454
4.982324806270935
3.988596600474044
6.60782439066837
1.1462170914739387
3.127632515741296
3.84349963216999
3.860842838962826
3.4662712531572244
6.154738394261407
4.93091970249078
3.5237916260703943
4.088353687306358
4.290711266028204
5.078413791307295
4.481443950822923
5.7172659563818815
2.484677933476354
3.1626402821416804
2.567684202426931
2.2408002468969817
4.307566015718941
3.691022803982353
2.660899823521111
3.3539462918715284
1.6682546341809532
4.581762765906574
2.0515834162581053
4.404820575379942
3.972252860137607
4.214130202753527
4.184920920453568
3.2107088071375958
2.6384559901056654
-0.36915779638021595
3.6314724592602223
2.2695717272969103
4.847134298764578
2.9161928117933282
3.9800002928143288
4.0172156435178765
2.454438847872193
2.25735024247896
4.84826634024409
-0.7441879893798178
1.9042551800849337
3.3762420824597554
3.243086656884824
3.8095594620293878
4.137491616440212
3.901490425754305
4.535354724973541
4.949487191046589
10.317799549035696
3.6079589685709315
3.6978997893081305
5.77196622520656
3.5054216430296714
3.1830989307300053
2.4633242431531146
4.869205549365063
4.070125743890692
3.334483005193438
3.102575694319502
3.1907562391132975
4.236658750189422
4.022127436638415
1.0567757949579124
4.339636176335128
3.150858057073965
4.310863329246844
4.580679157660934
3.3574015532625707
5.789891085127104
4.577125160145117
3.623434848147324
3.934707608109499
2.2394596825737203
2.450602742995388
3.4627842696334854
5.003134995747901
4.580789508734832
4.70360432822872
4.343097090525254
4.80937728260775
6.368800519704049
3.8320640160540007
4.469056204707487
6.171891565107552
4.132799703452116
4.2136012795434175
4.083930682276547
2.907248637904304
3.5223904641586063
4.125474523607162
4.444127540932842
3.7484764380600444
3.679211773174677
4.412083831498335
3.4021242487864805
3.641961220449908
3.6149689199346833
3.846157928307719
6.1047347240478125
4.264983482460295
2.8008142301029206
3.107354666022874
3.0274127136616085
4.0557685841693205
3.1272235529594794
5.256432075868124
4.533464105495467
3.750324852434455
3.9505529041006375
4.2097152987532995
3.8051024943547778
4.11654390398931
4.600635563326107
4.424147813966013
4.319352206866177
4.748106848880397
4.218122461115257
2.9614730509432867
3.8125911022476826
3.4213191263734943
5.230325560745465
2.72019475683159
5.808333416559109
4.154227592854844
4.724453562011154
4.478585437556297
3.9533477619877933
4.627826695387294
4.403969387377148
-0.728804135762962
3.270621551826228
4.967546143941492
3.6100809187343277
3.4595508873016874
1.9751506045548997
6.244367130895407
3.1805120424252418
2.815086859851477
8.202062393438446
6.61168293498268
3.8886586362871336
3.6610904507290774
3.9494976945804288
4.354320898064488
2.816003843497698
3.082533996117598
1.1216576499442454
4.876597179216272
3.833700763670611
3.0683436108873066
5.473389068838635
4.681383949493612
5.43532669184481
3.7070676012209574
3.776545008983768
5.256879573100927
4.494866862839202
3.9350779957271085
3.1791905684706823
5.068829895006639
4.807205683445638
4.099782995678785
4.94676623505906
4.706013594663526
4.5683180876297955
4.721374520344398
4.863394488284418
3.2149717682379593
6.010541296908487
3.0031704939426884
5.809182621345088
2.8581176159882355
3.915340906741686
3.160940716433364
2.4531586259663576
3.978179887319156
4.501351671550121
2.6751327606055915
4.7114967670288
3.9997322799274877
4.936662563050743
5.175380371079828
4.789261141311416
5.854165803493922
3.480106838844954
4.010483945100275
5.2248414301251875
0.4486743157914468
3.839827274966965
4.623745530741112
8.451211964096915
2.4581021627167132
3.357642779628061
4.514149184471721
-5.17640398323257
3.2001778215888343
5.4383406589934
3.5226222777342517
4.0036982764981985
3.7044622726447725
2.4279918487442043
5.163064881175827
4.211926452853975
2.142858446648186
4.761932685830262
3.6817303785681736
3.1239387908393024
4.0529048911962295
3.327338508632879
5.998276130683397
4.329339434788175
4.345062896534893
5.783283363076858
3.9296901743391195
5.103250156535449
3.0823096540065293
4.494297693831429
4.032496163083013
4.441658084149496
4.520796509022838
2.810128189848909
5.776697866869854
3.8525321625560554
3.55224592297313
2.932025334076581
5.673819806409218
3.6045963895736324
2.9901244768503172
3.030692861811584
3.8640982892296836
6.94334005727583
4.017537241735553
3.8470377651924053
4.337794962451742
4.191189462526901
5.077727099335679
4.204997409214937
3.7979637501679555
6.026779601202817
3.9878844668895574
4.515457971239703
3.7195686257126566
4.139561307616949
3.895847738678617
4.856528670218418
5.120894035177058
4.269318173955365
4.199140062891328
4.641646961114577
4.447146719722007
5.0892297547003675
3.8932800574106254
3.366275268323911
7.06538936844676
3.9161055993944722
3.2856274655055433
4.461372926380309
3.8779550088737618
4.628425432650499
3.533631473937755
4.07204913958034
3.4432687923413146
3.582623844411761
3.7151783125079523
3.8803408009273666
3.235218412998875
3.367668642537688
5.522381713510835
4.427655335551666
4.440017396927691
0.7375691781479987
4.411898906545956
3.2650152947244235
3.491740648505909
4.996488620815146
4.3668295437611455
4.485505418115697
4.256286985810567
4.556000255911875
4.936127765736012
5.29442698729192
4.146155931127365
1.902430985645852
4.186036259902165
1.778038277006437
3.9735199767803513
4.875299146938432
5.148897975909751
4.5068744781509205
6.572585394134057
3.863928577811428
3.504307253930987
4.122926487074167
4.58430450221211
6.387001761457402
4.809798562612652
5.164158952054322
5.181066599302373
2.553904489684127
2.7210816245340195
1.6408668339870487
4.143188061463306
2.988311316299899
6.756997060944563
3.608975908244153
4.006187273956789
3.593026703326234
4.838168291761381
3.6647147300967973
1.1475286152704727
5.781510618323443
4.394798367214882
4.568242564681022
2.848661603571868
2.7858578661901614
4.020545919013238
2.1441054049106825
3.5486834740092124
4.469132433442274
1.347966935928639
7.435785022355823
6.552737875041351
6.107034398389333
6.187502644478836
5.694583814612113
5.951522862118811
5.286104889589987
4.256412787179487
5.2826922281381705
3.0493863987980925
4.225009837261887
4.2334454447381225
4.6905714310222235
4.014726408739988
3.4961205571198968
4.614948382774505
2.5555310009018757
3.5149027381425944
1.9073843442439404
1.7061743641924778
9.474405494780399
4.19053310665582
3.5509479449985726
5.200275527301457
3.7470247621704478
4.199424866551962
3.6557182835548687
4.276778322557334
4.448086645673436
3.995742330110368
4.087289998148206
3.742085270246153
5.558621516880657
4.113079554004949
7.805446459617387
4.259090552660568
1.380967528687477
4.63987721892445
4.419884759819538
9.068473368813393
3.3430333253343107
3.4867687210181306
4.561280916602044
5.581279003857883
4.500310338205748
4.234127392823311
3.932039515451581
3.994935994592529
5.685764963569335
4.332179126230067
4.850198607536898
3.946802063228244
3.4606943668988244
4.034425688136774
4.768521370952651
3.4167798789875983
4.777817774756047
4.442986511565866
3.610457870445462
5.460934364807031
3.4909927507236476
3.1244502420908873
6.417381932919086
9.064420229108471
5.857616607435719
4.716961192281381
4.113351359277394
4.340094516764823
4.538929224758859
5.42910925178889
2.7623003827011328
3.8695457709014613
5.752030675236252
3.9685555977069797
3.4741179269295457
4.105755452954227
3.3279697852609864
5.680198244076276
4.202055722307547
2.617124976148963
5.439684605087619
5.65210385892444
3.689316823620073
4.210378345249271
4.619702784553601
4.356959454669543
7.232290243360973
6.639536878849193
6.519126374900214
6.522704971606648
6.131396357791003
5.3838449168239215
4.568857283905922
4.616204339769155
4.391613517879064
5.172673505892952
5.764513201363482
5.824740912795978
4.348562183516576
3.452903075500218
6.1200927437982084
4.513688370956787
5.987555449651679
7.093239085710625
5.5155197292835645
4.82056771768711
7.894846975655105
4.455927254657391
5.11233015976015
3.821474071601757
5.6386039597677
5.898871001799716
5.549116202221391
4.891834950270553
5.644844746271495
4.8953458484170405
4.638230476718954
6.539877695416093
4.007759952488817
2.6688014591433773
3.4542675926441064
4.036168083079253
4.489636878642279
4.9084524510648375
4.4261319480715375
5.02010311947941
4.7246418170095765
4.9194457006367145
4.860793434595525
7.462069170360959
3.3267407682070127
5.350287548962326
5.237296423967496
3.4714905268230716
6.123372500183427
0.04374383351880029
8.193753651746615
4.529205252988487
2.083654411205686
4.585494783150879
5.2727956066543165
5.548686763812983
4.484075385366278
5.333689084712165
5.668934102987089
5.31187186826881
5.1252637393336355
4.060541084181859
4.4337691143528355
3.3707298576999873
1.790401980306294
17.05283392843578
5.464747871984682
4.733907710441968
2.9363295009002974
3.4420972981298092
6.915535460440601
4.362914196083336
4.09072201709187
4.272153397481141
3.731473960352987
5.679690203897899
3.800603845804596
4.116947579219044
3.776599944844006
-5.373929624686619
5.3397984269529175
5.310793945288065
6.336748845076961
4.797685841963611
4.538770511821896
2.599286284063213
3.3218062430914803
4.699854657481952
5.498027457172102
4.383043386329212
4.375162326091645
4.988424643788595
5.583904657383238
2.468102740052559
3.9411391081020755
1.8467336504272123
3.7485476169615546
3.0606650369144246
3.7591441063438427
1.9190442041590026
3.051141183978386
4.164486246779321
5.763322718141355
4.002607427716684
5.107986893319128
6.480607393839402
5.957862495516672
1.1026622784904716
5.9622331775884945
2.9941508952496347
2.7458382624247197
1.3604455640134754
6.785733454346767
5.6145535335996986
7.249213931061991
5.044384549988786
7.067565257093358
6.0248634832455386
3.604684329133275
4.36628310093711
5.581500325770994
5.215035240970053
4.829300580749784
4.139516163128918
7.617029407754038
7.211608066175011
5.182588502185615
6.372353460383189
4.3296739166017755
3.32607762716361
3.54883969866671
2.697872084709373
0.6433464067239414
3.9444266283872316
4.342927771790949
10.906123047105666
3.41401503599101
3.8611962866064418
4.092367606354138
4.967114263774231
3.938710724179942
8.459129935121005
6.234498875925883
6.570776389559407
4.30213195227395
6.8561927626657315
5.487715930306182
3.6022360541138485
4.678837546110613
0.1215504763020836
3.4625602757389364
-0.2752981233928007
3.5155256400694936
3.9453734082971144
7.048928679975843
-6.358441027451787
2.8253962165396547
2.8316041988262413
3.770818438731984
3.2721294117966337
4.155199144775837
3.344804923645377
2.7855983532398354
5.053796974845198
4.619129520436763
4.237242353578644
4.508196278116985
6.9130172112960615
6.034302276652433
4.222002644628748
3.3492476791904084
4.056653618579663
5.152533050242642
3.576155443588667
5.151085917763033
4.944098835735592
3.8269089015687814
5.709312497287833
4.74135304766524
3.705688180605454
4.217782551584768
3.9301319116602182
3.233294378627371
9.934960333126858
4.1230092718048486
4.7072241911744594
6.171516867802468
4.440051019686569
4.878917571398162
2.555092193969368
4.65261549370871
4.277466662289836
3.6528128422957464
3.5358763362683696
2.1388839166294313
4.6695293348405
4.95786900009133
5.600850838095168
5.4393706586115345
3.7218589083504954
3.4774967571874673
8.623024468604312
5.321522062663672
5.170218937913947
4.3980183170779465
2.9984286482165823
4.211639982248253
5.433150652919584
4.698544615023501
5.412193376187805
3.8120816046318278
4.012380157157492
3.3557278371156856
4.244883522721226
4.170670969634932
2.905964041636786
3.6783343857279536
3.28684015855167
3.518989054765843
4.557942130059765
4.349565930212128
4.84295393665867
4.830134103773274
5.840285735424407
4.170815099479525
4.678865266705176
4.880367199288516
4.615212841311066
2.9591778060290013
4.439208295997766
5.094963949568809
6.928248275519563
4.138018469867532
3.2534969501461237
3.938425923648723
3.9320570157975294
0.676178867546215
3.4639038742435795
3.4403488435586356
2.2133852481181284
3.370415096518165
3.570009549810372
5.136912187094848
4.547858934031268
7.021595315484504
4.9641491298013385
4.76210362107291
4.663122668922249
2.6967829363743236
3.7708638288451324
4.05494613765916
3.356999946007246
7.860679633804708
5.566813053598775
4.395367121109319
0.733203721546678
7.524370534755132
3.90586974517595
4.432003588091913
4.526223310194504
3.090896379367089
3.9980041124686747
3.495942364537897
5.212446541169127
1.6734171982365251
3.849045747152305
2.1815577096094243
3.930681963860738
3.905031600083344
4.503752131825259
3.1459789411945933
0.5292418565906365
5.2417869995869015
7.497212249899613
3.1905341805406664
4.728498453499334
4.110589505779691
3.599439807388018
3.813375843652152
4.355236046939719
2.311201576790763
1.9864577026682466
3.700606048688818
2.767369986370919
3.647735661208651
4.415322539208999
6.428086336017902
4.41547285904983
5.31821851763709
3.7724942677841757
6.275593405976329
4.810387198546898
3.5920716294119797
4.2675136153957896
4.734797622030691
5.071128274259012
3.968273543300404
3.834519970197462
3.457393992766083
3.623272636092531
4.443537394322777
3.54801355048457
2.888450648097289
4.584599554864424
3.512301494321878
4.019893391511036
4.7055280709501215
2.972408778965816
4.600588476052251
5.7644137916296625
2.9299177107468
5.573436285189817
4.705672996810927
4.956588007764181
4.015797451398634
2.6635558353837574
3.4692264906857386
4.035247822287418
4.347444749379549
4.079897459854173
4.274099130156732
4.947343947162212
4.544785070856414
4.953672525488946
4.567241868139791
1.19195647441168
2.9855019985018467
2.4298167922979053
6.206219963199667
5.265722543960468
4.705487681899422
3.059637437008032
3.0895079562187546
3.73923925915012
0.08979937369323165
6.227095383089312
4.35206349844511
5.4217916926360985
4.2846339269217495
3.3212432613366434
5.467845710440102
5.0758210742179966
4.901338717043134
2.2741434896849704
3.5609109648602826
4.40518345880789
3.209924576926318
3.5915869126049373
3.7939487995407806
5.566275831404129
4.374840732198081
2.4847084708745486
0.8635599083249272
8.482595627736941
3.8450545360519772
3.5565752030456177
2.305709375227773
4.478491873933715
4.043400318423926
3.829857682129984
4.853577341021548
4.2123848482746595
4.064815960125994
4.621629824893114
4.916127303259902
5.711060368643143
4.1162509335719815
3.433921203519144
2.7442865065652766
4.126935861628149
3.9015083354830002
5.2751772297475386
5.279829916267186
3.2034315650596383
3.1238978301890374
0.5885464268079885
3.782438378173392
3.691231751179514
3.429735847798472
3.6634883941224987
3.370461203140273
3.8068597353869196
7.302273189087655
5.818881286274541
6.191090026223979
6.1936846523115605
4.598668083363087
6.962560341247272
5.113793527353019
4.109156133138711
2.819335207801533
4.5363960626097795
4.670426564686387
6.203312645211088
3.792230737367569
3.3625640956039033
2.1594801859545387
3.1293400229863764
2.9522805438097746
3.7285741843084663
3.9010340025589882
2.816859665374044
2.67496417617078
4.435577887467735
2.7942313001763908
3.986190287868907
5.495839821857506
4.081035355599106
4.909235946364955
1.9727001968211424
3.3401393487658533
3.881293165583805
2.7298232362685653
3.5388052889034873
2.2861988953694365
0.620507579183065
0.6177885280297777
4.914554839151737
3.7819003874980823
3.0627753434873775
2.7561776105350906
3.695473845922343
4.4832601259169795
3.439567886741445
3.866031499177931
5.486178903700475
3.6276316337901013
5.635476765844427
3.8994219489676545
4.265581682429482
9.048571490859118
2.7005070711288717
5.1242756050792435
7.991569459048214
4.856213926447023
0.10993819894075552
4.393047865107871
5.192408473500038
2.077957021821393
4.010183031682158
4.0028555092707
2.1902212263661838
4.345681224320977
5.109074516076253
4.58568404530831
3.031202399775493
4.761516895190565
4.9404424579199056
3.907549609141906
4.347254955697291
8.008732509718778
5.120231081869651
4.514920362116902
3.79616970869196
3.103717954492728
3.687732122414195
4.234413244629834
6.088718239805406
3.7551466148775536
5.201460443587838
4.189764342527942
2.783794825829554
4.215094594529886
4.433459492132348
3.7870096876319597
6.4773996495586
3.3411454378236654
3.9432646074077797
4.53118477030026
4.332805481666084
3.0397741310179622
3.1222805431872733
5.2313732420681145
5.189409394669477
3.172505728805318
4.564782917110136
2.6082405731467766
5.948897045399207
3.4584724980531645
3.5326837786998158
4.83442489419039
4.766264770711183
5.505726442107523
4.385092699148698
4.560675756328356
4.505975126631062
3.4463417629676756
-1.6762528348064283
6.929624050486378
2.4452740979008762
2.0796444375301286
3.0553053364261764
2.6888469050791377
5.922417070438845
8.563551425403118
5.563317471081431
4.937396088623563
4.387640355714891
5.1440430799248995
5.276156608599251
4.417971639060817
4.757551988237464
3.3293357140070143
5.9576784684221895
5.292063894151585
3.2707965839861104
6.292520566182764
2.0130217956547174
3.7354741216576337
6.4475572858443195
8.925899689665336
5.794226089031663
5.1988194993560075
5.549302319883477
5.280954664451297
4.764910594961469
4.042185984670949
5.4324350134783135
4.003400617459281
4.096519999584389
3.684153828912446
3.8840766365745276
4.2020492893121
4.012481618283014
5.327318655381079
6.8962586015582215
5.511762491067918
3.8693541655635886
3.6143774357740117
3.594578503377971
4.140920753896387
4.041323747637781
3.5432769384573417
7.722492734293157
6.205550261004261
3.90411148357131
5.268678739428499
6.07384914503775
5.552271540185601
4.121253188529274
2.7091876876930847
2.7377477860647965
2.87361825615603
2.4677465572513633
3.110642837380547
3.800574689145452
3.460250018980006
3.09171303195148
4.4335388885419125
5.705650297702381
3.2553924806957912
2.713801605248931
1.5027634687078568
4.150806621845633
3.139591657986468
4.073382011271839
4.632055768438751
4.806032120536721
3.6941487121196146
2.8056548790520752
2.7076812807135613
4.62785957180162
4.490924378913824
3.1886607023316706
3.2993439256144024
11.490237426353863
3.512844224759605
6.159558818379172
4.684901435806421
3.9323161132433766
4.473315885507226
3.3802558593603114
0.9635848552474431
3.3854538459217025
3.1704614792928245
2.7488281569939694
3.3967749302622234
3.235452080044788
4.572282680311579
6.646366236513966
3.185160653882817
4.712292452609631
3.9566593481781447
4.5519498818705255
5.852147212937764
1.504746893472999
4.958087224800606
4.707346019755807
3.881951891437363
3.161935770348552
5.244384171081297
3.4119512026183307
3.6762788705391727
2.911711495855818
1.7552471263675349
6.726370317178544
1.712838946593259
3.9491296869733947
3.0499003496799215
4.030000659935879
2.8851168316801745
3.9914159870490264
6.603327291689175
3.8069065206833437
1.6324579144830853
0.5871088925972985
5.357450074488934
2.944950215488779
1.4545436842401416
6.405014821672789
2.1039361047290015
3.313450917269301
3.2767796864369356
5.6631756659202
4.865165661601925
3.259443308502633
12.12460525326116
2.3988441349527756
2.4921838464894694
3.3195319881447065
3.695031593160988
6.195541339423128
4.746147980772163
4.047713922081703
3.9673980894486816
3.538717211260232
3.0770927458506687
3.1572182548361654
4.546135759732322
4.365827217396056
4.308865191970859
3.40948128838019
5.1506340115506895
4.260013136588464
3.814256110786342
3.4317681181082027
7.986611223259412
4.799726885510177
4.6348613183731935
4.009475087406575
5.23736031107512
5.2997269657022485
3.5913613123216437
2.9601829062255054
4.225602784053232
2.856343337328142
3.9077327486015463
2.583545645868803
5.3455656278870105
4.382565284887174
4.6044502603510855
6.193416443748438
6.4568250682963475
9.033914322080197
3.265370617727695
10.550748054149116
4.876623456679713
4.429833132078778
3.7467656056105625
4.880591953979382
5.079787990701199
4.806909959127109
4.087952596517708
4.738412742834426
3.6366149122585036
4.085537951400472
4.588688546662469
3.587728376501279
3.9706310715856246
3.4440483267819517
3.70603805724527
3.9575138025659293
4.670976288322716
4.491427793501606
4.193320584927023
4.324082044812278
4.557487989731126
6.880078258924925
4.067285548606138
4.619096361227079
4.8391602418684165
5.076318599292804
5.010462921085152
9.71566658719861
5.4365355135957945
4.508704315116073
5.856583509583351
5.155249247676577
3.987805943757899
3.925458500621684
4.090446861960552
4.366318473764462
4.5604550715445455
4.932628303910743
4.453451615732919
5.182215652164294
3.693746109822302
3.823045681785249
4.290118842804614
4.346863692728545
4.7313309580196
4.2735590377260175
4.901289120818395
4.125721013395184
3.781454411094582
7.344300511531649
4.7276977611843245
4.637157213881698
3.5391464632210634
3.492858645772551
2.9717304667721987
3.181108306351886
0.10367352253416406
4.567812864490183
1.9340770594804804
3.4178853468854027
4.7051832695822045
5.701436749533043
7.470843577481525
7.136584023593988
-1.4408216430386966
2.6186512233791626
3.5267406787213122
3.951586716357662
4.773366228111218
5.175003453075842
4.875223319330045
2.1588924542333605
5.598487474485386
3.611791923567509
4.059713870881048
2.795563836473071
15.152609404837198
10.115965833234654
4.577008042432662
3.846424804693824
4.366540341521717
3.568109831143231
4.1762037747193546
4.791232706390193
5.527328037180588
2.8890364861964133
6.227399100721231
4.946052237338604
5.322983924513273
5.467938488289967
5.306137876653553
4.1468066320941075
3.522371325507287
4.656372615997023
6.273690680470709
5.550233994661861
4.9451162433575915
5.729664692578428
4.557773487906897
6.36062674461521
5.128940170419825
5.085652863094117
3.7159223819982947
5.503771220319875
6.101404365498237
3.15384423857832
5.610145990193995
4.37653718226323
6.493643131048538
4.896842366165251
4.194188600348384
3.872049217047302
2.2995113593068224
6.392233743856107
3.13591620634656
3.491476444633102
3.4744918418210906
5.689778267559721
4.001788905697385
4.011437423519773
4.27737503840932
4.336692399551589
4.399399991220137
2.034836922101133
4.5114596910511935
4.947276793818583
4.100968154372717
5.703243613961881
6.1954894704498855
6.316521043892699
-3.273142538998388
-0.9836226354436346
3.9784229526237014
3.8271291088480885
2.926177264569092
4.362841611476503
3.9136523230836207
2.5254600345182507
2.1854828693835096
2.8647175598792267
3.343661697664716
4.437807747762113
4.090956364996314
3.883637086610655
3.058071222354296
3.2391674142014333
3.7336649657126024
5.631942909643827
3.059923325323794
1.7107370966985325
3.560222453071737
4.608220264018794
4.233261392439667
5.717437732122316
1.8569994681224085
6.6859371355827335
4.186951657930851
8.281752962109046
4.107719186785346
3.848481142031484
1.7768251978855467
5.100789351078474
4.242492454191291
3.3134246223481085
4.480459903623533
4.235444237367167
4.241550180060958
4.680134567713216
4.51189023678641
5.479776233137699
4.051057184936246
2.7368837959291197
3.1902024085879352
5.938988973889957
1.1972901124470505
2.9822551108082638
5.0231880007639065
6.356612311294493
4.521264393718065
6.555791117361984
3.2130786674324217
1.527272916761492
3.6791368256037984
3.6394700258380213
3.7577965606409873
3.076696021445809
4.4693903475234045
3.4213481442393188
5.359649971758371
9.540063759265717
7.469894808503289
2.9627427330462806
2.706344850449607
4.034372365552648
1.2839878893258425
3.938690482517065
6.484110908552108
5.809421406549635
1.3322058892987827
3.916429947944785
3.4243693330287135
3.5024262894131697
3.6195368741383462
5.348536696943746
6.786762996074135
3.8521890503511664
4.44674682365468
4.144612213466857
-1.4458442291469589
3.4491842760009312
7.88793146838723
9.013978869063287
3.339870452806834
6.677052948805157
5.928828037261914
4.655860362845397
4.727759434563784
4.081820275475244
3.9741295121166123
4.799706994892292
6.402237903191667
3.855009605062532
8.18302190497024
7.498388750416215
7.086997018269837
12.316810289061944
3.874061279431846
4.236115881369923
4.067725691454659
3.7541274196920957
4.427413999137439
3.7729362233293635
4.201911402683361
5.701264270462483
3.532310818120626
3.333071796245507
6.228518364171052
5.412575948575869
-1.1815924163973968
4.368850279422225
4.041337981844929
3.631128276595495
4.223936371943434
4.92886356091555
3.438907008763273
5.275918120420422
3.4319215735587005
3.9875063695174147
5.736370388208684
4.3325416306030435
3.903388857797237
2.6796509826920136
4.3059005554061445
4.711257080589616
1.4859365508169224
3.2680207185732746
3.7099224771236545
3.454283170817736
4.119703652294569
5.104704423863172
4.104192675380123
4.349296515451433
4.959184481673378
3.9024028568003426
3.2878751387236904
3.7450381761992086
3.531751656572976
3.0413459306713255
3.934536989147612
5.676934858536822
2.394808115218518
4.9231873361623
2.2032902350589922
2.937223837805421
2.199030723727774
3.193359971974868
4.8595269429003185
5.031886964633706
3.432627528078257
3.8392790359094566
2.723889395314476
4.4104434155660845
3.5479743698866355
3.187678896055956
7.362127740237941
3.471705856633606
1.993685390199373
5.251448334707155
4.354263542693128
2.516276555543198
1.6334557453055887
1.6614285959753627
4.653428698557635
3.7195121896633765
7.351725101381437
3.8263267211382175
3.2039773597828907
4.399296378568715
4.780821684530975
4.822131000386881
4.156847825957258
3.9950508489276113
4.218811859948945
5.64432181683871
3.8256885517909507
2.5437138325074464
5.012548840792682
5.996545178388038
3.9383021376889964
4.287033311278193
7.061388729728483
2.2763144231000156
2.7576765773872296
3.6527213584731357
7.801699716684542
8.913864906635656
3.047695099727708
2.2619392218083063
4.438972971241488
3.6194796218570673
3.550590274214798
4.232053475041525
5.09802811841996
4.673455327871849
4.921700204142835
2.893910637056421
3.1742136801648932
-0.33175143128315154
3.651383679817184
3.772515424087685
6.175995746430054
3.5828061873175656
4.205922708868464
5.453774040699143
4.153981820652728
1.8005486317548303
3.771291791824851
5.393710001854439
4.481206818107946
4.562772692207814
1.9072793884694037
0.20110588111874828
3.0507809951382634
7.6359793660750075
1.560941522841064
6.299737551769349
2.645563562951771
3.272001378678797
5.088025424430555
3.6256769054446805
2.5553441332128917
4.029850632730662
1.5086438499517012
5.432582093305983
5.093304542221248
3.0205798434416766
3.505408591104555
3.7641423398113454
5.876382549912652
0.05788191310220503
1.2856036520205945
3.9768767140341925
4.03792507082718
3.3068843571343174
4.371404364209799
2.00778778876996
4.6848575852958865
4.318547153896546
4.372831460011812
-0.1775199065766766
6.435062782449554
4.116745803466193
5.4430933258221845
5.661291845501416
3.771723825494895
6.9290040149420555
4.720592377519306
4.265940397298762
7.728659535143957
3.8371210815414982
5.979027949162232
4.739061309873249
4.332801922744873
3.4046784352106645
2.681794178438993
4.541876415812717
6.502071635669987
3.4975575628520117
4.271868877225231
3.0912659408875824
5.827607475030539
4.228360005693252
2.692349462651666
4.899160293040919
4.436359601901828
4.029129050135379
3.322599197408901
1.5713520206842406
-0.24564408964698936
5.428236748902865
4.716396799652342
6.179248812729368
13.044378208548233
2.3565004148278246
0.5188375300523331
2.6331762467369932
4.401072157612315
3.611285758006528
2.9876722884758142
3.9950900651169277
5.6996127414139055
3.497192886900389
4.886803228081412
4.700919122637776
4.465867578745433
1.8488558399866426
5.88539190866169
4.587989078624858
4.985088705355255
5.57168908543874
4.016896900132473
4.455096162287153
4.503189685150754
5.606372188599928
4.120951403416486
4.093635997219668
2.128262075516104
3.2060118124709973
3.5871558774896144
4.197675703958638
3.4981264666941696
3.638680418630365
3.415365201352476
4.215994268139306
5.399159963925099
4.965534276804977
4.578270444263502
4.177878316360418
3.7718057030309984
4.57031281082203
4.4591851352113085
3.3428000115884693
4.228039332742255
3.6477858754806247
6.451606902764418
4.0803325991577895
5.673742163990619
5.486608962534227
1.3149113079292545
3.8129215641761856
3.5088595770960733
2.7638874692909354
4.004783980545235
5.050502660827926
4.019399524060912
4.9625248124593115
2.612517105506999
2.710950698788371
3.066170007287063
6.540619982303255
4.791487275163028
3.5459745998422947
3.6186521012223984
2.1303112054843867
3.0218984994246845
4.925296284383697
5.931363831568735
-1.2933474789459622
0.7389343219995621
4.017898304744433
3.162797449765706
4.0366842434623
3.7285404737187933
6.1690204709154965
3.587163588433758
2.957950201041992
3.8204038445242445
5.778701141498264
5.877082792872891
5.627368758305608
3.5136156838576764
3.491122667601303
5.810123184367998
-1.5063316741488584
4.399267476167742
1.2619076954490862
5.727044471469085
8.632581853600088
4.891860854997378
2.625720857353627
4.777666389638048
0.503992223113058
3.5946647862097003
2.881597437357203
3.098526758346814
4.735284031459852
3.737955548103403
2.0151122171936233
2.5711050002649376
10.799134925184278
4.255439081485023
3.756236165666051
12.645737542216223
3.7104383169831845
2.895907096774015
3.2851720456569775
3.473173206160506
4.66127584228538
3.877767323146576
3.145299229191928
4.730453191108117
2.1935204617465827
4.769772731645308
4.872442800103569
4.974079824389757
3.7005322890484713
3.0921310327480294
5.545866303933409
5.093498691590393
6.321588891178161
6.032867368720185
3.481956285502132
1.2967800186857938
4.466336793377069
1.632286003191564
1.3522247889363999
2.67559465929905
3.496927984850304
5.219628594824272
4.424846667862987
2.355391975806298
4.801426455100959
3.700293770115727
3.6055677997942337
3.553748748022165
3.059499557387897
5.044244530335122
6.3676685049466615
3.3520728110188815
3.630038598177782
3.865160990035871
2.310395523918082
3.6365830645572492
3.248903175310765
2.7124494880100762
4.722813494894424
3.0548233591808356
2.7889412597666707
5.423401644881931
3.864919823023744
3.790810829362153
4.5938103567525985
2.1543266368234253
3.6422068111158565
6.692263001163967
4.3737502324565005
5.654281271124802
3.6536409494023974
3.903833539648159
0.7789967868171104
5.145616732416681
8.660027962401372
2.2813016709820833
3.54947258389754
4.512844798532359
3.717703801355608
2.4959171637076225
3.2259097486293884
5.40364806988916
2.574608950461342
1.5448935246187867
4.370302552799567
4.371685788153136
3.55405508514562
2.5504538837077697
3.203135036794751
3.5704256366026925
3.309733087071351
4.218061772574424
3.5401347288545
3.499104042645062
3.724264991833893
3.6834206855905673
3.1673406911175994
4.219257006323418
5.041351144845451
4.149520554908457
4.252140894413113
3.4159727567297313
1.2022248581535133
4.23978864104117
4.452441324607339
6.606439454324208
3.254881918782789
3.73315498193278
3.456188317984935
3.468739253147293
4.2348352933485796
3.9772810817701716
6.605385054357011
12.149089445446775
4.885578334583094
4.4311861763005655
5.947698430086836
3.626738424282328
2.8900542961661477
3.7188168374769326
3.0935879484101214
2.7724033203763194
4.481272204676582
3.4582533400274773
4.6243950916684735
4.187876722903047
4.288182093588049
4.012144093218384
3.7445113272805517
5.715854002777298
2.4576019906527864
4.587413067746214
3.683182219937496
4.076238012482987
3.8202418964068885
4.492856075871037
7.425792637544594
5.026165097264768
3.9399895189126792
4.598795867474383
5.904216412912297
3.876640987868998
5.996499123370137
4.286842795937386
3.9787698765644035
3.735579958723619
3.392786840895592
2.7828630862865853
2.7741539241026993
2.983194656268241
4.128618414271599
3.459535811838356
2.6547683315339476
2.8451955348208227
4.483543308676058
5.444801432559663
2.6871345752227063
3.733945659390266
9.551091800900858
1.731044971958714
2.8748003050517146
3.064444363554163
4.635860541435134
2.815072253438111
6.420369466172955
5.010234316207038
6.252171041126742
3.1614878186124513
3.3886332745824848
4.883705771533055
3.45735121054033
3.8613226684974693
4.328338528168556
5.076552919996347
0.0729502072740904
1.3218607623780518
4.849748283495153
5.8146144239749855
5.106882656130054
5.862527391079
6.037269370123305
3.3870229402734076
3.6835541556335936
4.787075952209547
4.784816430133204
4.752937074871337
5.325263483812147
1.8119442008857074
5.369091225486148
4.946100476460046
2.7527456640476093
3.283932520048888
4.450885603089532
3.3522735453375603
4.5159511765822895
5.191152295978237
5.079361749213506
3.8655305979589616
4.8300620178835425
3.834058653902726
4.073972735543145
1.7104640806243008
5.919024254673211
5.439260700964274
0.35555213098696203
1.9157163289066954
4.963629678846817
5.987508688568866
4.770053587408237
5.134491690808213
4.573502161450367
4.6237923614044965
2.2877533487959196
5.5727738079643
4.121358502972612
4.207899147166622
3.9925053704348614
6.301780699675676
3.831694842212853
5.858797515733011
2.9632281635558044
4.083533648772795
3.583356092868743
3.546457905299116
4.049496374008807
8.135178562783643
4.367623217770533
5.173013085626119
3.690145093448098
1.6021451699571503
3.9376591122034195
5.615970798397985
4.176968273035883
4.419847305000717
3.464210073359994
0.21088159570188614
-0.22682226517588555
5.176429311534492
4.2346628682953
4.276179004767564
4.188031774996596
4.072942608366402
5.096089323115244
4.949613220095146
5.266893437786157
3.4661258481987858
2.860860934336377
3.994259011785468
2.8225877649864906
5.655958964557826
8.812909716816677
3.396676369816388
4.576556969929263
6.235378162779835
6.655144814278897
7.313401921859044
7.141122913988957
8.005589843517363
7.6187380611683615
4.096392535269607
5.8325865951552345
4.111510884329652
4.969101192317971
4.65591381740427
3.935596219022951
5.196160164873589
4.878770052362103
4.333220407459557
3.9415332745538234
5.329996189708899
4.385491302525189
5.118621978614609
4.334553138044793
4.956798717675827
4.351335704201042
4.428979066854486
4.590591561704596
8.774584266028821
4.6045634562073285
6.670697380604507
3.92912779675146
3.803093215254859
4.2713450769870835
5.7112094252720595
2.7539882522063452
3.300659766166471
3.9470457848855327
4.177398722938336
3.8630538770373355
4.04644008300617
4.572339025478481
5.022617723712559
4.228904406644609
3.879824755084782
1.395589258044153
3.5969307518057567
4.100818195255462
4.531461814318025
4.061323922326328
4.15938736968048
3.1289362537467236
4.346623922503187
3.8916403229832714
3.654062530396896
2.0931564155795392
5.959160725740734
7.991240337387538
4.35520298660337
6.30513680982857
4.154590008733435
3.3392583786900456
4.284215659032544
4.927309375911602
4.6131207044828795
3.618661941483202
5.879937833606993
3.8296846018346824
3.7081576513945858
5.400565127174318
4.273787274252498
5.800331442424145
2.7259449204174526
5.824618636529717
4.712186343551226
4.270375477349648
4.980892690288272
1.2975615054766996
5.822416643707982
2.9596258848299564
4.761128129029549
3.6756551000654776
5.865907335549014
0.9703815394369988
3.1162114048752843
8.541709385801322
0.523275098052637
5.144253168178754
2.2494752392764354
7.746793797274215
5.125088501757103
7.968103696494795
6.289452822267004
5.614296486952226
4.601053968489047
7.592132351721047
4.291834027348645
6.05512385548796
4.692209762083595
5.01878399181796
4.333519378078427
3.659817999317252
4.0657692007771296
8.81745409299453
4.5109418525612135
5.536356066362239
4.209240383118269
-3.3308595160610315
3.195676268883412
3.9227712627577995
5.197882470401003
3.3302570985861726
4.010567118658349
4.489547443848691
6.703479455357719
4.851998629549659
5.6045863037092705
4.42659125382077
3.3916096976210732
4.363292342653848
4.292176679440026
4.916931918629945
2.2860193267949382
3.7934460385329682
5.661333682932845
2.7268338987883505
4.942086662054899
3.9048466158455994
3.98337143718256
3.978988920107729
4.282969415800736
4.4230582747720515
4.040681078173732
3.743979868179206
3.684297883469106
7.467488046869038
1.4023507366166528
3.5313204082611547
3.6749698563000517
5.706640620440302
3.71854832479577
3.4717516640508044
5.41692604196441
4.426040372369567
4.931332109239614
3.501243788768326
4.588792512731532
5.378010654116302
7.1164563243664745
2.8866804119873657
5.367764121845937
3.785319703598993
6.294721271786348
3.432536910071939
9.625251405307516
5.837894875102334
4.643896623355416
3.25630545189732
9.38540586132794
3.3384238065700385
6.8994751442494335
6.865959584404173
4.231445292843394
3.766115405932215
3.475779399139416
4.237832731802221
3.6404014682671413
5.676722638437072
1.7402588452997025
4.22272416034265
7.367904896193412
1.5858288633108284
5.174410095029216
4.809684729880697
4.011158692899832
4.197069347674919
4.019339219714207
6.145281286452753
3.863513639504741
5.520494190290318
1.4835493738599164
3.237837423931012
1.2589026096074365
1.3345129650472933
3.2224372432254778
4.399549500899738
4.067184772987507
3.781127607320336
3.9140707879787215
2.9972519697300264
7.949083485933948
1.57071616556266
5.480242901565653
3.2035791635923654
3.9962056538807094
5.221153829348703
4.378530459954517
3.1492446666486105
5.511738203949978
2.4398665532413872
4.091572875254158
4.338066984259927
3.0307274217789244
3.906852898353742
3.476875911135057
4.043833773545235
4.282408722773226
3.2021407691211268
3.3778366993274416
3.861784899763164
1.112097790638618
1.2512584216491232
7.151984202850835
3.1382590240183186
3.7483616323328146
2.885215136345024
3.289171700043376
3.731213874011064
5.316304744446816
3.987689681341646
3.782827074627626
1.7879478002750757
6.4385679681378605
2.028932314325514
3.337942963800863
4.4790511751520725
2.734785438794873
2.1774701221111448
5.696310903946367
4.292902187128179
4.14111232702769
4.106142015075372
4.4988694947281545
4.577481902085657
7.0297917456626395
4.363849070954887
4.757168496616407
2.1029116530485235
5.803305618164657
4.239353080786341
3.101572386336219
4.325118396447918
0.35108823098873243
-4.7513304836560675
5.944652337848657
3.1032859901153955
5.585670974418029
2.3219477398996844
5.032675652194378
2.299983944331447
3.5198464498664754
2.3353426505796784
4.247777226422429
4.027920789657737
5.8709678215900585
4.90705445820491
1.9035211440980846
4.510002503808889
5.394754505342106
5.061311059400812
4.324930570525347
3.6403264794703745
2.496484584034512
3.0630509867786344
2.9275592958346652
3.771841063557943
3.7872830859872955
6.8975156622266685
1.5576321484530182
3.317253788848616
3.2219520886469577
3.981058503884182
1.6364916700754693
3.521532223401687
5.740171522922566
5.077183974502395
5.149012825722673
6.219489560815035
2.820415404287359
6.1617598180344215
3.497569943115559
4.008252672759518
4.434056307753458
7.066455146368724
3.919170696532689
4.319257814104288
4.6682512560753615
6.334965183970537
4.875508895604505
3.4524023151837726
4.823006869001677
7.624474754774784
6.1046086881142045
1.4574331654213322
7.879564144731706
5.099333353853209
3.6219335179515877
4.275688483317841
2.7021171158504482
-5.837392287769813
4.294264928669135
3.7851858888401133
4.021405552362988
4.635188543073498
4.721918899698453
2.0925878689515063
3.1830419524260094
4.47059679575854
2.2301036247597876
5.449058823517377
3.4904549168806476
0.22818284932584065
3.832123384632812
6.711467955367695
3.626214501148293
4.175487881292755
6.232145841343666
4.873534561973049
5.225868215937294
3.8489905324627225
3.651224935402744
2.9029212269416376
6.7624683918161965
4.651193241698337
4.351739347775745
3.941145839140206
5.915783827618737
5.278403439394778
5.417570332341321
4.272222960541278
4.932652388919649
4.638108582378029
5.427707171603035
2.8226958677202028
4.701835636428536
4.834954490586968
5.168314989318679
5.4056517273106035
5.935669817743847
2.5890215372647054
3.075421842461934
4.82160657502476
4.974284534777233
1.4157356150606994
3.3453129580439787
3.774219469595348
4.183215040632083
2.92756655471433
4.184999397610907
5.331728849992889
3.3899382164376606
3.7514076834686265
4.689100687536953
3.2894201999980592
3.3093539676241823
3.7197850102955563
3.917177482230444
3.377274887710509
4.243774075137395
4.30992786426882
3.9744729522808684
3.9311532788069714
3.4321183264413992
3.7610465836100495
3.1268461824834812
3.335577880727663
3.4397361094485444
3.632799262140866
3.3622846719003943
4.180384115268571
3.6186301477991636
3.7162049754925213
3.1815348020796055
3.2490917283221052
3.476634419014343
3.620042984292446
3.62102380557928
4.161631895283858
2.923490939667789
4.234481980655785
1.356437091685926
3.1102991261666193
7.708493825638078
3.426351908807344
3.902754139412872
4.34206621138512
5.979836920683654
6.12312944945565
3.6328222875934255
4.7974447796007755
4.673027751780211
4.45145547800355
4.93613940489837
3.0041065767164175
6.203917069901198
4.034323747905809
3.513304209001135
0.9234802603084633
3.483262117347152
3.6343710338713566
3.1106637443985266
2.6177106227525515
4.729729522636204
4.650673304022789
4.63983893217825
9.29266227900077
7.209644663721326
7.367490831458402
3.675559330522934
5.098353871463978
3.3731670298238305
3.5285688054987974
4.50277279226002
3.0490979436052563
-0.8822964755930878
4.7783831222453195
3.981906941799099
3.8053492507923887
2.1413116064193707
7.5040152129461735
5.042436449097442
-1.607904243481384
3.55949835610422
3.7336674546789497
3.2280614242318824
3.5577065238075996
5.818230027456109
5.2272663755071695
2.0902643586018885
6.0547564470644515
1.265823341637244
2.988350046841846
2.9618940445978095
2.917000824508177
4.175725193580332
3.8050394095592823
3.2606407935049186
2.7844445190806733
3.834974627544797
3.236214230843091
-1.1518640380628606
3.430003989554805
3.2918982654070352
5.8960374352885365
7.370864228850235
4.992511430254946
3.2380174371667425
3.3985567192549904
6.101625876226594
4.828980325639752
4.071823854730047
5.897776600209836
1.9994906468175422
4.5589082171436655
0.5275149159115577
4.912812584913736
3.796128180449623
3.749744964525603
4.494817542571697
4.230664945453615
3.7698808130788177
4.979187421419535
1.9125839808334368
4.429510849160383
5.3322554419868995
4.958765812272606
3.7652779791953246
6.677091747438757
5.0206757838399305
5.699192586322685
4.751290139337039
5.114283360338674
6.127954881800239
5.0739546396957325
4.272749070272941
5.6938339392088935
4.4919923686243886
4.286238516551091
5.513998710273841
6.593085663229279
3.1813088982514484
3.5521641807826856
4.255995468878993
3.81817604954531
4.605341192405987
3.874718476783835
4.404989657896668
4.982047575102792
5.946352174507919
3.732619184801991
3.8376107287272117
4.6183617452274035
5.360546040891689
7.540054109016431
6.021199748224381
5.0711045954023835
3.9781440652510365
4.594587338597203
3.285248185410812
4.36285840709505
3.812337772920796
4.571172183977269
4.279827637554426
3.69483178901534
5.6131264787761825
4.832521871053553
3.7825887269049434
4.327057168805658
4.103215067181
3.875273277851833
3.5486905575729177
2.9402812654616244
3.9866923075052916
4.312843346163119
4.050520617569828
4.021085443122755
4.482854800234378
4.981922538572315
3.8493478763612226
5.238606675632352
5.97539565706712
6.441791243583312
4.49901672638991
4.189922687714169
4.89103757784473
5.0611516233595335
4.060870598020583
3.810736678324231
3.977931896332085
4.241707052335693
3.815419885417385
3.8375189077704306
3.902244930865926
4.690594933058611
5.379622235117297
7.634714534691114
6.331713058385764
4.766199996689562
6.325659884335379
5.771020510968826
2.6650813068084904
6.389374020544965
5.76718953178968
5.158430369400794
3.7495843392531687
5.090315907938826
4.350267154241057
4.0499258945337715
2.646048233710074
5.659893758021102
4.760415025918708
3.8065037336237184
4.876871102128268
4.523644455038351
3.4007845059763144
7.064832348018392
5.615225442436349
4.957846602146562
4.845493833034334
5.091713300886614
1.837271933115458
3.9014817818850975
9.892061236550994
6.031796627736233
3.9274387007892573
3.8155425292412004
7.24199977394921
6.751029616446186
5.609378361546699
6.193224034516634
3.4090850713337186
0.8282641105180097
2.451414933830561
2.68275180816826
2.3934682179993496
3.4500669034961513
5.5706951085854435
5.3594670836837075
4.351274058167839
3.353581785341997
3.6915611516603093
4.4054824557301915
2.325185397601616
3.293094719864166
4.359235239739138
3.4920171070551533
2.8231676647324546
2.8844914876129963
4.016024981534047
4.535598632653643
2.735523000338521
3.5930977869366765
3.103550590170771
2.862541625716705
5.728774584736066
2.5510371519182686
6.094112697472036
4.450947900404676
4.7520434246429755
3.2102654654895684
2.371053780837899
2.6651350311563773
3.9190729723750213
2.8935865129199145
4.118897536886273
3.9727093996640197
3.390809939903588
3.1224442866948605
4.504132555316963
3.1114066872798687
3.749060299763048
5.131065053065231
6.01203628391521
5.635805145562885
3.5910314567730666
3.5005959674505758
4.649688496953278
4.853811306059622
4.268984208869155
4.880836402010667
3.5903127227307094
3.3507024772725944
4.577746418794903
4.673157012068593
4.367054501065123
2.8213385685382573
3.9263388422663366
4.34641292714476
4.140360039313638
3.8240024911426884
5.893529033163899
3.5071414363299147
5.315032806106858
5.895104947196785
5.133422236506322
4.867941076853835
4.8647783228628185
4.000345721717094
4.9356621844352375
4.817587869994721
3.3869244087971837
5.629636225117693
4.399680476591547
4.733693274522291
3.7714226412579075
3.7343051534777385
2.9712559844581476
3.5887144252011143
2.7810584146103845
3.6491863727726663
7.072566719357928
7.58424149917485
6.589808286657812
6.058442341930896
5.364309909425194
7.075748316019301
11.73511776121448
7.8878528292260075
6.201704606731692
7.09361118389568
5.335333692228746
4.173809267110599
7.899022549548032
6.7606301993281495
6.114657190093842
5.555289004529568
7.5267105557190135
5.901356527184954
6.187285800271337
7.205367735992754
4.825166630125327
7.73490115259855
7.713724141719016
5.492131621081421
6.4782673363003145
8.740368337192674
5.294293428646085
8.10352953787153
4.628984505706046
3.2548193197343998
8.569763472502196
8.333777643272605
8.153936518340043
8.296562324277419
5.644946116613607
3.664940913858675
4.383762808958394
6.149455317475401
7.213431703739328
6.79350036648114
5.37476079267075
9.939865263675006
2.3249950836140707
5.099037277332255
4.903579616796852
4.488757830393827
3.1413008210746
3.9944989551657004
3.1912791806415917
4.932401695900908
7.179281749841918
7.413582209039735
8.703005293283336
6.8365309180402
6.966301535505563
7.279834734026137
10.30956408527847
6.613408123570646
4.935568422829156
5.235689097436319
4.635959286413785
4.8751279727475225
11.089328017941996
6.213097972450653
5.827038232621126
3.7755783428255403
4.093731422914619
4.182238831098985
4.937884146687397
3.3695120909951313
3.037351854451026
3.3172132909012753
8.258725688814737
4.1261833485254105
3.7334047445548455
-0.12722691526963814
3.8287039243615695
2.6352194752092055
5.315163685439085
4.005601543993814
0.1989596810447254
6.742134151996994
4.131772896448144
4.407904680359204
3.0635875371856347
5.744630464123705
3.8552068588459276
4.469961448439473
4.125668500146487
3.647459567093698
5.133497445057434
1.9578913388880566
2.3782010046660975
3.558199585760592
4.354230292891009
2.7696523635745285
3.7915108900991945
4.848589039666244
5.123029187274698
3.698680989545448
3.626435352292518
4.648629435818226
3.8539447443968324
4.1068015123574995
4.495481465027142
2.07060159643075
4.474909139261408
5.396403115902373
4.262367480745588
3.751185122093372
4.018043075986106
4.200096062405703
3.6330025797920165
4.491398801480027
4.030121746600862
4.3707681526279965
4.367677482189573
4.3534486196015
4.376137099159843
2.9163040335969583
2.882737030799629
3.8663041259344557
5.460810403062173
2.199716345495635
5.046369509955721
2.7213202172264
5.439683676232421
4.165546094710572
2.361974763318082
6.66357076740389
5.488048967689123
4.290060848952539
4.8889657615933455
3.5244953346355605
3.500199733789876
4.15514987300253
2.340137462343007
3.351449014877654
6.4670733146371715
3.5997262018421963
4.699607141577448
4.871772582829335
5.929029442093942
4.450548081110495
3.0042956323352876
3.9519104853552123
3.3983218672037943
2.521278545057376
4.058854120602355
2.286272745178774
3.2055997408663712
3.137307382888887
3.1809285913012433
3.364803038633256
5.576843184092081
4.914896035199542
4.509611403788558
3.780616189757965
7.2131497317957525
2.822268103398432
3.4496482031577287
1.8277301329089273
2.2591165150345773
4.166654726006529
4.096474644516598
4.002616095781066
3.7986298422291296
3.7696798217480603
6.05943864202292
4.390498414895039
3.6098131590419182
4.916530485194091
4.782832505024286
2.8436648912277844
3.5273994570546257
4.413912511191382
0.3402642883742759
3.712184772706052
3.136709838928573
4.005334199197117
7.673034055994039
6.526476689499129
5.195557129365566
4.7727842464843295
5.622756739878761
4.184651813885845
7.06201074362127
5.305596470232119
5.376332286454133
4.62824217764686
5.541440416554529
4.170297824132651
5.865989306298009
4.178284036509335
5.529143380770714
5.422009267753764
4.939344096049426
6.4789201715829545
7.103391802916718
6.9246469661162315
6.280018540317563
7.259343595883222
5.365055845581227
6.141655117740646
6.581700671523189
5.998803753417063
5.36594608903044
6.53250280542232
4.504960599475862
5.404833154040448
4.973039604252227
4.5756081301506395
5.99966749176485
4.255391318304524
4.144201062103025
4.002167599091617
4.18388406571601
5.196472191259179
4.436735240705618
4.408028462859064
7.799745078373498
3.4559157078764513
7.008399851382366
5.172344904726662
3.5522132544149563
4.307035612654308
4.835203914194361
1.7086382208467983
4.243304018837086
5.141340110362297
4.261251057018295
5.053726732657394
4.272873145196886
4.675571377649056
3.146358388466523
3.9360029207177742
3.867116794099121
3.6732769406201085
4.237954649362672
3.862626866059675
3.9134785664399048
3.6822214248024028
3.560008150524085
4.138550867771717
3.4015570776536515
4.552587811138468
4.114859976841186
3.5247671052064975
3.9567763362950403
3.941098112621364
4.03471869684948
3.8335578378102153
4.1969569439870105
4.696095631102189
4.789343070649428
3.1638141547459453
3.991510459668436
3.9026388686641473
4.418982099212477
3.035571153138322
3.920501595787759
4.46645917240062
2.8187687581625926
3.4953740754571805
4.169692102032296
3.581201045383902
3.41472893471374
4.281483596373017
3.267467025971944
4.4982400042430974
4.208722033143765
4.253718668741998
3.6406229200175093
4.075957405424916
3.885777793248503
4.0541143686441075
4.028005881665351
3.2034666380014643
4.068382288467707
3.8006867121445795
1.612105350920738
2.2547552789993155
4.8218666830603905
5.315402936288184
3.45045602792602
3.642485800112491
3.722165572686538
3.0070885612822846
3.223557078695136
3.551007274467356
3.815529332254904
3.5970923490149302
4.1262389905376695
4.0150143515383245
3.611642327247689
4.13182196783199
3.852152247933899
3.625290264186743
4.025560534652401
3.7575537356167956
3.872756796615159
3.385692672316404
3.7547378884913436
3.2159971694886633
3.7107896780059377
3.5294245808694824
3.985883462212274
3.5021659261093694
10.402411992850308
4.115271772851182
2.8828239060894365
4.307875940166884
4.551134851989479
5.5183092724156735
4.961012679457697
3.309102098775825
6.009606612855055
4.089780514688531
3.3149026501037415
3.2001999565281953
6.294018973148925
5.8057474476275175
6.288700503838742
3.8402631376288254
3.3394219126640965
3.2417848471666315
3.273745719271833
2.340516684031498
4.0276708835414965
7.411775758536538
3.446452051351129
3.104555952694833
4.413666379463689
3.810159211807315
15.56912690928394
3.191725272435721
3.244908147947913
3.297579558741189
3.4085876940624322
4.643711305464949
4.826207204803436
3.368807403042229
5.340866462845572
3.541959412460762
4.222695616587773
3.667968521049667
4.5522810168534615
4.567218488245343
4.2534506076060135
2.8316367853460593
4.742950206755879
4.045735724636217
6.142997577957433
5.401073606104052
5.32337942709684
4.027782757718667
3.8314772084767297
4.180637765406669
4.13705583858503
4.119013557323361
3.4583575114635012
3.428958890731054
3.636431843162115
4.950004820343925
4.937952677204018
6.229273666512864
7.697843881710915
5.845376098354258
5.525604073025316
5.627117587961005
4.03932577164016
5.168554875880176
4.6957275777677285
3.9545854669648923
5.916198716475135
4.783525879927803
3.6276924233202834
3.8764974063834887
4.582658097841053
4.968204685908704
3.41937499581064
3.4492530349416963
4.143853905575561
-0.009006093085289546
4.076187465711501
5.199710473898825
6.630569248458695
5.457957740208233
4.133506352112422
4.462189926560306
4.518257934186142
-0.6395606006867194
1.208043213145097
2.7035471499757273
4.497767569769055
6.917375705861309
2.79590019099758
3.5546241274624215
4.00122369096916
2.498762327370441
2.536109296171907
3.334199450008901
4.208886613306978
4.012334692031064
5.2249538556739346
4.9630989951417686
4.490948716536345
5.1733017967419865
6.151868755701463
5.296626746770939
4.664629269395586
5.359103891957236
5.861408447161456
3.8087561391897187
5.032416586550648
3.238524742945395
3.729101120333663
5.644251379090252
7.006786852903564
4.295055696309964
3.95907562414821
3.934650808301039
4.905485639180408
4.81462010899579
4.114698792972957
4.674566912263166
4.214931897096344
9.175602856179495
4.530715940329305
3.682086086566174
5.623793016575993
2.5107137271891427
3.2345959455568596
4.398640461070878
4.5986358672930585
3.5468901593583992
3.0140622999707913
3.2384049384293765
2.3126423753801273
5.132008224854544
5.912601324463541
2.7210031016848384
2.0369075462298225
1.7873732642050544
2.743440369133966
3.6822321879405724
3.8380175589803613
3.4338308284753007
5.626402767342329
2.5936223689892337
3.751273811992158
4.894842483668074
6.3140374598933295
4.187187102419877
-0.9087752917748526
3.143516245780702
3.3033388716157432
4.745513393004052
5.4868952473649495
4.421057959209889
2.692151483084917
4.1510378328530795
5.4973842920886264
3.164169317100665
2.1995648981772034
1.6804496576825085
3.9128751045203414
5.072425416840644
5.627119702406048
4.26023190884976
3.0933642609026393
5.836738283975447
6.004212830580732
3.821823997041283
2.929150267440503
6.116350767754769
3.9293563893502506
5.497245442989405
4.763934884602232
3.6985710022840954
5.579826734806193
4.146505818745746
4.758161932934617
6.729497112264445
6.894726313038319
6.0625514607013535
5.699561986592398
3.2080546308349724
3.2906678303843973
5.152095404799504
6.8087798535195585
0.057249971527473686
4.134773060688685
4.719378702812672
3.5376642959788946
4.558070129900818
1.503631570400699
4.907745191884533
1.7876743105627333
6.221899019913673
3.977381892849021
3.420800407329761
3.2931691092541593
3.760298757676461
4.663546376295278
3.9491440455839077
3.461303371245699
5.698315241835884
4.1330006153515
5.187753578690868
4.05817673103589
2.4164411674947592
10.65952615713606
3.4293824397428634
3.6245297017077194
4.258190922360243
5.852655382883541
3.6621362267140545
3.8315237898180037
3.540805562109191
3.785357524898337
4.203041353518075
2.541264356098564
3.0174105351740774
2.395423398415301
3.8560942565933787
2.5511190940141946
4.219007644285273
2.270500988241497
3.280761739277383
4.46568589153093
5.007390992083723
7.568872774250854
4.6966902962726005
6.909237655542705
3.9750742187625505
5.915505803372637
5.448948360009849
6.70929879623767
