4.53135387599189
4.477036473251643
4.660706417162127
4.164856156344593
3.017368266102198
3.580630909450231
4.552812574166548
3.8603656696403634
3.2008098495955535
5.2580505916433085
6.905170406770905
6.477859536732431
4.358763254056365
3.0668227610941106
3.069370117618245
4.422649670844593
5.105563887997965
2.2863371777558594
1.7063766127008997
4.605198731202146
4.350282850490828
5.025980349605832
4.406443079163345
2.8912694146303375
3.680910001953429
3.719558101500925
4.950482214870215
3.8410901340374206
3.5496682051458865
6.283497024060038
6.0496500332367225
4.344662170566276
4.040303392843314
4.098646823385324
4.804284178143922
3.9760966320028572
4.274532306569466
3.6289018447687695
4.451834597662261
4.048981625030999
4.476067844909496
4.402409790762073
4.199633921398706
4.75450267094559
4.062059334518597
3.0461434863998593
3.571475898839336
5.267778587972526
5.323212043974851
5.164115588320226
3.9256129084637954
5.133892371316432
4.084833587281362
3.6407307508837565
3.4907360300690353
3.694663579263151
3.7085642528144134
6.243166581297829
6.773490590361187
4.925928398705524
5.176375279974726
5.1130758565802825
5.350538600072345
3.7200065309482433
3.483452069375499
4.1760999529279825
3.764411458251124
4.498371763887046
4.153261502447185
4.613385272467024
4.374154034685353
3.939744762335917
3.7203257637794303
3.4885739379721583
3.648872118656075
5.545133106735175
6.01196742563297
5.065758465864605
4.770534623097422
5.061643753756609
3.9830820223040617
4.223179465937485
4.126901708270094
4.704189416583718
4.03276516876104
3.675153274767682
4.378645731214006
4.659491380727164
4.804273116662871
5.642297041592966
5.155392044602542
3.724107920717394
4.024196816745566
4.13318758869697
4.048764865790665
4.8839802055090535
4.584104430880836
4.315894662616941
1.5392391892594466
1.4954868283328775
4.071445671895002
4.381566002355986
3.6982564481799365
4.272147789805907
6.435610165370398
4.260349581831074
3.9581592466195867
6.553761994643174
3.5380659066820224
4.18136226090269
5.935866185455742
4.768683565880141
3.9787960904890705
4.26068279719163
4.134552533236235
4.227617601759428
4.666594452863743
4.922857784599
4.775384702411607
2.7476159528947393
3.828952070434276
4.569903570946752
4.848761593143708
4.153917521837761
6.210954514108166
6.0529106006275715
5.725005785415607
4.984101930876147
7.321469516719937
10.236899786180063
6.1641919846249795
5.894112699798595
5.121927740177711
5.655980532551854
4.743078524871214
5.970609385143714
4.493579908365038
4.328128886561038
4.9709738463864666
3.7166129052246006
4.1998604273987326
4.070525223498887
5.986791876887882
5.539991373157508
4.23628334097626
3.4063204832799476
3.293826532639747
2.837777978576412
4.025117635593883
4.769502758964956
4.466902206884101
4.74296573385264
5.329381565734052
2.325399858863502
4.156552258727146
7.294577784684973
4.145987209385491
4.127071576320986
4.173598369615934
4.255165591147624
4.317718826790031
3.308188730306116
4.2413036456852495
3.9593093974206837
3.9090666653789583
5.469585034293571
5.583341315140815
6.518433914217736
5.386470209495725
4.7531831376402005
5.54643063567867
3.5957249870987598
4.405017707165914
4.312369665030663
3.4386057789378457
3.9797812477204757
4.084555613070817
5.304634271905412
4.779318775424384
3.8377942871388813
4.452642261893925
3.9088367046502586
5.309409664053311
4.52499741446423
4.197136734587704
4.503140868682802
4.353636163485539
4.000230335881166
4.540494577995261
3.8165800630481432
5.259008637175878
3.410963041978168
7.301341119917901
4.290442276986425
4.5266542179344835
4.444651073720631
4.4814119326579505
1.5074801029489864
3.6880186354631372
3.7036916236498345
2.649315434232834
2.461901231140965
4.730267162284868
5.579827420368277
4.159769778348733
3.842110474411734
6.545553035854799
2.779986851392075
3.6824852063209725
4.411282985269997
3.1142727443243863
5.363711351565585
3.0961587712672385
4.211417316507765
6.417771150928851
6.20258058616717
3.179408095031352
4.152434884892174
4.654772721280654
3.942482791181665
4.734654154836558
4.6643725535402885
3.388289518919645
5.054521370595814
5.127005907979309
2.879834977167215
2.782184884583587
3.8429544135464457
5.362725180386878
5.0970540356943905
4.980523568130152
4.4508790699574705
2.089527671660599
3.2267197880778964
3.4777381192798456
5.310060199984246
6.579754526802963
3.543371183153962
3.051369626696256
2.8507836932403388
4.1193296175990275
3.895847212751547
4.270868939876367
3.595493906866978
4.516977664282591
3.568733320782684
3.649604386639458
3.8941771074701625
5.268539793694157
3.5653224548105404
7.101274053122216
4.96905082011668
5.30905279631617
4.728094034058268
4.475308230024582
4.45490239049977
4.607857607167007
3.179585611952924
2.6549472687089777
3.8175265019649895
4.039752330304293
5.218637040404086
4.725748281998336
5.510244141513631
4.015034894628067
5.276791086346076
5.2142227298948995
3.066517309209098
3.419734351175807
3.3911111709243102
1.9234921524232227
2.5685706464711573
6.625722544491374
3.065029351443475
4.249113345449213
6.279270494381895
4.110910287404113
4.015734187373491
5.546931303223756
4.692909634198315
3.558895690019166
3.5955814621118303
4.389823098513503
1.3808338061250889
4.369551023347142
3.2985986885265004
3.879975957570881
4.123449151390177
3.13959857140752
4.003158167287042
4.213103642728144
4.0177610757455815
3.515646696423385
2.7204591768249915
5.362652801917824
4.848142465158318
3.048504989660557
5.69884337225245
5.15429880500462
1.4843702756907045
11.503360819325728
4.011019281003977
3.914763630140157
2.9957228115663646
4.817150429049141
4.351889602596664
3.152779438241084
3.112795691332871
11.721658733828558
1.8514658439323934
4.020396875244214
3.5458348214782984
2.9934064923167023
2.080753793993742
6.563326234396006
1.819057518248245
8.677915731051565
3.8523188295457764
3.8101941935735173
5.770687234096675
3.028104410029536
3.4096634757430264
3.3662140908223535
5.342393500209969
4.526898445360464
2.482058740165534
3.2722665603183483
4.2804656401865895
5.133631883407556
4.4228569751056925
5.576883912737235
3.1913438361885493
3.1812415659479916
5.431516396547894
4.48099008803325
4.2162717477853855
1.8324388552033408
1.0411970353475544
8.109849381499057
4.5410336695615365
4.576298162593346
3.086516903916528
4.547341322218259
3.0462628433162378
3.622516022207302
4.2927475014427845
5.260523530372311
4.825167607659115
4.441126735811705
4.941265315445116
4.758149656960542
4.394764070863503
