6.181292349096268
5.925555637754251
6.15375047401868
5.4699832011708835
6.235137738182373
6.3843463780002185
5.417358388908639
4.577438734520093
4.971570061555454
3.503078951721414
5.158898234517994
8.179150371500794
0.9983076063123791
3.6267250831859545
4.751841499986945
2.8328437371556876
4.711954754944047
3.8070470195126327
4.956709865615442
4.139207034440572
3.8946742469382443
7.820050246453183
4.562727509324818
3.909950460958809
6.115557186708657
5.771911689236452
5.326540157099177
4.997883807059994
4.32294326794076
4.75359233372746
4.020100513055199
5.3800036936249
3.4508157560480934
4.326163737754944
5.021131595293842
6.377734291516141
5.644449694988551
4.203285382089209
4.450464929144506
4.290326452777237
7.500179520939043
6.630368520938438
4.457383746523123
4.813494549662891
4.46953114860949
4.375514626282703
4.625919975124589
6.415379018800105
5.582734511870362
6.664095626031823
4.815878455120669
3.3655107348468967
4.957785498678155
5.167391587445648
4.943997259496619
5.231234455996124
4.277842905128375
4.239430602248318
4.0264956971619705
0.5270377828660713
3.5429833590755075
4.590296521021759
4.133510781629747
5.625354112952835
5.267345327203298
7.068458967893745
5.335742813207987
5.408700311886167
6.439500763964276
5.227262400388954
4.716379055883259
5.395846196869444
5.038241127479905
4.843394131456584
4.067268168887758
4.503833681961679
5.046485635081866
5.20701151842906
4.009294588637211
5.5345256833158025
4.163906985912404
4.100210243333212
5.26321358068526
2.9253858325472692
4.512897546625363
4.256103977471906
6.1230290555802735
6.400593816429622
4.527010363548717
4.973256228041372
3.2463895909396348
6.303829750434191
5.418465504845769
3.409625767226211
4.483014281098446
4.607230533377198
5.147822895838892
5.731667314122864
3.92577165446408
4.829040598874837
6.59653855718377
5.072788687471487
4.444829151145956
5.019943536354287
5.187403467787242
8.680761770893648
4.829694099367433
5.39864801515449
4.696798116541381
5.825418292586081
6.163381039764238
5.335382257132564
6.146962672036188
5.52176458219336
4.734105276691773
2.8214104764647443
5.488591271620558
5.556178753538473
4.671116722558684
3.804917437771636
6.061530267773732
5.0373809917466215
5.067263430941893
4.1006014178441035
6.0788981660574715
5.830603414444629
5.815135440922137
5.059965994086219
6.694874146610601
4.810282780248358
6.658396656343474
5.112929873770233
4.220038964963097
5.148569233443369
4.9706892664256825
4.735066268022899
5.205654580306212
6.5202120960422905
4.15681500133628
4.308019207000828
4.479660745392327
6.002347285653209
5.800830152192974
6.2778044854526565
4.926621548336692
4.861131224248808
4.990973902727127
5.272130022421479
4.829100761509598
4.617307762857123
5.481106011736581
5.161352406606334
5.006944519455126
4.642696933494778
4.0104694430465955
5.026637463931547
4.174492753722175
4.7247267490288225
3.9045430505879697
4.581663610891518
6.6732156917694105
4.612827537629472
5.085223606084047
4.467689667262243
4.456312058771995
5.060046401959944
6.752920418276493
4.008850387847866
5.708300632168462
3.7422271012351906
5.365312518477628
4.368244471554468
6.226597097122307
2.613048291165703
4.306930731242878
3.723895577485334
4.573995784068417
6.447429672850768
5.540580961896411
4.184128447145924
4.543402305814031
4.283682997929668
4.38072320524733
4.9862930349346435
4.418866627820184
4.836391823850259
6.088809541236563
4.422575698482139
4.6396494264319825
6.799265494626351
4.466551702649262
7.196801857263667
5.614871616519574
5.30640336466224
3.0004331737126027
3.8898179275623783
5.838968579472864
5.442100222086502
1.153419717263134
3.2772784719646295
4.974886806890459
7.657044181462529
3.6594947169456007
4.2586511348897576
3.3194282843913645
4.650374708415556
8.906851349040936
6.571571157270294
5.236458534334572
6.320827950458729
6.648816985073527
6.496459225157804
3.7993075974439194
4.591062159972644
4.575515294044161
2.268934100826475
2.845748120723322
4.762956910719015
4.9909596263069105
4.80649944955707
4.513895520378327
4.491512287288647
4.908279243399723
4.7706229090638335
2.7613071187264455
2.9898847239288813
4.68502173751955
3.4389894841957793
7.717292609580345
6.815305589301615
4.059343410427834
4.305147358733721
4.7883371148755955
5.320941686550788
5.924270095088561
3.737595200524803
3.6507770965235267
4.20620192797235
7.31996721092761
3.8076770769834654
5.5390863437673055
5.066917617612287
5.499258745642048
5.091904755692103
4.73522514146845
5.160477823103332
7.671922139111628
5.848802377528447
3.465931281693099
6.440291119353563
5.528851909737447
4.909814463603077
5.311588392633294
4.629200321659909
3.7424402866500825
5.266049052136903
4.6065045714427955
4.064915301662388
5.134024607042873
5.502498281181035
3.8455720267259084
4.606842764513557
6.135073039424303
5.701891806787102
5.2704753675670135
4.023157784069495
4.8540802374846
5.331280120296429
5.129351860515564
5.1212663135930825
5.101706681562412
5.077504585835015
3.839283007001465
4.388686477025933
5.123049488197101
4.836112757851573
3.7971119022051423
4.509368796783501
5.9405560884363995
6.551230051318512
5.174610810564534
4.101554323399555
4.696447957995314
5.022916088107198
6.311075091358458
4.041784256136347
4.796561531808857
5.523429774080759
4.734295472099879
5.213851744422275
4.279018722508693
5.001182367797859
4.977279868215543
6.263185101518681
4.439083715314075
4.957015865611733
4.865940919177651
5.6177525191162845
4.230360256258952
1.9200940252504157
3.950034851596033
4.347673919661151
4.733022060153793
4.43816622729744
6.518901770226183
5.338401275365277
4.666851683771305
5.1085297290876746
4.164033629988591
5.618414907247189
4.907791922748336
5.15980223636651
5.627786299725202
5.242529785792117
6.712877040666018
4.443479552271234
8.741352409452457
6.214682060301599
5.700601315354037
0.7836855360271602
4.587606573256706
5.823427853961302
6.272251907709851
4.860882926012066
4.576584060008381
5.123697812217077
5.216323963932438
4.829512712822148
4.868350168610495
6.414001861053848
6.044325297741868
6.793360277967593
4.81197462553525
4.684682161017088
6.163035960398259
4.334802449925396
6.155390623943146
4.898646254041273
5.06305987965948
4.920239845361455
6.4413782238229205
6.263667680866276
5.328343421646693
2.5156422120269117
5.013045591470861
4.273182818336386
4.474195222178023
5.067294234299299
4.129456494943874
4.861116526089448
7.023063510378572
4.693442597196167
5.534682229775263
4.7419367156803665
4.559486733427598
5.628078641611481
5.643020815150598
5.630169584201614
5.23685303564477
4.307809783927104
3.791187497306403
3.8598743457988682
4.447436678643092
4.285716980088545
5.832745373360442
5.104885858803977
5.05413930614222
4.5464911883642305
4.620804904425016
5.346816237060111
5.070014141367866
4.301993623515948
4.645336053634101
4.01979883590529
5.544804965725691
5.2927163075621415
5.514457438212991
5.05235180391951
4.522729767237697
9.04783719796609
6.230826544673802
7.133803725011322
8.996763298798411
5.5131126011775375
5.038956040970873
4.844526348366659
5.108839737719443
5.195308647223119
5.65477891561334
4.520688135046013
4.182297776699622
4.122694086989906
5.050188909068804
4.249993357343721
4.270515268795398
4.471282549113286
5.405466225785546
5.121811143299324
4.239840213129473
4.63827439085815
4.333833343547566
4.143269645845351
4.936809592855364
3.9682705901303255
5.145758618005712
4.586814091136712
3.7208176457900795
4.757596977164456
4.205260466543379
5.859848016030457
5.635596298002978
5.118834716414519
4.615406820635845
4.552430776805367
6.25950631550385
5.131423965207734
6.162107316941162
2.9376534347807706
5.531606727300174
4.663606567956257
4.1910471517019126
4.100572852533852
5.764216308594528
7.331498411899235
5.877498853246428
5.974929075890454
5.505131337115576
5.16897708806011
5.271850266061136
6.409942315149475
5.643235179411342
5.750554876622564
5.171099797079013
4.958207994500091
6.1212916849465735
4.694409225968725
5.7358437651176075
5.643968306873523
4.413472052252413
5.310422863108875
4.749403193892209
5.312820351057482
5.186048744188365
5.823181313439564
4.637367358262063
5.195140419669545
2.484930626204564
4.811505547492184
4.916280142189106
5.723073664909559
3.019979611253006
5.293927277597339
6.1472353925566
4.385347954319337
4.7987430627471594
4.5841792107296175
4.9047626203472685
5.930195274979302
5.150882076548114
7.588390753003265
7.053443865660589
4.737936819062942
5.024839647688553
5.4000588953857624
4.370889902420809
4.784535410863824
4.444873905454644
6.200638035116436
5.8069511506751645
4.400699469939623
7.1531685253955715
4.657673723195341
5.100065990196082
4.407762152955921
13.204613470868798
5.674898918482693
5.097199974733532
5.948175532481795
5.44974288965896
6.126367755004339
6.438582662040509
5.996183424131268
5.7002589779673745
6.20972944908759
4.544000453359604
7.962909128473532
5.634562672466591
6.458518231220503
5.154744785432631
4.609200797757798
5.980499282804002
4.07429091039044
6.735901006958555
5.655168205899142
4.087438241007423
5.021195742219657
4.209651480975186
4.668636947616527
3.1262292504751708
3.659925241879453
5.843967324905491
5.1236150653962405
5.435127590917217
5.3673846242246155
4.908495517615439
6.167113682701428
5.456952781584936
4.427692485580334
5.397613924532166
5.044726229918383
5.797921323141167
3.6963465097801587
5.444008496497954
5.4746513054510055
4.387601911858116
3.4051333178935335
4.8256365779955654
4.86058983216162
5.309030459165226
6.45201974792125
5.162993088509953
6.30818509821389
7.422739488612879
5.899736456284669
5.292343961447854
4.310719889267733
5.477396822263823
5.612012400334503
4.892349195812427
4.723061801984077
3.79813116851122
4.95509406559005
4.476190015614232
5.200194265876806
5.3797134279263945
3.981751753628534
4.861503104576268
4.33574414396765
4.397970225399445
3.2384727031713307
4.405489119075308
3.888711063369713
0.7206929625085052
5.240922731226506
4.938588063526847
5.642258690779131
4.954200801758448
3.902207877983936
4.918976192018219
5.852680974146331
6.56093195462456
6.205841641915987
4.378070824028393
5.259143781915377
4.303895407405645
3.860168181112824
5.713091648445231
6.683481605937374
4.900836396934044
6.179010477355157
5.391550975627064
4.228722854886549
5.055328866075988
5.535697022665864
6.026363190750082
5.331457171428455
6.536901206444247
4.6667474484965235
6.236583536552479
4.27707603676147
5.244891481444757
5.052093368075529
5.514616061269016
3.832051604437301
5.43065006326253
6.009675604157502
4.731044130592397
4.021607348803169
4.6742230082777745
5.343498288778537
4.370506857697244
4.107733886207264
5.01875621826772
3.413889571438664
5.377122758139285
3.234051706706499
5.11533997674924
4.558339046540195
5.824655656760512
3.3851937274817105
5.555774482282721
4.814647540196047
6.436705795750653
6.3066359333695425
4.2888217899248815
5.845145277601386
4.468674308522059
3.9532663747083006
5.269768522675566
4.527780787729094
4.268950483720625
4.908433074364575
4.916810777480242
3.4956898982945495
4.222475859081845
3.7085237708015995
6.001849120561218
5.414984468531986
5.086123658261976
2.344944706524627
4.691603012934581
4.899190834548024
6.435519348224091
4.249505913952942
4.855751980445437
5.564253564682224
4.84306029206608
5.345901606256475
5.994828622127614
4.6213718033247355
4.851553385396185
5.459267315022128
7.104468163857253
5.693163834568775
6.030026342890709
4.941038782525088
7.283363611810003
3.701972922106749
4.287720605596694
6.842056149040674
4.8249137866329415
6.549587812390557
6.719083857103848
6.402171035831024
5.2953790937637155
3.3393204281349327
3.724751092943637
6.179437449606778
5.558550929354023
5.647767620513116
4.418537291236212
5.901333105531601
4.374970747007497
5.2320810056927005
5.54700132053035
5.460521561884969
4.476948558069289
5.90239251022458
5.221920562909407
5.079109520750452
5.653005855653802
4.768153037319107
5.2643055303039965
4.313626143689362
4.62047848534843
5.027828396503805
4.778963432484945
5.223037418572809
4.285827490088667
6.119082136309826
4.058715537192315
3.4871500299018647
6.3659045149181965
4.485832350046938
6.068786401015823
4.568029936192533
6.989762437607899
4.706196356605336
5.12667105980062
5.9191408939709085
5.265536304942994
4.991060288366032
4.3238932127910985
4.171474927608289
6.011020125989718
4.441666592972075
6.210229080921343
4.676079366344283
3.4128532931085327
3.8630291858061523
5.889004824476352
4.626545842206902
3.8266674621402803
5.589928443061522
5.396863436867481
5.617503267333589
4.473715167375455
4.773030411317177
4.62210527484976
4.814331778972694
5.30330779782119
5.896525748310831
4.47427523164514
5.685847523551592
4.301559228597494
5.275876698916124
4.450137429337095
4.002222577188359
3.516006989160321
4.313883186648528
4.721507006751563
5.166387824382914
5.265683547146382
5.00326458375768
4.035654331056117
4.306342647503434
4.870990258244466
5.1180509244818095
5.771944757923527
4.38092793374658
3.5796480456959308
5.631752626454
4.692155640794865
4.98126014867979
-1.0640132359047874
5.095577848197814
5.7984089372999845
5.610553634933427
3.9009353229711174
5.168648332637673
5.27576730621789
4.638813222104633
4.896865478566862
4.166651879766358
4.929678895578859
3.3164609899768815
5.809970663761129
4.683463006475666
5.0788343923245645
4.458511884978735
4.806916019060614
5.576621038063373
3.1463380862834858
4.297260084678864
4.810583448135764
3.756494085896105
4.594934434784296
5.039120879197423
4.356438643877235
5.376840061583994
4.958498622629521
3.9767172056230837
4.798564527536338
5.837418526709792
5.078473060945862
5.552781776755441
5.240733147600121
4.81941982110188
4.791627930185423
5.058639303794165
6.435946845048854
3.6329751019028067
5.260888825748886
4.5220508139758335
5.13265498520824
4.3763267896551366
7.193209519732323
5.1825071759988015
4.324613212070553
4.75484931397641
6.278220509440421
6.051654632262165
5.390715014614505
4.98171993811776
5.028630678958318
5.495185704870668
4.938652436179355
7.269813901326802
5.067032531727688
4.615104771435322
4.924487439639858
5.883845845690891
5.145274831667868
4.941932843518959
5.175163028342772
6.480430139866365
5.133334572463201
5.085695581924182
5.496035039064558
5.072451889520056
5.078421363848355
3.644036635993168
4.001528337851723
4.709068597421911
3.7700566022925197
4.640448151223736
5.313634184518996
6.50915417055685
5.309128043410584
5.124175653489076
4.503525410405201
6.2462056809550965
4.493476612297838
6.200666851152347
5.263300609803155
5.34598028264316
5.884442421942485
5.181829113979117
5.349248530168539
4.931467509347102
3.458113901450144
5.43484756044111
5.32878433809899
4.347282011239822
30.766737418401718
7.393721688109479
5.0152069438566205
4.602513058980037
4.8669430884650895
6.007038405438728
5.042928774602971
3.881689791334754
3.0608581985348327
4.825113862645812
4.645288780712203
3.199206831320507
5.4529131310098515
5.266910978169197
5.432689087748632
6.406608623870002
4.485989903368862
4.959512844620937
5.597098444448106
4.993715483974272
4.958033230783589
7.198160980604753
3.3529296777939916
5.953624202902791
5.74449492455897
4.676138351198814
5.470940688087346
6.620358916092116
4.383648642202472
4.318793326299061
5.409366513447838
5.401458837425664
4.6660480998284966
4.0850070227017055
7.204679114454018
4.259789671102885
5.189841830258324
4.359024092006503
6.224325465248943
6.9853161423341295
4.668434725117811
4.0564408678477815
5.886150424700639
4.100622032820743
6.101678573223212
4.476043511773111
2.7279723442925565
5.7678922252341795
5.256374370434946
4.916409819807519
5.571853454442529
4.123597733680557
5.994138069264006
6.944265152255944
3.313889041729694
3.9981625672209677
3.753306728915617
5.392233816204925
4.556806983724815
3.729222982820945
3.4440477477649067
4.950395888747932
4.877032084886369
5.325031449172931
4.341009302163224
5.660520344472099
5.196166406657564
5.5074098243198275
6.579013475629612
4.519465552386477
5.336358102151661
4.532166168551463
4.209694981746732
5.093071569806697
2.709338903735023
4.195141874335972
4.513133386241116
5.0726094313486
3.4616042054811365
4.559449951769274
7.576467296457154
3.4988379353439365
5.051183686824923
4.935165760688863
3.6090836968533937
