5.577209392219974
5.266419521548539
5.986600488346117
4.628296887038052
5.629794318970498
5.239919217793768
4.428284145197868
4.9897403253809856
4.176186456508583
6.343125337532025
4.6999703613047386
7.7809549212345495
-0.42774162015409534
4.296536795147899
4.566570648075127
3.80581108157006
4.396187859509127
1.5057648925707836
4.640329156189192
4.49651091819465
4.546608735174419
6.20113320200963
3.6562938258746156
4.447355279197081
5.621418077828983
4.716286204740269
4.688532848898103
4.945260526424826
3.4793118801423772
4.654650605718074
4.646482766732595
4.51765703879722
4.417508468675189
4.384241445255463
4.640723793477734
5.568738557712184
5.815641539299444
4.233410710495864
4.323547294355008
4.8763754966084525
7.246476143166872
6.0673853754293114
4.080872562880128
4.900874548453157
4.754073988350056
4.341311628246869
4.8316691846774305
5.47127169159318
4.955803244280847
5.370921773674169
5.430431441139243
3.4468792254080602
4.558172423269159
4.460457309981999
5.955628875465812
4.403456325461343
4.0599338462844745
3.3468780501356057
4.00606629422272
5.908035483967315
4.505991892674569
4.314865316304833
4.042591530049936
5.097308582834601
4.865932766656363
7.076624859600729
4.787408395335644
5.1117287210204605
5.287916209315281
4.4628262868698565
4.854265104456219
5.439397400123015
4.939859743433896
4.80297529546221
3.7750227382769515
4.05034570717534
4.989329962615759
4.9908542202922455
4.074502927951506
5.0041733787124185
4.033957523608832
3.022847031019003
5.30836123764009
2.848087699378497
4.708385434300987
4.552837071394736
6.033632972051542
5.3087246213586825
3.7341963661714606
4.827507858476359
4.147472561264251
6.236555821272238
4.96412371146223
5.818582741186106
3.7262946677066475
4.1955678662995854
7.194534408359846
4.922051596566705
3.8687588318964394
4.130768793829506
5.683616277807728
4.47669563453977
5.702369616805344
4.541920026274048
4.616631941010935
6.366213416856187
4.30954414868377
4.643537696631263
4.908430368556401
5.1216481169212456
5.616345406062647
5.5052515004033316
5.66725320989008
4.521939297027192
4.313767341954199
3.123807398351929
5.120035406782869
5.613373407080909
4.008694224264608
3.8231641944216634
5.622502122961593
5.541284896268767
5.631618134753149
5.286645577034609
5.806661571309787
4.5445503925650454
4.574134821020468
4.856997207955422
6.107359208493274
4.153975177691854
5.962109080457066
4.95549126308206
4.42793774852124
4.432740337586211
4.589761464817317
4.422817478104876
4.949415408154319
5.919589066557761
3.6625165609437405
3.824783106895597
4.84508993170478
4.644759587701229
4.802766274118523
5.874379439089303
5.25798342363712
4.316288792759166
4.954401994069867
4.668408069064874
4.622373136984082
4.424637575819571
5.224495332386863
4.277078147276365
4.363335406868179
4.390476707108761
4.498933770383973
4.259564098846874
4.63805026313908
5.065455805508366
3.711981018671078
4.1705679874734605
5.537879753060841
3.9471883478924914
4.879947188943986
3.6523119254604963
4.002930981687518
4.327838691110878
5.6872379786490335
4.414563857660467
5.71035793023893
4.192222828283766
4.776717940625527
4.15936875762491
5.070068747719436
3.198309913567767
3.832376065914937
3.6713656316160708
4.362837661317047
5.404578761026553
5.223112623598824
4.24102581077464
3.6377441171380953
3.8403553106830204
3.7103217954744405
5.088662916369463
4.835867298365749
4.549357644192345
5.888798812040848
4.699836703731265
4.425395797902085
5.578165381121614
3.8946709654889062
6.414874078762065
4.777260146349411
4.18991631741244
4.0546218109786
4.288836752154926
4.689739957900881
5.9247721926381205
1.9077811706834766
3.3001569372520403
4.6155121120200775
6.6680115582067865
3.0577116362067938
3.191036953813047
3.5518289493804804
5.933564423335101
7.296884127794954
6.244592004983716
6.538166153075904
6.110333212313751
6.042792390291142
6.259064493062095
3.9418546544917588
4.1126231181444615
4.597515904130625
-0.08478347339623404
3.8341256504693435
4.374408082169771
4.362908268431134
3.9242245882767532
4.508838773855833
5.06811366660045
5.084554004930022
4.373103246767235
2.3174442836334754
3.4261560022441433
4.629316092129068
2.9860912518143445
5.588341936946431
6.212605550251738
3.774175352239748
5.252879681364338
4.509106918162682
4.692141592994298
5.123681207404021
4.029986631271066
4.3675442308191705
4.07635889362569
6.1709462989785875
3.840249562710742
5.1660735225662044
3.9782702444904503
6.9084363427465
4.508286268350374
4.189993445577449
4.583917535637751
6.318188579241279
5.400129203623066
3.7802038846074857
5.0188672423165706
6.309995573082254
4.365551160099937
5.746774307409835
4.995097582758582
3.7313219969665377
4.7967930763798154
5.207813708155164
3.6131616848436323
4.547349062818432
5.447440360109684
4.2476580973475615
4.589524230428706
5.009608672226531
5.626530926024519
5.10838466557921
4.057857287766256
4.394693053404953
4.970963164918411
4.426563626552017
4.494963990712479
4.087335528749004
4.522102774792692
4.325872648597663
4.398300808854684
4.352912943532974
3.9514056986532142
3.033755141937114
4.277626159344315
5.19630344291265
5.543989633588281
4.0633098914801185
3.8668091396119153
3.770597042665184
4.981753723568584
5.304465010809498
5.2842146814870325
3.864756114563401
4.844635502159008
5.017257348006153
5.087223099558784
4.287066563156467
4.848474856698182
4.75136223295762
6.082249618668013
4.74178087064897
5.056256272827044
3.975615779084941
5.231118647876182
4.155605653048306
2.7019170989121655
3.8165559393827944
3.2244879961907964
4.400324623880926
3.5322525573762853
5.677022892335343
4.614072883917695
3.8533609740411885
4.3083567490482375
4.924885966567766
4.329560885204814
4.418136051677638
4.4396072308104575
5.288303801950498
4.572124693339994
6.773905263245087
4.143829881459452
7.602280814792955
7.204645743116394
5.784006452127889
3.2374320918194983
4.449251742410647
5.054274926075088
5.594315214457538
4.687556645720894
4.766476149667291
4.280841548057855
4.523788697283763
3.1545407951087974
4.0744568050289365
6.982247345580152
5.028698838058594
5.976778499208251
5.164118949008282
4.733400027731866
5.4407857049084285
3.826518349691202
5.43692115671463
4.860733067809918
4.333713805644399
4.531278462164552
6.032562564110442
5.598396795426249
4.7743231770715475
3.662242944846799
4.736824794281043
4.504165224654159
4.731949505617097
4.427357203215862
3.4721451442118405
4.777092241232647
6.819938498530142
4.44317397822061
4.810974619396127
4.765846111821853
5.737356115104104
4.8773044579201645
4.822784803513687
4.9482752759957975
5.348981927558069
4.037885578110175
4.819323211177223
3.8570466258235063
4.330489016884663
4.423451549747223
5.249484517684099
5.033519398803797
4.209369352819661
3.6380686511131466
4.574027693858898
4.55222737782954
5.624769480289226
3.9022665242065995
4.515772845160128
4.750014446914428
4.9215461405598155
5.422669140910428
4.859807465826653
4.126150336078944
3.591636743727777
6.426852954997875
5.3873015628462735
6.0902464954150375
6.0179920318806746
4.905373933890072
4.711007392851607
4.461597856999659
4.826371441202384
5.0894866059188235
5.100887726717193
4.53193914564592
4.0982021835070785
4.641350811341445
4.608092077818086
4.210655444050807
5.726283617938142
4.128617699416243
4.790899007411107
4.7161830955463815
3.7321728738313125
3.729476354830634
3.6166545555797347
3.8494693480241207
5.117043048851792
3.394817134500597
4.911897303289659
4.904769401049123
4.04553454083978
3.9026058875694396
4.0225290829177025
5.122709115631722
5.063455529869361
4.550538835923067
4.371094267824496
4.779657919936798
5.692399211716575
4.800967133343562
4.737813417167682
3.8529070200677373
5.709852649828775
4.790917042694608
3.95073048246235
5.269389832259281
4.664167344959318
6.340149497400031
5.198328860473439
5.180798485689802
4.944600458522333
5.143243993432237
4.752936613803814
4.405385144201468
5.283971005944756
5.339336769021596
4.769970634245372
4.678965075608809
5.21094596208228
4.446731535124114
5.321280497756394
4.896221664193434
3.7857532241296434
4.956742274024502
4.645178058378408
4.824811418142524
4.429874937739069
4.80956592250155
3.8862967479990718
4.967051478074865
3.387286602446915
5.030334165880787
4.457566034994137
5.436874028201071
3.499021357903242
6.520816285128799
5.254021131558343
3.8936604548311884
4.060228590934237
4.22500769248784
4.218958693644375
4.846304878313473
5.084499667279541
6.579370791022907
6.408026041695667
4.524466848316173
4.4103149177506475
4.557391538654236
4.623029867780563
4.452422881894112
4.7652590075869705
5.975049301583587
5.347514601276183
3.840951522413856
7.4261044577238415
4.14378093695891
4.3303237448348995
4.704207771020197
9.258296820407178
4.62593159168846
4.673269926315171
6.12307121255687
5.336449083116655
5.517794234354026
5.925096760071869
5.602343784805129
5.084222366951309
5.629910480056634
4.559100931647678
8.833228034001031
4.6424004022934895
6.536442858299898
4.280806823994146
4.302279405360992
4.94436593896343
4.217010952440614
5.545747580724845
4.929764641736589
4.253111681808857
4.332421238927469
4.967487272146577
4.289051585015102
-0.9955039738278888
3.270829633086757
4.79901335669995
4.893455564968849
4.997936926841966
4.876011576409056
4.6500639870349625
6.084865241787219
4.992198710189305
3.773162992185508
4.824509504623132
5.061274682951696
5.309779348105426
3.843370568318341
4.398269366292475
4.644682610150594
3.9019547171040085
3.515074679268766
4.768596198269759
5.501717534279607
4.864902314916645
5.351503581497265
4.53974963403753
5.6350626054464
6.102133088144732
5.101138731094194
4.20203244285007
5.08355479103107
5.146681793609653
4.844565338294635
4.297338099081292
4.510483839025897
0.3932312046997364
3.975171968162684
4.439240288177334
4.743217096371696
5.153686972447827
4.419126117006915
3.3910211272160993
4.274403554185013
4.6425431135748125
3.9432951867723136
3.4780433252896064
4.2628771150877025
2.26421985575997
4.876395926443115
4.056486210161795
5.2500696123181765
4.20036999927328
4.930749586892565
4.922176228672046
5.383062513651962
6.3175866953502355
5.5718923343291324
4.253985006840033
4.578254786490678
3.8336726254276785
4.447381036872929
4.525687775395766
5.590915069110489
4.380810546586522
5.609109196857956
4.878086681129632
4.544347872992713
5.008656401339164
4.714276175671536
5.01101032216377
4.581610693032429
5.847267675129523
4.4863190550899095
5.761290388374009
3.681575611965174
5.7701964028986845
4.870600057311605
5.145429948270486
4.118919332776158
5.3136521344089624
5.384164826110866
4.701936152694305
6.3518441316998295
4.417836076607306
4.574760858406593
4.278058022741423
4.171063970768336
5.333066467119182
3.570862516560957
4.988738010930972
3.8516453074391186
4.4546864810277365
5.3453132010234246
4.78147357302381
3.753783785234776
4.951839104218461
4.91091378017498
6.21525496527162
5.796561388228687
3.827960270425372
5.20232044600453
3.55217495242469
3.9066806062929658
4.817189309858895
3.7152079572411942
4.072449412378923
5.019778600459297
4.358781929026065
4.263024394669845
3.9836788370690237
4.052907671051738
6.1551540269845315
5.280585030932448
5.929217566402154
3.8787489938581783
4.081335781579875
4.822331918385144
5.660833758270982
5.186786995134801
4.095017921311646
4.902482620131163
4.854588411768385
4.787496601989152
5.458477703139187
4.287993602846427
4.133081222964875
4.62763122869501
7.299783086551882
5.244679960131446
5.9106482422634
4.65229931997928
7.616761969412041
3.611694940744362
3.4290361296857075
5.8172862252033655
4.803520523803695
6.248925502448628
5.744360559970188
5.488149215235379
4.831618074101087
4.533028186981958
4.368990467712973
6.095404619403635
4.38883820593644
5.642382763843884
4.658149060064996
4.08692336322805
4.897930978122448
4.791014961766482
4.975967013068362
4.509556012592945
3.961367067179496
4.675293018225767
5.176656446627599
4.370990461272316
5.054982826790119
4.5692623856180425
4.893959215777904
3.6568562094972834
4.766056236677049
4.08026630427667
4.266502905779534
5.243074382689192
4.579751277292859
5.1081797828204
3.752653806419895
3.2125431606044055
5.281263589746503
4.8600608362703674
5.5895319407745845
4.54722805974783
6.6055274002515745
4.607003894350486
4.992678359288921
3.8616322020842437
4.739990779372787
5.133939536226369
4.7002255046642105
4.0870906160276865
6.627200894672931
4.1371453379636245
4.261299159586346
4.3991903067203095
3.164093812201634
3.830230463490035
5.104755726372019
4.5334087446889075
3.897806536926768
5.237925437741644
4.829561369590414
5.227879460536764
4.19516832410413
4.631474124573123
5.027206041699961
4.319187769313869
4.992280257180123
5.340790375523827
4.233241692630567
5.342899661423397
4.523587778077306
4.912266494504227
5.28333657747483
4.024151210759267
3.660853723250825
4.36652166776
4.675936696770495
4.057940384517824
4.369707556237781
3.952940356503167
3.624084225171141
3.8057389152866814
4.389974647136971
5.03426365511551
4.991485569211094
4.177741805935377
4.432811757043527
4.606381653328879
3.872789978777461
5.066412076911464
-0.5817053616577725
4.3719326341354
5.075528340271284
6.745613843836528
3.202804731418926
5.222509862473743
4.654769092462566
5.465952306886494
4.769274290822571
4.31034679500666
4.283487849135193
3.889080438559816
5.558128188767349
4.136499309147341
4.66553575554917
4.5219398813036
4.345894282799324
6.58914494469396
2.9503189911591425
4.5115377155165675
4.522736287424383
4.079494946411941
4.204492065589079
4.9947613793027195
4.843173045348587
5.139043999971164
4.550986871692634
3.8471704454834823
4.273860782431868
4.831242810723699
4.611953518844349
4.908662883851646
4.524809996218319
4.3198683743456945
4.572495186658637
4.721584457593353
5.514769620351676
4.375858118382599
5.117546950356806
4.460678214581258
4.820676029444741
4.281668588874986
6.921735824799781
4.78046399165363
4.936742778982888
4.463529442443833
4.685876204911819
5.51407891690166
4.967847201316814
4.944957141235186
4.392648855987924
5.539450272046229
4.678733763911993
6.457049408154296
4.881486610179598
6.067463532721807
4.524605595850585
4.993454390380208
4.539844795213794
4.610868022892397
4.898628826512603
6.4556554935262955
4.5379995097849095
4.721530461549423
4.58954102036365
4.609619209350982
4.147343176427398
4.124300581212103
4.034142269758682
4.929051936322355
4.253314734131248
4.436407951175917
5.161746722155787
6.2189773588879245
4.805244577346116
4.278502894944278
4.977321320402354
5.51489036460558
6.286140783418084
5.284242346988912
4.995636051413373
5.236135240463613
5.677320568129085
4.950534370586977
4.852920982366586
6.334145817567499
4.618665478101503
5.858400987323051
4.528042067568698
4.033304773033206
8.887705779710105
7.4658162384555435
4.52182331520101
5.399476427300308
4.282280683269134
4.960523253576944
4.40848282264767
3.647013156824122
2.3085253646787134
4.155535771727741
4.149881755640471
3.671236673122718
4.636360576557899
5.784398708447522
4.646965048952267
9.037125831452414
4.496203834559198
3.940048157830885
5.15746642524519
4.513974670002296
5.209464490265689
6.673939464062213
2.7296104523329547
6.265498637651508
5.311057476106681
4.291167659195657
4.957621858163349
5.650724450328013
5.62617247413867
3.8763620777252514
5.197795024769062
4.442701710299178
6.602312190496472
4.848815558554665
6.130458633310241
4.369825593924552
4.790672146536798
4.8970525387750055
5.389034440546075
6.102845639269138
4.441119239837824
4.126267751873598
5.054520030065335
4.460596139363131
6.118849542418264
5.044143281647447
3.766794047525088
4.977838414741778
4.76633044992638
4.659557700098652
5.604564939028018
4.69321246468116
5.5260639193537076
6.153919152798778
4.847582667818308
4.528409217708334
4.1050423240508
4.3403534995546735
4.366351104114665
-0.1881738141690814
3.696093419159164
6.496188259730099
3.9346211882419726
4.954047349300397
4.2405589290204615
5.048601403783153
4.523038694172686
4.798734295628707
5.206939255308576
4.093615800942219
3.9679962889343017
4.934465594284211
3.800351341055073
4.624434230861405
3.167910155130074
4.821944090469478
4.752196825793946
5.568311732646627
3.535245964230579
4.193983507127488
5.8768546700761135
3.8998564373074522
4.817719327415123
5.390646315839536
3.2895636820603453
