4.5465071747481876
4.425792576179754
4.660255913235332
4.261173426616155
5.359362728439371
4.748136212662539
4.970742211960934
5.071110364200563
4.15132119897698
4.610274789376063
5.1595899090189254
5.032607748449183
5.625332426527252
5.118610595627082
4.732242523294005
4.636931642946861
5.124979496921878
2.611669817389177
4.559928032258522
3.489950730082539
4.399668849578361
4.511087978511037
4.773339162904205
3.4839273729637155
4.939751793437725
4.505786903058197
5.044939243277125
4.368016726233746
4.545182498762829
3.6125556189252057
5.005646352675113
4.568826901199582
3.5389701889272067
4.454013289326025
5.261397575538253
5.637100686467304
5.402563226252897
5.010639951795261
5.07784658934443
5.139177351432695
5.973877823560495
5.408646874737793
4.825332294196173
4.165948191846322
4.920939942297318
5.26094500766477
4.209268486516764
4.476322493735125
4.5850062363958575
4.81302808074029
4.787862468152983
5.546158154273259
4.922110752247056
4.549420983641531
4.393249187149002
5.060292692625337
4.723562119045934
4.802138379664982
4.70983834711407
4.285738440739584
4.2159161760678705
4.300258796957202
5.2283958031994615
4.961205857287756
4.817385774812923
5.183148065238588
5.2887168245664204
5.109362838089359
5.2649673716342145
4.867709295645371
4.8991183251926
5.8793293797487145
5.297149562458801
5.121351022955717
6.206329223767755
2.6618455322252044
4.905158700893265
5.444561483064033
4.684174296300563
4.612021784675861
4.816233005300215
5.107525630945082
5.831082077450755
4.583398722061921
5.556368189563496
4.625322039076773
5.571355694969987
4.4538010073913865
5.131406970001953
4.917605970528519
4.446195809971455
-0.6387999531824571
4.493752599511564
5.072889579545127
5.33363173910507
4.525318049635802
4.423295876129629
4.23370190696474
5.2652679360064685
3.4807429214032704
4.614330626492013
5.05764864418541
4.832967703512864
4.627373862507565
4.965735647634943
4.7790016992079565
4.9390545939839985
5.22423017918503
4.931577189965732
4.016259565043912
5.384962871294792
4.960122696540096
5.388646508125423
4.89605719969197
4.854166655097865
4.5629132577301315
4.727097735702995
5.587129567364976
5.2175309928953135
5.307648756589065
2.970443474384713
4.66376213979792
4.067288453093946
5.779726823472161
5.003026695011597
6.415954529474856
4.4408256352184425
4.520165916006959
4.803571122030829
4.588756257463498
4.752140235030707
5.461972275116846
4.912517900422324
4.151581155361014
5.41166251905942
5.209468561295678
4.7427962014538085
4.471329241005249
4.684447213734822
4.721505359428436
4.6995178337192085
4.8551325469291635
4.621545305963666
4.024857773497007
4.350974182607066
5.108959633494618
5.120036801961403
4.690759860855398
5.327861456839095
4.461294116366878
4.166827008590658
5.10189959566667
4.693968291476753
-0.8965061134755477
4.857971500472041
5.1711959678928325
4.938069260605922
5.107027798822659
4.846503006028327
5.078727859050999
4.83244968649367
4.552641056641551
5.236916218249225
4.778542567135979
4.8756768926194205
5.266813778524504
5.349291141438861
5.448140036599238
5.578694994254413
5.021519971942823
5.628612927161361
5.234253538754976
5.097785753049361
5.150301635170422
5.122723140741247
5.207164281699898
5.263143964632735
5.2439614292363235
5.145307511018066
5.1484148352397225
5.27839275098753
4.582519464446711
5.219190480284193
5.1427705804160615
5.312411906841745
5.271611136320184
5.311812435324694
5.178268738662538
5.264401336599484
5.103710509771893
5.174983577577467
5.067165083081718
5.22667820319946
5.186282594331954
4.796021544125577
4.69908586615445
6.293104294070689
4.7075816205935
5.723848797084709
5.246831318985599
5.321619600107523
4.471803496817394
9.323590846147333
6.836791371869136
5.16214071666919
4.27245289594576
4.927924063951313
4.62337099017674
4.939187496348536
5.02035907066406
5.131053742057819
5.283377289595732
5.225529076407947
5.009373087459309
5.325294725889327
5.096669184139447
5.44347041319036
5.139760019100251
4.944866947538979
5.047373955351797
5.23105216966168
5.446268646206616
5.259235716594896
5.039157708520192
5.134597222767368
5.400969711157924
5.467570469044864
5.22000327028298
5.201418470989034
5.278371687480073
4.8951484351898555
5.0691619864625865
5.058665171216893
5.121896156137258
5.281692736452882
5.27191820555726
5.120746154180391
5.127129348774708
5.160978963042835
5.3831270625752525
5.153939741034829
4.908427680781873
5.874579650760532
5.190500244345985
5.030597963925665
5.243859213684545
5.496146844508283
4.645250917219206
6.509246019056928
4.924355146647328
5.164879981107288
5.4825286756873
4.99194848024722
5.221645406017828
5.337760251387935
5.6196835394114455
5.1334456716451315
5.093919806533343
5.132427564293718
5.267285753280263
5.560889707849283
5.163429653087481
5.1377647120811085
5.083308007088303
5.332001067504595
5.0605405035464095
4.971083153136963
5.341458976973007
4.811918896756403
4.999510643169837
5.678910610733076
5.088034144551987
4.478936885287608
5.2023181069658575
5.165680379074294
5.04303541321415
4.416287528463743
5.305984511077039
5.342658271292853
6.21364215709999
4.930320351329968
4.68214623389812
5.183240448296627
5.222822826356461
5.373053584909766
5.295064334450375
4.919531265320016
5.130560132355683
5.102270790592116
3.7372287348211497
5.194562146072816
5.252106190468755
5.001699445557292
5.10209776716688
4.815366411228531
5.127026290376578
5.0617198727547
5.200014293695213
5.207018566339784
5.00532272316768
5.245010104147213
5.247333660851256
5.27211151428012
5.246242727496014
5.381597401683387
5.300492696633243
5.219934505300635
5.210901545401918
5.46856903627893
5.207562782731252
5.49255835370756
5.174795394445722
5.233611820540215
4.943309319170497
5.352476734918257
5.31595656876175
4.968670998153567
4.695083615348678
5.069768474241487
5.149067645169584
4.9854091136671315
5.191757902898761
5.194050749631945
5.335969030527853
5.1798304241034945
5.300459345295338
5.509115529857145
5.451886024545028
5.379998546938855
5.545037720423561
5.386322560834398
5.157842307749094
5.287862376590343
5.0819637249788965
4.661527612404289
4.533768552986111
5.16292291486527
5.067035788723345
4.961026540013892
5.0290805303229105
5.209158633755753
5.47826994572475
5.048895152219712
4.804139088278063
4.446717954515895
4.915741457872042
5.102019124453377
4.226131763948495
4.2581668315925425
5.631657123925481
4.018466815594148
5.084759287924755
5.2685790620196515
5.4448992619123295
4.914878073600315
4.816217164259881
4.465379451487523
5.165378839204768
4.993646360614241
5.0924861777275146
5.237449393414384
5.252960423253864
4.978673696068711
4.653973797294075
5.219865246011378
5.23941089713028
5.14637247371486
5.267937007231891
5.026700470731607
4.709160446849124
5.342452183078206
5.041725285353317
5.164303117880043
4.403368637343359
5.172257272639138
4.943122359354964
4.537558396355307
5.710711032364148
5.04412165633593
5.144280232742486
4.408884736549504
5.321377328537843
5.070091590275566
4.84821577067032
4.3426859491378025
4.663227208932678
4.671467720231541
4.548636164628167
4.819857469018173
4.783477694513108
5.761392833997574
4.482370224783582
5.329112146409092
4.705512700538802
4.72655812365926
4.582409111565017
4.565785150918893
4.995834705444222
5.205991541790921
5.094240201138749
4.667275195675712
4.62274700550915
4.5463360554762815
5.1280522403760305
5.210712997379613
4.101214421973239
5.046576909075948
5.194975731944603
5.688114058613689
5.017970955049426
5.026696228365564
4.345562740676924
4.390047159995252
5.619604730172966
5.61327783074808
4.623245747983516
5.627406966360815
5.1965983555585575
5.002459342413037
5.418401336182209
5.380385027826327
5.2117222865449495
5.136946371784877
6.236057536876091
5.1324564275839135
5.478491106169812
4.593777535380778
5.150181980797693
5.047536723213344
4.868773063695896
4.771762191183337
4.26926979652711
4.778450040425598
4.919474025033824
5.076971253191546
5.229387963118183
3.5388625278448096
4.405073795961435
5.944413784024576
4.513163026970497
6.503056659238418
5.625840364500714
5.0424217291243005
4.698362729763824
5.247132465762025
5.789804280839377
5.395099482795729
4.59660987044488
4.865592339027849
5.087533570062079
4.926968335709325
4.8035291537769
4.464920763730031
4.785498769342272
4.357452094536931
4.962801137511001
5.916328740259327
4.88660996220409
4.602976644407094
4.735891368888776
4.6412382806101125
5.0994892158205785
8.136970776374328
5.286606668532189
4.92245097070364
5.84103163258599
7.0005602472245805
5.169433306031348
4.174110247088015
2.7000659447262887
4.570281120437172
0.778857067419338
5.143772577365303
4.836772595402499
5.160699433305224
4.665337515691473
4.897076136910235
5.123637958062736
5.0246915499260005
5.453218203052452
5.998573908627934
3.771631743031514
4.833815483012547
4.628469087570203
5.2362166606810305
4.974411741617574
5.107564004901223
4.930768656938014
4.468347085949085
4.537379990852288
4.17150043332995
4.76360081326631
4.653652950515948
5.3787274500533275
3.8926329881735287
3.6258147433870427
5.419892335382312
6.190894411346853
5.137633798699356
4.7173556399218795
4.7769351129404996
5.899529474631442
4.510732332865245
5.3873128140036615
3.7842799846807673
5.307976086705662
4.919386548911268
5.001136482731507
5.216342660174948
5.587927322548192
4.782133909811484
5.518798282563199
5.669197597796735
5.141017852721763
6.503082313171684
5.039729123412059
4.169602596255095
5.487764718762866
4.939245555372947
4.856333888198843
4.764760473595329
5.550788059049664
4.720649225941297
4.94440640437534
4.913978864235922
5.211164349751467
9.179524938285189
5.721806081750177
5.265043250694263
5.428542077073182
4.384688746217208
5.137619037815604
4.823073603731862
4.258961499801456
4.4380514712021055
4.215753873007342
4.528962524885337
5.054400933834725
7.767745345952006
4.655688304479517
4.835149791285671
5.199727878508756
5.070571158714945
5.79681732460949
5.193952689105853
4.546413980745851
4.951913669132448
5.000458374800188
5.149223167263202
4.647822984408895
4.741693809238764
4.436276508542411
4.7499402209712045
4.532839583149761
5.351091640310682
5.0566632789704915
5.153867710326978
5.11422264834269
4.820446396810801
4.842777660327199
4.273823645690694
4.845016324015202
5.2029784752436905
5.744945704385275
4.409304687328443
4.82269151146135
5.0147812649120755
5.220512997642011
5.432305311909918
4.431474889119624
3.2108093561143445
5.579679227883721
4.806938868276291
4.500610269925138
5.481312075135287
4.970779190727295
5.0497373979123585
4.121885774847726
4.874528924691702
4.249717632192664
4.535870240245392
2.535817734429781
4.1723847982693485
3.879836770187631
5.076697614262664
3.347341125711714
5.527847693668716
4.370209570889776
5.189251703423849
5.327832819420752
4.8335661290409995
5.07741401764289
5.057026466028504
4.996344427999102
5.170029657341602
5.161518627966609
5.12513712215109
5.105447373946927
5.335827039771691
4.603092193055862
4.7733745924066575
3.9032392190620873
3.806921045567336
4.6093520273349995
4.779123999951106
5.545300597223217
5.233208724663678
5.067856040785857
4.88055716548147
5.944041578530621
4.667867239234004
3.510840775142898
5.0267969254763125
5.3645278097842155
4.891503783886565
4.9945424883098735
4.149392298015475
5.493081073816319
4.140574273984711
5.0611020009472485
4.686462843745407
4.988988694958127
5.092622715512447
4.365101789926684
4.663272067347172
4.708608392610267
5.070793842140288
5.9708747540311435
4.772841301094823
4.759076262965555
4.849932389002044
5.19841793289876
4.533087371995132
4.342494676515329
4.768026051847206
4.829895626893326
4.203158749246696
5.238511527340268
5.200605911697198
5.277332891000314
1.7389962418484703
4.229181625154798
4.9325044465276795
5.744304098790446
4.854505721120121
4.938229022655282
4.521600687130189
4.6063984798658195
4.5211661834938255
4.937080675148911
4.063692198299485
4.945279771385785
4.4943470906699226
5.30372058981574
4.41487886272036
5.287678183888331
4.860913844434143
5.591855407896633
4.762692040217235
4.796298729946781
4.611438359794602
4.724573667541915
3.9749136977024984
6.76079132227503
4.548191407539227
5.280187104539476
4.655785463765576
4.433875401507394
3.473287809673433
5.053603165861964
4.49786193276331
4.360856368758782
4.557612387821026
5.06186546237172
5.19385576120168
4.589299628075575
4.204493806314611
3.7488780915832143
4.932355386545752
5.3069893116094
4.897694554155966
3.4346074486117573
6.1398955577629755
5.4588707777431065
4.977404357045833
4.845964771983155
4.679493580244822
4.82751096181137
4.204338443314998
4.384160999914183
4.928735822537243
4.364475363585639
4.381344240887266
4.1779606773521385
4.335238241697749
3.6309662700504663
4.927116278678068
5.045842288223269
5.052398090549205
4.805246540553072
5.345002239607549
4.73433383587264
4.852247879219437
4.776017127863281
5.44344600990508
5.107522097507597
4.356871837983494
4.997314108188475
4.90385722464036
5.216238105415146
4.429253378744195
4.509343751041261
5.185093015055416
4.4887037591707895
5.058460693870907
5.206067507803441
4.698860781059875
4.732442420700533
5.06982211863442
4.988017540818675
4.741777575724422
4.568470924573747
4.690718939567123
6.518520814776536
4.629241548754913
3.563231109451168
4.758035224928591
5.1545087301094465
5.06731125669899
4.446595171644785
5.019161507388626
5.087040459041717
3.496673738663092
5.456870426553073
4.95600402802955
5.0179807668524905
5.153330907580453
5.26428186830647
5.113482563486378
5.108523055251113
5.242008284017024
5.184148386936637
5.235826385225934
5.3021764924364465
5.217429947566024
5.27115504536962
4.636881482285456
5.404736428972855
4.6643911860998735
4.582277385125047
4.916632207935148
2.5108581793584537
5.30712214493449
4.261822133771798
5.032066721846383
5.157510447200245
5.560207742236297
5.189012154162896
5.036935623355399
5.169240752364334
5.277650070380675
5.4398903714506
5.077709375015774
5.114345076719061
4.966645267228851
5.090777970687586
5.0721267815228845
5.150420118544903
5.333431666042107
5.3621250070399125
4.877246029275554
4.340299399468339
4.698078815004752
4.787566581471691
4.95711175117518
4.580035422780782
5.13409472990324
4.459449835057629
4.698547455363764
5.147633752089877
4.911389381784847
4.591685401792636
4.1868505827081375
2.5277881344940836
4.404174482866248
5.127567943001423
5.044188073554637
6.141845956394929
5.484457093954893
5.025149864379556
4.811468067392088
5.651841922740693
5.116513314362078
5.120410864263758
4.0719897279199975
4.281342179547662
5.235459825154959
4.14360687197164
4.7089030405940555
4.902622506732316
5.3824517450149285
5.768044695960794
4.713996297324994
5.573081639441332
5.125284008555382
5.315667198693334
5.760294528910227
5.322766224119809
4.494968145652014
4.931914635450119
4.957125531641423
5.001721102292927
4.760784000938262
5.592338445716359
5.061204844159863
4.2521916514878955
4.605774738763174
4.701205839236009
5.189172038168347
4.40305627397462
5.146643755103773
5.420245868957766
5.205501028671878
5.27016159038029
4.111290236498369
4.506092850799165
4.6362659304712635
4.971467731683087
5.318834919891444
5.9135606335091175
5.055680918876755
4.468674157781022
5.4948742881063986
3.93995939284948
4.365881378991786
4.682572480182948
5.016320277687465
4.716335439596043
4.1622630938967085
5.071449612378214
5.669580035437405
5.097201668477116
5.032585949588276
5.172760072538334
5.342406355611873
5.232338332909831
3.5322476699741348
5.022391994641586
4.92653095189179
5.176094345998834
5.283998461878813
4.885175546056759
5.264247882674054
5.4598837432014005
5.358801321195022
5.007058373713319
4.653020932333008
5.451155172890204
3.4888504305522754
5.410096454612128
13.936401604405825
5.207590886062868
4.403335812205292
4.80221634947815
4.713961291594117
4.796004669051614
4.257080590917821
5.1294751269898216
4.226387986749176
4.476997076580031
5.337414195901781
4.242381099208624
5.160524620231709
4.774786114784491
4.463581785737798
4.691170643612423
4.883939958175934
5.153459242104945
5.151615396592422
3.8774098852704912
4.4064476055755755
4.8706556487160615
4.69492552788527
5.1413490636663575
4.7671681073313295
4.274907610406444
4.646883645054092
5.057291147789785
3.9153326252157576
5.430157196150616
5.236482093827292
4.368572599935043
4.047867931109952
4.880381330702157
5.263097947415647
4.890097268440982
5.009291192243319
4.763960153875824
3.6061450648705797
5.305712126784533
5.103317231009929
4.305012813635256
4.905407142211145
3.439854934233351
5.061994608281681
5.200594945622372
4.337199951786218
5.04083001784494
5.732764982597069
4.517883215933852
4.812069944620976
4.068676459834448
5.058032712074214
4.667738186027194
5.880793895361212
5.056555521854157
4.821708224611727
4.679276108585031
4.8695812093842
5.0580849206835685
4.890006462605339
5.5699879261482605
4.806855806858705
5.353733795080414
5.015845196747389
4.58022198249579
4.984181168380557
4.59321873199528
5.108318820256034
4.980503767039715
4.461043615894896
4.730928744382297
3.531787165270245
5.167735947919426
5.053465779342842
5.240774163036628
4.933117403308981
4.8044236807693235
5.03752637891274
7.546892189668469
4.26737936730529
5.5505506068498995
5.392123393996191
5.043406347138275
4.238444902084754
4.8021844160809835
5.67726682539299
4.5656849390965215
4.222204386792656
4.9660303358636355
4.740275840446852
5.564225985908965
4.8692141134447295
5.174490601767234
5.309080114897438
4.980431100042272
5.202482284303675
4.877911124688759
5.052887798316422
4.840809577694281
3.5288508226189563
5.077625993913312
5.539161768825543
4.953461668401565
4.645177377895241
4.851942200184756
5.038216499735249
5.19575961280672
4.876963261904045
4.762165454516328
5.068742312819548
4.984337619697749
4.957570881652677
4.8418482909035605
4.8840537233281855
4.5383259975095624
4.506559107581229
5.039136416476708
5.390769983396793
5.092262504305824
5.221396916450422
5.03980985245731
4.622278271386193
4.920314763901629
5.263529774408258
4.679016802547341
4.969684185707532
5.134276859723722
4.819278176370868
5.022093856473663
4.805605832911072
5.116344926735774
5.371518097288527
4.910450123736667
4.916837504197282
4.850324282213894
4.979172921605844
3.74440167305729
4.964588126278974
5.6243371874392825
4.665630458014135
4.985955961095625
4.72979981131652
5.148303289489183
5.043637572165622
4.907099736593707
5.037815715228647
4.893692773937259
5.169155687617774
4.904322566105028
4.990236879133596
5.527873800302751
4.628923698135825
5.040694158485557
5.262672175725549
5.231632665093553
4.8540657769482225
5.411170442840847
5.114778251589392
4.865021107495694
5.2331414943832995
5.10006306900971
4.960591406297452
5.1102501471794
4.829184280612053
4.962355908288839
4.211493647100039
4.898395509157393
5.678312154764612
6.295100202617966
5.298304688590979
5.859819689459847
4.525214441067752
4.947732031174668
4.656923879809907
5.0304519960236815
4.981666958445026
5.08764584459246
4.854518218835476
4.675039936579287
5.239299337155079
5.045051667307663
5.021697011584483
5.223201016542495
4.999341138108029
4.570433613321651
5.8651632095861475
5.083334550392049
5.227967401480638
5.089586945666687
5.67731636515968
4.961592636194978
5.0534525487914195
4.454299904442965
3.727500449275179
4.873558425785516
5.415592680564518
5.066422345661663
3.8294105950000485
4.306685216113829
5.828840017753804
4.680525562997012
5.137110872530976
4.89925088805995
5.173027633724785
4.195126178512839
5.393168719562196
5.017013996357195
4.95864396271525
5.112876885215771
5.344931621344049
5.103040898123421
5.018750843604587
4.793915180111623
5.0173600022980125
5.093861039504567
5.105497131303828
5.137706343789142
5.273622289858432
3.0831967548175765
4.862155018265741
4.802607391259243
4.481632439293377
5.5225924240735615
4.725783571548215
4.744883280683149
5.031229281959522
4.783619451818754
4.897900676477443
5.044816454146037
5.477401765240209
5.072359773659368
4.889001009263375
5.081935850615416
4.717894440506809
5.020678515191492
4.623255159851451
5.355865987377837
4.912446765910284
5.046638822195323
4.277001841873882
4.679319558274813
4.985283601088399
5.26904349325391
4.6959045050035675
4.286942765857642
4.958895597033046
4.753383581540279
3.704332235552876
4.9383508574958235
4.871973435582696
4.628050036831824
5.697090642156118
5.060204309435513
5.301109622646943
5.217133819427926
5.229299133636586
4.946658178587319
5.386257391151297
4.693860606769249
4.948239152079345
4.893756273219947
5.137224999668815
4.490585673533841
5.676786202436211
4.698646327395355
5.300451835886515
1.4604622951939734
4.5886631880877005
5.358892318002716
5.388372424775576
4.618790159438274
5.636264620001028
5.257187103128301
5.097352676230398
5.334551037760824
5.091098337076702
5.169761540350934
5.087846660860087
5.219551814150358
5.0636043008139024
4.692366143076869
5.79530926326219
3.2001978319567774
7.09807310951148
4.990823878300401
5.186299340629682
5.045189168672075
5.131390620926349
5.10688092452982
4.98276792050083
4.286891464935621
4.138629646849147
4.7814291167845715
5.416704131616246
4.641103182014037
4.421839780265259
4.3858616968484325
5.029432038249832
5.0930549547521435
4.776082443651934
4.419975603607089
5.3091626270924985
4.985134562177981
5.485390349013386
4.895596375523983
5.122085253351919
5.0088955460354185
4.888663879733093
5.582724852681194
5.029905950623568
5.07121167119574
5.095013823669489
5.16049225100297
5.278480766111619
4.943436415525505
4.598918341407751
5.384814087499539
5.137801429368551
4.414450877376497
5.236473090955959
5.01699929161553
3.628269315729564
4.7019737737775715
4.80704612395241
5.0075535531778375
5.265044927654548
5.397379049518364
4.247709383623985
5.440106072678806
5.468185909200823
4.941498309281844
5.749529418290486
4.739727679366216
4.870073307242854
5.15060366454617
5.054995745673603
5.588046998782336
4.430509617687204
4.990635464011074
4.678560098670137
4.921394195759389
4.977173886575208
3.947586256069946
4.60969881119982
4.880859582488253
5.490632878084556
3.150488552528439
4.741929052049725
5.27536849475622
5.057661830134115
4.818319223058832
5.002655968131671
5.307713805146875
5.215072518787149
5.175239928666678
5.20993601454228
5.601397651381905
5.202026425606031
4.904616290925188
4.881846417109244
4.683537221190713
5.142627562597718
4.952607456397885
5.104854175890576
5.1717604487083335
5.309879846622981
5.312679269175656
5.058699408007039
3.7583471320529602
5.056069447451534
4.554400936672267
4.609008151735452
2.901920040777738
4.707915195139862
4.7877235741456285
4.408804369829566
5.718405656731302
4.988703078679432
5.020317640770199
3.824079935830908
3.70605694842164
4.706062133004633
2.524012049717625
5.4688733314259945
4.841562831966743
4.700556128716095
4.729629611323208
4.55465020944305
4.678855186039057
5.823118744482725
5.978294594366964
5.0616950669306755
5.0472798111360015
4.5473001947540945
4.800715964869241
5.480664172235472
4.91713321561408
4.101954218033279
4.714225815258355
4.498579113788557
4.273048967134646
4.285635156128197
4.80249575346843
4.918691648422205
5.4599767719058985
5.180093453056936
4.521866810958035
4.998117768428207
4.823682877035093
5.129135324336671
4.652712879215879
4.896457734438998
5.052770261458715
4.883843380896796
4.8620148017020615
4.778063543526261
4.939015799723638
4.669887651568571
4.583334446176058
5.03597363200007
4.719146582430593
4.916103964806061
5.766135964336913
4.5816358600791265
5.0254081394257675
6.237564394250164
4.960469637660152
5.266023188439267
5.06907389434542
4.823212469577863
5.1772809433318825
4.824062695859625
4.622991181641164
4.477924187609835
4.585133583954003
5.036977260232567
5.175007782992844
4.79907325615695
5.128153621963658
5.017745868277142
5.52770615172761
4.073865643997043
5.402775258288232
4.93106703134827
5.23479425050342
4.441728109167332
5.163758827406898
4.37019159124536
4.97943729072147
5.193218166276392
5.384638276050819
4.212534094583825
4.447346009871476
5.3508014077192385
5.215987496462752
5.197104684262365
5.1536192539124785
4.757239382784577
4.406322947288319
4.004249114405114
4.813786267524606
4.601763198431523
4.348033697848208
4.66586674181044
5.019302703602628
5.131036010791702
4.842514145548967
4.709526552425577
4.510493109373036
5.110688340790851
4.478920602472667
4.232657792238578
4.500174699102638
4.4550349993362275
5.5007908819507945
2.9383416633806236
5.172659015691797
4.8869643188638525
5.44167365262304
4.843692894138545
4.375945172425287
3.8867137616378176
4.631005714438981
4.864464255190323
5.4836544373070355
4.125459843912089
3.225508755366131
4.583720999756331
4.783887648109458
4.947073626295429
4.364585768880828
4.937586858865354
4.971861511992117
5.33392082641313
4.9599969903896906
4.8958780193651865
3.7763394573317446
5.038932893835871
4.742592757662122
4.000428452786451
5.173642633515909
5.1086077202840645
3.3864533414739415
5.212467846617509
5.122950690328735
4.529458739880183
2.2072306902200003
5.170511602759154
5.9749764604507085
4.891274101008495
3.3282946143032373
4.638219278672885
4.255406663310819
5.7337249793228775
5.0099675816263
5.2328264174777575
5.114799035285928
4.963731059042045
4.865108133579603
4.630107188318789
4.5913623576301825
4.514859862561103
5.049489447613624
5.261677288862385
3.713945307098955
4.148358269864934
3.8407813061452005
4.224770534535224
4.811653679412736
5.038723152638772
5.0571676364554765
4.884045952584563
5.316602088630779
4.719782036123011
4.96332692405354
5.014405440716614
5.174788843949203
4.596669437955784
4.969541622645965
4.802307682172394
4.816247509599801
5.061049915756409
4.4504181114376635
2.4428696239315677
5.017603407126386
5.168028348187145
5.1825854395062585
4.93554201704754
3.825344165944616
5.08872391831579
5.30739142572794
5.0426930318717105
4.8168905700672235
4.773642697816821
4.837955087478549
4.501698312774137
5.199893944599372
5.179939702608845
4.905091096592069
6.606141738122847
5.094917072950974
5.141676833388637
4.873151021998301
5.215587034233908
5.391114009943599
5.246781074238691
5.1281257281466655
5.077050721732968
3.9387055138329305
5.076052192172494
5.121493179074918
5.131568611735085
4.608289614760314
4.781165689798033
4.803901680228096
4.839696897364949
5.327776380580798
4.9712655526771705
4.08364988402739
4.776310400989774
4.927354809086381
4.659335238411906
5.057484611363344
5.296745813086903
5.159508917059325
4.773557071834896
5.08873773793673
3.9529551425610574
4.836062002191673
5.26257093085667
4.947098721267881
5.660793161052581
5.41544097311696
4.847528943658309
5.041898051276762
5.042696066892808
4.931467774009672
4.915085680956187
4.805337856352322
5.126256236313026
5.077724505391609
5.006325140756821
4.998066221077944
4.835088469574572
4.818697054182319
4.740264546607222
4.757573386294801
5.488891896395437
4.770293281981116
5.35814057736545
5.363106437068686
5.11924613516133
5.141018443115516
5.168854028710503
4.834482010046273
4.961463532971708
4.698646424818237
4.8920590827942005
4.698473773479747
4.798576766033507
5.2186020637988735
4.968138663938381
4.902273554725191
5.0973073030726646
3.801638286529914
4.797997512770942
4.807071843596824
6.5253730378499455
5.41176192910544
4.924248714863499
4.799764954258715
4.109079145556998
4.665667968090103
5.096966241106295
4.562246420104728
4.488055513132266
6.35800016493255
4.758956699286834
4.788849059021748
3.5629250273733364
4.820594527790709
4.712707441496138
4.529650721840553
4.839453832848634
4.478916165545718
5.35608371831199
5.229522745763131
5.243276680227027
5.075954294273024
5.01310073196792
5.248431975409007
4.467649133266514
5.056919010912489
4.271507712323753
4.480500837407734
4.912412348712081
5.02200949049105
4.928100026673455
5.112070307394908
4.9718950731422105
5.273184044287912
5.517592353623547
5.410594244331337
5.188618335976813
4.881731773485895
4.945360901710092
4.8878424968759635
4.533695192098233
5.100191615593658
4.651726882249011
5.242179511120835
4.626633734354079
4.5189469847052175
5.164237030245771
5.300782934733269
5.288117047732769
5.707487572091216
4.682639271647783
4.584336369094901
5.3113432863447745
4.755614956081991
5.448092599685878
5.283442566875654
4.845654506583822
3.3149293771641943
4.486738039865241
4.276269330546139
4.491302306750325
4.031149127852511
2.640436622297233
4.554706571432337
5.009085920549506
5.054921598019706
5.061849378853492
4.674815608535973
4.058885889057806
5.045239702981473
5.433114472339113
5.581953711370456
5.055106857775215
5.441256155402778
5.070005044426433
5.150919495361349
5.112727602243785
4.644863978122837
5.190636412079173
5.178065328957982
4.16273425171088
5.159684553127927
4.574757466374306
5.034170122497115
5.026025569300629
5.113917404871689
5.645201138778599
5.172445502711165
4.535673918115056
4.985270356442087
4.844091839558088
4.124030944653452
4.692103666395536
4.775813492038016
5.27412614573485
5.7619187282901665
4.68562788137354
5.094725634011484
4.544836467011973
3.897670083917947
4.8699626392537825
5.352565412759265
4.202404085305307
5.351628732531129
5.085582383927753
4.566853910254016
5.13244433407535
5.260587464392315
3.9126087045703057
5.116276173780484
4.893792675233913
4.728669473151488
5.242551125709651
4.899620518326619
4.411568206701911
5.317570452726091
5.218103545597311
4.395125475932073
5.170270744428918
4.186061278848463
3.801622145088727
4.869842042734037
4.563970649523041
4.997543046454128
4.815653648191312
4.626272458992115
4.494445181667701
5.227145786512479
4.7922773582925515
5.143357121061181
4.690709798065527
3.475429444947956
4.7641179611249225
4.169313124345685
5.770324392372048
4.8255277019234635
4.6763671456859175
4.739350376985966
4.862574592639461
4.745424991273489
5.145346288701626
4.890239034411856
5.246112456705124
3.953039153338549
5.002871975875834
4.821509497029223
4.750735748069167
4.960747741267046
4.457683112271832
5.242222655717831
5.323264703070756
5.259694185473566
5.435816769443841
4.7437051838234865
4.677317483654589
3.9144811584698447
5.4492349709157075
4.563344156843968
4.546371002310371
4.845386256559157
5.053874976487093
5.0635117167904165
4.078531106416391
5.120004502820955
5.104461635941085
5.0216274574087185
5.041284684400212
5.267235947133441
5.172962835217306
5.126761788741305
5.396740278210464
5.233619026394765
5.106236667739549
5.17810344350035
5.241906390829318
5.453764659787102
5.198939684832201
5.138298454010296
5.0658481359204846
5.1549492564752155
5.22204556896864
5.345926445208877
4.984879279035423
5.125840021481915
4.875429101402839
5.177437539499148
4.9198111092768295
5.162967271029174
5.268524061214526
7.2490655574644185
4.911587373859815
4.489767330418329
4.744064262997535
4.9222100537987075
4.784794649568366
5.345215131630299
4.998055600413742
4.619567852233151
4.801333971317957
4.235859000145154
3.1406728529890406
5.494124820641784
4.97143938050323
4.588858213578386
4.842821007759373
4.861710251926527
3.697664099952168
4.527947977521172
4.6435586427912625
4.955692101858154
4.956886453523608
4.958429580389202
5.052802757242878
4.456664239506228
5.155885669470841
4.845896169759036
5.344060477561005
4.7814094718785425
4.30808207908035
5.2097062101720075
5.3316247347093295
5.834536116589171
4.4647573466413135
5.0806606925637325
4.861263706308512
4.848222501688683
4.871844243430383
5.0613632935262025
4.893656124118574
4.785788974189018
4.4099603658736
5.238335324238672
3.181655191836122
4.582383246727912
5.043558982779718
4.731830084318479
4.826611234198543
4.243113806868124
4.636436699566716
4.966854733805966
4.849635923067676
4.34107794970175
4.296433988798439
4.995785395678696
4.773267658980429
4.850599476746857
5.123799302531561
4.509772460693397
4.9190914377265065
5.619445401507545
5.454448412478099
5.283845498581936
4.851778904552592
4.280795841318222
4.1142526583461185
4.954281878936886
5.411587371851938
5.525728971167177
5.760845168788853
5.182822634057462
5.226308817164394
4.888731826272684
4.987277492382526
4.596033422007776
5.009358941244302
5.15458291876988
4.852621027625936
3.153904355732648
5.617727337033895
5.014821325983715
6.166365455443288
4.858832353487202
4.995814681925826
5.838796253698425
5.584850184970554
4.8612951112507465
3.2854294489618066
5.289586123054048
5.42457332538422
4.496245660605217
5.077699882616721
3.1841810371156467
4.12329236445641
4.898241740436997
5.047176181414745
4.644511479641538
5.39252330176951
4.156589449987521
5.034638084908071
5.060627492388796
5.879005830314212
5.669628848906333
5.258084949355204
4.800878086971744
5.356169037963111
4.016455381309279
5.443953431804958
6.058445870688901
4.731615117648148
4.803625665002477
5.171643546812447
4.724927088558385
4.956359080806486
4.8710549409633845
4.912418614295857
4.975888100256285
5.171291536001484
4.687940559492698
5.122518294569463
4.975749336612136
4.574336584891068
5.209729016033349
5.54683110887684
5.081865954915462
5.193288699564761
4.359367094829717
4.618894819474418
4.648092573282712
5.228522741973217
4.981911327348252
3.767549018426293
4.752305365146457
4.266574530311024
5.2974745845606925
4.891042709139013
5.078204228607216
4.519217523134799
5.381326771424858
4.537253736649759
4.988457126197733
5.153633442283199
4.761940579591394
4.708850108099587
5.106727366913858
4.914578765819196
4.981415136604722
4.9784131861651035
4.964187839164009
4.245239744688982
4.941290017586596
5.0042506733571
4.985292470454453
5.374219096927162
4.947129555269698
4.9272813566524585
4.723111336172612
5.45872763880643
5.365452324311535
5.751962610866152
5.788596217424308
4.801391144647471
4.820437269016104
5.16982403707483
4.711044325226935
5.057896570595962
3.1622151101847438
4.558953110325424
4.798857510110476
4.698257408472281
2.826839090422729
5.147343942780002
5.125400831334067
5.325272826901742
5.4433216182888415
4.3445476936142065
4.35973186073185
4.1766212927685435
5.216441916872556
4.771079121861994
5.14256826314733
4.6809397001007635
4.974739534361762
5.419284886519157
4.1280356206110875
5.372492020470381
4.277938875603266
4.712487023413718
3.1427655791704323
4.764198538255352
4.996734681143408
4.560902495750179
5.063065332489619
5.67649639232821
4.794069857636774
5.097441495138609
4.825486210695971
4.080794985651805
5.233180193547303
5.179581032037064
5.015584969260115
4.697475277477555
4.804488698764901
4.852725137663266
4.870376390432868
5.299064086506393
5.2119193821981185
4.858217021461959
4.752533124816991
5.391931114400215
5.292154988275545
4.87045112891343
5.245388288905049
4.902131009784917
5.531742378920096
4.716433483921513
5.109446944357425
5.153198245294272
4.823251894116242
5.099150789427261
4.975077867803239
4.947287937144164
4.404741079078871
5.177618768315166
4.929163534652206
5.383504355946234
4.905348181469556
4.6969806417307955
4.718067930303168
5.5268686054996765
5.068134368332781
4.650246684244541
5.509190070027988
5.389529046991175
4.920711592873014
5.990675777518484
5.503653719123645
4.81050797166411
5.217130731825992
5.408639090001656
4.7476726854193645
4.769344001726399
4.8726379687212855
4.903544471307422
5.378525144082972
4.591464851271409
5.106155138756332
4.62073297629707
5.381823788093094
5.702347129364429
5.496516246466928
4.772713568507807
4.689554658616121
2.9860696550272237
5.0573997855360275
5.0480886758706545
5.139803802383168
5.030919391191518
4.914137027093129
4.129337449113204
4.750391312036237
4.5188821171969
5.232122683366414
5.010649912656333
5.072201446239557
3.985921043792371
4.412657155944132
5.104895614146813
1.7437918055361799
4.983044806955119
5.233377099961274
5.298940219584341
5.655467696111916
4.097800163811204
4.193951868447648
5.12488228537949
4.851286749442911
4.541147536904728
3.9584698811343912
5.0861923667934255
5.340979318084074
4.52587592572758
5.05591257623126
5.061532723914355
5.918679395488113
5.114890761026616
4.557461086404847
4.842995875558258
4.786448930489502
4.441292622719925
5.275152897013579
5.456328019485589
3.987083849933064
4.24561788917976
5.141015738337218
5.8888013398477295
4.647662891212189
3.403451283339196
5.029144195728953
3.940536947253311
4.51876285709321
5.507686110858309
5.353823493354885
4.790351652420324
4.7825484138777155
4.540789204675392
5.643652468212115
5.084169878685405
4.623701223927475
4.7686729115735425
4.664785770518789
5.478540557130657
5.439100893900385
5.008322570997072
4.94253380369136
5.2577157082217845
5.053453890996647
5.132505040218084
4.924899979756203
5.631452949505363
5.066996969985016
5.5501634419837425
4.683738524628741
4.654967777628604
5.333421896818568
5.106528444768161
5.846818390721881
5.313822372184641
4.890894244864652
5.1082887170141476
4.408311412096332
4.919519948959457
4.898266740296254
4.202109249510631
6.0223698116486615
4.349820039433766
5.4920351640492076
5.094645728545087
4.931418332436233
4.215774526975199
5.512980991016256
5.760624695812404
6.110696405968812
5.2670140818310625
5.147030796625659
5.083283121373021
5.277480447233836
5.174922832600406
5.060579942383175
4.739849858073928
4.711046880876647
3.4240944448717867
5.4328577754848455
2.9759830148219883
5.041757015117797
5.094138515446728
4.826475317440994
5.117536484153252
5.194095876860614
5.347607999350944
4.449436249235351
4.285498845173358
5.096611324106434
4.809457766181565
4.977322353455466
4.96342397923803
5.098369880524008
4.990758330519725
4.831508078234178
4.657360467765489
3.9222896789351616
4.81388122536916
5.020066655065673
5.280134334128907
5.248215347116374
5.527194373853742
4.933018420750367
5.334182307561957
4.921257076836607
4.664778293447004
5.410955644237964
4.748453869875645
5.401195581914152
5.273494864116958
4.959534873658553
5.083582987307869
5.03662416683318
5.363429677022195
4.728744565389159
4.711658983224578
4.863457805469055
4.835557382222225
5.133574701471022
4.923590198203255
6.432669390622713
5.164957890584084
5.0277761591613706
4.6075259665762704
4.671152655244532
5.048091501426674
4.517792896539476
5.007425227262816
4.37215270308823
4.9123677232719976
5.512526302661407
5.025318621762697
5.061769302033274
5.534983581937444
5.064123094721786
4.986769250104114
5.976502095450114
4.802652794073533
5.4933325706712814
5.1415142443726145
5.992971226859988
4.877828991097003
4.682491705499205
4.738322475704427
4.789438214132363
4.821743480416935
4.3783268683276555
4.1775952939591665
4.59443605970993
4.936424143136123
4.480647677425758
5.1100937533799105
7.266411426722341
4.545533456653761
5.050755491282378
4.278846153133711
4.960113196341909
4.9062093554320825
5.137470922255984
4.325537599510079
4.897209482787911
4.920888296890922
5.1810335293343694
4.6021275606767515
5.60492485281305
4.633357953936278
4.856057231943123
4.5354314117977035
4.350502456140579
4.878715669927772
5.335569819193684
3.618926473986579
3.715329683386419
3.6361140710837403
5.157689014621378
4.834623482696972
4.86275264845332
5.01697846080607
5.025369370771298
5.132959017970546
4.394468768064847
4.387861686747099
4.618478140092378
4.4978454969777495
4.6702427340436525
4.315686542562044
4.030331762532961
4.806720791039872
4.926639735569739
4.8263945360045595
4.954012613126401
4.9570221208906045
4.894128216505942
4.868251774526706
4.520591706171139
4.845522601015662
4.500399444199035
4.929800689530342
5.365099306242735
5.049952021948777
4.73666039294634
4.920606636562845
4.649223133595658
4.857998100794536
4.925691303555623
4.911082223765208
5.0985212545809295
4.91562593522755
5.2165841597128955
5.2730377122743946
4.9657671980546985
4.76371571531728
4.64304305424636
4.921400925202461
4.716126016027502
4.812653719551203
5.095210076502101
4.67642825715262
5.226821992710751
5.515463229740192
4.766141983417845
5.0454889568285655
5.129700314632003
5.005930722787114
4.941043312977732
4.994667766856808
4.368490806109933
5.36547429075381
4.90593842650151
4.685524368413674
4.922645376445381
4.186748659230792
4.687847297003968
4.468238785068827
4.492368814196237
4.513982306538279
4.730152548020347
4.355220815369358
4.774779090005008
4.094388489463099
4.369205291770448
4.4873031789959885
4.589694421131954
4.2704503831697025
4.345692931344289
4.608306380826373
4.4961533872945925
4.205909984921914
4.439470321575272
4.452355121501151
4.355445727025095
4.599211777847569
5.1114663543688446
4.7631158794198845
4.880613953327835
3.3667662311915763
5.042721475993377
4.697035617550017
4.9735447190802216
4.717444261517475
4.7375909459586305
6.312663052615267
4.78890085471975
5.09182964177364
4.667466562631883
5.1972145417190845
4.667972084812786
4.759684513169976
4.413267967058041
5.070713858593346
5.331990726982607
5.403783255079022
4.8926362474861875
4.893837074413199
4.839087201098128
4.895276930943161
5.473113899227793
3.9532359456160275
5.070332791186654
4.807935408419546
5.093657664519342
5.156472141779456
5.8190716448307125
5.24547221615136
5.24009887579716
4.951846257245573
5.460032606506092
5.2132473727394615
5.330355808994194
5.24997791431268
4.519981868533168
4.087019077332857
2.0982076195459602
4.894291214119358
3.6259458780607745
5.295081812727537
4.357439504958095
5.340430396161213
4.814094607866452
4.586995279961664
