3.3981850183965108
3.325167570708181
3.0213129864046726
3.225435018286112
2.726670026813165
3.697679761141243
3.3722875878832164
2.984765207723288
3.245248395311341
3.829587991929416
3.0777375612386026
2.124265372796828
3.204772455514125
3.6102880369006245
2.6942060063034976
3.0096465658373264
3.3151533939923388
2.792736145584816
2.879091626083849
3.1449276373239474
2.669431077235684
3.0937344809819294
2.8260378360205407
3.5831400163120843
3.9867210149105032
2.442904283488751
2.9514916497242742
3.0226209125989416
2.981715084529757
2.9773095552947266
2.8407051794095852
3.169970618775729
2.8081710982723136
2.600045903769089
2.399234999044742
3.6217391735835376
3.068723711227176
3.3062917748416885
3.655871066021808
4.166095120378521
2.8638107426352435
3.0710250897949067
2.9658441951381143
2.7039916594456868
2.957694314372322
6.7649209071930025
2.3186995419738823
2.3081366242755736
2.307314206298532
2.262483061234678
2.329291241478752
2.5588852128788653
2.384922729930032
2.3638737434001804
2.302405088654852
2.265758890360227
2.2951755466427004
2.3247226625913373
2.3147921165117062
2.248194400827745
2.337090242859893
3.582328042435595
2.2207012242406035
2.4694486236056323
3.3665401002236344
4.022887693560117
2.229031468809945
2.4509610357026768
3.391203031868334
2.6760228887511666
2.995782034359811
3.285196283549305
2.7894247706656676
2.4916911403881734
2.292793714479691
3.642942318234345
2.8373190876257746
3.0171838010428105
2.3307839556939802
4.19525717129191
2.676804249349747
2.681803488243883
2.4468448526079927
2.399494732549325
2.2960260326604254
2.399502338015571
2.5590175773909234
3.9278217026360873
4.003653176366351
3.214096211846799
2.386462818952161
3.8694718521914107
3.7137033555843737
3.1051554620929895
2.2201893636670524
2.9925453142925402
3.102957836768829
2.9961909960082833
3.3113918703325598
3.440844997932629
1.5826816152528396
2.284835523052324
2.9397277391219445
3.143667005421224
3.1811313471744675
2.895359957448744
3.1759355597815597
2.9699899233951212
2.68036108517458
3.726866433951768
2.759024463727632
3.3308819227438744
3.9302602755967477
3.230639863811236
3.8438704243178043
3.1379986085106744
2.8271347518213856
3.005256133794191
2.4096066600413195
4.2114799370326965
2.8940504224861336
3.560986664094141
2.5090048450213516
2.7176733276338094
4.3869162024435315
2.529352759235484
2.815048857367941
3.4604050743979253
6.705381900616368
2.3380740543492373
2.959135177731921
2.8568907646637784
2.5359963598258615
3.261421602279145
2.838037331596437
3.8708647813316377
2.945938179536439
2.687000820238484
3.4531151098297888
2.8555620641188995
2.74889509868761
2.4638599123686165
2.470437642897607
3.3339555717464773
2.5526993207376782
3.41980588562862
3.861353261367482
3.0267184884881564
3.3054265386393245
3.3009865625131036
2.9046698126206865
2.982231880318154
3.1746159576747752
2.6101526039833844
2.093907253986414
2.9738735285699116
2.976051148606461
3.793980491378579
3.3007759033597814
5.1586549744591785
3.6268220986807833
2.565479866847593
2.720898413502134
2.3951229876380102
3.2023236147924825
5.311699821816534
2.1605305226785476
3.4518301780956078
2.5726119931939513
3.182174890413091
2.8339064815700015
2.730938553979604
3.5108166192999883
3.619952333636977
3.7441324609289057
2.3077758740119836
2.4348231177609847
2.4628123753824664
2.5146546894110706
3.1841628339057344
3.149882661381124
2.744319253295546
3.0386034650368154
3.2252420607986867
2.2233777236901733
2.705165955105099
2.4258716899052617
3.1392412729677326
3.023989992808313
2.5209476098417554
2.423541866058878
2.7127293665154593
2.267652714140257
2.9628910157249844
2.700384804824402
3.1999146760585364
2.282962499425172
2.49730233049448
2.5684263171462858
2.506543197902446
2.4171396591759575
2.761502364453681
2.9447507132832444
2.238217154508022
2.328212910294101
2.3285322623616795
3.3282571155243668
3.114407220885553
3.2958699360083266
2.9665529565744477
3.126768245506558
2.3145582960109894
2.6746659632767527
1.9589462273917666
2.095839781691796
2.4090721988396213
2.3985926628181655
2.7868437781334525
2.5794841978980076
2.333019059521132
2.245252359144544
2.8625465117459052
3.7735829043745177
2.462363539902099
2.727077184950941
2.060225663076126
2.4392620788784556
2.3486030681038264
2.4406017318364426
2.363780698211313
2.3720617975489082
2.322021274621811
2.4439759117054067
2.308550237618123
2.478524481615723
2.2629965045658507
2.3918725307907405
2.252100305913989
2.376207907300907
2.350208431952846
2.2215962737596677
2.5539392542668655
2.8637865337610364
2.1889713304543084
2.7718114830879435
2.4187233739280805
2.392189309849097
3.1883274961038577
2.8037576756282276
4.911986996716314
2.7443011105740847
3.586331820417985
3.2442043298093823
2.3293959100363315
2.492732806701886
2.2602360688638816
2.3252744012388735
2.3987150188866293
2.1830724804669015
2.351469970009866
2.3261263971084207
2.224398899114558
2.8384861195121083
3.053037728509067
2.3109526187169385
3.0911447702676877
2.9833428851319885
3.324812504409545
2.1504870928381683
3.1446791393447953
2.4695066991104277
3.0257690092698484
2.2785411454995415
2.3506731444072995
2.8108482108419857
2.4323731558909816
2.8309378674426338
2.4517296338746983
2.2886555152279175
2.415410890616748
2.6839636879056363
2.541919057949343
2.663067727550688
2.5478670851726597
2.2241771886474133
2.5018878643793796
3.0491991145093067
2.955709224441943
4.011383633726445
2.5085496231863713
2.43120238028157
2.61322556589689
3.0174408500613934
3.3803858371663065
2.266517400192354
2.662717614101462
2.299861153327236
2.426935488860532
2.629427573245757
2.5612945508334106
2.651732324057214
2.237122943704145
2.6224983547820724
2.918750454591074
2.793979594913786
2.75311883942689
3.1990159470800936
3.3098373180272
2.8632207878783555
2.5415718671715912
2.313853022005271
2.5192690546845737
2.9151396710448356
3.2078909409392757
2.8974561742859484
2.302713781073566
2.1651865261938936
2.3681847254203157
2.7860406838761502
2.3783547464564023
2.821786746480665
3.3261760658698876
4.570447794703723
2.5320167065554755
3.2389535728202414
3.5330840417252714
2.65726904495264
2.618194119634103
2.69847766697161
3.0988589013209036
2.6662014035403745
2.784506972390291
2.57954987689914
2.8431871342264405
3.037365517712797
3.7312374931826175
3.004481565677782
2.4969968728958576
3.0981870884573577
2.869624647614548
2.956039195152302
2.3627863428683566
3.021408723099322
2.4904473521931694
3.5521484557151166
2.1875460119475436
2.6995905784048775
3.7856182766195703
2.916766302100775
3.404853009299377
2.988778147183217
2.710615696606318
2.58772370082104
2.2710760024969465
2.771966413920777
2.4954628692939216
3.602346743711326
2.217230830417213
3.3778544869893627
3.4557430212644666
2.625972081943667
2.4622668198168767
2.529247982954527
2.9263707847843454
2.3460911416259136
2.8835859997095175
2.285703409796903
3.253586614530405
3.1682777731342684
2.4582711061499856
3.010069773486922
2.372209845463529
2.8141956583928884
3.031164214469388
2.4168699397300073
2.5523404432771137
2.671432176742007
2.548407564366049
2.610729815047005
2.342386315435091
2.409174095725759
2.6202539582289894
2.42785709019184
2.356191490995368
2.7393695291168756
2.9467911945331196
3.4024409755844736
3.0834542740095476
2.92280389174124
3.0089783508189276
2.9790108323742897
2.9452191453150456
2.2375051902666185
5.480461399983187
2.879333758094439
2.1494078322765664
2.950193299824778
3.0275373735604236
2.703995118086908
2.7793638877963023
2.7734879845736207
2.8799481013202626
2.9571676259171893
2.9419291381164276
3.3724384502725027
2.814685001901261
2.5658356009520764
3.0703581386119176
3.6227977539546763
2.451535812339812
2.914553415433649
2.4791946870304136
2.413094502799917
3.1200869289064226
2.1728541942166433
2.4459780823225685
4.307905361354788
2.2419756266150754
2.2544595086745636
3.898286272701744
2.7578117002727045
2.878895049024001
2.440627818190139
2.769704517849906
3.026780392415371
2.688050996221465
2.700666009706591
2.843604854117874
2.6236547349738437
2.474363969934999
2.425142866217398
2.7913382544509675
3.0303842205762654
2.4719623107293076
3.463775027188035
3.6090537312771334
3.1968330168216106
3.1020606932512997
3.6478784997053353
2.9458946505428845
3.162055035927907
4.214769847342362
2.342069799028226
2.3559073694968484
2.3637068087626463
2.140173672935025
2.587249833880514
3.03167773634214
3.8311788557297475
3.299617430976343
3.0585977834053426
2.009047697387079
2.248471176259615
3.2991943386051394
3.153667882659641
2.553948385939586
3.4174093166861876
2.327094188890812
2.962310656820711
2.9980035733842945
3.583620243102317
3.3832638467552285
2.5671999383688697
2.332799442468336
2.557047832129909
2.5815387322078998
2.5384151369594345
3.0022296558909627
3.27938385780063
2.9003936629619975
2.1694646893560154
2.550528652266152
2.4115028729510106
1.981368567538955
2.884090833782956
2.9853912800567786
3.6541330818239928
2.5217053311210553
2.64687922773243
3.4523631427781316
2.921447418486539
2.780404698242106
