2.5672131147540984
3.103846153846154
2.4851063829787234
2.6951754385964914
3.3026315789473686
3.059288537549407
3.019607843137255
3.7899686520376177
3.017857142857143
3.45014245014245
3.4677871148459385
2.3118279569892475
3.9173789173789175
2.361963190184049
4.42485549132948
3.542955326460481
2.34032634032634
2.4794520547945207
3.9173553719008263
3.502645502645503
2.5155807365439093
3.9173789173789175
2.4696969696969697
3.029520295202952
4.428571428571429
3.2021660649819497
2.5
2.9056603773584904
2.75
2.5742092457420926
3.1870324189526182
2.361963190184049
2.58974358974359
2.5155807365439093
2.595744680851064
2.646511627906977
3.4401114206128134
3.9173789173789175
3.5522388059701493
2.9209302325581397
3.1030534351145036
4.047244094488189
3.9834710743801653
4.71806167400881
3.029520295202952
3.1043956043956045
3.648780487804878
3.5522388059701493
3.0886699507389164
3.741144414168937
2.5809248554913293
3.648780487804878
3.4397163120567376
2.48989898989899
2.8472906403940885
2.4794520547945207
2.34032634032634
2.71875
2.7058823529411766
4.08029197080292
3.3026315789473686
3.1043956043956045
3.45014245014245
2.5742092457420926
3.8864734299516908
2.3696969696969696
3.086687306501548
6.547297297297297
2.526315789473684
3.3026315789473686
2.6951754385964914
3.5283018867924527
4.3432432432432435
2.6951754385964914
3.759259259259259
3.759259259259259
3.369077306733167
3.1030534351145036
4.051679586563307
3.3026315789473686
3.746770025839793
3.5856697819314642
3.5398230088495577
3.1043956043956045
4.051679586563307
3.502645502645503
2.689008042895442
2.92226148409894
3.369077306733167
3.1506276150627617
2.7948717948717947
3.2660550458715596
3.741144414168937
3.8439306358381504
4.146478873239436
4.047244094488189
3.205211726384365
3.28
3.56973293768546
3.6901840490797544
3.2061068702290076
3.7711171662125342
3.137037037037037
3.124463519313305
3.4397163120567376
3.5644699140401146
4.2923728813559325
3.759259259259259
3.5977337110481584
3.6024844720496896
3.775735294117647
3.029520295202952
3.376237623762376
3.8606811145510838
3.4677871148459385
3.6024844720496896
3.1870324189526182
4.299401197604791
3.1030534351145036
3.7711171662125342
3.0454545454545454
2.7898936170212765
3.1506276150627617
2.847826086956522
3.5522388059701493
2.8868778280542986
2.629156010230179
3.4448529411764706
2.9209302325581397
3.123134328358209
2.3378995433789953
2.937086092715232
2.6951754385964914
2.7434052757793763
3.9273743016759775
3.060267857142857
3.5644699140401146
3.9628482972136223
3.016891891891892
3.060267857142857
2.5652173913043477
3.588235294117647
3.3461538461538463
3.103846153846154
3.5522388059701493
2.6951754385964914
2.5155807365439093
2.8997429305912594
4.0
3.124463519313305
3.759259259259259
3.2021660649819497
3.103846153846154
2.8997429305912594
2.6951754385964914
2.625
2.86094674556213
2.629156010230179
2.3594771241830066
2.2007874015748032
2.34032634032634
3.5
2.524390243902439
2.4794520547945207
3.34
2.4742268041237114
3.0476190476190474
3.8805555555555555
2.8868778280542986
2.524390243902439
3.5929203539823007
2.9214876033057853
2.9776785714285716
2.4375
3.856707317073171
2.3378995433789953
2.459627329192547
2.8141025641025643
2.595744680851064
4.185915492957746
2.689008042895442
2.4148471615720526
3.56973293768546
3.1043956043956045
2.841614906832298
2.848137535816619
2.577680525164114
3.9628482972136223
3.746770025839793
2.938775510204082
2.848137535816619
2.3556485355648538
3.648780487804878
3.958448753462604
3.4397163120567376
3.5644699140401146
3.775735294117647
3.103846153846154
3.022222222222222
3.0903010033444818
2.7434052757793763
3.4448529411764706
3.96137339055794
4.005988023952096
2.313978494623656
3.1043956043956045
3.96137339055794
3.4397163120567376
2.58974358974359
4.276422764227642
3.5398230088495577
2.909090909090909
2.89
3.4677871148459385
2.5742092457420926
3.644699140401146
3.1870324189526182
3.0373831775700935
2.5809248554913293
3.25968992248062
3.4485981308411215
3.682926829268293
2.8109589041095893
3.4347826086956523
2.58974358974359
20.0
2.71875
3.103846153846154
3.542955326460481
2.788793103448276
3.0886699507389164
2.5809248554913293
3.4485981308411215
1.864516129032258
2.629156010230179
3.5398230088495577
3.3559322033898304
3.1870324189526182
2.629156010230179
2.2857142857142856
2.4794520547945207
3.9173553719008263
2.86094674556213
2.524390243902439
2.8141025641025643
2.3556485355648538
2.646067415730337
2.5809248554913293
2.667741935483871
2.6238938053097347
2.92226148409894
2.4455958549222796
2.313978494623656
3.45014245014245
2.7898936170212765
3.029520295202952
3.369077306733167
2.595744680851064
3.137037037037037
2.8472906403940885
3.5398230088495577
2.4742268041237114
3.542955326460481
4.338582677165355
3.542955326460481
2.8141025641025643
3.2935323383084576
3.287974683544304
2.4742268041237114
3.3248945147679323
2.5672131147540984
3.060267857142857
2.5742092457420926
2.361963190184049
2.25
2.5742092457420926
3.227272727272727
3.28
3.648780487804878
2.7151162790697674
2.25
3.059288537549407
3.7941176470588234
2.6238938053097347
3.265671641791045
2.4842767295597485
3.96137339055794
2.103286384976526
2.8997429305912594
3.509433962264151
2.9776785714285716
2.7434052757793763
2.24025974025974
3.466666666666667
2.667741935483871
3.746770025839793
2.3129411764705883
2.8141025641025643
2.509433962264151
2.7151162790697674
3.3026315789473686
3.265671641791045
2.847826086956522
2.349240780911063
2.92226148409894
3.759259259259259
2.646067415730337
3.5255255255255253
3.5856697819314642
2.3594771241830066
3.1887323943661974
3.060267857142857
3.542955326460481
3.369077306733167
2.349240780911063
3.9173789173789175
2.1822660098522166
3.060267857142857
3.746770025839793
2.5
3.6231884057971016
2.6666666666666665
2.4794520547945207
3.060267857142857
3.5522388059701493
4.299401197604791
2.255079006772009
2.445026178010471
3.016891891891892
2.6254826254826256
4.439024390243903
3.958448753462604
4.1
3.56973293768546
3.2021660649819497
3.029520295202952
3.25968992248062
2.5742092457420926
2.71875
2.526315789473684
4.08029197080292
2.4742268041237114
3.1030534351145036
2.4
3.124463519313305
2.5809248554913293
2.7335907335907335
3.7899686520376177
3.588709677419355
3.1030534351145036
2.71875
4.467128027681661
3.4401114206128134
2.909090909090909
3.6366666666666667
2.595744680851064
3.542955326460481
3.2935323383084576
3.4677871148459385
3.7899686520376177
2.8472906403940885
3.124463519313305
2.5155807365439093
3.4677871148459385
3.68370607028754
3.5522388059701493
4.493333333333333
3.7899686520376177
2.7335907335907335
2.9056603773584904
3.60857908847185
3.101449275362319
3.588235294117647
2.7898936170212765
2.6951754385964914
3.060267857142857
2.909090909090909
3.0886699507389164
2.4794520547945207
3.0434782608695654
2.103286384976526
3.1887323943661974
2.667741935483871
2.48989898989899
3.6530612244897958
2.92226148409894
2.595744680851064
4.420588235294118
3.4266666666666667
3.1887323943661974
2.526315789473684
3.3026315789473686
2.5699745547073793
2.6666666666666665
2.48989898989899
3.25968992248062
2.4148471615720526
2.3556485355648538
2.937086092715232
2.4375
2.86094674556213
2.2213438735177866
3.1169354838709675
3.086687306501548
4.08029197080292
3.34
2.490990990990991
2.4794520547945207
2.475
3.1169354838709675
3.7899686520376177
2.5742092457420926
3.4677871148459385
2.475
3.4485981308411215
3.059288537549407
3.1043956043956045
3.2061068702290076
3.1043956043956045
3.588235294117647
4.1
2.629156010230179
2.3378995433789953
2.689008042895442
2.689008042895442
2.24025974025974
4.08029197080292
4.043373493975904
2.788793103448276
3.34
3.0903010033444818
2.92226148409894
3.775735294117647
3.1043956043956045
3.34
3.7748538011695905
2.6951754385964914
3.7941176470588234
2.4074074074074074
3.5856697819314642
2.788793103448276
4.0
3.5934579439252334
3.1169354838709675
2.689008042895442
4.26530612244898
3.4448529411764706
3.856707317073171
3.7711171662125342
3.45014245014245
3.5977337110481584
2.6951754385964914
3.3404255319148937
3.588235294117647
3.2660550458715596
2.595744680851064
3.5977337110481584
2.625
2.48989898989899
2.937086092715232
2.5809248554913293
3.198019801980198
3.376237623762376
2.646511627906977
3.746770025839793
3.4401114206128134
2.6951754385964914
3.0373831775700935
3.6838235294117645
2.595744680851064
3.205211726384365
2.48989898989899
2.8102766798418974
2.625
3.5934579439252334
3.4677871148459385
4.3432432432432435
3.205211726384365
2.689008042895442
3.6366666666666667
2.6254826254826256
2.689008042895442
4.081632653061225
2.599067599067599
3.5283018867924527
2.7151162790697674
2.4742268041237114
3.958448753462604
3.542955326460481
3.124463519313305
3.3076923076923075
3.3559322033898304
2.4709302325581395
2.4742268041237114
3.060267857142857
1.9824561403508771
2.71875
2.1147540983606556
2.8997429305912594
3.123134328358209
4.564315352697095
2.34032634032634
2.509433962264151
2.667741935483871
2.5
3.029520295202952
2.4709302325581395
2.9776785714285716
2.0476190476190474
2.689008042895442
3.174468085106383
2.8846153846153846
3.746770025839793
2.5294117647058822
2.847826086956522
2.9776785714285716
2.488888888888889
3.958448753462604
2.595744680851064
3.56973293768546
3.3026315789473686
