2.868544600938967
2.6678082191780823
2.4946236559139785
2.4222972972972974
2.4876847290640396
2.8517110266159698
2.983673469387755
2.903225806451613
4.76875
2.4124293785310735
2.8435754189944134
3.7899159663865545
2.4360189573459716
2.6641791044776117
4.2592592592592595
4.894308943089431
3.1867088607594938
3.2829457364341086
2.4222972972972974
2.983673469387755
2.60752688172043
2.8435754189944134
3.2829457364341086
2.4222972972972974
2.8036363636363637
2.4947368421052634
2.391304347826087
2.7402135231316724
2.8909774436090228
2.4680851063829787
2.6094674556213016
2.3828264758497317
5.8810975609756095
2.5684931506849313
2.5684931506849313
2.512
2.8692660550458715
2.5064935064935066
2.3977591036414565
2.4056603773584904
2.7435897435897436
2.8580246913580245
4.0
2.5194274028629855
5.518518518518518
2.8435754189944134
2.7967914438502675
2.8580246913580245
2.9346153846153844
2.9346153846153844
2.8641975308641974
2.4360189573459716
3.199288256227758
2.893700787401575
3.1603053435114505
2.8517110266159698
2.517766497461929
2.106267029972752
3.4693877551020407
2.7967914438502675
2.6094674556213016
3.4887459807073955
2.5
3.199288256227758
2.8580246913580245
2.9547169811320755
2.7518796992481205
2.953416149068323
2.7570621468926553
2.7967914438502675
2.868544600938967
2.9908536585365852
2.5194274028629855
2.5128205128205128
2.8863636363636362
2.972972972972973
3.35243553008596
2.5051903114186853
2.9547169811320755
2.8461538461538463
2.9908536585365852
2.402684563758389
2.1940850277264325
2.892063492063492
2.3613231552162848
3.0736196319018405
3.0778688524590163
2.8580246913580245
2.3613231552162848
3.126315789473684
3.275757575757576
2.9908536585365852
2.8215767634854774
2.9127272727272726
2.967032967032967
2.5
2.4056603773584904
2.49618320610687
3.7151162790697674
2.2528735632183907
2.430962343096234
3.184154175588865
4.615384615384615
2.4876847290640396
2.8109756097560976
2.6621621621621623
4.15
4.030769230769231
2.75
2.6363636363636362
3.24375
2.4791666666666665
2.897233201581028
2.801526717557252
2.2894248608534324
2.8909774436090228
2.8435754189944134
2.4563106796116503
2.6870503597122304
3.1867088607594938
2.4947368421052634
3.519893899204244
2.4222972972972974
2.438775510204082
2.907063197026022
2.3043478260869565
2.1940850277264325
3.2771084337349397
2.4947368421052634
2.7967914438502675
4.7
2.967032967032967
2.3290598290598292
2.4124293785310735
2.366863905325444
3.2613636363636362
3.184154175588865
2.4563106796116503
2.4563106796116503
2.940074906367041
2.3828264758497317
3.4339622641509435
3.0392156862745097
2.4947368421052634
2.635514018691589
3.1228813559322033
2.3828264758497317
3.0821428571428573
2.512
2.907063197026022
3.832474226804124
2.5
2.4791666666666665
2.6770833333333335
2.4680851063829787
2.5821428571428573
2.8823529411764706
2.181395348837209
2.5684931506849313
2.868544600938967
3.263157894736842
2.907063197026022
4.846153846153846
2.389830508474576
2.366863905325444
2.8517110266159698
2.835616438356164
2.8862876254180603
2.8333333333333335
2.764705882352941
3.3592233009708736
3.078125
3.0821428571428573
3.6666666666666665
2.4947368421052634
2.4563106796116503
2.1333333333333333
3.125461254612546
2.897233201581028
2.607011070110701
2.892063492063492
2.4175824175824174
2.5051903114186853
2.7713178294573644
2.5684931506849313
2.4056603773584904
3.0
2.907063197026022
2.4124293785310735
2.7967914438502675
2.8909774436090228
2.607011070110701
2.4124293785310735
2.9874213836477987
2.6040955631399316
2.75
2.4563106796116503
3.375
4.248803827751196
2.2808988764044944
2.5
3.2
3.5356037151702786
2.602439024390244
2.897233201581028
2.907063197026022
3.1792452830188678
2.5051903114186853
2.9908536585365852
2.219409282700422
2.7518796992481205
2.8909774436090228
2.181395348837209
2.8644688644688645
2.578754578754579
3.0821428571428573
2.438775510204082
2.8580246913580245
2.438775510204082
2.5166666666666666
3.0555555555555554
2.835616438356164
2.8644688644688645
2.9874213836477987
2.5821428571428573
2.4
2.967032967032967
2.972972972972973
2.433673469387755
3.519893899204244
2.928
2.4038461538461537
2.9346153846153844
2.6621621621621623
2.8644688644688645
2.4222972972972974
2.4791666666666665
2.331983805668016
2.257142857142857
2.2997542997542997
3.125461254612546
4.489130434782608
2.569105691056911
3.275757575757576
2.995515695067265
3.126315789473684
2.8215767634854774
2.9127272727272726
2.9127272727272726
6.096153846153846
2.4056603773584904
2.9874213836477987
2.391304347826087
3.4887459807073955
2.5684931506849313
4.209677419354839
2.826923076923077
2.953416149068323
3.0818858560794045
3.189655172413793
2.907063197026022
2.2032374100719423
2.9464285714285716
3.6806930693069306
4.489130434782608
3.189655172413793
2.8011527377521612
2.4175824175824174
2.8909774436090228
2.9152542372881354
2.4563106796116503
2.7686567164179103
2.5194274028629855
2.3977591036414565
2.6770833333333335
2.1481481481481484
2.411764705882353
2.6122448979591835
3.0941176470588236
2.607011070110701
2.903225806451613
4.0
3.69375
2.6236263736263736
2.4947368421052634
2.5692307692307694
2.8109756097560976
3.1423357664233578
2.4947368421052634
2.430962343096234
2.9547169811320755
3.230769230769231
2.6379310344827585
2.826923076923077
3.5246305418719213
2.4680851063829787
2.4947368421052634
8.961432506887052
3.4290322580645163
4.591695501730104
2.868544600938967
2.3613231552162848
2.4976076555023923
2.517766497461929
2.5950413223140494
2.801526717557252
3.2
2.4124293785310735
2.8909774436090228
2.4360189573459716
6.0958230958230954
2.411764705882353
2.282051282051282
3.1439588688946016
2.93993993993994
3.519893899204244
2.995515695067265
3.895
2.8109756097560976
3.0555555555555554
2.5194274028629855
3.423452768729642
2.3452768729641695
2.8909774436090228
2.2292490118577075
2.9874213836477987
2.826923076923077
2.907063197026022
3.4887459807073955
2.8909774436090228
2.7083333333333335
2.8215767634854774
2.3828264758497317
3.832474226804124
2.93993993993994
2.5166666666666666
2.8011527377521612
2.5064935064935066
2.6770833333333335
4.12
3.4887459807073955
2.4791666666666665
2.826923076923077
2.9874213836477987
3.4477611940298507
2.7379032258064515
2.9210526315789473
2.8011527377521612
3.423452768729642
2.3452768729641695
2.590909090909091
2.0833333333333335
2.9874213836477987
2.8823529411764706
2.411764705882353
2.4876847290640396
5.25
2.4976076555023923
2.6621621621621623
2.7967914438502675
2.897233201581028
2.868544600938967
2.835616438356164
2.9127272727272726
2.602439024390244
2.391304347826087
2.0533980582524274
3.125461254612546
2.958904109589041
3.6025641025641026
2.4947368421052634
2.8644688644688645
2.4563106796116503
2.5051903114186853
3.125461254612546
2.402684563758389
2.9908536585365852
2.602439024390244
2.892857142857143
2.4175824175824174
2.3613231552162848
2.4056603773584904
2.3452768729641695
2.8109756097560976
2.219409282700422
2.607011070110701
2.93993993993994
2.7713178294573644
2.7713178294573644
2.8644688644688645
5.940119760479042
2.5215686274509803
2.0738636363636362
2.801526717557252
2.868544600938967
2.8109756097560976
2.8215767634854774
2.9523809523809526
2.776173285198556
2.293103448275862
3.121359223300971
2.7379032258064515
2.801526717557252
2.7713178294573644
2.5215686274509803
2.6369426751592355
2.903225806451613
3.1439588688946016
2.7967914438502675
2.7686567164179103
2.265765765765766
2.2472527472527473
7.310344827586207
3.184154175588865
3.5384615384615383
2.9908536585365852
2.578754578754579
2.8517110266159698
2.6236263736263736
3.423452768729642
2.60752688172043
2.2292490118577075
2.9127272727272726
2.3613231552162848
2.389830508474576
2.1578947368421053
2.607011070110701
3.4693877551020407
2.5961538461538463
5.606060606060606
2.5
2.257142857142857
2.9908536585365852
3.9612903225806453
3.54
2.8862876254180603
2.60752688172043
2.3828264758497317
2.6621621621621623
2.4222972972972974
2.125
2.3686354378818737
3.2613636363636362
2.6678082191780823
2.3452768729641695
2.826923076923077
2.4563106796116503
2.5194274028629855
2.2023809523809526
2.212
2.5215686274509803
2.219409282700422
2.4038461538461537
2.7686567164179103
2.8435754189944134
3.6025641025641026
2.6870503597122304
5.784741144414169
2.8517110266159698
2.368731563421829
2.366863905325444
2.6678082191780823
2.5
2.512
3.740524781341108
2.607011070110701
2.265765765765766
3.142857142857143
3.1439588688946016
2.967032967032967
2.5
3.5546875
2.8109756097560976
2.3686354378818737
2.4563106796116503
2.4360189573459716
2.826923076923077
2.572139303482587
3.0
2.897233201581028
2.411764705882353
2.485148514851485
2.8435754189944134
2.972972972972973
2.4563106796116503
2.4222972972972974
3.1439588688946016
2.5166666666666666
5.011450381679389
3.184154175588865
2.8862876254180603
3.423452768729642
2.391304347826087
2.602439024390244
3.6666666666666665
2.4791666666666665
2.4876847290640396
2.3613231552162848
2.6678082191780823
2.441666666666667
2.7967914438502675
2.801526717557252
5.065476190476191
2.8036363636363637
3.624203821656051
2.4038461538461537
3.1228813559322033
2.4876847290640396
2.75
3.199288256227758
2.5
2.7402135231316724
2.196078431372549
2.485148514851485
2.7402135231316724
2.1857142857142855
2.2032374100719423
2.572139303482587
2.3956521739130436
3.1588447653429603
3.423452768729642
2.972972972972973
2.835616438356164
2.903225806451613
2.826923076923077
3.1439588688946016
3.69375
2.8435754189944134
2.16
2.546218487394958
3.184154175588865
2.8036363636363637
3.8120805369127515
2.1940850277264325
2.8909774436090228
2.774193548387097
2.85
2.4563106796116503
2.5692307692307694
2.3828264758497317
2.512
2.4175824175824174
2.4947368421052634
2.7402135231316724
2.2023809523809526
2.892063492063492
2.75
2.8215767634854774
2.5950413223140494
2.8580246913580245
2.4563106796116503
2.8215767634854774
2.8580246913580245
2.93993993993994
2.8109756097560976
3.3518518518518516
2.892063492063492
2.8862876254180603
2.902877697841727
2.983673469387755
2.8036363636363637
2.902877697841727
2.8644688644688645
2.4175824175824174
3.0821428571428573
2.512
3.5246305418719213
2.4947368421052634
2.517766497461929
2.3613231552162848
2.8909774436090228
2.7402135231316724
2.5
2.5821428571428573
2.924778761061947
3.1439588688946016
2.776173285198556
5.053921568627451
2.8692660550458715
3.8089330024813894
3.4793650793650794
2.8435754189944134
2.3686354378818737
2.5287958115183247
2.24375
2.6870503597122304
2.5166666666666666
2.5287958115183247
2.1333333333333333
2.3828264758497317
2.602439024390244
3.1423357664233578
2.907063197026022
2.75
2.8862876254180603
2.569105691056911
2.219409282700422
2.512
2.4876847290640396
2.7686567164179103
2.6870503597122304
2.6040955631399316
2.4175824175824174
3.6130790190735693
2.635514018691589
3.0555555555555554
2.8011527377521612
2.5821428571428573
3.0
2.4056603773584904
2.6236263736263736
3.740524781341108
2.907063197026022
2.2292490118577075
2.3686354378818737
3.1439588688946016
2.2292490118577075
2.8644688644688645
3.1792452830188678
2.801526717557252
2.6236263736263736
2.8109756097560976
2.835616438356164
3.4324324324324325
2.983673469387755
2.9152542372881354
3.1228813559322033
2.607011070110701
2.4038461538461537
2.6621621621621623
2.2997542997542997
2.8536585365853657
2.4222972972972974
2.4124293785310735
2.411764705882353
2.204081632653061
2.390909090909091
2.4680851063829787
3.1792452830188678
2.257142857142857
2.2997542997542997
2.902877697841727
2.60752688172043
2.7379032258064515
2.368731563421829
2.7967914438502675
2.935483870967742
2.8641975308641974
2.8109756097560976
2.2292490118577075
3.4887459807073955
2.8862876254180603
2.933333333333333
3.199288256227758
2.7402135231316724
2.3043478260869565
2.902877697841727
2.9917355371900825
2.857142857142857
3.184154175588865
3.0555555555555554
2.5051903114186853
2.602439024390244
4.0428211586901766
2.7379032258064515
2.3879310344827585
