4.24
3.06
2.9
4.58
3.32
4.04
4.04
3.86
3.36
3.2
3.26
2.16
2.14
2.34
3.3
2.6
3.36
2.2
3.66
3.62
3.3
6.24
4.76
2.52
3.32
3.84
4.1
3.74
2.68
2.2
2.04
3.28
1.86
2.9
2.44
4.01
2.8
4.68
2.5
3.32
3.26
5.5
2.26
2.58
4.02
3.08
2.86
2.54
3.12
2.58
2.58
3.16
4.02
3.62
5.506666666666666
2.38
3.32
2.82
3.98
3.62
4.98
4.28
3.9
3.7
3.68
2.78
3.16
2.68
3.54
2.74
3.32
3.58
2.3
2.68
2.96
2.82
2.68
5.74
1.88
2.74
2.68
3.24
2.4
3.38
3.06
2.4
4.24
2.68
1.86
2.12
3.0
3.34
2.78
2.28
2.76
1.88
3.32
4.94
4.86
3.08
4.22
2.92
2.92
3.16
2.72
4.74
2.84
2.56
1.48
2.8
2.68
2.3
1.86
3.44
1.46
3.26
4.6
2.84
2.12
2.6
3.8
3.3
3.44
3.32
2.58
2.34
2.6
2.88
3.24
3.84
2.26
2.9
5.02
2.98
4.24
2.14
3.84
2.64
2.66
3.68
3.22
4.26
2.4
4.29
2.78
3.0
3.68
2.96
1.9333333333333331
3.56
3.28
4.22
2.56
3.42
3.42
1.925
2.6
2.52
3.54
3.96
7.03
2.22
1.48
1.58
3.4
3.16
2.92
4.866666666666667
4.3
3.595
2.82
2.94
4.34
2.88
1.94
4.82
4.8
4.78
2.24
3.72
3.58
2.2
3.38
2.78
3.22
3.12
2.92
2.3
2.24
2.9
3.58
3.36
3.36
2.2
2.72
2.72
3.74
4.08
3.52
3.4
3.3
3.62
3.36
3.2
3.16
2.5
3.44
2.78
2.04
3.12
4.1
3.02
2.94
2.72
2.92
3.68
2.66
1.52
3.52
2.44
4.1
3.3
3.06
3.86
2.14
2.084
2.78
2.9
1.94
2.32
2.146666666666667
5.36
2.42
2.32
2.6
3.2
1.94
5.96
3.32
5.22
5.48
4.02
6.16
3.28
5.08
2.66
2.92
1.94
2.74
3.72
3.24
3.68
3.22
2.88
3.22
2.12
2.39
3.64
3.44
3.26
4.98
4.94
2.38
4.02
3.88
4.42
4.26
2.44
1.9666666666666668
2.82
3.66
4.6
3.44
2.72
1.85
2.28
3.8
3.32
3.44
3.34
2.24
2.18
8.72
2.3
3.12
3.82
3.48
2.68
2.4
2.46
5.14
5.04
3.0
1.88
2.48
2.08
2.6
4.92
3.24
3.32
3.04
4.54
2.0633333333333335
1.64
2.26
2.24
3.98
2.36
3.7
4.04
2.04
4.66
2.24
3.92
3.9
3.46
4.16
2.66
2.7
2.66
3.92
3.4
2.58
3.14
2.66
2.72
3.12
4.58
3.24
2.14
3.34
3.66
2.48
4.92
2.74
3.0
1.8453333333333333
1.725
4.58
3.02
2.74
4.74
2.64
5.5
3.12
4.14
5.08
4.7
7.18
2.08
2.6
4.8
3.08
3.62
2.76
3.1
3.68
2.7
3.74
4.26
2.8
2.7
2.96
2.2
2.88
4.58
2.64
2.26
3.42
6.047999999999999
2.62
5.1
3.496904761904762
2.3
3.02
8.38
2.36
3.1
3.26
2.28
6.18
2.78
2.86
3.8
5.1
2.88
4.88
3.28
3.72
2.8
5.42
5.38
3.48
3.26
3.72
4.0
3.78
3.18
3.46
4.46
4.02
2.2
2.26
1.48
1.7
3.14
4.54
2.78
3.82
3.2
1.92
3.0
4.8
2.52
2.26
3.52
3.82
2.24
2.76
3.16
3.58
2.78
3.5
3.6
4.52
3.82
3.08
4.58
3.38
3.2
2.64
3.66
4.0
1.56
3.42
3.92
3.12
3.04
4.5
2.38
2.04
2.84
4.42
3.62
2.72
2.84
3.5
2.26
2.46
4.996
3.0
6.12
4.56
2.34
2.88
4.14
2.68
2.8
2.04
2.04
2.62
2.28
3.34
3.22
2.9
3.78
3.78
5.16
3.06
4.32
2.96
4.2
2.58
3.02
3.36
3.32
3.72
4.84
1.9
4.5
4.8
3.78
2.0
2.6
7.82
2.98
2.7
3.66
3.38
3.7
2.06
2.38
3.6
2.86
4.96
2.96
4.2
4.18
4.78
2.1
2.96
5.22
3.58
2.48
2.72
3.52
3.5
5.1
3.16
3.92
2.38
4.64
2.9
1.92
3.16
3.22
3.26
2.72
3.16
3.34
3.04
2.96
2.4
1.84
2.92
2.98
2.64
5.18
3.24
1.4
2.76
8.04
2.04
3.66
3.2
3.6
4.16
2.74
3.38
2.14
3.18
2.5
7.18
4.34
3.6
3.6
4.46
2.5
2.78
5.62
3.62
4.1
3.48
3.26
3.44
2.72
2.62
2.68
3.26
3.52
2.76
1.88
1.8033333333333335
6.06
4.3
3.28
3.46
3.36
2.98
2.5
6.08
3.04
3.34
1.8
3.66
3.86
2.9
2.74
3.76
2.36
3.88
2.78
2.48
3.96
3.3
3.5
4.76
1.88
2.54
3.48
2.92
3.08
3.1
5.58
4.84
3.84
3.76
3.66
3.9
2.5
3.66
5.58
3.94
5.38
3.7
2.1
3.5
3.02
3.42
3.68
2.88
3.18
2.52
2.66
2.6
3.54
4.22
2.08
2.56
2.68
2.42
2.68
2.36
3.04
4.32
3.14
4.88
3.0
3.44
3.32
3.9
2.58
2.94
3.96
3.08
3.24
2.3
4.78
4.58
3.06
2.4
3.28
4.18
4.8
2.3
3.66
2.4933333333333336
3.28
4.58
4.08
2.32
2.7
5.0
4.22
3.2
3.14
3.48
2.52
2.68
3.86
2.96
3.16
1.72
3.79
1.64
3.14
2.84
3.68
2.5
3.3
2.28
2.44
3.3
3.32
3.14
3.2
2.9
2.66
6.3
3.16
4.22
6.3
3.4
3.8
5.38
3.0
2.64
4.1
2.88
2.52
3.2
3.02
2.46
3.08
4.02
5.74
2.74
4.88
4.9
5.0
5.0
5.0
2.82
2.1
2.32
4.0
5.26
1.84
3.18
2.78
3.02
2.726666666666667
3.2
5.78
2.8
3.1
2.94
2.84
3.2
3.52
3.34
4.38
2.48
3.5
4.32
3.62
2.8
2.7
2.9
5.52
4.4
2.44
2.28
2.74
4.24
4.3
2.18
5.08
4.36
2.18
2.88
3.86
6.14
3.2
2.14
2.1
3.92
3.6
3.4
3.76
3.3
2.64
5.46
3.38
3.08
3.96
3.28
2.36
1.9
3.28
5.22
3.56
1.92
2.32
3.34
3.0
3.88
5.24
4.08
2.98
4.14
3.8
4.02
2.02
2.3
3.36
1.94
2.3
2.98
3.76
3.26
3.86
3.36
2.075
4.42
2.72
2.54
3.06
2.84
3.22
3.32
2.7
3.84
2.4
3.1
3.06
3.24
3.26
3.48
2.2
2.76
3.52
4.06
6.24
1.33
6.22
3.02
3.2
2.54
2.26
5.82
2.74
5.14
2.78
3.38
2.76
2.92
3.6
5.56
6.313
4.266666666666667
3.7899999999999996
2.54
2.64
2.26
3.26
1.68
2.2
3.4
1.4666666666666666
3.68
3.42
3.58
4.06
2.64
4.34
1.64
2.84
4.38
3.42
4.18
2.4
2.24
2.02
3.36
3.1657142857142855
3.92
3.56
2.1
2.8
1.9533333333333334
3.02
5.8
2.86
4.22
3.0
2.88
4.12
2.2
3.12
3.2
3.38
3.04
2.74
2.36
3.3
3.82
3.2
3.06
5.606666666666667
1.96
4.12
8.68
3.02
3.02
3.14
5.7
3.58
2.64
4.68
4.48
2.5
2.56
2.96
2.8
2.54
3.94
3.66
3.38
2.773333333333334
3.18
1.92
2.56
4.98
3.66
2.9
2.06
3.96
2.36
2.72
2.84
2.58
3.66
4.26
2.6
2.44
2.86
2.46
3.22
2.02
4.72
1.88
3.58
2.68
3.5
2.54
1.94
4.74
2.66
7.38
2.8
4.1
3.08
4.36
1.86
5.62
1.76
2.68
4.28
4.72
1.9
3.22
3.88
2.52
3.32
4.18
2.2
1.96
3.32
3.62
2.96
3.54
3.58
3.8
4.26
5.6
5.02
2.27
3.58
6.04
2.94
3.5
2.94
2.82
3.04
3.82
1.52
2.5
1.68
2.12
3.18
2.02
4.82
1.6840000000000002
4.42
3.52
2.533333333333333
2.7
3.18
2.84
1.78
3.4
4.8533333333333335
3.42
4.98
3.38
3.82
3.48
2.52
3.48
2.56
2.52
3.3
2.34
3.36
1.945
2.96
2.46
2.86
3.66
3.845
2.1
3.1
2.86
3.26
3.76
2.58
3.7
2.38
2.22
3.96
1.77
1.24
1.51
1.4399999999999997
2.3266666666666667
1.04
1.2
1.12
2.36
1.24
6.42
2.38
3.54
3.46
2.52
3.04
3.36
3.94
5.84
3.48
3.5
3.12
3.9
4.34
3.38
3.62
2.38
4.62
5.7
3.34
1.74
4.18
4.362666666666667
5.26
2.68
3.46
4.96
2.7
2.76
2.84
3.38
2.62
3.74
1.76
3.22
3.1
2.14
3.52
3.08
2.98
3.96
2.78
6.16
3.24
3.76
3.12
2.64
2.78
2.48
5.1
2.44
2.92
2.4
1.98
2.54
4.62
2.8
3.14
2.37
4.8
4.02
2.86
4.8
2.56
3.14
2.24
4.24
2.3
2.46
1.6966666666666668
5.42
2.32
2.52
2.14
3.26
3.8
2.56
4.14
2.4
3.3480000000000003
4.36
2.44
3.08
5.78
3.8
3.433333333333333
3.64
2.78
2.44
2.84
4.06
3.8
5.64
3.2
2.06
3.5
3.12
5.86
2.0233333333333334
2.92
3.38
3.36
4.989999999999999
2.32
2.74
2.02
3.71
2.78
6.1
2.56
3.44
2.98
3.14
3.74
4.04
2.86
3.72
7.58
3.16
4.54
3.98
10.5
9.8
2.22
3.02
3.32
3.08
3.08
2.14
3.54
3.54
2.76
2.42
3.26
4.796
2.52
3.06
4.56
2.89
2.54
2.68
1.38
3.52
2.7
3.84
3.84
2.96
3.62
4.02
2.18
4.06
2.46
4.32
3.58
1.92
1.62
2.04
4.998
4.586666666666667
3.9
2.02
2.76
2.26
2.34
4.14
3.66
2.82
3.96
1.36
4.46
2.92
5.68
3.48
4.04
2.84
2.2
2.88
3.82
2.94
3.12
2.52
3.36
2.74
4.08
2.18
3.06
2.66
3.22
2.96
3.32
3.1
3.52
4.0
3.92
5.5
6.3
2.48
1.22
1.58
1.52
2.16
2.64
2.92
2.64
3.58
2.34
3.52
2.8
2.44
5.36
2.58
2.92
3.28
4.86
5.68
4.16
6.38
3.66
2.44
1.92
2.7
3.34
3.08
2.96
3.8
3.92
3.4
2.96
3.04
2.74
3.92
4.66
2.76
2.3
2.6
4.213333333333334
2.8
3.12
3.9
2.36
3.74
2.64
3.94
3.5
2.5
2.82
4.84
4.76
3.64
2.1
4.08
2.32
3.04
4.64
3.16
2.66
5.04
2.92
2.56
2.78
2.3
3.38
6.44
2.74
2.54
3.76
3.18
3.16
2.84
2.9
4.42
4.32
2.84
4.24
3.22
2.76
3.06
2.14
3.48
3.38
3.8
2.8
1.92
4.12
3.48
3.72
3.08
2.58
3.12
3.86
2.7
3.46
2.12
3.16
3.34
2.52
3.14
3.82
4.42
3.0
3.66
4.26
3.26
3.12
2.64
4.28
4.248
3.22
3.26
3.22
2.44
3.6
4.7
2.38
3.16
3.06
2.58
3.72
2.24
2.26
4.42
2.56
2.46
4.74
4.7
3.5
2.2
4.66
2.96
3.18
3.24
5.503571428571429
3.74
4.08
2.62
2.84
3.18
2.8
3.08
2.48
4.88
2.86
2.68
2.66
3.2
3.96
3.26
2.72
3.14
3.9
3.42
2.12
2.4
3.12
3.16
2.42
2.18
4.38
2.88
2.7
2.66
3.08
2.5
2.96
3.16
2.36
3.04
2.72
5.6
3.8
4.88
4.82
3.28
3.5
3.26
3.425238095238095
3.2
2.46
2.94
2.86
4.42
2.28
3.08
1.98
2.64
2.64
3.16
3.14
3.8
2.6
2.56
2.2
2.56
4.92
1.82
1.78
2.62
4.84
2.7
2.62
2.32
2.54
2.24
3.36
2.66
2.78
3.26
3.48
2.6
4.22
2.36
2.54
1.82
3.46
2.82
2.26
2.84
2.3
2.58
3.06
3.4
2.44
3.32
3.04
2.56
3.66
3.22
2.15
3.38
3.84
3.94
3.44
4.66
3.62
3.52
3.8
5.18
2.56
4.28
2.76
2.4
3.0
1.94
3.726666666666666
2.61
3.0
2.56
2.82
5.26
4.56
2.2
3.62
2.66
3.18
5.96
2.58
4.63
2.44
3.4
3.6
2.34
2.8
2.76
2.6
3.22
3.78
2.92
2.7
3.2
3.54
2.06
3.68
3.14
2.54
4.5
2.54
2.63
3.9
2.44
2.82
5.0
5.98
3.02
3.68
2.58
2.8
2.22
4.36
3.2
3.62
4.92
2.54
3.28
2.72
2.58
2.66
3.06
5.56
3.14
1.74
1.48
1.905
5.586666666666666
3.84
3.3
2.2
3.78
2.48
2.9
3.2
3.08
3.36
3.34
2.86
3.34
2.74
2.96
2.22
3.7
3.68
3.78
3.06
7.54
3.66
4.6
2.38
3.2
3.74
3.22
3.4
3.26
3.24
2.34
2.9
3.16
4.44
3.42
3.32
3.78
2.98
2.36
2.6
1.78
4.6
2.96
3.12
2.42
2.54
5.06
3.24
2.84
2.48
3.5
3.42
3.34
3.5
3.02
2.86
3.72
3.48
2.86
2.62
3.22
3.3
5.64
2.04
4.6
2.78
3.78
2.88
2.94
2.96
3.28
3.28
3.64
3.36
4.5
3.02
2.5
2.52
3.3
3.7
2.8
1.96
2.34
3.04
2.94
2.14
2.46
1.56
3.3
2.28
3.14
3.08
3.7
2.14
2.96
4.18
3.4
3.94
3.6
3.46
3.54
3.72
2.58
2.9
2.14
3.92
4.08
4.8
2.34
3.22
4.74
3.62
2.56
2.36
3.22
3.32
3.2
3.1
4.34
3.06
2.82
3.46
3.72
2.86
3.14
3.16
2.8
3.78
2.56
4.36
2.2
3.36
4.08
3.3
3.12
3.1
6.2
3.78
1.98
3.26
3.08
2.56
2.5
3.74
1.56
2.52
2.18
3.84
3.14
3.1
3.14
2.68
3.24
3.16
2.98
2.64
4.44
2.76
2.58
3.44
3.66
2.92
2.72
3.82
3.42
4.18
2.66
