2.630989390420156
2.970770251525193
2.2016640047295026
1.998642314176188
2.05975169768791
2.7039758787964985
3.0382883189128878
3.0203705766042632
2.4559791981263577
1.7513551989900136
2.370323441313999
2.2350354657671847
2.101954493533592
1.8654767061598978
2.489563233939119
2.8606156587879887
2.691334446441187
2.382291526882558
2.6241897419321223
2.981572754634398
2.295064768400553
3.698445401606061
3.1473278115664614
2.1952977732875163
2.543123159185497
3.0364053859562774
2.6858804087638473
2.293511869593383
2.5757364304672286
2.22721537892366
2.2086864961323456
2.690878038305179
2.1830439998957476
2.455229186659417
2.140722477295713
3.1804464937636316
2.0432805709567665
2.664569727498793
2.0909715875906016
2.960025220386904
2.977955105675746
3.3125004290933577
2.078581639435985
2.762002018836105
2.795647270630047
2.6784695317897453
2.666450419177992
2.5816527118242982
2.8312276262051763
2.584917381851507
2.408336831675931
2.0596384750236085
2.6879409096362488
3.3089040658947217
3.0445458729757906
2.195584911110851
3.178351901481022
2.157066675657081
1.844362465839006
2.56485885944257
2.644359405649671
2.6221446958732213
2.8115231012852666
1.5598315415438522
2.042189161916662
2.9151162925850134
2.229948477239391
2.682923020516982
3.1902090081496057
2.8231745449041705
2.6818332017504125
3.0617317576781646
2.114822244731474
2.587253242013077
2.685114021507276
2.8569870763450065
2.0415390468609638
2.917486736784762
2.085891182089334
2.287879338682131
2.0744811040126736
2.892886363047124
2.023093983912286
3.0751092022653626
3.0499223643797135
2.419180269629132
2.8037417775687534
2.481579114387481
1.9699522915993382
2.1493965147634624
2.674176383375486
2.5250048992122447
3.1274427844037826
1.9760318643377186
2.6641637378014282
1.9800171128056134
3.2945429773420423
2.4436402671866064
3.1117130953454564
2.494841878630783
2.8688934804008097
3.1317889508638554
2.725649693290266
1.991420632647006
2.6212331692968083
3.098714080438995
2.1750843406587874
1.9692378392471204
1.9471935624311127
1.98952361641316
2.705233557373778
2.749942152710174
1.991276995981437
2.6632902178382882
2.00345489489526
2.853650288050732
3.247749761888064
2.542760844038538
1.860873911849549
2.409730560037047
2.785305623807124
2.692446504422005
3.043010837440492
2.92123093780192
2.650773807880542
2.8379427085239977
1.933087515690333
2.5926632850943654
2.547438331769192
3.0899201045361404
2.2213788666987444
2.7312387773765656
2.696476540663219
3.1852200683540897
2.6169384410472585
2.1352524125093733
2.974991639932652
2.3369697546486523
2.745747964723762
2.5900285945277512
2.9699849920857404
2.8849348997929685
2.655049733030583
3.125037533480061
2.887671338051068
3.179366221040496
3.0144271294567435
2.7081814041748546
2.20492333376978
2.5577453894278084
2.708459532875073
3.1808566865500865
2.3950994620879937
2.9987294762928753
1.9281465283487773
1.684449283590902
2.067952040455494
2.167132772544252
2.698002199118715
2.9436046289848172
2.792915485119791
2.7736559806340075
3.131181396977351
3.1817040921816204
2.564114428209097
2.487540668714803
2.9567285646703136
3.3071966801166313
2.935845677133172
2.012412774820805
2.7303897695464743
2.907209288017587
3.168256778748834
2.2458975789933975
1.8845474082749964
3.298476382979749
3.2517763244715274
3.4010903223258935
1.8889245924590505
2.9520656322820042
2.8042679763747915
2.337489042817804
3.1598260434081897
2.893787314357904
2.995988411731641
2.6825080022388414
2.857141570209482
1.7710572414362344
2.770820996165554
2.22965754907486
3.175362451094559
2.1911106684847406
2.1617202861749747
1.9038822818868772
2.71893026307342
2.823686874261306
2.943133713039746
2.976953525211382
3.0596866793782076
2.5159353330351877
2.8602206115930797
2.8736759328098103
2.215004361761456
2.8625259102666285
2.5020209717616004
2.591305237232624
2.950066410882144
2.475339698443389
2.8730266206974253
1.6152688453643986
3.0176865821381273
2.553283019010215
2.740762376565676
2.7434451134872884
3.010490797606906
2.3402437047960998
2.3056835217345397
2.0690990646059513
2.7012835101369355
2.036362620843155
2.618071980558677
3.090437254708627
2.0743453011018325
2.8194280102990557
2.1355145149159878
1.9266525947056072
2.092002657594842
2.591590213786536
2.023942250976357
2.4805371630538366
2.057654898916194
2.198428078916115
2.530300077201828
2.5565470931811856
2.715343148245753
2.5933687138796304
1.9120149541111924
3.1819350141910108
2.8629317298173733
3.2046257540803413
2.9137151465070295
2.986816906333893
3.212176756555333
3.373313028782863
3.1005055187055257
1.688189431485076
2.4021000558467045
1.9206667589547326
2.1567290942130244
2.673714606252823
2.504591679373485
2.9266004947634143
2.5964250550379213
1.6493323049274258
2.7787227033897355
2.312693537896675
2.055457714733598
2.6141885197045136
2.9635756604356023
2.201722648321634
3.2079183472751716
2.9106219076233604
1.3083384613222786
3.0673191652881213
3.278079714018362
1.909313427292028
2.928997120226264
2.0907248286574287
1.9456423423299434
2.6808137523323907
2.7732703281443953
2.427375748549325
2.6753494897805905
1.6536465683891421
2.0394092588476638
2.108125526746586
2.726435942486148
2.8702899423181534
2.925215302478934
3.069874109058068
2.884070393527747
2.88128248410878
3.4485706709052675
2.0724383572396796
2.879734922220074
2.7239938195560125
2.3649684552351316
2.552151395094724
2.5736945566363665
2.2256197457027493
1.8940345500152924
2.9383154062372245
2.2376948273721906
1.9514277715481114
2.214237081846569
2.736400503601083
2.7310312054783004
3.1656900270757706
2.8109177425330785
2.6277550692708926
2.8964965335038944
2.2488906871091805
1.8257858275860768
2.0203632772130273
2.424747064251948
2.018785316774279
2.8466963084818295
2.7275166625305194
2.9436140293229465
2.204249258686303
2.6590865027313413
2.9020954727977344
2.0328682177579553
2.920081150986581
3.1505466653526812
2.8275652581655124
2.160216968699319
2.4102589924591156
2.8955676294825126
2.937241825730775
2.8997835462818293
2.7779130139784396
2.3813911110298815
2.9776468046853433
2.69139662520612
2.7980175656118202
2.7585399070000944
2.9886040308750514
3.192801601142623
2.014351188824489
1.9839169911814798
3.0061706818485368
3.019656564971446
2.178974352968332
2.7434209518101
2.7697787838042567
1.971565673404128
2.047862373521437
3.0788361909421105
3.0427316950549446
2.8930309432653356
2.5407373450173543
2.306422385967778
3.088098508964979
3.194524097417573
2.8231007350890502
1.8480088333700897
3.3697824223273605
2.9923621639769884
1.9241252138578882
2.619009300735386
2.5072440388685955
2.8214158787362127
3.013440544935967
2.51884417309391
2.613006709024585
2.764899240513159
2.2497154556428267
2.9242478438131205
2.7713101833864124
2.873111286542341
2.6115564290912023
2.7223868700786884
2.4343175322763253
2.8392843326846022
2.685200089679549
2.282552301706405
2.3774546274127175
1.9144260107741604
3.4679081158950553
2.733618957522273
2.278941379144005
3.152371990281811
3.069056149189078
2.0415996115571664
3.6343129338824998
2.3971068162535154
2.8667724919548307
2.9427454981540206
2.656557258785086
3.3925265364006134
2.8693251757953617
2.785664703248327
2.9389853386640894
2.882075219965384
2.9275892539027524
2.661576773897695
2.828686284646697
3.134316794585544
2.609872009473525
2.4942052923302978
3.3895579126999404
3.0531070124278257
2.646680024171842
2.5022786743228127
2.9471218584116916
3.0551404465290264
2.4195142815743798
2.407330617952534
1.8946908811849577
2.887987039932199
2.272095395546832
1.9123506074323573
2.6220618522130574
2.6791450418988405
2.8340218462035485
2.9458729422686294
2.651164365708243
2.969119846400902
2.468854056662218
2.0582667171607465
2.802648477147342
2.808641129738775
2.728803864434222
2.7336111186764342
2.865454932080303
3.099570079400128
3.3478432614496096
2.6066208131770963
2.440580177041974
2.8849658882394875
2.496535125197301
2.7984437804689914
2.639549559617986
2.9899137258315704
1.8570280146252256
2.2993073299851425
2.8543196653963427
2.9051531245833178
2.7230783930284392
2.4680103488170677
2.6329768383082732
2.5049620980505978
1.315729852791221
2.9283112028671408
3.1547404934810674
2.53601499434648
2.6096548625801663
3.0183317390695734
2.621021257415588
2.4580900497826503
2.888891096419344
2.646331367702673
2.925740161749268
2.8859529375535438
3.0659781974916016
3.2475767335581214
1.899041286023897
2.530071100154362
2.967539150035648
3.1437182160526143
3.4471075767368204
2.3852567691951028
2.4634593250044086
1.8669919018513106
2.7481146419112936
2.2619343806302195
2.5834354940588034
2.0453185235462277
2.1848981031958683
3.0545317645204397
1.82298603649213
2.423116569248069
2.658061040826114
2.8722524406877503
2.9819069748105385
3.3038260320982675
2.9306210169354787
2.50965860642831
3.0963204385791374
2.594254929864994
3.0947712518850072
2.4493163107432325
2.571908344875062
2.8925931164278555
2.7220834049097093
2.8174104089463063
2.694037209942456
2.5785010591349673
2.815508090823711
3.1007287930260494
3.2257683269816306
2.019013651941985
2.62043963443272
1.8160080387134596
2.4274278570839125
2.4293773765720212
3.014656730015778
2.302327613627414
2.898896016565968
2.277721293303107
3.1194393317857303
2.715974660441406
3.1021145420889464
2.440603032872004
2.436824387103669
3.1850533742935525
2.8937736786652994
3.2444066006415317
1.2893366942105942
1.934748851886242
2.863997248192048
2.846735867166296
2.7100559096121586
2.830438557377114
2.8196399693960648
2.72769551798157
2.754898383411047
2.6006222647924875
2.8256986406620865
1.9522167025670862
3.1003367901211396
2.9412849211916328
1.9375286560864864
2.830910590029197
2.599084099142852
2.880177384042093
2.5432603977195547
3.0289597803129493
3.0932516795730423
2.829150960567888
2.923327866959855
2.6549038862685466
2.5536820049244415
2.5536742619746122
2.8479419313129073
1.9882344244996824
2.41490440428777
2.518103500058395
2.101553360947076
1.9222783122813425
3.3127002856695618
1.315719186265986
2.767739516254378
2.581638616387516
2.977447927476523
2.624052003850484
2.320473239326089
2.816445670709733
1.8943188292676065
2.734223804001949
2.9720786197764277
3.388399532732657
3.135792213431395
2.599108926649634
2.7918327978159208
2.9318984761451654
2.575774194752876
2.822314122924011
2.751564691603197
3.1616163562214155
3.025696015171511
2.956130615145423
2.954395045659621
3.0521610472163965
2.784900851829714
2.3625725314140196
2.6248308781035266
2.9668443534267115
3.049625737335353
2.661040089487905
2.0023605826252147
2.08940913104541
1.8396168275811005
3.19332717228238
2.9595292884812485
2.5609470158650067
2.31748789058141
3.1177600043118
2.522384493378153
2.9475308322820792
2.9455215154943994
2.871416829629292
1.930311800932718
2.9959706383733655
2.6554966815109005
2.7508527199585298
2.735410815125054
3.130445341116398
2.388335332123842
2.993055402266443
2.203474056782925
2.946943330530087
2.177926608344303
2.7468574686638494
2.3991227087295597
2.6912269142739134
2.04314203312577
2.716220260617269
3.1164630689436574
1.8703819660528411
2.9023066763992316
2.259324622339909
3.244607743693096
2.9740028128521168
2.5670663183753017
2.7203911122668756
2.7964979696386547
3.022397053850966
2.5526587479394576
2.773177952529444
2.7778462770187033
3.059455331581753
2.0410430034136846
2.6185676030882012
2.0052826023075014
2.914359033205041
2.5640028557761014
2.5693482069986717
2.8442493372621445
2.7899878467724553
2.9435595699678343
2.3424452411630625
2.6415707946497125
2.855202830395667
2.9265624681315074
2.758075376538693
1.9872580962405992
2.7406990924526315
2.6174559030948514
2.51238040279731
2.628598891418674
2.4520415174779338
2.925165512756642
2.044470960893589
2.794179680140371
3.1135280308043853
2.891727685653864
2.9437885357016578
2.7488390325633243
3.1211239430346556
2.0542610397473977
2.8593037196394473
3.0460161589502084
2.846707820210913
2.357611596306068
2.852946195692003
2.8133693459824087
2.2651383756559516
2.5444949033688333
1.9301780375227011
2.5511846317399938
2.876558353159899
3.0494053770205323
2.5605150870307978
2.925714017036761
2.028654710077842
2.7219248814380474
3.198271233684418
3.414668504135607
2.58436785181033
2.847086529795651
2.843753130843688
2.4506079303653285
2.989482854996341
2.770852573048641
2.505714732325815
2.791809802990882
2.9790986067564456
3.183241190167843
2.4188490247640217
2.8713736986178158
2.0930651120461463
2.823958549261057
1.9975148095384836
2.895712696074167
1.446886207165481
2.8354825852607197
2.2330248555091354
2.62145701145548
2.8581740792226653
2.7755665702468595
2.867972223083125
2.3733257802655947
2.758103048777383
2.2515428832010707
2.7796454380407836
2.3504437565977003
3.0075512028679996
2.624290347543068
2.89962782101666
3.331672733943481
2.6998922252414417
2.4935889073187374
2.539354364774251
2.8332496996832526
2.4071526847495726
3.013474700792191
2.629122814848494
1.9501391120948817
2.9543622319598803
2.3891752342004144
2.7355707484694234
2.6500802297872412
3.017106217301217
2.9059400083845697
2.44011902872131
2.076214023428421
1.997802719594931
2.0924510728736765
2.070631948512353
1.997802719594931
1.9354282364777262
1.9027524058126475
2.6438104635245874
2.1139177001645644
2.781637911906894
2.002409060848165
2.4803217904022365
2.276365586267279
2.1775011468790635
1.93217634821128
2.9530401129782162
1.5011384421456258
2.812903557587315
2.8283466996865214
3.0565702526802476
2.3535266158100825
2.709010804721283
2.70853196462775
2.4041202632921816
3.2261294404489043
2.3723364976130212
2.384305937170799
3.4055217141475493
2.51446019426338
2.8657027657111502
2.772085685277154
2.2396211968128497
3.204294611063513
3.247590640087842
2.7423292234779426
2.2381687991268837
2.669540391128874
2.9972618155963993
2.816242327947728
2.4826041830127625
2.797741833580891
1.5746662956925173
2.0072297002508988
3.05103609207671
2.50338461964138
2.9399531667895493
2.2504927447253973
2.9772915955927717
2.087519325021092
2.8670944449421034
2.391573551371583
2.5833425643142207
2.7371876485912945
2.800170323185029
2.2645740902205684
3.005860634207807
3.079086050863489
1.738702511482321
3.020660205848814
2.4938417839546814
2.7325232038446226
1.9886739687999202
1.8091985901419971
1.7674893494425374
2.463632716340477
2.053220503762178
2.565698804942692
2.6114810096772945
2.8624731616182983
2.8576990771319797
2.6274167499815895
3.230551065606488
2.922419997523272
3.0094725890299108
1.9914529228507076
2.4578207225286346
2.063465273996086
3.034764465403679
2.9717314691831147
1.993044110526411
2.201423029540623
3.1013362439025127
2.766878312504362
3.0568175448989847
2.9802579250022334
2.0721005673011224
2.009644992078673
3.2554134961403816
2.7510575187578454
2.5493455957120568
2.7139958927865635
2.809892959290939
1.7190691926018309
2.897638963599398
2.9015926429551095
1.9113235404417468
2.896407587806899
2.4092668984978283
2.9669121280667956
2.484236721020848
3.058726368373324
3.0142299467584164
1.7266225631450651
2.714569652112226
2.982496652178279
1.897545365528071
3.2058289656069086
2.0197531351615874
2.3530912863642595
2.7429527440439707
2.522245821131108
2.007556162977399
1.9643164760143987
3.2410148975550537
2.8726201710031334
2.683294494560226
2.9293585495119068
2.4708181290504476
2.868702006060288
2.861206114344021
2.4825459865832826
3.134990254057688
3.142391877766896
3.224840778653196
2.993838984186136
2.7208022088596833
2.6197588580321414
2.861832025976359
2.9190742762617288
2.4883867580610124
2.556834191561409
2.555426106876627
1.9629277852190898
2.9387313633103553
3.1822891552171337
2.5080644548550537
2.803192641098073
2.770315154129205
2.584489632462472
2.445786895617549
2.5110193491451165
2.3627564166010133
2.9246510206780942
3.274981103794376
2.727446394087504
2.0599645623056007
2.026831921559336
2.740957908321633
2.002556989403347
2.9318906633895656
3.033220487055701
2.630896346898437
2.569094538268768
1.9941493920913211
2.7941903061470454
2.4029064613211344
2.7013130801096703
1.9558402233776024
2.6223854251481744
2.740569964684439
3.077754853745757
2.0597310044958292
1.6317543104221761
2.4908245461155656
2.8666046974735013
2.4009499720059173
2.5736899468031247
2.3640052823176925
2.962746549004497
2.878849298727319
1.6209678566772185
2.60317458389864
3.0438613413475335
2.4289934123387726
2.1536181226005287
2.979411654596076
2.968899860951495
2.871281269713912
2.8197268926335406
3.1943287218540566
2.866650252564575
2.8360669366315903
2.419789020714423
2.5012856018154643
2.505723678545433
2.5080967416009177
2.8133181361359614
3.0466129739050896
2.6994266331945465
3.0609535179821155
2.9910471340665863
2.4784116006477945
1.9336448657125094
2.272441472799482
2.6858197517594613
2.447501612511211
2.4495306310982934
2.9250802545941674
3.1053808736795374
1.8833811665100044
3.1044394429364877
1.8795000506159605
1.9702922110133985
1.94429630698437
2.1884489668417664
3.197121292319726
3.086462977710909
1.9214987918361954
3.0652708685453356
2.6773011966406015
2.005730668671473
2.6936147495729843
2.3115934364856385
2.8545332170095903
1.914798385510919
2.916275996011529
2.491460701978747
2.964073229233461
2.6260563254957816
1.983944004298574
3.195589819488496
2.4864113808696198
2.927531544100401
2.5398938868282057
1.4383835633999373
2.9249625177193876
3.273302493665086
2.103204313672154
3.1594190733930896
2.070901943779773
2.780969712708144
2.874898772762832
3.0736483958117673
2.0757751706093295
2.629287463085625
2.4919604426515387
2.1885256922338305
1.9115107741499329
3.019831703788891
2.0293816886037486
2.353415497027812
2.058196509921288
3.165079028368971
2.3265831580254934
3.0519203225495195
3.0644218846765345
3.0457259249388637
3.224872647355195
3.1559268096192077
3.128468359609317
1.9756301264276495
3.3496956039525116
2.045822907918452
2.7037699246263687
2.742877124635797
2.765030048413323
2.410108339665025
2.8737494231770664
2.920204420167945
2.4817683664207495
2.5979844703196306
2.009980351433165
1.8532768162042799
2.8730956318840293
2.41251394174414
2.8777105746723244
2.0091957607731272
2.654111263884855
2.65704252511276
2.344435740127151
2.964101756358129
2.8814721284611444
3.0527029131128645
1.9694569474795443
2.748750191167084
3.213041267943081
2.098624029574673
3.254093979620704
2.959452627555076
3.150533534876709
2.7641507101419434
2.841017046534437
2.9455883063374424
2.082232978976209
2.256263116319187
2.7043229197214327
2.3882843646202634
2.6604336790847434
2.030896322811154
2.798722502556504
2.675441854445584
2.7630917896275817
2.755548826827873
3.137436323863388
1.9997076054507392
2.597414005684125
2.8650899621070285
3.0264003671634225
2.8788041136364524
2.2865360999929583
3.075729731857169
2.2761187327600743
2.3681889285216347
3.030283641394986
2.0349582092672573
2.0522637959997443
2.008279746911008
2.0722892277482927
2.0129396144357496
1.9917361093549726
1.9836083753188405
1.9592252184921133
1.9981851326515137
1.9866926818609691
3.7329490285528384
2.6435027725844695
2.887280073325508
2.822294197315923
2.7436749963972624
2.7721648957547975
2.604436887571575
3.4134642777336857
3.129540784898381
2.612621755800312
2.6118406241150516
2.737765911859339
3.053930011833006
2.363518464977409
2.8126024671127676
2.8048747385334716
2.3253127348166034
2.7432025097805717
2.780399556457497
2.7633640253552034
2.0399325377106328
3.1374168082908365
2.840879788010429
3.243118805368919
2.5403906979949267
2.8888107006462724
3.257858227958728
2.7361220607762307
2.682537897595856
2.6079619644891445
2.63910252353028
2.099386819445419
2.747130120317464
2.0360340322172394
3.0438351519181928
2.5903159867663232
2.5657644910306976
2.523826761935694
2.7384348825199467
2.5604028244343624
3.1392588777396644
2.8592160549757635
3.322399777297232
2.7599603395305814
3.026905397701015
2.0076733683601056
2.795079606400034
2.6758931449070484
2.584947175838792
3.318992146593863
2.2176401633134066
2.2454515057950735
2.365272962878817
2.6308968839464457
2.497468200303755
2.6713785318590815
2.6607867670188856
1.6028175920392123
1.9456871108870875
2.862340622552918
2.056130454272728
3.1312736349069263
2.8311450883233475
2.779927483820471
2.887348661498971
2.8104524956436925
2.4886160754520894
2.7270465887934563
2.590433931156386
2.0469696113627704
2.5774902565758553
2.082487925927641
3.1433094587836297
2.0311770053685505
2.9838010325496094
2.9916596276998404
2.8046432610918006
2.4258394982580054
2.5116138562956722
2.9617432419331076
3.1584845648472957
2.6473812369243457
2.895442150408425
3.1025306597588513
2.056893562200944
3.340709595303192
2.9427369186427925
2.87013804483674
2.544835137689502
2.7343273020185888
1.9731498077794112
2.1507964932748918
3.3976808031849854
2.4756071650323923
2.2072244752275396
2.7368847208653606
2.639177682546666
1.8927760640972404
2.0293342160986514
2.7684525588246034
2.714462036719102
2.794195265503589
3.001536807131832
2.1018134981613943
2.8567375771393966
2.3568158448733727
1.9963073501284763
2.4007389073092935
3.2148370063097267
2.8633930147800863
3.1891464529933127
2.7348570884857204
2.6845063246131304
2.9145148492166317
2.8128860389830073
2.705595094374626
2.4250792468266757
2.699741275196528
2.7556255423123424
3.402420608063922
3.075873912144832
3.336847821732205
3.428222746032847
2.9163062142861063
2.9213642968945908
2.759069399469805
2.8766279262613392
2.827397730248373
2.7400480330486987
2.8965711536139866
2.896244539869334
2.590129121565348
2.8036137207649703
2.7367565409965957
3.155817208855237
2.138769682871067
2.8775434414039935
3.1707846727468842
2.7946991114593334
2.4061533703837488
2.0185671277104986
2.0484509129240025
2.936932706604371
2.6986218949762697
3.021871329628284
3.089385782515595
2.2764321761416797
2.734018774056946
2.96208906198946
2.143254900455636
3.031347760866982
2.5758388006250215
2.832785571945652
2.466537082133661
2.020892053054225
2.009110303376425
1.6487864655910809
3.3489110124353094
3.148692445440724
2.1571838127107186
1.8540893349004532
2.696760734697252
1.9347046460284913
2.661492275491133
3.1848127200694396
2.742125621646083
2.5070094215328917
1.8087677867510543
2.0290645576950896
3.3692347814317025
2.666527641980038
2.6899967461854803
2.183883756151648
3.2230062995990982
2.8141028036743654
1.8051996568944433
1.9636105227748557
3.086216642462655
2.6545424219480167
2.402118463344152
2.563902909429445
2.3514779146839118
2.8262259718444898
2.6198861141351824
1.984748158161616
1.9201667275607357
2.7288400293398904
2.7135343136149768
2.766249689482753
2.524414693338162
2.399914326784373
2.3114515391868924
2.8172705968964626
2.878572518137176
2.8676066195183996
2.8473609863611493
2.9001828537051573
2.9578813026762263
2.9890790461576575
2.982181660087853
2.646748265173526
2.8206569142818774
2.844999431306738
2.342515785090659
2.5461752702559433
2.3846729614108506
2.4144403416391182
2.894325217719129
1.8643363767213106
2.480301801790228
2.7337458976689426
2.4191931317377167
3.251210443282721
2.779279299874583
3.0856811469228425
2.822495334847734
2.8893146517784953
2.7053977826333897
2.378197211559126
2.2940295848972108
2.8010463386675615
2.6360037304826034
2.631432033869916
2.9308280853262305
2.0265815400234652
2.8930846790396774
2.9976215997551505
2.4226859838643633
3.1224131842922325
2.5972209150612358
2.767273724200247
3.0879279703166844
2.594019204116211
2.353214203742324
2.0137160530307745
3.0907682894940383
2.8409304579234367
2.752807942297538
3.2797899285165735
2.7759133170004735
2.8159772585179166
2.844919606193725
2.985931081932754
2.474731557986879
2.47027578838352
2.900578377437848
3.1325640579908494
2.550948380914237
3.21658742125737
2.0760030528210716
3.1324840491531
2.3214973934053917
2.87138716871776
2.8386406595952476
2.8971532031009386
2.889241501205849
1.487114237091403
2.402365162088114
2.4081997302484157
2.2385952234823385
2.3698065652557405
2.2272215682828667
3.3210999617660013
2.9314264325663784
3.0798389268110347
2.497412273894744
2.7700774695940598
2.7445136590492902
2.2635099937051417
2.170252421294532
2.948073839243849
3.090948265402848
2.9230944142985686
3.125233533526008
2.906928090388839
2.2274701639244174
2.7642951302284477
2.6375045245134134
2.9318933087147045
2.4816207918132904
3.1569263006928674
2.780849367583038
1.9291721433708573
2.062488417773176
2.9603869141809414
2.0047978016504597
2.8240453685387754
2.6236571626256087
2.6405412577423166
2.737589047793173
2.875114186542074
2.2270070297765128
2.0265851198817586
2.982956395783159
2.933685242450789
2.7274883760750295
2.7312779561737983
2.78664844722261
2.8874185777890355
2.8179512794912256
2.765428350391906
2.9511922637053143
2.572693122133892
2.7929561719975893
2.4782256464577777
2.7895570466009394
3.1588114593564574
2.3576130668606945
2.4700706433863777
2.933737497825921
2.3842683088616314
2.978231543528333
2.8818249157405766
2.405437794542655
2.678515810616192
2.4143910024287423
2.0056896528873334
3.0963336484372403
2.0846596824983705
2.60894597837119
3.444435960352249
3.042825591228813
2.6932520699720044
2.938901744099845
3.1368523454775277
2.4847380140219735
2.4062920525618767
2.916954345460259
3.022199508944173
2.2842206788623933
2.4921125115224876
3.361111683588556
2.815725794187552
2.9950988587940044
1.8974927119824554
2.414679067429032
2.8116827655054535
2.210239508510538
2.8129425695678076
2.4539819107554557
2.6694305909937506
2.0057940850746467
2.3389250930195096
2.6901409008079273
2.803574320371694
2.93512793931581
2.377813475629705
2.3702741140902304
2.9410121610082816
2.936709414153388
2.5925557079653583
2.7077851876107264
2.519369339572157
2.688830529244349
2.564768073628208
2.6520764873683964
2.6876409196169315
3.248748798427352
2.0384154101398475
2.726869499738125
1.6462454316777764
2.637447946303456
2.5398530444832192
2.8501524335361874
2.524574146451785
2.8439656532903324
2.9772216733727825
2.661441014490545
3.2453397073007277
2.535687598452896
3.2811662460093016
2.5501461288592746
2.925947125241211
2.815364394578781
2.614527010419151
2.7645848390806305
2.346060611437164
2.8375965553462157
2.3328199065646844
2.725803133980305
2.900238696698628
3.0411427341280493
2.443829080711449
1.866266787126714
2.4522481376939758
2.164481076261104
2.770724410118436
2.4674282450416034
2.8997412886991887
2.012670490280383
2.33949816432277
2.058873613371608
2.3767387825936237
3.4456854814224296
2.0049833162576833
2.9126537675996627
2.214700463454101
3.164415493858163
2.042891332815983
2.7713674260635277
2.277796683993015
2.5051339266710344
2.0563336474738207
2.4675068511604086
2.4594788332418576
2.105022881695686
2.963938295736784
2.9484868612651347
2.4995610144468556
2.7828473699014755
2.03846048595401
2.7819982000799133
2.9208621733859212
2.357567334196116
2.8872108540718746
2.831259922972083
2.8705905461759382
2.885913511390759
2.782827854558735
2.978994013082876
2.930016723093799
2.473808748448003
2.974452561076911
2.7063136304241686
2.493716145305307
2.759249860374924
2.882905063237401
1.9401494358282487
2.8272109972685704
2.4811492157421946
2.63119494286698
2.7627785908932343
2.7859003646578144
2.958534116413859
2.5948755414110307
3.171829698955902
3.3181975319952253
2.7555283246403177
2.823487660843208
2.425527703074195
2.5332549671021347
2.5082537998213006
2.1186088571370396
2.610537224457385
2.821251276940004
2.5887083536763504
2.625342242239401
2.884993084449308
3.139833360926185
2.606230113364886
2.2616050689353204
3.087748495382112
2.7020582641864364
2.973263260099716
2.601654898386223
2.7356048011249094
2.6620514542151055
2.4217843983207414
2.86858639266052
3.1884257656850643
2.5795088796071703
2.7981404889357275
2.7508208204077036
2.3532703576262115
3.0034269614197173
3.1971718240430307
2.219627013011918
3.101885102421283
2.830521426461877
2.760367994117008
2.0476781038454352
2.910898256703158
2.56096936512072
2.384448936316905
2.9008681861953485
2.737972440542375
2.724039160055681
2.7447075194738026
2.604559615307418
2.6498286509031534
2.955161377600669
3.247847339255278
2.654025204621392
2.3991015077470186
2.882724796965055
2.8671837723589793
2.279316435588994
3.3840842008109284
2.8685939888150926
2.9692710761694014
2.1521971582271298
2.673034578474851
2.4581225857598024
2.64720067559197
2.6121724815671863
2.6405173323051296
2.367741595477263
1.9312076835796304
2.3484572275288897
2.0279566964855618
2.9530672536384768
2.967324043893572
2.6176344803474905
2.379706974953908
2.355468967608598
2.0129403326475233
3.1502115396695913
2.88009887428377
2.1483098874205795
2.724060723325714
2.8186852297368015
2.7596369751555443
3.010976675992869
2.82137323749683
2.8143823483659465
2.3421922538157434
2.712772353981999
2.596016038041768
2.782306994999164
3.018316655851835
2.744819007886027
2.4898422379238965
2.083211519152295
2.369448666554378
3.0020100894861055
2.6355183388893026
2.8729904360001655
3.091641476755502
3.0079201826592294
3.210780349007303
2.6428005122201808
1.9756640401972305
2.234006245274507
2.706933419286016
2.3926723679152633
2.700014761118498
2.5101904040482133
2.4089935912423743
3.0908242923095743
2.475330281427631
2.1792428738943688
2.2010802706516976
2.2476486031152803
2.7627145478040975
2.6204799820073346
2.920820936840822
2.1767939190387664
2.551439374307772
3.4662980718410945
3.1377763824603973
2.410767901980296
2.547550361482126
3.0247724939519904
2.4037359910975
2.904511333312934
2.2576960680813616
2.827665589931783
2.901656334433424
2.202184292605635
2.971540928116314
2.3171757120302883
1.9428824977753765
3.0088529692483252
2.472494583318841
2.755996550754979
2.8804496129731216
3.48961019382266
2.341862836498457
2.4885854135845653
2.4327236618481547
2.8954415248350767
2.8369700450551942
2.692904811274085
2.881459120129259
2.6729074743068564
1.8338260094785248
2.633204828443779
2.7679368272226914
2.4041757832241384
2.3702866113337406
2.89611494776976
2.3831768062667424
2.7542909591678093
2.055741664498198
2.0196569125626596
2.0809435076727256
1.8346888297707047
2.0252370745631687
2.059133032955297
2.1463981652328292
2.3221326922999515
2.3642784434476196
2.733389970043742
2.4937007506409223
2.9944599852685183
2.383823815972281
2.901164274159573
3.0554968474604673
2.9105732873883814
2.3837915704062054
2.6418220244317587
2.8904850085649025
2.9574569558470127
1.9186169702866047
2.533772833497643
2.8920412366717874
2.6932887971902666
2.2140465566827987
3.299440035915682
2.763141240838151
2.6559327278321265
3.0602507489411472
2.93940322465099
3.1449140301593186
2.5609077386435204
2.0579838950579075
2.912457470768729
2.2926252120273736
3.061373237098576
2.4718771163650897
2.9117269980016722
2.4565375602963075
2.434311565970158
2.733933491286158
3.1928316543824073
2.3787417474519814
3.000102326925758
2.0032897260390814
2.5863392089948403
2.9838780844099633
2.766284449457858
2.2790982136339926
2.0665288730843523
2.53842139538976
2.3787591165014286
2.3553366951318035
3.096051208072964
2.6760038505725303
3.0777720286288033
3.146221087134851
2.0893991127253844
2.5997109497715982
2.1009261925272487
2.260634402500476
2.583264529139011
2.4940578048835924
2.3318724919402785
2.352923409308979
2.729090984939976
2.585022350092097
2.326084651601458
1.82018014347074
2.825860686340724
2.4747282428704334
2.2772840811016946
2.6444343719614687
2.8992036328429025
2.7153714301965706
1.9506583558951007
2.9270711509103915
2.6370022353201215
3.1501785032107508
2.8820577516338304
2.277942078307691
2.798369878508984
2.8500657474795164
2.6110771651997458
3.0086053584633015
2.0420439415485334
