4.0749347009959775
5.144865908665222
5.06675941263767
5.373199599875361
4.77101702176676
5.017129335015345
4.675696406990135
4.6288034525758155
4.223212823120901
4.902794962164145
4.1396823616614205
4.857063403669183
4.13536098474807
2.856884481551746
4.588813034940087
4.985759905369983
4.816506840580637
4.8361839045364325
5.110366405986017
4.966021326919094
4.8669930986419425
5.032635954093811
4.873006956951939
4.854228252919586
5.101602970400232
4.454138320132682
3.2777896865257556
4.257840587589125
4.74190534364557
4.391146393382762
4.191815332230554
4.915673899092241
4.955882100121408
4.990551749707484
4.402070384359639
4.373697922537297
4.266569170126404
4.587882485217321
4.789350065439085
5.134699817768612
2.9065530685347154
4.290162731779137
4.4987383286210045
4.434618645691118
4.608664201467769
4.000213898799081
4.940676463232444
5.262041113939787
4.466965047692767
5.795797299005264
4.860839329885142
4.731199713115683
5.141195503402542
5.298214261505904
3.794148312452805
4.184939758178647
4.754877879464246
4.524547384292075
5.497900130934564
3.6222901602297712
5.2022908267341945
4.870777411886359
4.768035451231572
5.408639100696205
5.510997994588056
4.489796522807483
4.374938999097557
4.750157535552222
4.673953255851672
3.665618536017188
4.1015601082187105
5.378983756016473
5.093083532107446
5.04604427077335
4.796043289402947
3.975961490857592
4.513177349266445
4.476432998350093
4.837866885132501
5.278940599173881
5.594639592322638
4.736660018210551
5.102087986141407
5.663922929497515
5.232681946036083
4.244450155152398
3.0394722657766327
4.858372140007584
4.478724564676589
4.96802801575851
3.6840658006105502
5.319918192758061
4.596592794348422
4.565322934524215
5.025743292015871
6.476749968767694
4.679831569361319
4.568402769321414
5.170143317977173
4.6907843265685
5.1436287933502465
6.007859322844193
4.8926855762298125
4.771432155982907
4.939528492594736
5.334845439132653
3.894749049072754
5.1674403778368205
5.328306380792202
5.016478295952224
5.2547384449730865
4.529473485634451
4.9193720215546985
5.487841112276483
5.190478612567863
4.646263000037458
4.990931766681822
4.609850227874648
4.180903797353422
4.886239010290981
2.9394273664721373
4.442093460234832
4.68327666130795
5.0246155499503296
3.910829693351687
5.175921186939585
4.735972864934876
3.8434170009177757
3.183173883264746
4.822505812247483
3.340971123735488
4.300509890153263
5.308263819467273
3.769274067811103
4.804225023728885
5.176072255512546
4.221601322807622
5.430285085307445
5.049463665104124
5.07642327410251
4.977022611196997
4.2948624263942135
4.567234886689052
4.711642281781051
3.080313674979532
5.5977012454096755
3.7914390825744055
4.6641739285291886
5.982889911226405
5.104056031817361
4.316637492003784
5.03338893123606
3.671016052329718
4.29932725171393
4.932560270252296
5.361749869211168
4.620343545042665
4.922260184388387
5.1619884744155
5.081505344366808
5.283477414422432
2.993221305038061
5.017250828124272
5.007250577552113
4.559103878051608
6.405978735941659
4.036693103207295
4.506819201410988
4.0637521903529334
4.931302657700581
4.956314655865935
5.224133987603756
4.855642614010398
4.920533538899363
5.514696008592938
2.9534303221902682
4.467042583024474
4.729718586847606
4.781533564752871
4.911275945862228
5.321822020188947
4.889731604348846
3.2485121357001283
4.680008393597024
5.098762039813553
5.374590363052608
4.650920731538586
5.110150912595927
4.603169828835971
4.919073475304571
4.786931989919063
4.685479527505629
3.0480497401445907
4.696898542948313
4.8260202998747985
4.938704031555043
4.159147503036122
4.592248335786339
4.323393449577011
5.206336123663499
4.7100713855886776
4.911216110521876
4.827127735661253
4.49152698048622
4.54951041395172
4.6272219161100665
3.3615626536977405
5.3037196870065815
4.847477140734551
4.196757763379663
4.670063356592188
4.420102080105568
3.020780797648775
3.7938713311262644
4.521663570579486
3.1315003221614566
4.443212647421165
4.97210908287771
4.973673673272807
4.339309662497913
4.453650416180151
3.9817929602943045
4.703280544827854
5.156376493335005
4.913582479755304
4.768079766467618
4.957690884995728
5.593066685756752
4.259030752081703
4.96320499967713
4.673100809634286
5.108731455798267
4.053579896626167
4.133561078958975
4.628062322269972
4.643430813903256
4.4822334919632745
5.022255988060021
4.158918818482041
5.236811572104165
4.065583448990916
4.52545807535247
5.0274845627634175
5.050328157712661
5.39623838840121
4.124331501154911
4.948448336057878
4.5954028378171214
4.450332512317755
4.601866039546607
4.936041393238237
4.1418431688293875
4.4145410422908045
4.2014809186102955
4.9735865164288064
5.004859946750877
5.244606396849538
3.1918505125377608
3.2823848969370415
5.003080399882654
5.673091941503571
4.3653049057590225
5.102169875263917
4.6194220830723225
5.021014298221451
4.799283824346369
5.044219262046935
4.714843762971813
4.265092210947213
4.4071044717122945
4.628859930521424
4.723884049680877
4.4981221331999315
4.426325114894477
5.424038179644739
5.113720384871895
4.713063965668531
4.778188663984888
4.214582128085435
3.0031185414965567
4.891235677577688
4.855709199199029
4.783163595644338
5.492077539043417
4.400833421968027
4.627427918506477
6.189181035167965
5.061949650683252
4.192604810182232
4.784887225494042
4.865482681245834
4.55313421616892
5.1693137919183
4.5570309898792605
5.028353514883442
4.773948585355412
4.916441099701715
3.252179444817153
4.537343215472238
4.471886689219571
4.759855089924657
4.998036513276821
5.948819741745616
4.989977419708432
4.6089286890115355
4.281810260452701
4.775552056398043
4.586313103989715
4.516818425110282
5.115134079247742
4.877853518195217
4.836799195299035
4.793695833217475
4.447050949201629
4.903393270380911
4.506778647913996
5.298667923506464
4.569171373173774
4.108987693336582
3.8850622740116245
4.839159785649663
4.857313354242806
5.116020333316293
4.9446080347905434
4.618767971404066
5.018756544103577
4.780845135585219
4.767131027026717
4.764585938320527
4.816322540278278
5.9318717648972665
4.402771060339696
5.0327410256863105
5.056006981897343
4.902942273980183
4.542402229577573
4.566911318905516
4.6324985554976905
5.947222239232251
5.068537951434181
4.513052353465357
5.822531127734239
5.163915862194904
4.998120124509867
5.015224205887654
4.823651105404181
4.491865960120911
4.706667844498363
4.15737092100379
3.701148951427531
4.964647320460656
4.641959393518382
3.8991389747814518
4.677400823000818
4.641563377231552
5.093288913982011
3.8898883609954105
4.774376004110308
4.703440060735235
4.812107871522252
4.659141344565286
3.9991079122934625
4.458833040393611
3.667234724435319
4.333629822066244
5.010185839121446
4.299182591994954
4.926253172837384
4.332461638603703
4.862892687399972
5.135191115250445
5.543275972040895
5.299793134918991
4.936360879209587
4.985630503008357
5.309693715711143
5.080082542073747
5.003841302589195
5.063070811982763
4.797939713564489
4.696275925641138
4.975272769308961
4.476296088082306
4.732811022998292
5.191429021674714
4.792722881574711
3.6585271380025413
4.507226664877946
4.6610993399398595
5.229373477611952
5.212793731092707
4.76225356202585
4.966400675005246
4.7377078763088285
5.432792088329371
4.663577531740351
5.369348523171703
5.07033527766254
4.89281811748818
4.175168510984701
4.40243479546098
4.397319330991391
3.902546928966496
3.1004297145360824
4.982926451576741
4.568336264518579
5.1034038879494
4.823173354184823
3.683754387992859
4.947710256263264
5.394516995628331
4.9847038581565855
4.652284717677432
5.227204114567954
5.522792226387748
4.741242960652464
5.106315956807452
3.1678625644213816
3.5242195389113586
4.586684201997957
3.8672795052998152
4.866705264852653
4.863422729921256
5.231175815975669
5.3348446330086485
5.378873747342268
4.754549528498079
5.3707217810030565
5.777740759979174
6.056982446770097
5.334329300675912
4.72046941402732
4.778999053764281
5.730006560442625
4.812391203002746
4.999814663430201
5.183986929974942
4.969765935179343
3.0044745838961147
4.595230748128134
5.379776626214805
4.994359594208822
4.236323308892932
4.58343820827455
4.883491349057248
5.235285429527194
5.069392786262971
5.067747715368667
5.379358497963599
5.2095545779816606
4.753021551115427
4.617705082924926
5.417616162362281
5.013332496390513
5.294782347364695
5.107090929779699
4.772954657262778
4.581959264275215
4.720433092325545
5.225763838737818
4.893991447657334
4.479896868165005
4.798416208936842
4.788126866768321
4.674456077824756
4.877317714652065
5.2004419886077065
5.1248730104073
4.998835266191998
4.581973945173366
5.626447449374987
5.424623613374263
4.566990013654018
5.272337982387085
4.35784921706523
5.60665513251808
4.666890622559985
4.636221812296151
5.063050715764713
4.973521961605229
5.88743962761422
4.979125461381642
4.447308139136894
5.074792815387632
4.695142760510478
3.9972867832509293
4.899830513936815
5.233776343510384
4.851726612203603
4.737510615414122
3.6815767739043785
4.947361373133023
5.506070709668741
5.5512617615885205
4.343466566039896
5.373769206627591
4.3336650999961535
5.131021939042066
3.3650516772579566
4.505054583908389
4.665814609390425
4.844853331064306
4.886629683987207
4.518696798260352
5.021847477872766
4.879240347484433
5.029868612334487
5.243536058430668
5.220478826573623
4.241906684856858
4.3757035400579705
4.3342581546294205
5.341381722280792
4.804561298272292
4.91750251052596
5.195702061028923
4.2848981289220545
4.672987265062395
3.7514926133094892
3.5306053908971826
4.879989208224351
4.640245424355557
5.105300736614506
4.997499157136912
4.915354570971155
4.660819195761776
5.6161158346715725
4.568613625009697
4.990232419127524
4.631864912089947
5.036999992887717
4.463355570102747
5.132131306168613
4.995817639828748
5.061928933008833
4.882298641565645
5.0885794904257144
4.835739811032079
4.642396274597039
4.44797321860408
5.24997176124685
4.363318062814992
3.2090454057991713
5.359722704727736
3.742091893175128
4.686824501360899
3.2185074198546246
4.951756163901702
4.768628016138876
4.795803994884256
4.907488247121307
5.129142077983201
4.4606554614944365
5.001963026046245
5.31261363337093
3.9952989535870342
4.891010338033768
4.873734606257102
5.009989063617764
5.023536331625399
4.908007736077864
5.502410513717398
5.346058396915742
4.852387200505171
5.407390389156387
5.465438867670901
4.576334485666673
5.502206264133222
4.67236396352127
4.312803984857918
4.677995834061909
4.390205416697165
4.225127811154881
3.8702283816649925
5.103931356418111
5.230092927750812
5.149820158829521
4.778634108237238
6.125939273335475
4.887086908523411
5.467095441676933
5.482189925170983
4.892566984322943
2.9537719344249362
4.803803356659623
5.105031387686698
5.095868952786445
3.0477576305245897
4.683964244415162
5.252453236079634
4.9299857343878655
4.780004376958121
5.1583105021167945
4.421670797284739
4.886883257744308
3.9614882962422064
4.547090437113604
4.294285302487264
4.978982757498556
4.696638412258788
4.644487705868535
4.667202822352437
4.987282428224574
4.7035969003415286
5.045140633411963
4.636308632967731
5.871710399925684
4.3948980606483445
5.559837619869498
4.413517818792899
5.0668527450214755
5.29246580629841
4.0469602757746035
5.289570101638407
5.392313769698389
4.5763070031189415
4.858875072218716
4.816784220639619
4.977754161764509
5.358377991984042
4.0127062663145265
5.0340630882201385
5.185106226851229
3.36433617788666
5.079564836215449
4.370321722815867
4.9409066128533325
4.2715350586552825
4.608817984834904
4.542699398289453
5.02550360074828
2.99987906929838
5.144750599055112
4.984814907484858
4.761026707411177
4.981642768159115
4.486387022004993
3.51703756906197
3.8542713727421827
4.56532307765484
4.460290039816558
4.799027057453964
4.488107745715636
4.887906824286767
5.77859745648758
4.945000325706846
4.636055278834583
4.624039625596416
5.137926254571596
5.338215995491866
4.500224336045111
4.31315372439974
5.0112636778517174
4.784758047541846
4.387753565622018
4.025429101275254
5.133969443062587
4.848043872765521
4.923966624077527
5.369246749156816
4.882937165616242
5.105727601392614
5.267367026839496
4.094448197277279
4.758064014465764
4.905836672893743
3.7353855722875453
4.504995053151219
4.70063554948796
5.495489121103892
4.973876524964421
5.109797783029908
5.872386178621447
5.284838860890963
5.026591825905722
4.809883082743624
4.145064248444854
4.491345902550146
5.470671148237887
5.237626735953497
4.6205632913473185
4.66644462850372
4.244341052712714
5.650126185131767
4.84305629447173
4.3824937053860396
4.428115188552383
4.7169865098419494
5.042462106091084
4.639393257942842
5.000564714317363
4.375471257040447
3.553230855989492
4.631889849412598
2.876434981694541
5.104202641845685
3.8949546352892987
4.520276437778845
5.258038907847792
5.098652608574928
5.017107213918055
4.306888970440216
4.85124201860407
3.487197252616719
4.668603607978372
3.9123717386454393
4.710708205579862
5.101434862544395
3.442938137742064
4.5037524110790095
4.595707541646709
3.6273352919415887
3.281057792936799
4.603837101271948
3.0742217922903907
4.5291652985201125
4.9731562866797265
4.940969178562009
4.607353527046559
2.994091981133373
5.426159430170831
2.9406558523479043
4.724035953416032
4.872283125165665
3.845417190778531
3.2917034295252074
5.1322760188655145
4.933654931275615
3.8654698162853474
3.414667952123767
5.182915499072214
4.861207881100078
4.705269125860989
5.048329386936028
5.019412111449212
4.625301567037846
4.902703404527746
3.4208614326409763
4.858441608996586
4.44086186652017
4.704759696440973
5.732070330667647
4.898163343477219
3.1258270156907475
4.556326997687496
4.404255630182256
4.898202831482105
4.853375756492609
5.17909680716746
4.88411181092894
3.1711278551060147
3.9092915946744653
4.718291763432865
4.0043668039472315
4.704824612303871
3.935262171770005
5.1448658954969435
5.116362216017572
5.068570706850961
4.77651813476634
4.862628800129258
4.484486012374567
2.9956437567358742
4.507083736430306
3.063826592737124
4.8869082571979
5.035521115102274
5.018543520844988
4.999358648912337
3.136692475545051
4.528971961418051
3.2032430610431084
4.3755977925093745
3.4153654746194535
4.886214483697065
4.970541081574695
6.8216028018310855
4.967124455413214
5.049891088570511
4.36571837614262
4.808892804479524
3.642887237921598
4.688925450567632
4.918295506215749
5.219079574593051
5.145629009448975
5.213997267106165
5.010935471009539
4.761527307862751
5.746936551103723
5.0107302778037
4.460602670496132
5.016934618921775
4.93063206836357
5.558249363283692
4.65299849305921
4.891243838407934
4.8401308730334325
5.381941986630158
3.419578048578283
4.5651913521984
3.047267583352899
4.241528389011912
4.838268269906631
4.25221312186204
5.02885986904462
4.6106288288034945
4.707106524182719
4.84250049508135
4.99470613481527
4.580572787911576
4.862495350719155
5.375971234101556
4.959854624395855
4.778917212563324
4.2763928524272075
4.4554704214581635
4.984277563113639
5.173936423683981
2.981171354221618
4.869014299660856
5.057767294674764
5.326141527813546
4.904164881322874
4.143975364405489
4.683028579975168
4.568433636937008
4.769689284411123
4.804050385527323
5.376310811793816
4.393141426547493
5.0522247108021725
4.77950132044585
5.228584292945937
4.862337749588381
5.282058394515207
2.832232688073145
4.819832949964658
3.745977303485525
4.961797645315871
4.822026464853978
4.827481856042605
5.544837927854102
5.449710715990282
5.292846770154058
4.546431106839747
5.159900770919944
4.549754061205448
4.609600639244623
4.722293001368226
2.9946572321207574
5.330347024855569
4.714504517291486
4.464503955445311
4.7832165002860725
4.291331944692971
4.552027884150506
4.985641040471197
6.791216023221747
6.160716425282875
5.8407026641782425
5.793119054212298
4.8931487543433745
3.186892026566261
2.932970181365618
4.577846961116104
4.660796767981892
5.129658549693907
5.411280940943526
4.9000497582397475
4.582827016340388
4.384073677279273
4.591845447215386
3.0147637555965185
2.957407885807193
4.547282612475258
5.343400528485408
4.943429486048732
2.643272230023373
5.1212588311988085
4.589589006239679
4.961509498948693
4.266994736178794
4.68848054923475
5.1429398930539305
4.943703433790219
4.98496792397869
5.000079517972273
5.831671967563581
