9.955882352941176
8.551282051282051
6.47843137254902
6.511784511784512
7.0344827586206895
7.5
8.122931442080379
6.24191063174114
8.274725274725276
7.004545454545455
5.935185185185185
10.803389830508475
6.545454545454546
6.958333333333333
7.240196078431373
6.876876876876877
6.822222222222222
6.873015873015873
6.513307984790875
5.678832116788321
5.276595744680851
8.529032258064516
6.009803921568627
6.485632183908046
8.619205298013245
6.496
6.26046511627907
5.761904761904762
6.8173076923076925
5.98581560283688
8.39102564102564
6.450980392156863
8.122931442080379
6.905172413793103
6.876876876876877
7.826530612244898
11.203389830508474
6.511784511784512
7.062068965517241
8.365131578947368
7.316546762589928
7.087542087542087
9.379679144385026
7.0
10.311688311688311
6.6077981651376145
5.918918918918919
6.938775510204081
5.503355704697986
6.445714285714286
6.111111111111111
5.98581560283688
7.385416666666667
6.534883720930233
5.850515463917525
6.823008849557522
5.918918918918919
8.852320675105485
5.737909516380655
6.419753086419753
5.682119205298013
6.337448559670782
19.665768194070083
6.876876876876877
6.428571428571429
7.590697674418605
7.374570446735395
8.693693693693694
5.76038338658147
6.797814207650274
8.62987012987013
7.84251968503937
7.212230215827338
12.553398058252426
6.24191063174114
8.966666666666667
6.797814207650274
6.485632183908046
11.1875
6.810714285714286
6.1710323574730355
5.553571428571429
6.396578538102644
6.450980392156863
8.7875
9.505928853754941
7.818696883852692
6.396578538102644
6.619469026548672
7.343096234309623
5.831730769230769
8.365131578947368
8.239583333333334
8.716417910447761
14.875
6.778501628664495
7.212230215827338
6.445714285714286
5.795454545454546
7.553191489361702
7.207207207207207
6.770491803278689
6.034188034188034
6.770491803278689
6.926605504587156
6.778625954198473
7.343096234309623
6.790123456790123
6.815899581589958
6.778501628664495
7.062068965517241
7.114068441064639
7.849256900212314
6.778501628664495
6.584070796460177
6.545454545454546
7.502304147465438
5.963800904977376
6.485632183908046
6.229249011857707
5.942906574394463
7.714285714285714
6.0608272506082725
6.424242424242424
6.975609756097561
6.515679442508711
5.720379146919432
7.8307692307692305
6.631578947368421
6.851190476190476
7.212230215827338
8.0
5.963800904977376
7.849256900212314
5.663316582914573
7.0
6.876876876876877
9.257961783439491
8.895652173913044
19.047120418848166
7.43801652892562
6.229938271604938
7.385416666666667
14.872881355932204
6.631578947368421
6.797814207650274
7.268370607028754
6.097713097713098
5.799065420560748
5.975806451612903
7.429032258064516
6.929447852760736
7.0
7.896907216494846
6.24191063174114
7.124434389140271
6.428571428571429
7.429032258064516
6.929447852760736
7.333333333333333
6.022653721682848
7.268370607028754
8.806122448979592
9.26984126984127
6.778625954198473
6.15
8.721518987341772
5.529411764705882
5.98581560283688
5.455026455026455
5.91588785046729
7.3076923076923075
6.436426116838488
6.229938271604938
5.799065420560748
5.682119205298013
7.208333333333333
7.066666666666666
7.343096234309623
6.823008849557522
6.177215189873418
8.721518987341772
6.851190476190476
7.087542087542087
7.5
6.778625954198473
6.876876876876877
8.707317073170731
6.396578538102644
6.786666666666667
8.845360824742269
9.0
6.396578538102644
7.896907216494846
7.268370607028754
7.124434389140271
9.08849557522124
8.619205298013245
7.0
7.502304147465438
7.268370607028754
5.7729468599033815
8.448275862068966
6.47843137254902
7.374570446735395
6.6077981651376145
6.043478260869565
7.712574850299402
6.090534979423868
12.726342710997443
8.284810126582279
12.596491228070175
5.401869158878505
6.481283422459893
7.291208791208791
9.742738589211617
8.32642487046632
6.929447852760736
7.004545454545455
8.630434782608695
8.233812949640289
6.444444444444445
7.207207207207207
6.511784511784512
7.397402597402597
8.74468085106383
7.4471544715447155
8.529126213592233
7.9655172413793105
7.2
7.5
7.714285714285714
6.485632183908046
6.484641638225256
8.557213930348258
6.26046511627907
6.823008849557522
8.122931442080379
7.333333333333333
7.315384615384615
6.604651162790698
5.942906574394463
10.440944881889763
6.26046511627907
7.333333333333333
9.522900763358779
6.1710323574730355
8.122931442080379
8.220095693779903
6.851190476190476
7.429032258064516
7.01418439716312
6.133603238866397
7.385135135135135
7.350180505415162
7.125
6.513307984790875
6.861702127659575
7.9655172413793105
6.428571428571429
7.5
7.564102564102564
6.525773195876289
5.663316582914573
6.162650602409639
7.124434389140271
6.13215859030837
9.633333333333333
5.942906574394463
7.385416666666667
6.584070796460177
5.842553191489362
7.472727272727273
6.815899581589958
6.1710323574730355
6.778501628664495
7.4471544715447155
7.124434389140271
5.529411764705882
6.511784511784512
8.072727272727272
6.309623430962343
7.633333333333334
8.020408163265307
8.233812949640289
5.842553191489362
6.097713097713098
8.11731843575419
6.975609756097561
6.277777777777778
5.796052631578948
6.337448559670782
7.429032258064516
8.586206896551724
6.513307984790875
6.797101449275362
6.13215859030837
6.423076923076923
8.0
6.24191063174114
6.797814207650274
6.436426116838488
8.806122448979592
8.74025974025974
7.883720930232558
5.678832116788321
6.136029411764706
6.876876876876877
7.315384615384615
6.511784511784512
6.851190476190476
7.238993710691824
10.289772727272727
7.975609756097561
5.942906574394463
6.876876876876877
6.775590551181103
10.587786259541986
6.428571428571429
9.890243902439025
8.17605633802817
6.851190476190476
6.450980392156863
7.429032258064516
6.584070796460177
6.590062111801243
6.428571428571429
7.087542087542087
7.333333333333333
6.822222222222222
6.436426116838488
8.11731843575419
7.553191489361702
5.831730769230769
7.712574850299402
7.385416666666667
6.485632183908046
6.1710323574730355
6.613793103448276
6.022653721682848
6.485632183908046
7.564102564102564
7.207207207207207
7.316546762589928
7.590697674418605
6.422857142857143
10.337121212121213
6.177215189873418
6.515679442508711
5.768115942028985
6.011904761904762
6.790123456790123
7.385135135135135
6.3271889400921655
12.0
5.543307086614173
6.1710323574730355
6.368421052631579
10.118811881188119
6.938775510204081
6.778625954198473
7.502304147465438
7.5625
7.208333333333333
6.65359477124183
6.24191063174114
6.481283422459893
6.741258741258742
7.385416666666667
5.916666666666667
6.24191063174114
6.1710323574730355
12.748201438848922
6.484641638225256
5.529411764705882
6.515679442508711
6.636363636363637
6.851190476190476
7.678321678321678
8.62987012987013
8.365131578947368
5.737909516380655
5.948805460750854
8.529032258064516
6.13215859030837
9.522900763358779
12.264150943396226
10.348684210526315
5.6461538461538465
7.124434389140271
6.428571428571429
6.47843137254902
8.39102564102564
7.472727272727273
6.770491803278689
6.876876876876877
6.3271889400921655
7.702702702702703
6.770491803278689
6.770491803278689
5.780998389694042
8.0
6.298780487804878
6.767676767676767
6.511784511784512
8.265060240963855
5.737909516380655
6.706521739130435
9.878504672897197
6.419753086419753
5.795454545454546
9.13888888888889
6.162650602409639
5.164444444444444
5.737909516380655
8.974137931034482
6.790123456790123
6.875
7.433333333333334
7.872340425531915
8.474885844748858
6.177215189873418
10.075949367088608
7.268370607028754
5.543307086614173
6.011904761904762
8.365131578947368
7.124434389140271
9.425531914893616
6.706521739130435
6.797814207650274
9.041666666666666
9.522900763358779
5.96039603960396
6.424242424242424
6.0608272506082725
5.682119205298013
8.48936170212766
9.597014925373134
7.647435897435898
8.365131578947368
6.0588235294117645
7.192771084337349
6.229938271604938
7.062068965517241
6.741258741258742
6.636363636363637
6.428571428571429
6.778625954198473
5.513586956521739
10.376923076923077
10.289772727272727
7.004545454545455
6.145631067961165
11.8
9.644351464435147
6.396578538102644
6.138613861386139
6.450980392156863
7.65
6.810714285714286
6.681034482758621
6.797814207650274
5.98581560283688
6.613793103448276
6.396578538102644
9.0
6.24191063174114
6.511784511784512
5.663316582914573
6.484641638225256
8.05
6.1046931407942235
5.599221789883268
9.38219895287958
9.878504672897197
7.712574850299402
8.206896551724139
9.855263157894736
9.257352941176471
5.948805460750854
8.721518987341772
10.608
5.942906574394463
7.472727272727273
11.8
7.84251968503937
7.702702702702703
8.841584158415841
6.810714285714286
9.265625
8.233812949640289
6.428571428571429
6.485632183908046
12.726342710997443
6.851190476190476
5.747126436781609
9.38219895287958
6.790123456790123
5.682119205298013
5.963800904977376
5.137931034482759
7.097402597402597
7.502304147465438
7.448275862068965
7.666666666666667
6.337448559670782
7.207207207207207
5.857142857142857
7.682926829268292
6.770491803278689
7.397402597402597
8.148387096774194
6.822222222222222
7.114068441064639
7.636363636363637
6.515679442508711
5.663316582914573
6.810714285714286
5.699346405228758
5.195744680851064
6.484641638225256
6.428571428571429
5.918032786885246
6.65359477124183
5.238532110091743
6.876876876876877
6.145631067961165
6.436426116838488
6.513307984790875
7.849256900212314
11.590604026845638
5.737909516380655
7.94949494949495
6.926605504587156
7.268370607028754
6.436426116838488
5.799065420560748
8.56701030927835
11.81578947368421
6.631578947368421
5.918918918918919
7.212765957446808
5.513586956521739
6.450980392156863
8.0
7.238993710691824
7.84251968503937
6.873015873015873
6.3271889400921655
7.823863636363637
7.004545454545455
8.806122448979592
7.192771084337349
5.948805460750854
8.693693693693694
8.122931442080379
6.24191063174114
6.396578538102644
5.98581560283688
7.343096234309623
6.822222222222222
6.604651162790698
5.3076923076923075
5.844827586206897
5.98581560283688
7.385416666666667
6.340782122905028
6.851190476190476
7.745454545454545
8.0
7.190751445086705
5.737909516380655
6.24191063174114
6.485632183908046
5.129963898916968
5.8
7.883720930232558
8.557213930348258
6.0608272506082725
5.942906574394463
7.0
8.575539568345324
6.815899581589958
6.851190476190476
8.220095693779903
5.948805460750854
6.1710323574730355
7.712574850299402
5.96039603960396
6.822222222222222
7.502304147465438
7.712574850299402
6.545454545454546
7.714285714285714
6.786666666666667
6.873015873015873
5.799065420560748
6.24191063174114
6.590062111801243
10.887931034482758
5.8
10.633663366336634
5.737909516380655
5.7729468599033815
7.823863636363637
6.511784511784512
6.778501628664495
6.229938271604938
6.484641638225256
6.515679442508711
7.472727272727273
6.876876876876877
6.229629629629629
6.511784511784512
7.291208791208791
8.568075117370892
6.24191063174114
6.436426116838488
11.017241379310345
6.876876876876877
6.706521739130435
6.436426116838488
6.778501628664495
8.581632653061224
6.770491803278689
7.124434389140271
6.905172413793103
7.448275862068965
8.474885844748858
6.24191063174114
7.087542087542087
7.114068441064639
5.799065420560748
7.124434389140271
8.863874345549739
9.793548387096774
7.180232558139535
8.265060240963855
8.2
7.849256900212314
6.706521739130435
6.513307984790875
7.087542087542087
8.841584158415841
6.445714285714286
7.087542087542087
7.6
6.876876876876877
6.778625954198473
7.714285714285714
10.025
5.780998389694042
5.842553191489362
7.745454545454545
6.445714285714286
13.887931034482758
8.122931442080379
8.594936708860759
10.311688311688311
5.842553191489362
6.976744186046512
7.590697674418605
8.17605633802817
6.309623430962343
7.770833333333333
8.693693693693694
6.65359477124183
6.542168674698795
8.568075117370892
6.790123456790123
7.333333333333333
7.374570446735395
6.236714975845411
6.515679442508711
6.515679442508711
5.842553191489362
9.238095238095237
8.220095693779903
6.465116279069767
6.8
6.229938271604938
8.693693693693694
7.564102564102564
6.65359477124183
6.876623376623376
8.475728155339805
5.737909516380655
7.84472049689441
7.343096234309623
7.5
8.239583333333334
6.822222222222222
7.714285714285714
7.208333333333333
6.465116279069767
7.429032258064516
7.310077519379845
8.56701030927835
8.284810126582279
6.929447852760736
7.492307692307692
7.712574850299402
8.855072463768115
9.263736263736265
7.94949494949495
7.94949494949495
7.087542087542087
7.437908496732026
6.24191063174114
7.28421052631579
6.606060606060606
6.961538461538462
4.9779005524861875
6.822222222222222
6.790123456790123
6.876876876876877
6.337448559670782
6.6077981651376145
7.451612903225806
9.855263157894736
6.1046931407942235
6.907766990291262
7.5625
7.180232558139535
7.502304147465438
7.5
10.846153846153847
7.310077519379845
6.876876876876877
8.098765432098766
8.7875
