9.69124682554995
6.188859730704423
10.019661310475286
12.767578943721903
7.3898297280519545
8.226776597533535
7.316128134197194
5.895863979912656
4.909832946107254
8.114662277658297
6.119095109870817
7.324867091065011
5.965747426727399
4.854378946157747
4.283512491519848
6.488930204016181
6.312265775278106
5.313648710759847
6.153795286734676
5.484881014134542
7.535960940523293
6.480460373651395
7.51746383513754
5.001322513919072
8.06677335048568
9.693891115966274
5.745366568043845
14.055815687851798
5.6015257400150835
5.642506038820369
8.364441026709612
6.845811700427735
5.826477490221744
7.540573518457193
8.704321157990028
6.457801594741038
6.817127991246512
4.365435179459287
2.7911582052983523
10.427661591261494
4.454692260369941
8.088824045107438
4.60715596125076
6.806708052678022
6.552241478991279
6.351656272556312
3.928568407811843
6.369886499915592
5.396663184289636
9.984562091938193
8.726312028921607
3.906325647773811
6.798759648429435
6.501121971928998
6.540851100113998
7.370786921400224
6.031425472856025
7.896179226968172
5.783230381111085
8.39291860772887
7.776952459298214
5.918199499226602
5.028674901480802
8.392876730545272
5.436660750139088
6.06592445744303
18.420019589873572
9.294064782426169
7.504433715999493
7.383886020747884
8.264557250777473
5.3336771056426855
7.13402993816519
6.183378922290495
7.967702573181969
19.881617897254074
9.325616689995384
6.421869441652009
5.65467845559279
5.7170828042894675
4.252888303337876
4.935282360106297
5.696529742941278
5.946779420395833
6.475432730105183
4.931378019142249
4.852483764929261
6.4297257394379095
7.225261197752023
3.161649268971884
6.0417171180819125
6.021111444297314
5.156229808819804
7.168826538069169
5.851741423285536
7.885293140216128
8.508037966232537
10.270489508258434
6.662278210251742
7.65285013493918
5.412579314141638
4.150417867025752
8.356293579452535
7.1029400180455955
2.1058386560486775
4.474757975858252
4.147862128661548
7.380661778588817
5.496214098559786
7.138938531151184
7.873084071956807
6.183056182554546
7.921226876564165
5.5097015888569585
7.108487433599121
4.5401234469068905
4.819128259239392
9.293036075658366
6.963008455119797
4.967396455760174
6.3334894620416335
5.233126250337391
11.578643211649284
6.292370601064004
9.719679126729083
19.133674081301724
5.4652814052482075
4.8384928379028995
8.848932426447954
6.512752529088931
5.144026763392302
3.8921410915495542
6.783563027852224
5.446885855031365
5.2948685514930895
13.37346266951518
5.146500311369468
5.05087383697508
6.151288312339646
4.632833170375651
5.016141934355804
2.9446829400322416
6.086051203970687
8.130180175087911
5.3638697575239815
6.308054209701586
5.916395512164906
4.9408064462314805
9.298443913703869
6.792827301123854
4.889911153933606
5.777626601312568
6.107956034828168
2.522344020402236
5.018675610865389
7.100503017854173
4.391997162605637
5.643137333052454
9.996407159525328
5.973794918194038
11.07187064459462
4.9402019870311324
6.5518488035376246
6.14526974456203
7.701174672500565
5.974077521957038
9.326444997170771
5.120332184836881
10.550635175705304
5.887755851290886
6.535926459569962
8.36102242970036
11.22745877585
6.376052910419008
6.917830611833661
8.061549971770834
6.803447657904275
5.195722957334761
3.7190853588103616
6.999007730785095
5.609578314153461
6.8796527734561375
15.538501019497675
8.339450356297087
5.287708491479847
10.881629759560438
8.347129607712242
6.646614706126545
8.30484404567974
4.159751248143326
9.235041864138498
7.5345890991933775
3.850838837239319
5.78636122328421
8.575874435535725
6.713637480506403
6.907882486010253
7.233995162378248
5.2608643839643685
5.266667915132388
13.373392605274496
4.476885544049346
6.527656751489788
3.9368727953405926
11.52678145718494
7.255459723295982
4.770691557193598
6.606011866063
7.123490420861921
5.432340304655323
6.787277634559696
5.0577291055442615
6.365771231958602
5.733594289126662
4.473544939517971
5.242051573883615
4.324736359617665
5.661567009084759
8.667130696607327
8.46908084504565
5.68495963720161
5.280931348365851
7.40085756683587
7.855695367777203
7.393431026338402
4.598334555393536
8.887570104553511
12.599968981637293
6.353302448092316
4.970129839737536
2.0418786925496617
2.103284621983439
2.099132386206879
1.9026761431428476
1.9147065277060331
2.0450219712902604
3.860231970642369
8.828390956755115
8.430231553919636
8.428903545010185
6.855714826958184
5.4146177285166
5.312862798783881
4.631292992373673
6.872691897393242
3.524590741528257
5.897697027835548
5.379045046903435
4.454692260369941
4.942340262125281
10.361869821579635
11.859277825502469
11.027234931784971
6.107900517927808
4.314078179423375
5.6529517903424855
6.7540424882222565
7.374336510076731
7.8538733305082244
7.946496940658368
10.355408447910495
10.99765539569167
6.402964424891547
6.9530351980180045
7.197924500935615
8.24259044867922
7.124935854897163
6.657337824172813
5.158736777491543
9.313986125877006
5.60628189060808
4.982020633445783
6.286649014360013
7.081485881806544
4.054749246300544
6.660542766664588
6.531381275708891
8.702705165983053
5.261833712202232
7.822766432084052
5.55535731898022
4.484817488691397
6.407521269052414
5.246899178580703
5.406746958202083
4.196545360067075
8.540172570005588
7.166522227451795
5.122766370171486
6.247144272769929
7.749158598469857
5.696542756544562
5.144936172025094
5.974077521957038
6.702911088586275
6.3036744958734845
5.58363571415614
15.226004952572135
4.830621138221654
5.574456917759889
5.405119168661765
5.390933325174263
5.468327470830718
7.582856344262708
6.238412317891064
4.920933577114971
6.005118107750716
8.077656487832186
6.222631254955816
5.896352371792066
5.515056722416889
8.04327002455184
6.088661146742286
7.806064076602779
5.762774104638223
4.319420796482908
5.88295191305565
7.752271917708526
5.23500595064621
5.489858038151166
8.431947095777529
7.020708332623677
9.002340816286884
3.7603864059049643
12.894682839696841
6.32129790946703
3.910670561162694
6.472799496898123
5.144936172025094
4.524615375022574
6.882307739903001
3.6920398922553477
4.040722367804022
2.0240061192148597
6.421323447001427
6.168142128362047
5.849458760396681
6.089785893269064
5.936099894721227
6.667335328141538
10.244761428431675
8.03287883811569
8.356537030260084
5.4527582061308655
7.619950230574268
5.0319261460278035
6.419131204879035
3.613827250367228
4.734913913605535
7.312213578466522
5.016719001531734
8.818297829128902
6.577441708687449
5.3634645011170745
27.377214699440998
6.700398448485859
5.509379214173545
7.541239431041296
4.534193444454643
8.131938088867823
5.949380950290796
3.8505859238426696
5.924594972571479
5.228748893741943
6.401268187561731
5.674197088086488
6.250053988681639
4.868878207641715
5.472708564919181
14.512505673140314
5.9561424208336495
5.495505159521338
4.737133668160068
4.588847397628751
4.192511664964912
4.29907183345429
4.426016811280172
12.153364684261275
5.982825322896835
5.358908192740686
6.576503549914463
5.492356938196589
5.018675610865389
4.761794949069281
3.5152789545422785
14.394199710145578
6.4775400584586285
5.762001890067455
5.652609957529212
4.739395636196256
10.312092009552142
6.65817332236637
4.73761363663037
2.1058386560486775
7.114856251565826
5.849148056088892
4.465808096234163
6.774163603764825
5.443410084648056
5.195430959124342
7.427140660228037
4.614587358100245
7.9092438161172955
5.57693124321181
7.668298117581304
6.169814050878844
7.776273772100135
5.869516863270021
5.98983351177662
4.774725894694021
7.948432411239331
4.772080645186143
5.395328315188365
7.7887158141843065
6.92837983202699
2.6448671338313607
4.207973060188816
5.695882345370932
7.4797239653856025
4.336586568382844
11.796517789338347
8.457533940942538
6.909819275961925
8.435058167047146
6.589149761622727
5.826819895909539
5.549630916018203
3.160288741815237
4.539014379625773
8.199116224785973
7.23502564760681
5.706491830647129
7.189563326097273
6.939513611482453
3.305166879631791
4.053213798095389
6.208892030912796
6.9248933400494845
6.891418456197167
4.850161112706307
6.994897727683002
6.716857771041188
8.45986807008704
9.913863591060888
7.711040068906489
8.299661983021956
5.219683267824897
3.8615481647744563
9.034559018667542
5.91659046834261
6.136003970166624
12.009231688654767
8.711001885768455
2.660832903367326
5.14425853488878
6.047621346915335
6.497223389565024
3.3194106188880554
3.515092214627909
5.10844185276997
5.700484430267982
5.639820789727582
7.071324207796573
3.565431793664474
5.8370505146016525
3.683928324331852
7.517227475362111
5.727476047850203
4.305069383145394
8.150637826239
10.74606031415549
7.296184382127322
8.331621821927548
34.7377565273349
8.155742158328923
5.080540735532488
13.463513155802392
6.378650149443701
5.505682977193091
5.195430959124342
4.830475638758893
2.471237009674048
2.5099142476376217
2.0870213078320714
5.853786350661807
4.937758063863847
10.474738376347341
4.847154104960938
5.569117052285695
5.795728847398001
7.321561189788063
4.260036689154166
5.278137917736557
9.141057706531866
8.065282930241937
3.36587604537053
9.219086826670367
6.553223867122371
4.531049400424932
7.629012730789425
5.9544189188902905
3.9881534530613254
5.628602546555567
6.5038170492207685
6.325296751973957
4.7366025073246245
4.787759705646381
4.787759705646381
7.153753960059577
5.544995965757492
5.226124003556341
5.913415927964861
18.36583786624569
8.479249198526452
2.122105975501852
3.7900755219515685
8.406675396720365
5.2506630890012955
3.770592691196871
3.413499576055964
2.727822300267629
2.555082449874603
5.483811144726155
2.956394869571544
4.158614910089986
3.83350217542631
4.912883659725647
3.413563267011173
4.291343359182039
4.789442816505182
5.961121195053821
7.134729397130668
6.129386334250077
4.214124062726743
4.755551039336291
7.614409182174113
3.535758396239615
2.770680416818686
3.8614755491757204
5.553794068697307
6.009090073686345
5.2293931768910396
4.5712582547375815
6.114045173320135
5.616861513318899
5.468828499299348
6.081979158376432
10.054296282011363
6.648917541389771
6.828509330906046
8.111054196452953
4.005761837914584
7.997064439866876
5.388993257915001
8.863900300296718
5.942168872732669
4.910162813728685
5.659549739141203
9.0878458164986
7.71392106056257
6.394914565821607
10.565005709232185
5.813905598204922
8.005757926080447
4.738469089947031
5.026027187018328
13.81746788793751
6.468104882076053
16.321427677759512
4.347063669353773
3.061681301413621
5.864102494792684
2.103284621983439
4.913786329291787
6.221925845794849
7.852340839714219
23.560228909041264
5.502021951409817
9.101609435223777
6.174243517421759
6.656562480562939
11.470961240214576
6.009754491399628
5.66086203271275
2.9637921254612545
5.5655834612520225
5.9456691392282055
4.83369123350192
5.002991150413301
6.635209968048605
2.0956246330254023
2.0450219712902604
7.120906036937084
7.222273463808993
4.166169742937632
6.174136464848761
5.051992399514472
2.9637921254612545
2.2433329502639023
6.106396024624926
5.234980731553114
5.416471186078841
6.07478063300719
9.95140859352089
7.462258375847006
3.0625827276404047
4.101072432626957
5.74473248152777
2.4346994864547407
7.179212182759879
3.3986874433872387
5.55936376754344
6.677312586846916
3.480862950668059
3.1328835716719228
2.0274980017128916
7.441872329499889
7.931091505169638
6.896417872383588
5.379400047307462
4.24426002515729
2.820273938590479
6.354497201779196
7.8405275623651995
4.9598866693911985
3.632850109695645
2.0450219712902604
7.0005735498992845
5.2435526514152295
5.208334243741127
3.176117671096567
6.71192025249105
9.776660784242
6.4017584877625335
7.790299641810698
6.360821988692568
8.783333862004405
7.2392449910868
3.8505859238426696
5.804574786689852
13.149814378482326
4.854378946157747
6.536855989564111
2.103284621983439
5.365561011594716
10.947642263372238
6.419945495281097
7.047410644955959
5.237736133625308
3.1737889447193983
1.9489076093132034
5.628417428125833
8.122332174751984
4.029284003399218
2.0956246330254023
9.52425647657973
7.231991408902206
2.0870213078320714
5.70089124343113
5.418499425637331
4.041728728884436
6.0422743911242645
6.258584559125274
6.149944736183858
4.383762092600327
7.1705658918037924
8.153152236778393
13.706804075507117
6.795948436858014
7.213611476106488
6.5152107111282485
8.1996363157916
9.70601584820452
7.049619295315781
3.9555885189484234
6.194526611558447
2.0418786925496617
2.2923885818409033
8.79165991466198
5.0319613703888955
2.33663459876165
4.702925346132007
9.463160111361784
5.257172178911243
4.750964633171115
6.574267121302017
4.999282221224317
8.650498413187632
9.92352040230644
5.868716496182341
7.834337388888246
4.735814841590505
6.602214186985696
6.045840797574555
2.438878260237247
1.9288957355815999
8.115109443394553
3.3043963348210466
7.412708423114288
4.498785695194762
6.169262990165702
4.867388215657643
4.96540141726139
8.044341566920107
7.4947606499559365
9.200991153691325
5.954129582380284
6.818690161643986
4.0301852804066485
5.810379685715323
4.423721811061243
7.9138521761407015
5.388707337562725
6.167707259021638
4.403311200133591
6.556877382173183
3.1512409008499747
5.51377148655948
4.780207119343004
5.059069478391748
5.55302312415541
4.914677763077173
4.436544340943598
4.920852884616293
2.997343391946247
6.074483193956709
2.474980870625348
4.898223100742136
13.839537318196031
5.445155166361228
7.022358912236155
2.099132386206879
6.533324781273194
8.377419765563493
13.61082912816202
2.011094522997175
2.0240061192148597
6.711601621206119
5.780483216944424
7.4908427379467115
2.1802549825667645
9.353341451345813
6.529864022759566
5.575599280822717
2.0240061192148597
2.0870213078320714
1.9344923303837358
1.9026761431428476
7.835559796409264
2.0240061192148597
6.761330813651925
1.9950961814973163
2.103284621983439
2.1058386560486775
5.680188390080278
2.0274980017128916
5.419358239398054
8.408653253156107
5.160804635966154
4.151543216998011
6.586468972708036
9.937259746639793
7.567119518804214
2.2923885818409033
9.86189203928835
7.433247861582325
16.75335841937489
5.91926103295969
3.5686635255852535
2.438878260237247
4.816288352950358
5.761581952895251
10.318325608468575
7.037013030887342
10.275522082519332
6.569010532812104
9.641913997644528
6.97730027196097
2.0240061192148597
9.438786714540754
11.324959189121286
7.164717874486127
7.569270492928634
8.587319750259008
7.206497792572601
7.269900064920719
2.099132386206879
2.0418786925496617
4.874403164164365
4.824137905052003
4.912023837795298
3.3039033733163903
5.499443878460699
2.1131057624584098
2.1058386560486775
1.9577812044581318
5.510000583273298
6.249209436110465
7.230691751241628
6.476521830049825
9.213785652558306
7.711455092558664
6.674421728007914
8.227782562770983
4.16626199686273
1.9577812044581318
6.528966143279425
7.14614262143977
5.2399564302081805
5.261531880754878
4.3662804552447625
5.133343390172581
16.575587262655244
5.239747278533951
5.284629765250279
6.537555307359719
3.7653061040942593
3.937797774598399
6.837250587356937
2.1131057624584098
6.194890325651053
5.466195582011437
6.979249892453289
6.057351739271322
2.103284621983439
6.13845405072105
4.377147992948781
1.9950961814973163
6.14684727816086
7.086760414991519
6.884063833413963
6.8829100584415315
4.590063968263217
5.857671631463591
9.300061746028701
7.420443646039103
4.168916733881444
5.807987413876193
5.4383021449921545
5.973152053683289
4.615461183755957
5.76978757415154
2.0274980017128916
7.524296163481982
5.867783097281354
4.986760523272359
2.0870213078320714
3.228784185917497
5.380701046455515
5.698587002346321
8.012488120505855
5.898951638457406
2.7460382264566476
5.805750800742009
13.237184732233043
14.580849884194205
3.2597669195171814
6.115290735465114
4.687649662856993
4.454692260369941
5.697606721593123
6.476096206609481
2.7580624507960576
2.273516771613702
5.057977297347268
5.316736848374007
5.142769105869759
6.67847571641794
4.870866529542292
3.7759320695123035
8.403819505221897
5.684022607789116
6.453323959803982
4.043863130334211
5.202062806614178
9.43241537731613
4.956454927502746
2.896545427285317
5.404266478122808
3.864936437997626
7.848943842519548
4.832301359734582
5.766659038756473
6.906095689171536
6.674231121436671
7.244423839295616
7.10365391043882
5.912613944762643
5.163536140517474
6.336428156684327
7.662189376195853
6.578001246212585
5.856670628783703
6.984984057634886
2.659313521291505
5.259412387695528
3.982783763914055
4.783254537485905
6.176470527506983
5.838406402229169
5.723881736050645
5.916429122596076
6.357146545327686
3.648589693173637
7.7307213080472446
4.755631527647394
4.176790797037498
7.938751599485049
7.0460232524307695
5.258755926731035
2.0240061192148597
5.181204700376922
6.2644061961867665
9.949309233443193
6.996006849261397
6.324829382242931
5.854356849479705
5.714525807265478
5.6492147046951855
7.806496401388676
5.0950379212245975
7.006582920701791
8.69024263713019
6.05150192177746
4.128165650897902
5.906651045591193
11.04568121199962
7.712381366557011
2.7523847910321155
6.750589555081699
7.403200894443711
9.943517340563536
6.910913609877705
6.865987226464316
5.3092306680763635
7.284003611811972
7.009623042036987
4.1711909525582636
2.103284621983439
6.220695320825268
8.244422176331527
7.1215788979689965
2.0274980017128916
2.0274980017128916
9.998128371294035
7.196496005983101
5.405376887613102
10.537141684474918
7.2284671537540675
4.714136735812382
5.280113467268441
7.673407920430034
5.637001592062127
10.07731951195636
5.939996769818574
6.147816396703473
2.099132386206879
2.099132386206879
2.2607934246377503
2.5525660066054585
10.307155092218954
5.280237168023734
5.234156415709581
6.806798693730007
3.9588032742245263
3.1944877887053713
2.113354451501754
8.525890506139161
2.9637921254612545
4.397724685811048
2.27728945624467
5.997029017700562
2.6210846077618855
4.750596539497925
6.114840286191122
5.630637515291135
9.341570821809501
5.635592059207987
4.369269802163518
2.9637921254612545
4.4957054804849035
4.613890565518796
5.993812660072706
3.1004845275173767
6.550725996007132
2.6115795327730087
5.625314121956561
1.9577812044581318
8.19869699804731
3.9327605553490557
7.763629556942132
4.842956437413094
6.158693250226337
4.473865402931844
2.1183453298386863
11.424376470326578
6.680904856255544
1.9577812044581318
7.851485675166293
4.4989096499831005
2.2881145739003945
13.14674307351082
6.057813623850561
7.65736630321276
2.9688819662955206
5.575570711360923
8.557907345540308
5.826109748791724
1.9577812044581318
2.9976405546462197
6.401328535615173
5.865981168337593
6.6207867301157695
7.612405278821754
7.913233599266116
8.143505206571012
4.896659012864893
5.186506702034849
5.54332059719119
5.666952676031961
6.37676908589923
5.008712849864346
7.87638131763972
2.052549473727541
15.381365073962696
4.30750840164659
2.924885348140556
6.220776602587463
6.593403337069489
5.8881208788708195
6.352312088718018
17.22031786352103
6.853442060064686
7.1714479743605395
4.884010123827733
3.6059585260214555
6.7968835019245635
5.2509903628782055
13.31640539984844
4.095615140412865
6.667447495737041
4.339581719449589
15.21517979816242
6.844118449382457
4.088491489415749
5.9292319109927405
10.725978175855326
5.874818844574255
2.5564831068871965
5.933855333029357
7.000742146703507
3.5514010075599356
4.921035321854444
9.499967913453013
6.6295916282852225
3.1004845275173767
2.53731675599055
8.774838084489692
5.757983032085912
6.0423604947859175
5.097379141645759
8.73482266515438
9.399149353550097
8.000474150393075
8.616178611766735
10.922184680564785
7.009440530227183
5.807878264906736
6.497862767152627
17.26370799755733
6.541553998516777
2.113354451501754
4.403484344111443
2.755710808605207
2.4889877081504395
6.585940841050865
3.4099997573120353
3.076155733259584
2.052549473727541
4.815734231758207
4.572575934292815
5.720145498770251
8.194718348893451
8.723894727583595
4.930512618306309
7.024877625883486
7.291223587022668
6.455940667791772
7.71136439361508
7.57897517267056
3.6185643607864666
8.304670862916902
6.799423976542912
2.0274980017128916
2.7523847910321155
5.834466342808497
12.757160223334381
10.422678104089496
4.521099599299934
7.73437629657242
5.125082060323227
5.673401605806776
2.0956246330254023
5.365320298506668
7.846072524432662
6.81642818001681
6.38385033582842
6.291853684321609
2.4889877081504395
4.728126132268975
4.3045362374098755
6.467861915738657
4.231547236903876
5.708487000876539
6.033694493289663
9.589100473583425
5.453336250196853
5.629865637836483
4.51832712248567
1.9577812044581318
6.400785296086533
4.4417574731513385
4.8474995738167
7.424555968069777
4.954287969485259
2.7523847910321155
9.015931089731758
9.912164799786728
5.3499985652450395
6.177904004423967
6.759688122983591
7.491263170694627
7.715822040240263
3.4260047095188995
5.593318829793616
5.442103614088245
5.966730875079768
8.176981047681325
2.7623022737269216
8.806981696226137
6.447495084998206
9.123880905849932
2.602126142090501
6.030195273606577
6.782823627783556
2.0956246330254023
2.6155340987808593
2.7512093497060195
2.113354451501754
7.523598434366018
3.8764053642353065
5.656822204327291
2.0418786925496617
2.6280015231346385
3.253831173026769
5.824336536893491
8.889855802561291
7.783125905969371
3.1622489829714566
6.6431774182933205
4.411107481095953
2.099132386206879
2.632727132809916
8.166410840420578
7.171792479319732
10.743982826280085
14.576433797597483
9.978974490957418
7.768398049332665
5.814439105602215
2.9637921254612545
6.813232390286977
3.437949958026926
5.6599139595235135
6.5799271498419705
2.113354451501754
4.187189904903248
2.6155340987808593
6.862345322098937
5.831683006034179
5.092543790763448
4.484495608505773
5.752783343491741
9.609825984996005
7.878052123599668
4.26064481964807
3.359915770538664
9.08171793607584
2.7512093497060195
2.2220712774253975
2.0956246330254023
2.0418786925496617
3.5514010075599356
15.311409286539279
4.2785022404003765
5.277528938440466
9.445479697401476
19.937263871643417
4.414337110442125
4.249149962445903
4.7879042347982095
7.407896542248389
4.684423923471466
5.977899954610275
2.748384375118432
5.476680188965445
5.442807010714859
6.175754127730761
2.808180641779528
3.9304445486501436
5.20395205958826
9.66065611404622
4.722919858325446
2.125789738138795
6.849486781992661
2.1686251992770402
4.209943100665234
12.089617137923277
7.4510755701936064
6.306615101946109
6.039633400339651
9.581730853226144
7.375467162565384
6.081766768388253
7.14771508755176
7.855300085016823
2.640138672304574
2.674576337681398
8.580224217054417
7.100807178078199
6.797272584798131
13.907714656407402
5.881974720252461
7.176306157906639
5.8992565422295105
6.925399959924408
3.6531195832046324
11.976408340557265
7.146688300411784
4.009588566077842
4.849304762916264
9.416383019724865
5.561449648223045
8.689557005572238
5.194051988545012
9.054519016407836
4.603614223777791
6.4837085591514105
8.027946647621663
6.879314530910366
4.4188298130139145
3.2185177112684267
8.627663321182261
6.965361660274157
6.761453658967413
4.422283611723465
4.77136022073776
2.775009868575017
7.6719267878539315
3.5946888381895685
9.040209284606378
5.868998782741539
2.7460382264566476
3.8730718781451534
5.909418283539599
5.816643512361941
3.1158906415573155
5.442994099768638
4.053858537104992
5.4771068915796
4.632509101724995
4.860264303053905
5.9798730850876485
5.00654010362105
2.8159750377148356
6.867906461928767
2.450946977998435
7.02711719466393
6.5368234411703785
6.427988146033539
5.563759194074956
15.924328562889025
5.722377271026908
9.279044621918763
4.454692260369941
3.551196905688669
5.078585685080825
2.811473480152642
9.868991563018882
6.927668319212162
5.816244937462594
6.155470284321586
5.423767012252621
8.489592018983103
7.3048213555628445
3.1004845275173767
8.09189831269131
4.549877089644959
7.63167181840824
6.778758776350383
11.033037288687176
9.104029338156932
6.958996668127646
3.2152545562589565
4.960913618582785
4.487552119079901
6.59747130432546
5.5678857945870215
4.884666098556587
6.225369906731501
5.155671505305031
6.9169616410184025
6.997699823301128
10.917658003855662
3.6931759942772886
6.578685181135182
5.628113121525726
5.307871673263339
6.73350088162922
2.6783455292732854
4.343699717681577
10.911819662332148
2.407493399165995
7.384841197474162
3.873834999942233
8.95904748706725
4.761289611339791
6.630580993045057
7.491970565283678
6.465572059495512
7.981086275816169
11.130493177199414
4.571546169175302
7.222772431283934
3.1158906415573155
6.55574780299142
6.558981318530828
6.602633327765124
6.4808003464628925
6.914280452612977
8.011786418079215
6.385887651210601
4.422237806240622
4.855520208722159
5.841128879155013
6.6386208248987035
7.00494937756214
5.724444852259026
5.851534410700155
4.748445541735501
4.981077550616492
4.793956965049225
6.933675664135904
7.217105953807204
5.130844468554107
7.499707805345161
9.854979252514033
2.5321450073303846
5.490017998929677
6.819366981522163
5.931626837741115
5.7666302402006275
9.350736878046943
4.6919239056721285
7.738486868389289
11.89925886016839
3.2152545562589565
5.369871388695104
2.775009868575017
6.391920739551475
5.259805028794215
5.769528135030345
7.633667441228645
8.99012204959892
2.8982667370880235
5.278392323790504
7.03167148595391
6.877813637066457
6.745127805330815
8.100707746051846
8.729564367278671
