4.0535
4.514548
3.7737892
4.8074045
1.6040844
1.3871126
1.5474277
1.0900668
1.6893942
1.4960295
2.6288598
4.814601
3.4765463
4.103526
1.280761
3.187214
4.0399323
3.905384
3.887217
1.0900668
3.3290794
1.0900668
3.4141712
1.5376273
3.5555916
1.49682
4.4318743
3.9581132
1.3749912
1.5875423
4.680762
4.216987
1.4960295
1.5295093
3.695842
3.8326204
4.0928955
3.7458217
3.3775294
6.1981196
4.3809643
3.7663364
4.134918
3.731054
3.4140623
4.554724
4.1866894
3.7450562
3.86175
4.0342083
3.848462
4.4620776
4.7342577
3.240113
3.695842
3.8028498
3.8912847
4.3399725
4.170997
3.9019089
3.7949414
3.7812526
3.7495983
4.382336
4.1827536
3.7355788
7.107011
4.7994165
4.264807
4.1942687
3.8461344
5.307846
4.883922
3.731054
4.5813913
3.6003795
3.65664
4.4685287
4.367346
3.9846802
3.2307072
3.6113222
4.4641366
5.0330663
6.30599
4.1972466
3.3192766
4.1735916
4.4153457
4.169381
3.8017209
4.7783403
3.8591309
3.300463
4.152266
3.7458217
3.428682
3.7716894
4.237696
4.6124263
4.133419
4.3853803
3.8251777
4.9205256
3.1750236
3.5544662
3.6336555
4.284421
4.5385294
4.3439837
3.5583088
5.0708637
3.8114562
5.710208
3.9734702
3.695842
3.673965
3.8338182
3.3537579
4.3126163
3.86175
3.7716894
3.9035513
3.66126
4.9282556
4.298221
3.7047756
3.9262881
3.9612393
2.0332046
4.783924
4.5558577
4.6736383
4.4339533
3.7083414
4.2413964
4.5680575
3.9057353
3.785055
3.0326507
3.635552
3.7737892
4.951919
3.8835437
4.401263
5.119964
3.7917736
3.4734728
3.9304187
3.8479686
4.0759325
3.8173022
3.731054
3.836501
3.1984131
3.6876633
3.3632991
3.7474473
3.428682
5.1955023
3.9563217
3.2706802
3.7738729
2.3219943
5.19309
3.694889
7.480794
4.8094263
3.4849596
3.635188
4.1763077
4.846565
3.986396
4.9624662
5.176627
6.8440733
11.776095
10.759507
6.8975353
6.8296757
3.6289227
3.718585
9.274926
6.8045187
3.7556808
10.759507
9.274926
9.792266
9.46481
4.679911
4.29558
3.7224295
2.9969766
5.171681
3.6635075
3.7659898
4.9299316
3.8811526
4.397378
3.5432718
3.352355
3.428682
4.5060196
5.1792803
3.848487
4.2015667
3.8501794
3.848462
3.4648497
7.325349
8.839733
4.4791994
4.356885
3.62424
5.434031
3.7714431
3.6262906
4.1900034
3.318519
4.3147955
3.3743248
6.5251026
3.318519
2.6589534
3.9572766
4.8267045
4.0216107
3.4089465
4.8660374
3.6765492
2.6072373
4.044832
4.3147955
4.3932676
4.231209
10.759507
4.1188426
4.2510138
4.3286967
4.08643
2.5565436
2.8201041
3.9603894
4.5082917
3.3862941
3.9522848
4.503797
4.277053
4.950156
4.493813
4.7054133
3.431665
3.4818058
4.5539374
4.768211
4.0776052
3.6672432
2.9668071
3.9184408
4.658434
5.524825
4.1640654
4.17555
4.862719
3.8125029
3.903209
4.268465
1.8402964
3.7559102
3.9959645
5.204165
3.7957532
4.019347
4.0400257
9.398751
3.825597
4.6480656
10.988922
7.297907
4.046676
3.326375
3.8170834
6.3538465
6.70526
3.516117
3.684463
3.386487
5.864557
3.3464634
4.3544064
6.2454033
3.844019
4.0381155
4.252905
3.785153
3.465458
3.559127
5.231561
2.3770595
3.7340415
4.0467005
10.259063
5.2550445
4.333493
4.1789904
6.263408
11.025661
5.1260014
4.294325
4.5186605
4.707921
3.7458217
4.7708054
4.4801893
3.4481733
4.3726063
3.9787657
4.185441
4.1789165
2.7520607
4.04209
2.767856
4.4952884
4.617315
12.059038
6.953278
4.608396
11.61492
6.953278
6.829447
6.829447
7.0863447
12.663213
5.8453994
4.272786
3.9516256
3.464282
5.5199904
3.695842
3.8829143
5.545019
3.7955065
3.8829143
4.1907225
4.408969
3.4554303
9.398751
3.695842
2.7239103
3.86175
3.240545
4.159073
3.6022573
4.7749906
4.1442184
4.4603615
4.4986343
11.574095
9.484507
9.46481
9.605433
9.274926
9.923769
4.629953
10.759507
9.398751
11.151775
12.349094
10.976313
4.0570745
3.943908
11.081503
11.450101
4.020439
9.356892
4.136528
4.251562
4.238583
3.8009026
3.8323648
4.3810015
7.2545156
3.9535487
4.85158
4.1202183
3.731054
4.2096963
4.1962194
3.590592
3.8478072
3.848462
4.259963
3.7949414
4.0248885
4.29478
3.7474473
3.754786
4.6596103
3.738506
3.4305403
3.1600199
5.442601
3.947571
3.635118
4.5009413
3.4934833
4.2174225
5.5288544
4.048519
4.2184277
3.9746544
3.7933347
3.9057353
4.175745
3.3955233
3.618521
4.5386586
6.312639
4.5908065
4.3117814
4.1560407
4.419012
3.8490696
3.79202
4.1926455
4.3276567
3.519777
3.8280058
3.8128636
4.1967545
3.823823
4.58919
3.4734814
3.686387
3.9556715
4.8724294
3.8932343
9.498315
5.0927587
3.2416122
5.153992
6.2070613
3.8763633
5.2932982
3.1222646
4.1787853
3.9603894
3.2238934
4.3789425
3.6336555
3.5506718
3.7474473
3.3502202
3.7716894
3.9834926
3.4709346
4.1815443
3.8511415
4.199808
3.695842
4.0535784
5.112394
4.2109747
4.837199
3.6799278
4.2866077
3.9104743
3.7083414
3.9263
3.7799313
4.298221
3.8415682
3.813584
4.1658773
3.83801
3.7737892
3.5521514
4.154125
3.962965
3.7422018
3.2879784
3.6289227
4.175166
3.8396256
6.301767
4.0608
4.407917
5.252291
4.4066787
3.7560096
3.8353453
5.099476
4.185131
5.0627775
4.2954235
3.8520179
3.731054
4.183573
3.7159035
3.991174
4.4339533
4.1039534
3.4771159
4.524934
3.9652674
3.8565629
3.7458217
4.2287903
4.0322285
4.6124263
3.8078582
3.9980972
3.8935428
4.4113216
4.1165333
3.783128
3.0154538
3.455087
4.100965
3.7458217
3.673965
4.100503
4.1069813
3.695842
4.089506
3.4255915
4.081453
4.3178997
3.60877
3.7458217
4.4658346
4.3947725
4.1800675
3.7882023
3.8697724
4.2582154
3.5115786
4.0641384
3.7949414
3.8108325
3.4351234
5.0677676
3.7458217
5.002448
4.468893
4.4550714
3.1614876
4.3577943
4.492888
3.6815739
3.6572943
3.7946408
4.4598036
3.570911
3.093421
3.8197637
3.9275887
4.148886
3.537503
5.3283734
4.7261243
4.038558
3.9952996
3.0166674
4.181251
3.7557364
3.7036204
3.9565465
3.3283958
2.508765
2.7856662
3.9335036
4.297653
3.7458217
3.6554592
3.4663267
4.20306
3.7345402
3.645464
4.0625043
3.9927132
5.0369406
4.277248
3.6289227
3.9177449
3.9010243
3.8356273
3.4708233
4.4827266
4.686125
4.5935326
3.8933818
5.303015
5.3749156
5.304401
5.2810507
4.5421033
4.4590173
2.925296
4.840019
3.1446202
3.710136
4.3927975
3.6336555
3.3042781
3.673965
4.4324665
3.792947
4.407689
4.1707973
4.3527813
4.0130277
4.4279747
4.344428
4.926648
3.6538084
3.7003407
3.8874078
3.5109055
3.7106307
4.184641
3.8257937
4.05842
4.0365305
3.7389545
4.0307446
3.8641212
3.770088
3.800778
5.1165977
4.316779
4.220733
3.7036204
3.7949414
4.7290263
3.6975753
3.7954144
4.074341
3.7340727
3.7355788
3.9563217
3.5773096
4.7476473
3.8772795
3.7474473
3.8765154
4.4076376
4.5424647
4.162472
3.7737892
3.7737892
3.7458217
3.2298641
4.2871256
3.686387
4.300891
3.686387
4.536919
4.5184855
3.6672258
4.073453
4.027767
3.7868936
3.748454
4.338787
3.845882
4.1032567
3.5222447
3.6003795
3.373221
4.448949
5.378104
3.9771676
4.954641
3.731054
4.9185624
4.0456824
3.7900968
3.6003795
3.8598647
3.913684
3.7579403
3.763373
3.991461
3.9057353
3.9196663
4.0588894
4.430508
4.1258817
3.7474473
3.8222685
3.7978005
3.991174
4.1278563
5.373887
4.3498178
4.238266
3.7458217
5.1162477
4.1140327
5.333125
3.9057353
4.32547
4.3356414
3.7737892
4.0032034
4.255619
5.734624
4.833992
4.2303705
3.9579763
4.7306733
4.1651087
4.178741
3.7770367
3.655327
2.1165543
5.9392304
5.9392304
4.4750886
5.9293337
4.0319023
3.701177
4.035023
4.1631804
4.799127
6.7314744
4.9458184
4.5800076
4.480979
4.1041565
4.617315
4.210126
4.934437
5.83905
5.258444
5.607619
5.2159834
4.1189256
4.0076427
4.6873856
3.8467052
4.419702
4.4576054
3.8769026
4.6888967
4.402092
5.3715506
3.5755363
4.8968043
3.360659
5.7608294
4.470914
4.2376323
4.238266
7.836944
7.051084
7.6502743
11.808342
4.904271
7.691998
4.1627474
7.836944
7.051084
4.855306
7.051084
5.0920405
5.5392737
7.417929
3.9846802
3.9262826
4.970916
4.205077
5.6962647
5.1027927
3.6841319
6.5110455
3.844177
3.7474473
3.428682
3.9700844
4.0180616
4.369896
4.19215
3.9057353
5.0439935
5.151025
3.695842
4.181275
5.51421
3.9107125
4.420488
3.3600044
3.9427485
3.7036204
3.7458217
4.6637435
4.1278324
3.6862075
4.0026016
4.61266
4.0026016
3.686387
4.660028
4.8449416
6.1013937
3.7976997
4.5077395
3.6372206
4.3588953
4.7944694
4.346547
3.686387
3.6066794
3.7949414
4.6097856
5.155141
4.1460924
3.9833722
3.686387
4.516422
4.2393823
3.881112
4.905808
4.2780457
3.5447433
3.809504
3.8677568
4.736632
3.9799895
3.2644596
4.175166
3.7716894
3.695842
5.1550922
4.010008
3.6976461
6.876391
3.6556287
7.0797563
4.4894342
2.9085324
4.324158
4.8432183
5.0758615
2.6196237
4.59845
4.4428577
4.898569
3.3754945
4.6319804
2.830929
3.6003795
4.3011503
3.7458217
3.7251685
3.9063902
3.5752938
4.354926
3.8132877
3.7998366
4.438137
3.6958425
4.136671
3.7737892
3.86175
3.695842
4.382336
3.7949414
4.278059
4.09555
3.9032514
3.7474473
4.6383667
3.7926967
3.6113222
3.7474473
5.2810063
5.523733
3.6003795
4.236807
4.027659
3.8229232
5.415482
3.6217382
3.6976461
3.619745
3.5805275
4.2473507
5.0998917
4.26703
4.1221924
4.3805566
4.4328823
4.3298397
4.128229
4.16803
4.99073
5.8158755
3.2478695
4.617908
3.8615236
3.4711964
3.686387
4.9398127
3.7474473
4.045376
3.753046
3.801913
3.673965
4.277875
4.252742
3.7593122
4.7580333
5.212078
3.8093257
3.6004727
3.5096278
3.7737892
3.9379234
4.680467
3.8452952
4.031708
3.70251
4.384916
3.4358103
3.8756554
4.457198
3.5432837
3.96162
3.4130445
4.0821238
5.921461
6.79661
4.893684
5.0558705
4.7304025
3.7623124
3.9372454
3.673965
4.514705
3.6156943
5.1194153
3.7726104
4.12463
4.2635374
4.6319804
4.412823
4.357773
4.9452333
4.077188
3.5936925
3.5601149
4.1824546
3.9454465
3.8226542
4.159524
3.747112
4.4736643
4.270357
4.0456824
3.3284838
4.2786684
4.4049964
3.4199018
3.4515257
3.6947806
5.079894
3.6330886
4.1050186
3.9466033
4.116052
4.053912
4.1171713
4.596326
4.3527813
4.1446886
3.8228855
3.9534464
4.234675
4.467389
4.424867
2.968625
3.7781947
4.5300508
3.6976357
4.89633
4.554423
4.300535
3.8184407
3.9036477
4.43932
4.1727495
3.7820246
4.557009
4.1681356
4.088098
3.8784368
4.8090043
3.7358987
3.573139
5.106071
4.035925
4.3077784
3.87561
5.5513635
3.563268
4.181019
4.449894
4.1315303
3.4776144
3.4275794
3.5657337
4.104994
3.9057353
4.6350975
3.7333872
3.6452966
3.9806042
3.836501
3.9470592
5.513812
4.2818537
3.8294985
3.731054
4.3018036
3.778033
3.9393766
3.5082538
5.4023595
4.5602417
3.8098466
3.4734814
4.483671
4.323444
3.9351707
3.9516256
4.084696
4.154447
3.8071337
3.3468387
3.5649953
3.8830605
5.0920405
5.290338
4.759244
4.045781
4.3648043
3.5720704
3.7037723
3.918045
5.132529
3.8493748
3.2543802
4.3895373
4.239888
5.7608294
4.8738093
4.524934
4.4534225
4.2729163
3.0913517
3.8205032
5.231417
4.1602883
3.7458217
3.7340727
4.0731077
2.7759118
4.7334805
4.1293106
4.9912124
4.3744063
3.6477733
3.848487
3.6876643
5.239239
3.461372
3.7036204
4.071234
3.695842
5.574306
4.1339517
5.8164983
4.2041864
4.691897
4.6958346
4.081668
4.3311706
4.2148156
3.772374
3.9294221
4.8180604
3.7567937
4.451907
3.3687403
3.9563217
4.487419
3.5300176
5.4128313
3.731054
3.876985
4.442842
4.038829
3.9270623
3.4140623
4.5813913
4.423287
3.8097165
4.4621744
3.9015846
3.7474473
4.1683564
3.673965
5.766042
5.7279468
4.140753
4.742864
4.5996227
4.204711
4.0343213
3.639483
4.2242956
3.529304
3.9575133
3.7683191
3.9284685
4.3315406
5.1688566
4.7999544
3.7706838
4.8830996
4.5068426
4.655953
4.9963765
4.1311607
5.047601
3.9678524
3.8500335
4.8074336
4.870825
3.6976461
5.0730085
4.218154
4.489934
5.177994
4.597722
3.783697
3.4879637
5.166668
4.9412107
5.101043
5.113863
3.8836343
4.411318
4.153106
3.0429494
4.670995
3.5197783
3.42908
4.3500304
4.3909254
4.238266
4.863701
4.075947
3.7716894
3.9314935
4.2999206
3.86175
2.9103904
4.228352
4.613967
4.812185
4.494483
4.0766163
3.919373
4.6112766
4.9493227
4.4188204
3.60877
4.3155785
4.1327944
3.8299885
4.5813913
3.9184494
4.896508
3.9057353
3.7039206
3.8790154
3.695842
4.164624
4.0283794
3.726288
4.1100683
3.244194
4.875676
3.6003795
4.115184
4.4486017
3.7732463
3.9579763
4.0580792
3.600555
3.276842
4.026018
3.721733
3.9892344
4.401971
4.0707965
3.934982
4.022705
4.536155
4.870825
3.473071
3.8145926
3.8903308
3.473071
3.8145926
3.758798
3.7474473
3.695842
3.686387
5.0933986
3.9108753
4.9807386
4.5813913
4.6716843
4.001793
4.8245063
3.8043566
4.283644
3.6289227
3.9517841
4.211685
4.2242937
4.3826976
4.3025584
4.258501
4.896764
3.7797778
3.3768344
3.365554
3.4012198
3.4646506
3.8134031
3.828659
3.559127
3.8829143
3.695842
3.686387
2.4415693
3.2386827
3.7508063
4.047398
3.5819097
3.7797778
4.1353197
3.93605
3.9270089
4.625413
3.985586
3.7474473
4.0731506
3.7458217
4.511217
4.1537967
3.6003795
3.7949414
3.9652405
3.980298
4.555675
3.7355788
3.844177
3.5841155
4.6507425
3.86175
4.607085
3.8893433
3.3552353
3.904554
3.6004727
3.9057353
3.7474473
3.686387
3.8748772
5.3230023
3.8912847
3.7716894
4.0979137
4.821191
3.6614885
4.6664042
4.108515
4.0395184
3.6615973
4.1171517
3.9099357
3.4457557
3.9280736
3.438851
3.5806687
4.0419254
3.7355788
4.971533
4.1758842
4.423247
3.695842
4.125141
3.5979693
4.1508474
4.6196523
3.7760022
4.170465
4.3018036
5.43986
4.5394115
3.7949414
3.7949414
3.6114333
3.7377346
3.4915547
3.7979617
3.7355788
3.818609
3.8773375
4.2991767
2.9463398
4.1108274
3.7737892
4.081335
4.275874
3.7458217
3.8285944
3.5041502
4.2761497
3.86175
3.6601229
4.5073056
3.531769
3.4227314
3.7557008
3.695842
3.4925888
3.5255857
3.4263964
4.4218416
3.9475262
4.0005007
3.9715772
3.9259849
4.355018
4.385837
3.9985518
4.3943753
4.5623198
3.7822118
3.2353795
4.1284685
5.122224
4.431732
5.154168
4.293751
4.906922
4.05626
4.855306
3.8253393
3.5255857
3.3511472
4.1221023
4.556011
4.4348917
3.315643
3.8285944
3.6164536
4.14126
4.053052
4.010687
4.1329703
3.8037345
4.118708
4.3243937
3.6358566
4.571039
4.4747176
4.1266603
3.195425
4.4218416
3.9547224
3.7737892
4.0347085
4.467678
5.69319
3.2746613
3.6525142
3.5091383
5.1965933
3.8167825
3.5716963
3.8285944
3.686387
3.6913471
3.8255613
3.4913044
4.133095
4.5295444
4.34142
4.0669074
4.245469
4.351969
3.836118
3.4517817
4.5438704
3.8233278
4.6262436
5.262805
4.7195406
4.5405087
3.8860435
3.8334475
4.270934
4.3474874
3.6799119
4.0425434
4.790141
3.7115
3.6003795
4.595364
3.719397
3.9057353
4.008552
4.4112043
4.0880337
4.1706986
3.7458217
4.2376146
3.7214866
3.7949414
4.5339794
3.991174
3.7051916
3.9915547
4.108977
3.7716894
3.731054
4.7295628
4.0390477
5.5325475
4.305458
3.8198745
3.5620847
3.9280803
4.0478573
4.2040296
4.230485
4.201181
3.8198745
4.2833843
4.3153358
3.8134031
4.1511855
4.8812027
4.302593
5.1642113
5.51421
3.809504
3.7340727
3.7474473
3.552044
4.415057
4.6011276
7.051084
9.356892
8.547853
8.349642
8.245834
4.1377993
4.2871532
3.6336555
4.240676
4.073101
4.250115
4.0557404
3.4488955
3.6000905
4.184215
4.0681944
4.821065
3.8297582
4.1527667
3.4592915
5.070617
3.6003795
3.5267704
4.9780874
3.7990768
3.6050355
3.9906335
4.764932
3.7474473
3.9288359
4.1018934
4.5925865
4.932733
4.3086987
3.8162227
3.657715
4.044135
3.8096335
5.2921567
4.07226
4.6301274
4.062693
4.246217
4.3031063
5.262805
3.7775297
4.419097
3.6562564
3.542409
4.8349547
3.9699755
3.6185756
3.4716597
3.8414257
3.686387
4.9886208
4.6499205
4.7249584
3.771834
4.076906
3.686387
4.8537865
3.8031833
3.7458217
3.8062265
4.519455
4.1041565
4.7760677
4.1323175
3.4040666
3.6890225
4.1544437
4.3747807
3.5885181
4.232095
3.777263
3.7805126
3.7458217
4.5813913
3.6323225
3.931352
3.741254
3.8090878
4.0010633
4.320993
4.588646
3.7841442
4.711492
4.2738676
3.848462
3.7355788
4.287121
4.0475235
4.358837
3.7837868
5.7172775
4.18706
4.476106
3.6323225
4.1206813
3.6957526
3.7837868
5.3791757
4.461227
3.528178
3.5940378
3.7355788
3.6289227
3.7949414
3.7957702
3.6146612
3.7199469
3.7355788
4.578354
3.686387
4.1979594
3.7136369
3.82663
4.0777273
5.1122785
5.092485
3.7485201
5.1323133
3.6288502
4.2289205
3.0729654
3.892535
4.0921736
3.3509576
4.6777463
4.3713427
3.793412
4.3152933
4.249922
3.7458217
3.7458217
4.068873
3.5979693
3.3456736
3.7170095
3.7458217
3.9700844
4.4756594
3.7396555
4.7510133
3.8516588
4.524934
3.695842
4.3443103
4.323444
4.4669514
3.8071337
4.2500563
3.6033816
4.4518156
4.295114
3.4529488
3.64955
4.1331773
3.5923774
3.848462
4.307461
4.6229973
4.435194
4.1833625
4.0422783
4.3321104
4.2596173
6.1758304
4.9053288
3.0981872
3.9057353
4.151186
3.1493878
3.9679503
3.8462024
3.695842
3.695842
3.6641376
3.706591
3.8285944
3.3202896
4.1232705
3.5724432
12.037097
5.086633
4.254732
5.69319
5.193917
3.8072765
3.694982
4.152973
4.2591004
4.4242244
3.7474473
3.8330624
4.592543
4.1954412
4.0456824
4.109112
4.4114165
4.8530893
3.6170297
3.858287
3.7716894
4.01027
3.8315344
3.697489
3.7113237
4.0702047
3.9534447
3.9056408
4.123225
5.7389636
3.7606301
3.525907
3.3279626
4.4803605
3.9652405
3.4809132
3.9392035
3.8015337
4.0390544
3.7355788
4.293696
3.630331
4.4774513
3.7959237
4.134845
4.1114206
3.673965
4.0528
5.471273
4.5023303
4.4339914
3.906479
3.6976461
3.4496424
3.957933
3.7368326
3.7949414
3.9186869
3.695842
4.093584
3.792485
4.267336
4.0885487
3.4365394
3.9093137
4.371396
3.49849
4.597687
4.42992
4.1339517
4.0704975
4.170657
4.1340857
4.199009
4.1533775
3.695842
3.9665272
3.7026672
2.6840308
3.747634
4.7384653
4.5394115
5.13144
3.5049126
4.3131857
4.632717
4.9543815
4.797585
4.3901443
3.8689227
4.139778
3.824051
3.844177
4.4562287
3.8616095
3.7458217
3.81937
4.2837677
3.8916986
4.7905765
4.247822
4.335563
3.6022573
4.474702
3.844177
5.091153
4.1786613
4.100965
3.5290167
3.524265
4.166568
4.2238183
3.8063462
3.3872733
2.9981287
3.8991182
4.628299
3.471264
4.31254
3.9698782
4.4548903
3.731054
4.354007
5.5937386
4.193802
4.6524034
4.380123
3.8689227
4.1026354
4.825317
4.522911
3.5630252
4.7434535
4.7045097
3.7255921
4.3346834
3.695842
4.1255674
3.625546
4.091649
3.598401
4.0365305
3.5419843
4.5023303
3.7149537
3.8455677
4.958055
3.7560096
2.9204948
3.1722624
3.7312722
3.8790154
4.737095
3.4456685
4.056594
4.0425434
3.5040712
4.442621
4.552743
3.8689227
3.640301
4.136921
3.8379304
3.7458217
3.6336555
4.4765086
3.7804012
4.206867
3.933797
4.1804533
3.9959378
4.466226
3.8957436
3.6699505
3.6675427
3.8449059
3.6262906
3.848462
4.1797805
3.857538
3.8261025
4.645169
5.6898823
4.045578
4.4832454
4.0229597
4.651207
3.7049603
5.361992
3.770088
3.7354777
3.7949414
3.9094048
3.4479077
4.0197353
4.3703938
4.0708
4.9735713
3.5601988
3.5137303
3.688208
3.5691214
4.6533217
4.2339754
4.1560407
3.3688197
4.286679
3.7594175
4.068379
4.294014
4.855306
4.285021
4.6501207
4.143388
4.872673
3.6050355
3.6308584
3.335201
4.314866
4.066941
3.8268995
3.86175
4.147002
3.9142284
4.1866703
3.562626
3.8098466
3.502013
4.198721
3.9563217
4.0207925
4.164221
3.9331608
3.5461125
4.487173
4.6112766
4.7038517
5.1110625
5.0488076
4.1481113
5.3918
4.57852
3.7355788
3.53429
3.8968844
4.1095705
4.2594852
4.018738
5.001498
3.8841214
4.1519213
4.882413
4.292081
4.1874666
4.167017
5.393134
3.6118143
4.514271
4.101598
3.503288
3.695842
5.9481106
3.2076633
3.86175
3.3965757
3.791754
3.791754
3.7199178
5.0420313
4.107348
4.0824375
4.0699086
4.3096685
4.1434474
4.004866
3.9858234
5.1454177
3.8972795
4.914441
4.624024
3.466322
4.1952267
3.9130032
4.204443
4.097458
3.7474473
3.6976461
3.7455502
3.882051
3.2815728
3.552542
3.4515257
4.0069466
3.8285944
4.035367
3.7949414
3.7171247
3.6976461
4.9792595
4.085025
4.4398775
3.7312722
4.0672593
4.563589
3.913684
3.5951066
3.211205
3.8113418
4.1105328
3.7458217
4.1690545
3.913684
3.9953914
4.333165
4.484233
4.5404725
4.053829
3.179112
3.6554592
4.0030904
4.122966
3.7199178
3.9534464
3.456589
5.1084948
4.8492723
3.2726731
4.316161
3.597614
3.5060616
4.118482
3.8465507
3.6294675
3.5963922
4.595322
3.9335036
5.058452
4.5497475
4.2221503
4.008354
3.6325228
4.180563
3.8031833
5.1425514
3.8130352
3.9150414
3.9332237
4.002656
5.2020216
3.817807
3.7533977
3.8439896
3.9272676
3.8285944
4.4036064
6.933241
4.4234953
4.345497
4.4497895
5.2530384
3.7474473
4.0693126
3.8154163
4.1481113
3.7474473
3.7474473
3.8042526
3.7448893
3.3136806
3.5810966
3.9315705
3.9693718
4.0600758
3.4502149
3.7886322
4.2774544
3.9035728
3.882554
3.6003795
4.667006
4.132636
2.8832707
4.015138
3.6720889
4.4309316
3.84399
3.8949351
4.3414183
3.946118
4.3730807
3.7474473
3.8277533
3.6587539
4.8715453
3.7355788
4.0860357
3.6098807
2.9686477
4.142701
3.502357
3.6634328
3.8255866
3.6137729
4.193802
5.327409
4.633615
4.113522
2.7176113
3.9057353
3.958604
3.4515257
4.663276
3.8392165
4.9558415
4.357701
3.3352528
3.695842
4.234184
3.9792178
4.386057
3.502357
4.014208
3.7474473
3.7458217
4.3672194
4.3864775
4.2853475
3.714467
4.642264
3.731054
3.7458217
4.133117
3.86175
3.625546
3.5649743
4.2118335
4.1731405
3.7071166
3.867532
3.4936163
3.3190644
4.2990193
4.259963
4.0145435
4.01027
4.1263056
4.3042936
3.332384
4.656867
3.7355788
4.8183365
3.6336555
3.9334803
3.9879088
3.7317276
4.114367
3.7857187
4.2866077
4.108618
3.9006789
3.735982
3.7107747
3.841745
4.238555
3.7177851
3.6170297
3.9067287
3.3111572
3.7289605
3.7458217
3.3504543
3.731054
4.033697
4.145741
3.913545
4.8823047
4.301867
4.1101413
3.7458217
4.0608535
3.848462
4.7166243
3.777263
4.4076376
3.947464
4.1891756
3.782694
4.463229
3.7039206
3.6923656
4.4095078
4.0456824
3.4612932
4.0124226
4.2743835
3.7474473
4.851991
3.4999373
4.1171517
3.8348644
4.3705025
3.686387
4.0648527
4.206977
4.672594
4.4932528
3.686387
4.2316303
3.8263314
3.7036204
3.8257937
4.4049463
3.7737892
3.9842198
2.9805832
4.245858
4.243773
3.695842
2.9236567
3.2049098
3.9563217
3.711628
3.7458217
2.8664339
3.809504
3.8110638
3.8911767
13.319351
3.4107914
3.7993758
3.4107914
3.2557008
3.5287306
3.6888046
3.5287306
4.046876
3.2557008
3.2557008
3.2557008
3.5193295
3.5193295
3.6888046
3.7993758
3.2557008
3.4531033
4.046876
3.7993758
3.4107914
3.806695
3.9342496
3.777263
3.5843153
5.1279507
3.4734814
3.8245783
4.0690346
4.6319804
4.0561485
3.4515257
4.644537
3.461372
4.047629
3.7474473
4.3554955
3.721886
3.7357664
3.8436277
5.3276906
4.262599
4.0470843
3.7737892
3.695842
4.4668937
3.9351745
3.9663498
4.4218416
3.3769982
3.9516256
3.95431
4.686162
3.8630438
3.7737892
5.9351377
3.7334046
3.308852
4.4403596
3.410527
3.9188266
3.9215455
3.8679993
3.7458217
3.7945974
3.5947847
4.2078114
4.50663
4.818057
5.1550922
