2.193315
2.164307
2.2249908
2.213851
2.2669375
2.2377126
2.230022
1.9339641
2.2398973
2.230022
2.2377126
2.2985797
2.230022
2.176804
2.213851
2.2398973
2.04916
2.230022
1.622944
2.2669375
2.2398973
2.2985797
1.4966899
1.7625474
2.2377126
1.3620515
2.230022
2.257315
1.3413041
1.939506
2.1878636
2.2249908
2.2249908
2.213851
2.2985797
2.2377126
2.193315
2.2669375
2.1848822
2.2249908
2.213851
2.193315
2.2249908
1.8061783
1.9857588
1.9932685
1.8618788
1.8376024
1.8120146
1.5372694
1.8376024
2.0318646
1.8618788
1.8618788
1.7985137
1.8120146
1.9304788
1.7985137
1.7985137
1.6409488
1.8905159
1.7687111
1.9827131
2.0270343
2.230022
2.2669375
1.9326558
1.9962476
2.1875625
1.6954743
1.9482136
1.982166
2.2566717
2.1832407
1.9326558
2.1906743
2.021771
2.021771
1.7354376
1.5169274
1.5671657
2.1377153
1.9966645
2.0115323
2.0951014
1.811665
1.8781615
1.5971795
2.0518608
2.1235237
1.5104784
2.0934172
2.1065602
2.026958
2.0474231
2.193315
1.5652676
2.2398973
2.2377126
2.2377126
2.2318087
1.9857588
2.213851
2.07977
2.0934172
2.2318087
2.1906743
2.2985797
2.0934172
2.04916
2.257315
2.2985797
2.0319686
1.7048858
2.1163921
1.7881469
1.9555658
2.213851
1.9898697
1.7976401
2.0070064
2.2398973
1.6713586
2.2249908
1.729197
2.2398973
2.0934172
1.9932685
2.193315
1.8911176
2.2249908
1.6050287
2.0333247
2.257315
2.131218
2.071323
1.9467208
1.9113876
2.2249908
2.2249908
2.2669375
1.296938
1.9955984
1.4593592
1.9413365
2.0068777
2.2398973
2.2377126
2.1848822
1.9953613
2.021771
2.230022
2.2566717
1.9153167
1.9326558
2.213851
2.0934172
2.0571864
2.213851
2.2566717
2.0027227
1.6340127
2.213851
1.8499587
1.9857588
2.026958
2.1875625
2.2985797
1.9408711
2.07977
1.8063712
1.9892128
2.257315
2.2249908
2.230022
1.6960913
2.0514097
2.0994668
1.9970576
2.1068702
2.176804
1.6599135
2.2985797
2.213851
2.193315
2.2669375
2.230022
2.0333247
2.257315
1.867549
2.213851
2.193315
1.5799654
2.213851
2.1878636
2.2985797
1.4366167
2.257315
2.2249908
2.2249908
1.8609067
2.257315
2.04916
1.3846195
1.748786
1.792115
1.4731045
1.4258289
2.2398973
2.257315
2.2398973
1.7189718
2.2249908
1.5998276
1.9326558
1.6478262
1.4038324
1.804014
2.193315
1.886573
1.453103
1.9857588
2.2398973
1.9805988
1.7941357
1.58844
1.5301085
1.5749731
1.4608011
1.5301085
1.4608011
1.5734328
1.5301085
1.5022877
1.453103
1.5442766
1.5301085
1.4608011
1.5442766
1.5749731
1.4718089
1.7542144
2.2669375
2.257315
1.9413365
2.0534205
2.2398973
2.1875625
1.9892128
2.1597075
1.803894
2.2669375
2.257315
1.7911587
1.5612366
1.5734328
1.453103
1.453103
1.5749731
1.5484384
1.5005169
1.9428965
2.213851
2.021771
1.6748512
2.2566717
2.071323
2.2985797
1.825661
2.213851
2.0994668
1.8618954
2.0723736
1.453103
1.9428965
2.2377126
2.1906743
1.5520867
1.5734328
1.752747
1.6606652
2.2377126
2.16392
2.0070064
1.761908
1.4718089
1.9981741
2.193315
1.8950996
2.2669375
2.193315
1.9656352
2.2398973
2.2398973
1.6803442
1.8056725
1.7222788
1.7709852
1.6163731
1.930367
1.7815018
1.9413365
2.193315
1.9747124
1.3306355
2.0657053
1.9830493
1.8628961
1.8341748
2.257315
1.8034723
2.0799317
1.9832392
2.0027227
2.230022
1.4608011
1.5734328
1.7311273
2.1065602
2.2318087
2.2985797
2.2985797
2.2985797
1.8667107
1.9532342
1.896535
2.0333247
2.0759268
2.193315
2.0333247
2.2249908
2.0027227
2.2398973
1.8695743
2.176804
2.213851
2.2377126
1.9892128
2.16392
2.2249908
1.7821748
1.9326558
2.2377126
1.8613575
2.0449162
1.7354376
2.1044536
2.193315
2.1068702
1.5025465
1.9656352
2.2318087
2.05029
1.5945739
1.6586543
2.213851
2.0333247
1.8682847
2.2566717
2.092111
1.837632
1.3413041
1.8758848
2.257315
1.9827131
2.257315
1.1842576
2.230022
2.0657053
1.7236848
2.1189985
1.7074741
1.8382466
1.765612
1.4942787
1.9842935
1.9413365
1.711868
1.4627008
1.910561
1.9483063
2.1148386
1.8761255
1.9580364
1.8160728
1.6234065
1.9417639
2.230022
2.0696826
1.9970576
2.2249908
2.141825
1.4717057
2.16392
2.0027227
1.825942
2.2398973
2.193315
2.230022
1.788224
1.7914524
2.0333247
1.9857588
2.213851
2.026958
2.2985797
2.003706
1.5634468
2.2249908
1.7805072
2.1906743
1.6337335
1.7460675
2.1070693
1.9892128
1.7596773
2.230022
1.4679513
1.3846195
2.2398973
2.193315
2.257315
1.9304788
1.642758
2.2398973
2.0020785
2.193315
2.2566717
1.9857588
1.5564742
1.7189398
2.118227
2.2377126
2.0085223
1.7485518
2.2249908
2.2249908
1.9857588
2.193315
2.1875625
1.9238482
2.230022
1.5974185
1.7749615
1.7749615
1.9997602
1.6938218
2.213851
2.2377126
2.2377126
2.0027227
1.7526991
2.026958
2.230022
2.16392
1.7990578
1.7462072
2.213851
1.6684955
2.1189985
2.257315
2.164307
2.257315
1.9827131
2.2669375
1.344031
2.1317027
2.1906743
1.9895769
2.1317027
1.825942
1.613348
2.2669375
2.2377126
2.2249908
2.2398973
2.2566717
2.0474231
2.071323
2.193315
2.1906743
2.257315
