4.9736824973230815
4.962928170738553
4.959346319751803
4.973785672473376
4.959144918437636
4.972650478554558
4.973428628005761
4.976097694330229
4.96424745325472
4.96715700483715
4.967484511723141
4.959174820804287
4.965727549352692
4.973937847117718
4.962887981854976
4.967436622141102
4.972977521774266
5.012639903140373
5.019427603419547
4.973156134065793
4.973128552797921
4.9594979126724725
4.976139810466107
4.973948843816669
4.973877765823845
4.959864651682003
4.976146919017794
4.994856542575034
4.999203029066182
5.000317293222466
5.003414887565121
5.002203685309137
4.9942787673656825
4.977406307298699
5.00081356445368
5.00263240727268
4.999468000145996
4.999343796862142
4.999012232919807
5.00075710124305
4.990201533764907
4.998231146759084
5.010332960302223
5.003353600963596
4.973279037496961
5.000217736297949
4.999066182028074
4.9974223533814905
5.000676781344131
4.992258874941091
4.991106960030344
4.99030613258086
5.002134870452186
5.0082415831755425
4.999380261446522
4.999100930620246
4.989840316176823
5.003646923184302
5.035616829097447
5.003435278171153
5.002987099870226
4.97304812368236
5.003999018971436
4.990582692139677
5.007493396227732
5.005637163919426
5.004934104206926
5.005307440319352
4.997957185212764
4.99316565741242
5.002893511337108
4.991766989110071
5.000077024870521
4.997818718535342
4.999849381172665
5.001874186164633
5.006725970529673
4.985068800063159
5.004041166898597
4.9882895996661984
5.001620883143412
4.994914773794441
4.989493237530045
5.0022243531492405
4.9954572151634276
4.99160453257446
5.000566893852356
4.998150973491387
5.000294675541295
4.9933267074276255
5.018564016919777
5.002691899780108
4.99959206399061
4.995343389825927
4.998231716916347
4.996498926814797
5.004527765199548
4.996333382049434
5.001780878535263
5.000508760139381
5.002560028730697
5.002122373569784
5.003770641659133
5.001796715973135
4.99898756951621
4.985733933787807
4.999427858911477
4.997285279895413
5.003841470118032
4.9997046347023515
4.9960695505794765
5.004659305246154
5.005340922452008
4.992629060180492
5.000475704902931
4.998928770345581
4.9929711248082285
4.999581796567435
4.990658544079099
5.008785758458132
4.989379344040417
4.990171738568988
4.992267999660819
4.997017519011762
4.9957446568881165
4.9916489196127145
4.997297690230084
5.006134205746215
5.0026453716105905
4.997921772416271
4.986813983181912
5.002536291064703
5.00619889639231
4.99787575392287
4.985289709346409
4.985152329923001
5.001852222128948
5.0074459187040485
5.001079928349137
4.995853048834921
5.005731187038906
5.013649794255125
5.00124363954121
4.998492747500438
4.988610440174432
5.000213544214452
5.002916145867463
5.016789117624408
4.993230041321009
5.003381000759162
5.001308158401254
4.989109842461732
5.002757354193311
4.993823602216795
4.997154107416071
4.998431279165539
5.002057840295217
5.003192662002504
5.010638906730707
4.995277713357094
4.98045962710495
4.987196428659333
4.990620235843598
4.993962469517514
4.985992695321874
5.003513768337493
4.9943447645468675
4.986148318886081
4.997444078450335
5.003632365699598
4.999199084299507
4.983834937635332
4.999847661115303
5.005075984090166
5.022171769075336
5.006645743476775
4.998932308523733
5.0058613353337735
5.007035493425062
4.994998788562917
5.007351377133326
5.011470273741126
4.998242332532164
5.028373645268989
5.001942137126241
4.986916766034895
5.005675103725819
4.999710824777353
5.001848053027014
4.988365039172636
5.002740071946939
5.006517963388575
5.00371451176837
4.991697387075905
5.0061407080681075
5.004765578863383
4.989375151333755
5.007354976531069
4.993417251396169
4.999733884687947
5.0231020365645325
4.955101442940902
4.999224459135426
4.996420855542334
4.996089357505598
4.99564970388231
4.99737938811544
4.99064075270127
4.995410718443532
5.002552514035947
4.99830794648759
4.9944676786575695
5.002860911310154
4.998357164719741
4.987696601229166
5.013289824004012
4.994368870866271
4.971748516401518
4.97711553019052
5.004664364021959
5.0002516196818
4.9913384107593926
4.98342479327648
5.0005992063045355
4.988869343547072
4.994551874070615
5.002553393441397
5.008919136002057
4.977474156702367
5.003050672633422
5.003665039806241
5.000532282971069
5.009398604232618
5.00264422699629
5.001418583570202
4.999410042159159
4.997648288986965
4.989121595281726
4.997739337819604
4.9988980037017665
5.003802883992892
5.009640311439691
5.003876574308984
5.013517058380987
5.001202525648107
5.006095491842287
4.998574287920584
4.997111775441333
4.996703769568025
5.01512174045372
4.9936204786061795
5.000498796027063
4.998383358761055
5.001816320969162
4.9886658619268545
4.997125930712572
5.013482038469524
4.998455916608371
5.0100654079725855
5.009506577813823
4.982604011461211
5.013913046312682
4.99920828165338
5.017335941025102
5.005474791991457
5.00264184409052
5.022335381000347
5.000694979461416
4.998574398690136
5.003732563565249
4.997814769983082
4.996429242390716
5.015493825267266
5.002037010143867
5.007953201210316
5.001918395259758
5.004375991577839
5.000827134284605
5.012394447971972
5.00024698416126
5.002508567421985
4.99546395456727
5.000646147639683
5.028546441300654
4.988233907424104
4.998760403866345
5.0267985581786885
4.985781848888505
4.989564418221808
4.996084620106204
5.001455589865047
4.994755172125946
5.001445568286643
5.006139502624593
4.996288664744899
5.009353330722709
4.989020373559361
5.0044347421178665
5.000639638169113
4.986538952669511
5.000385432706502
5.000003110538146
4.996782822437221
4.9949352323849405
4.995767675345783
4.991553077586278
4.99031130726657
5.024271647664883
4.99625485402941
4.997184434547066
4.993068020277462
4.994435607503715
4.998831883993646
5.002296199483833
5.009596867880891
5.001849001106211
5.008075674547842
4.9926501223963236
5.001438717197329
5.008756177972524
5.024901877628727
5.006774730281566
5.026203316507842
4.996675060652308
5.004756416852264
4.9975257909344295
4.996700864879919
5.0053306696838815
5.009557865360865
4.99979019592034
5.000887726030663
5.000041961760274
5.006990135995362
5.005053754504573
4.999078068736287
5.001219534562855
4.998728313604024
4.998647157881875
5.007560791054138
5.000007619724189
4.994464800896321
4.996323585842736
4.991092393918677
4.991688847898891
5.007468372423474
5.007265789333758
5.004920156911306
5.000358321173238
5.0041748900454595
4.996183067749725
5.008137810370497
4.997380553891795
4.979468499216675
4.998059666488714
4.9947832061253985
4.995454622220428
4.999651918912946
4.990368227039775
5.001857551600511
5.003975153603361
4.997231397956411
5.017379101312516
4.994820550118828
5.007564367388065
5.002185057465796
5.009024775892091
5.025690258288672
5.001316685690977
4.996436122446623
5.005175948088349
4.9985963778841125
5.002865261418517
5.015779652112254
4.99510856179233
5.000181058774403
5.001609796489732
5.003851141267053
4.99317408515807
4.9973406342593
4.9977334884473334
5.001505208429808
5.006748049292238
5.005097297246753
5.003567549504554
4.97643188433769
4.9911999134157155
4.987298485703781
4.993981237505892
5.0115032056929305
4.997633137776803
5.000239200188819
5.01099889995059
4.998946580531165
5.004049450296104
5.003856394267422
5.001920611726119
5.001906131700276
5.00922537817346
4.994350996031014
5.000848597599575
4.988437691340101
5.005182256418996
5.001227474599469
5.002866345814359
4.996822330174397
5.017686084401781
5.0001238424551735
5.004268172395304
4.993850780612078
5.004812188294687
5.00371480009598
4.997764710557496
4.998434675997699
5.002627020445018
4.990056392037658
5.004927821172124
4.999511826588988
4.999618025766758
5.002597988870913
5.004888506905502
4.9877927610218755
4.996234483026834
5.007409008736535
5.00505207507642
5.002824406547165
4.994437101501192
4.998568049272015
5.001164831366416
4.994933643092176
5.002967391526367
5.000586302844453
4.981392357148835
5.006735872212314
4.975827364425445
5.002403340191316
5.007646647772556
5.0008191124945105
5.0015569979312975
4.996686989377211
4.997426163739526
4.998656373272124
5.012938992836731
4.999129710540724
5.0028182820925275
4.9974173743838275
4.998125051888298
5.000548423450669
5.001336759118215
5.0014103042022375
5.004021339525074
5.006975052541843
4.998582369557473
4.980876967623202
5.002338198039348
5.001952807518051
5.005027497202507
4.993042510264436
5.004583087975294
5.002782829921329
5.003882937481949
4.9997707035270595
4.998309525834693
5.003139718633144
4.997806098775664
4.997171575569694
5.014639876433557
4.994712563742917
4.997523269568472
4.973586243205457
5.00024618471646
4.998200091039889
5.000808904407174
4.9965468927803025
4.998920987524491
5.007270875047977
4.99637120288913
5.001783539951264
5.00248206510118
5.003972544618128
5.012023559616513
5.004523326351248
5.0047273368596645
4.996728699413484
4.995225522861993
5.000039754575145
5.006912520835231
4.998980033989873
5.003319636767157
5.007531774445093
4.994559689909095
4.993560139268723
5.001969921900885
5.003887939960156
4.989037238881411
5.007424192353005
4.993474710283704
4.9872344662138195
4.999914216139012
5.004315071241106
4.999632288524047
5.01613725679137
5.0017483837392245
4.998454461268262
5.015658257769008
5.008383142911764
4.995451230819516
4.998845734778098
4.991331655518879
4.999011642251687
5.000063693078817
5.029061697856179
5.0063003918287965
4.999126324751691
5.004107447161426
5.002408803911936
5.004337626150275
5.00070712512948
4.9984634432028
4.999879142082826
5.000610821154706
5.013037659280149
5.001615477367419
5.005750280855148
5.001029855272666
5.006287087229251
4.993839137492834
4.994313765692366
5.001215257607317
4.987341385265041
4.994814069718545
5.0033507175078356
4.998265774228369
4.997637625418921
4.989821033069243
5.0014802381770105
4.999739881459786
5.0131940451784835
4.9977335052792835
5.002136108446929
5.0060594573543815
4.997241080733699
4.988850585428535
4.998762387223564
5.018855361266961
4.9989580068246955
5.001004398784456
5.005672696055812
4.996262678628479
5.001494955479971
4.999779122066936
4.993440407114659
4.99375984486148
5.001189412685954
4.99797673814373
4.997876454436899
4.999536878139714
5.003021285013299
4.999517598587586
4.990814915812756
4.999128045790709
5.001287739610826
5.004764416043159
4.990555313393336
5.002725045403837
4.995221905424623
5.008634407637624
4.989915217264406
4.988730314691092
5.005021866567516
5.005508201453398
4.998109298050108
4.992975143281794
4.994162609294192
4.999063811448095
5.000437751711471
4.998719883117229
5.003122224365429
4.99972605567902
5.0052584356652785
4.998799597982681
5.001871664652648
5.005838792158296
4.998837384597871
5.00672056761578
4.993672688903741
4.9976421256981975
4.997155241921965
4.997926766956301
5.000245830643685
4.995749727910168
5.005690491736184
5.01059207118299
4.997846572787661
5.013549971734842
5.026599275566486
4.999422657306459
5.004562282978631
5.0028678916551215
4.999186046163771
4.994189136747667
5.000650019573656
5.019402441599292
5.010398767558861
4.9997984113957195
4.991413239272852
5.004976712980042
5.007768150674762
5.004976707275189
5.002893616057577
4.979965197901863
5.013726712125521
5.01768286194949
5.004486465252644
5.006036587246861
5.0060562930924615
5.010230257707579
4.967536392791057
4.9982457947568415
4.999434334985221
5.001768963992384
5.00068814403136
5.012302236636091
5.0020932681250185
5.0034086023973865
4.988346713785276
5.0000572395404745
4.991604093959437
4.999073554154785
5.002518951883463
5.014692370233021
4.991974778881735
5.000448547993063
4.995122055115225
5.003825417555013
5.010963022180389
5.000888421206795
5.004931264230249
4.999040679817751
5.000114743121248
4.9968808153103526
4.995699349670182
5.001468237583734
5.000910439078999
4.9988315743721365
4.9940146893168
5.007462668201807
4.98530922406099
4.9968863271758135
4.995962383474027
5.0088488926017805
5.009441737924651
5.008398477243555
5.0116977534430225
5.001570167439309
4.999213091550018
5.0028013891019985
5.00710866202287
5.00111560414112
5.000004714477108
5.0061699708562815
4.995888612771278
4.995652663037152
5.001192535774135
4.994767803317238
5.009056491856413
5.000278054531672
5.003273199691924
4.998796168751838
4.9923120742083436
4.999267531141938
4.996836967080108
5.003456410773699
4.999711060638975
4.997350945721262
4.975963110998163
4.999905464272262
4.993590185732759
5.000033808426003
4.994768077594797
5.005761367826984
4.97831915896689
5.020054704036567
4.999856091368425
5.001400002209622
5.005453819569678
5.002508792676534
4.9781966410852085
4.998927612409978
5.005670085070021
4.99856246156514
4.994186534957465
5.020402555532339
5.013417530354447
4.994456422504987
4.992516057808893
5.005536917586167
5.040216566955148
4.999196954900332
4.998336063605012
4.996134132878219
5.001938709244001
4.9954266363502775
4.995699912410907
4.975050511904062
4.995574426062302
5.037077586987777
4.999650974747357
4.983767413937637
4.987043205903315
5.001590221966994
5.005394144957899
5.0079150870424805
5.003595553950584
4.99657089995399
4.990752465605087
4.983677735796477
4.988639245112158
5.006252313210607
5.00258086610348
5.003647972655281
4.99835037507142
5.001773367030088
5.006255417524614
5.011347897271653
4.9984401251600525
5.005064314200405
4.999834285571354
5.007368798893119
5.004286749942698
5.002945924802403
4.991566747216361
5.00338007300256
4.999069457673098
5.000187957617839
4.995556580539079
5.009568549880971
5.006348147483045
5.000132587457912
4.999609832434057
5.005540649547113
4.989801032369958
4.9948511920232495
5.01730403190866
5.008075940089077
5.00653209513353
4.995260286722797
5.01305476117128
5.001948891752382
4.998307991993554
5.002380204779565
5.002068039319481
4.999822815882624
5.013200067905499
5.002257451873245
5.004927736447579
5.001538292808561
4.989664795819421
5.003260902605137
4.998345497584322
4.986118976404949
4.994127734264604
4.997876450578258
4.997171935666745
4.9943090572023285
5.003580404351295
5.007086986841905
5.002291889640791
5.002115604399945
4.991545847046964
5.005893230486068
5.00437269676493
4.995939965194331
4.999565282580536
5.0090542796175335
5.00652473256389
4.996462837307233
5.002841372074634
5.003580811345808
5.014023443352791
4.997921010358605
4.996626793738435
5.009605532025703
4.988684755551415
4.9938155842262715
4.999376101109765
5.0040994150107725
4.994692089519589
5.007022218029758
5.000553272433859
4.983290759124605
5.005194075771084
5.001538807854365
4.993047722307569
5.00177991165369
4.994798783215277
5.003195427215099
5.01018440952067
5.0081837498491435
5.004026675575573
5.00435124663323
4.9964897863894615
5.004074546557116
5.001225233836143
5.002660004740921
4.987779729748385
4.999454677076789
4.998003775909954
4.991650347074666
4.992628945514268
5.009390054371546
5.005874690826616
5.001593839755402
5.003043217608845
5.01214039542363
5.006667852722082
5.005726427649422
4.991182770684678
4.983817872030645
4.998922690002259
4.998950045136298
5.00079257858676
5.0014143572552365
4.996440569793296
5.003411578698272
5.009496964405547
5.00653484620117
5.003608835943758
4.9969803802758035
4.996570561940232
4.990938256022275
5.000448491386276
5.003939305560287
5.006217832125857
5.001078419856577
4.995532199864555
5.004625292265491
5.007631718599725
5.000636358530812
4.99498175801668
4.9993295883477185
5.000389747376447
5.003581162007425
5.004960567287628
4.999757786817962
5.004525781101876
4.999395498466091
5.005261553081358
5.013456494883245
4.9970474086807375
5.000552809533085
5.0039512663660615
5.021196443703474
4.999029752337437
4.999436116771439
4.998950199454466
4.999727839560299
4.996365533634793
4.9972227139215954
4.98972513789969
5.005389533363022
4.996899058433189
5.0032413555938025
4.996861942740261
5.000503171939365
5.000214490795503
4.983624738312866
5.005313847192057
5.004017513512882
5.002229885213559
4.9986560433330975
4.993541950388625
4.991724361391496
5.0024242471117715
4.998442258281778
5.003068997423191
4.998874608458183
5.003849177114586
4.998722485450218
5.004504556542244
5.008714507226866
4.993707916720868
5.0105391726534325
5.00239605328375
5.021810950167698
5.002470497257387
5.00276249121731
5.002562192667715
5.001121844116549
5.000199333721434
4.997026989568719
5.004399930258266
4.9961573696022725
5.000841350868581
5.005605528000182
4.99745038538319
4.999504500356482
5.009074291006828
5.006736311865141
4.996877286111688
5.000832227578624
5.000371620033469
4.989076283824726
4.993309640995993
5.001507652765507
5.00819528540539
4.997855748924839
5.002704404877483
5.005163214682911
5.003617714798982
4.999711058975404
4.9996327894345605
5.007402015940592
5.0003277908364385
4.9999540778320615
4.99398114534849
5.003588078466898
4.9974283141335265
4.998698978305631
4.9906073403331055
5.003466324871164
4.995931749327231
4.997166512960094
5.0053201183844145
5.004993332903461
5.003854836434093
5.0035137071303
4.997902931982105
4.996290165673296
5.004051505503941
4.997187448532675
5.000456487674955
5.005097485534699
4.996602215871193
5.0049985715619165
4.993222501315632
4.995737044886575
4.993538581168513
4.9969055882147515
4.990083862121872
5.0032707637472935
5.002229532485911
5.011287882704621
5.000908673130523
4.997827449795111
4.99736019677367
4.990712825549674
5.005664799219439
5.004986409570659
4.996290146364572
4.995155022471574
4.997592607491168
4.99541872766277
4.984986662828372
4.998066224300193
4.996270356073646
4.99535673513763
5.004175920995148
5.003474506748842
4.993768957243738
5.010151101627561
5.007947628026867
5.004028675603944
5.006549774910426
4.99830430235403
4.995383387832837
5.000155260143395
5.004200628420238
4.987430526225028
5.003582052477155
4.992514414190461
4.994644595116645
4.99885692863705
4.995982159960615
4.99968050774012
4.998857340904928
4.994522435284994
5.002610800569052
4.9920236381114025
5.002299756068072
5.002388702751684
4.999360318488512
4.994705041503746
5.002655250261937
4.998532941109535
5.013957846221252
4.9986414671330275
4.985454838365176
5.002426264303617
4.995739076249221
4.9991666160644455
4.995790623053403
4.999112820122268
5.001022015350586
4.994864082855847
4.995043351763653
5.002649692659595
5.006090105870045
4.99732959320528
5.007525750595342
5.004652604636268
4.998763662724237
4.999130482852869
4.999014102601767
5.004939056323703
4.974823871723934
5.003301428737442
4.995240837654621
5.004069279065464
4.988639926203982
4.998048940449528
4.998527240671502
4.994345826429871
5.007875906797212
5.00446405342707
4.99689290712178
4.993003119182918
4.99807052615558
5.005261453013185
5.000801410143957
4.999400661489952
4.99800198337712
5.000954442563402
5.006288319641994
4.986630191667583
4.9951991182556945
4.996366477643485
4.985788740393902
5.001073660595826
4.992031886263449
5.001027730730159
5.001709183158991
4.993942618832487
5.003149300598254
5.013931293891694
5.00547112848478
5.002841863498847
4.999053137047471
5.006785232897523
5.007855993825342
5.004836043866928
5.000154726667693
4.996553073542885
5.00034625870455
4.997204167763363
5.0088732474170765
5.002054631768372
5.00316237565306
5.017573328104496
5.0189948770980255
5.001677774488488
5.005864727292157
5.0011129765727125
4.998396777648727
5.005753817204183
5.002766509373245
5.00574506365718
5.00790567662821
4.997252061707561
4.989882233766328
4.997835578843095
5.002528567329005
5.005132704312446
5.0185166671941195
5.00342392011817
4.997898912761361
5.006172535093478
5.002753373881566
4.998899704516576
5.004549308551693
4.998630265235905
5.005283259624719
4.992496923006384
5.012106955774351
5.003777357776128
5.000410125779937
4.996025195291601
5.0039125079380495
4.994863074537783
4.990046839165418
5.011534509483847
4.9877449660692825
5.005644471826097
4.998389638761186
4.995029019395808
4.999601180943647
4.994126954582148
4.993497463669154
5.000405049039403
5.002815695616984
5.002699921592884
4.997712081981678
4.991083889627017
5.00083559999045
5.009313492861366
4.997566897263964
5.00194763143329
4.998733214639626
4.999046971394751
4.9980285565333205
4.9994347118117854
5.006450961073262
5.002552481554619
4.998918427861765
5.002740534851413
4.988226930799572
5.001685148187679
4.99743393918444
4.997793323008313
5.004363265862683
4.990441052204453
5.002056360593631
4.997602516100354
4.998910736443087
4.969744905669026
5.002235863456622
5.01797095398078
4.9954205072181415
4.999752620496028
4.999484863419818
4.99843405641205
4.999828352570566
4.989477826796554
5.0058644868674484
5.0027769350852225
4.9980004485996545
4.99915622277514
4.996853780094984
4.985892984351475
5.000742067009904
4.997634568832766
5.004667565767442
4.998220083698416
5.000028865905055
4.993437485992418
5.004688423821225
4.998336189449615
4.997572652836608
4.998447351876362
4.99072136306793
4.99800801705945
5.018614214598422
5.00436221583497
5.001415601750084
5.00779557861533
5.012277435522852
5.014679297864037
5.000357526258706
4.992256707922534
5.0060748251497476
5.003371875222207
4.9875526093456894
5.000033166771539
5.001381385768423
5.002106460108887
4.980961679577965
4.9979998251458
5.001520632356448
4.991310136080346
5.001623402145982
4.981662644167767
5.008032285992973
4.999175445582403
5.008730847654497
5.018932295426738
5.020837650428539
5.0014602785261
4.999217562684163
4.9993795545862705
5.00138252986828
4.999465634417293
5.005003174967317
5.001525246486775
5.011067019867909
5.001716346636372
4.999616043017032
5.004480551094159
4.994377539348225
4.996155521467092
4.996531439778041
4.998301692050062
4.999425043289304
4.988170401224641
5.004181344208419
4.9954752547101675
4.995818113156615
4.996254936582411
5.000550361222854
5.004049099366888
4.993864977240331
5.005764523557336
5.005313917890087
5.003949477486474
5.009930002104618
5.005292996388136
5.001230794709038
4.994729877581385
5.002727805191952
5.003491787524511
5.0024285882046495
4.9968668444718025
5.001680348579193
5.004516580115295
5.001187882020905
4.996587638842746
4.996900192276499
4.99561715675972
5.005008857460281
5.007504106766321
5.002800675482438
5.033400843890779
4.977414334782717
4.998944624991864
5.004882105800775
4.996883406091665
4.9948516919829045
4.993372194786
4.999388324812164
5.0104542698106975
5.0092661641563705
4.996425262876541
4.986227763861139
4.999075851687251
4.997779258430139
5.000017265916305
4.9996703633658495
4.996654514429546
4.9985007858317605
4.997787654654664
5.005726064305577
5.007226952879715
4.997256149915468
4.9873926766073655
4.996677087410242
4.9999536806788525
5.002420715319147
5.002641882534307
5.004346922820452
4.996393781566255
4.984953347237357
5.001832123109018
5.010643835435814
4.997451831248421
5.002991342241266
5.000978173442441
5.030418418032937
4.996553494256486
4.998167834783752
5.002945261452226
4.998967637751425
4.986922406602886
4.997620763991521
4.991923477924446
5.011141877858571
5.003263441857051
5.002772726119442
5.009953952664271
4.995316762311663
5.001008894047092
5.005450581561134
4.9941050908274915
4.9949869031890435
4.998657070818552
4.987160982014627
5.000181050525518
5.0222625946469766
4.993758830251083
5.01086688992438
4.997648620442003
5.001199228888505
5.002913188982119
5.014438406495903
5.00544208271515
5.008173437264709
5.012117016727541
4.994176986884962
5.003236554873765
5.012178598578575
5.001896483405489
5.008541059437182
4.990201521373659
5.000947522377572
5.00269064076107
4.988945734665144
5.000001893398437
4.998089389880351
5.003143105942548
4.991846832722117
5.003608081335718
4.998332408808215
5.001147028500295
4.9988684461408335
4.998943195798609
4.999638960148485
4.995978631285818
5.000689475230348
4.997962770365494
4.998116152194443
4.994095222054905
5.001861266534442
5.002061438381712
5.006275209833953
4.998984540925948
5.000612503580857
5.003907708938404
5.000115579082623
5.000048519780367
4.993597827965771
5.000060644674632
5.030294715896864
5.005325188858711
4.998863319941798
4.997804005092635
5.003154686237371
5.001035963907511
5.00848265503133
5.009216165587759
5.003949343593875
5.000840365774623
4.9993096454882275
4.999354644271713
4.996233183867458
4.995990041025443
4.996194733997158
4.997512808772921
4.996511046108927
5.012172377401785
4.995906357760018
5.000799809166347
5.0060464297222955
5.003736242609204
5.012415387290852
4.999892991768957
4.981939987316605
5.007887728386865
5.011322223549926
5.003857281895022
5.000057101402396
5.012607120992048
4.99135802383795
5.007285851471683
4.996688443156449
4.991067060288976
5.0058485135184885
4.994062581156932
4.989604277663849
4.994819366819525
5.011115218415105
5.0096167486985514
4.993463062496167
5.000267155484229
4.99998736956175
5.0027048903699285
4.9970381072735695
4.997160077932224
5.013790378094829
5.000939055900966
5.0033346760096045
4.9921228309605015
5.005810591831478
4.996543064181491
4.995845551358957
4.99833467225675
5.000212365780872
4.993572479174065
4.999187875475733
5.007539814449038
4.994475061249249
5.012709113273147
5.002202369330642
4.993882573281028
4.996581709361943
5.0046015099515095
5.003219062174531
5.003945185940145
4.999269133416851
4.998201662535708
5.009216506064432
5.003665883849064
5.006169640435517
5.009092071481468
4.9992579487126125
5.00011163552602
4.997934714551233
5.002010589253503
4.9972819754083275
4.996693241543427
4.980146730989393
5.00304172322578
5.004435610770023
4.999278766667455
5.007846676533464
4.995233090477438
4.998888262410535
5.001437222746148
5.003400692001319
5.000271829432681
5.0019168334050805
5.000623062072465
4.996436119955646
4.99947725747964
5.004575964304318
4.972354589807916
4.998604618647448
4.998913955041331
5.002674017969261
4.9959428348218005
5.004921163705074
4.986496679412822
4.99755832925076
5.002280024762431
4.9992095099223866
5.0013154302558105
5.0031580388615815
5.000591567646232
4.999167725114199
5.0057905011609165
5.003355990289504
5.004289153185165
5.00761023299265
4.98976177447062
4.997830866523789
4.9971525787961655
4.998313612787119
4.996988901319764
5.001970586547347
5.006386275475012
5.009771058396175
5.00077822067533
5.0109371039784465
4.999250725135816
4.99166117421845
4.993835300547469
4.999469920988806
5.001251122617113
4.998995242042073
5.007623348738536
5.002416052717081
4.990733262249694
4.999548872599595
5.001699463149814
5.000373462649521
5.002584344138525
4.99711180529393
4.998693913572338
4.997499200193653
4.994309057257095
5.003392383590509
4.999152322946481
5.000682239583889
5.009175089313853
5.006912757176791
5.0129424947617585
5.000153362793143
4.979571583918569
5.0133241303222205
5.003985655710902
4.997232592177514
5.005366356146216
5.004868737476213
5.014652906560428
5.002943889424221
4.985222796667014
5.0173058382979825
5.004151503850117
5.000653871898348
5.001242616207655
4.997319694436482
5.0004713307239
5.002786831072687
4.99602846350568
4.992403242358754
4.995115860785508
5.001254634132399
4.999642730640422
4.998898305665861
4.999496063137306
4.990295269176307
5.005744865835047
4.996443295795193
5.00547209083518
5.001576292791064
5.009075099058108
4.999849616636241
4.992023712141979
5.007342528986839
4.998576539982054
5.001166284112521
4.999714550784247
5.003015291744054
5.013217382163784
5.005845178744546
4.99355599730353
5.000770416876693
5.003738349582461
5.00818158720752
5.000985558335899
4.997671327904669
5.007276042486191
5.003831018938372
5.005535019421798
5.007491172992713
5.0096172543865025
5.00559002928466
5.004306248750946
5.003196718463188
5.010254185899952
4.995332286969079
4.994752647113201
5.003959927085735
5.011893559509739
5.006714304437064
5.004931737566464
5.000056233906439
4.992710945456125
5.0056975152922885
4.992101880532069
5.0045997964791225
4.996014025297545
5.006880007618302
4.992821549238949
5.0062341264199635
4.9944081559894515
5.017359669424353
5.009096063343761
4.997928439963548
4.99903583528791
5.000170511453876
5.007405665006582
5.000974086264605
4.999604080681946
5.00032801299357
5.011712170717402
4.999068826531309
5.005278775443039
4.999276729724081
4.997473394214893
4.997762422451412
5.000577340547089
5.008210898917044
4.995602056214203
4.999780080405974
4.997932577572623
4.996358584953911
5.006668904407851
5.001515703712102
5.001589158058662
5.018525070043766
5.00650795061235
4.999711041786015
4.988506643792244
5.007975576785749
5.000832027387422
4.995199796971551
4.995277535654107
5.007337748746971
5.0133181878382524
5.00987965200471
4.98991190097772
5.007119270957887
4.999410122945909
5.004238183506781
5.035887515272781
5.009971179741641
5.003916262408262
5.0011976464262595
4.9978960013866285
5.007108258765394
5.0009646652770146
5.007255146739127
5.008252782862538
5.001342740890821
4.999986039861909
5.000029652616431
5.006334569765887
5.007388916366236
4.996983384326331
5.0063712725003136
5.001311590274529
5.001860839369717
4.994604749765186
4.999154490641696
5.004312421794252
5.004149274847199
4.995500785479322
5.001619039037794
4.998086827473523
5.0033125572185915
4.9917947704024455
4.998641464485689
5.010532664272764
5.000544238244289
5.0011047885021265
4.995703749157156
4.996488779607852
5.002135482006825
5.001805830362005
5.002125301260067
5.002807446194229
5.008482809671165
5.000729863524277
4.995035124924383
4.997887112469047
4.993769665073569
5.00071673325435
4.99711180427922
5.001860269914091
4.993503146705858
5.013989744034978
4.997347306940347
4.998553466001453
5.004723497444866
4.994998944841193
4.996114440084129
4.999555544674013
4.997356405890946
4.99462977385168
5.014051280651001
5.011081239093205
5.005279450224023
4.998697848439385
4.999796473186431
5.00316348305452
5.000819408409458
5.003793108988425
5.004123967713877
4.996436122851263
4.994123664071583
5.003826316892599
4.989721704831411
4.995179778073944
5.001946562191708
4.993761966227935
4.998345316672592
4.996128844885869
5.007134115845516
5.001907031231805
5.00155603158797
5.001974327520998
4.99457869403736
5.002597057819476
4.99863172525914
4.998529536948382
5.001455410158022
4.9975143936551865
4.987682129132626
5.011302158082699
5.001455409706272
4.995968740238216
4.999631601940202
5.004896957794305
5.007701582962853
5.003133607518183
4.99805542552824
5.0081163082135784
5.003276573598233
5.0128226193156324
4.972693317112982
4.998488773969403
5.004058466791322
5.000777410494644
4.992359567317241
4.996419370615573
5.0049887978214835
5.000597248685056
5.00223935232514
4.993784264528245
5.001097841875515
5.003690527303622
5.002901976073666
5.030772065393042
5.003980611210497
5.000254451642225
5.003300805794807
5.016621623661859
4.996906151083066
4.99672566467527
5.000198007332014
5.002225320259494
4.999168935086114
4.995575650315783
4.997811104413231
5.001141446053723
4.99711177333282
4.994343213034766
5.005492579163169
5.0089416484422
5.003155212300861
5.001202945080489
5.0007002293818195
4.995223646747312
5.003569989126397
4.991764908245077
5.002981165790642
4.997381505975744
5.001936197782084
5.003800341899211
5.000029653491341
4.999840752240451
4.9981376191768705
4.999840754564917
4.998478439621973
4.997622925231905
4.998478443858978
5.001503915804782
4.998478439288975
5.000897691110613
5.001390592617991
5.001503919516391
4.994235892363232
5.000076619101765
5.001485320806928
4.9995321620326365
5.003329348293954
5.014257173596972
5.000131734227635
5.001162360296821
5.002408029426378
5.0046004051101525
4.999556872930531
4.998853743062063
5.004502109622679
5.006352031181689
4.997629431914835
5.001581575510266
4.996915584079091
5.00163885886172
5.002399649362805
5.002011190085849
4.997224588418142
5.002920532139625
5.004626071839316
4.998057250142913
4.997529859269125
4.994221405980981
5.004225876861895
4.999646942117345
4.998634006589
5.000464114123492
5.001079028948309
5.007072795480768
4.999068461492814
4.998970976796937
4.996116962482659
5.006592552260534
5.002435943413378
5.0001486457832645
5.010123328115444
5.01079184866325
5.010123064118473
5.0101125775664865
5.001774137384791
5.000451868493947
5.013828332245428
5.001694098366396
5.002067077961639
5.001377171927123
5.0021697800992255
5.0039891435986155
5.00415694675316
5.009204196749076
4.99975679368064
4.9957507498262785
5.006022861993527
5.016385801099989
5.0053141568741015
5.013782337853659
5.003199165741716
4.995667723284381
5.003661882939052
4.995833751854547
4.99463544032601
4.998780394952013
4.995474367254667
4.997079234674093
5.003295561769586
5.005745797406337
4.99604572913348
5.002487388542756
5.0039605356835155
5.005131167603226
5.000970463510803
4.9992271833668775
5.004230229348446
5.0017410241550255
5.0001339247996786
4.999481948115482
4.991122762769636
5.000474910968298
5.006179735516615
4.996500268894732
4.995077422632691
5.000831908351646
5.006014614705129
5.009303625606779
5.00742603168128
5.003507384953751
5.0097861265823544
4.997178022859593
5.004600240810838
4.997634997186026
5.0079896340188395
4.999245141570568
4.997076279720779
5.002294663153687
5.003319845136133
4.99878850486228
4.997909111887028
5.003477487384121
5.001579491162408
4.999185630639738
4.999098935068184
5.001764291480239
4.990382960913231
5.0064483612908495
4.971747838811754
5.001038266148329
5.000366919856222
4.987513574339404
5.00169234937197
4.989016043291042
5.003059319958275
5.019818178226107
5.005790884057117
4.994634071472478
5.000961064511486
4.997995987892738
5.0003265809723825
5.011938092691516
4.9992227202459505
4.993248355016632
4.9960638381865925
5.003413470847977
5.011716090052844
5.004746199078309
5.004420974996513
5.002282612204917
4.999038612551548
4.994209378299009
4.995353757485343
5.0029130370056265
5.011241790231743
5.001945879755789
4.997672078322526
4.996472229079093
4.997075302881062
5.007253450780408
5.0005571924294605
5.002989551921841
4.997860369375046
4.999524093846215
4.999636082283553
5.001580582125528
4.995281276043943
5.005212230150234
5.005310825963159
5.002140096607388
4.998102702178356
4.999153546127259
5.0087724396989834
4.999031084156945
5.003415607578153
4.99882094146006
5.0118845769119424
5.0114673341148634
4.997661853714693
5.004524814517727
5.000761318867493
5.0012585740847575
4.994687972786323
4.991831431854573
5.002746688284506
4.999788317929535
5.00147843937026
5.0035494335320285
4.999175741552106
5.002096195696114
4.998180832739267
5.005539166189864
4.9965096734640575
5.000444978624443
4.993555958945709
5.000217618476434
5.002728010000132
4.998119070825213
5.000862223638153
4.997537178548003
4.992692078062578
5.005318636385942
4.985979418906669
4.975424479174381
5.001212595608548
5.002533729507266
5.004422952801627
4.98555254974059
5.002256608917725
5.004449298616925
4.999783536399723
5.002450873873332
5.005389461853811
4.9930567375314405
4.996002395621355
4.997074433381323
5.00303916255133
4.997111777503511
5.0014731434478366
4.996471426021737
5.008325861111939
5.003192986238353
4.998427601458147
4.9967012265566195
4.99943377320263
5.002611393328307
5.017161110020532
5.011708325428115
5.002385409513045
4.9947276857284635
4.9974771468148
5.005996885775805
4.9978176750322545
4.999918058264842
4.999419873008774
4.993300781830221
5.002096812273976
5.035911805246965
5.010199827967698
5.000319644565574
5.003416287014093
5.014174848480238
4.994151669616533
5.00525384241352
4.997274818891635
4.991225618496424
4.996657384369831
4.993925771564434
4.998344898934217
5.0031528195144155
5.003220322077891
4.986936734742935
5.0004582991030055
5.00165201934128
5.004917847154593
5.001636971941806
5.00419887480558
4.9646032568465435
4.995553827166028
5.0035634186734415
4.996997073688826
4.993861657532983
4.993911031742064
4.996024349177573
4.999887026556019
5.000031183903446
4.993882566249242
4.999737999608224
4.999532122557179
5.000057205653151
5.000991444535244
4.993782042358773
4.985876589592775
5.009011478836765
5.003381004224572
5.016023018473423
4.994151663673207
4.988846778211554
5.001971834915742
4.997188676327059
5.004955337904198
4.9944606705051715
4.996927439921597
4.997154652835662
5.001220390348479
4.986485848142819
5.0034183837023205
4.999280820226886
5.0065313004329
5.001272426535613
5.002468943201979
5.0070206852708905
5.002377741096861
5.000827555197408
4.998822017221138
4.993507777879504
5.001231885358586
5.020109722004629
4.999286065864045
4.9990996685879665
4.997254284888399
5.002127938352409
4.994209750379918
5.004996425999322
5.007287410608174
5.006560868967313
5.026390723032546
5.019102149880113
5.002564229683991
4.998595317769361
5.001821124751
5.000979662520444
5.002031314904923
5.002562494313025
4.998594664835098
4.996677142943733
5.00057564752685
4.998652325121926
4.998482356645143
5.000205614199849
5.005243785592745
5.0001296987269495
4.991168412352868
5.005739439560137
5.011425913324784
5.008100003851757
5.000492815315458
5.002240886584653
4.999914245077868
4.9954401784696465
5.006582900631424
4.999206183255394
5.001946706590336
5.000762663669974
5.006353151788861
5.0044473786486705
4.994800164142446
5.0016318200350725
5.014759676658913
5.002154532704642
4.992455614592186
5.0284531067219875
5.006301969113644
4.999728262229735
5.011541483441745
5.031090561996738
4.988548195209108
4.997315141378022
4.991283881593751
5.006192989849995
5.001729884451534
5.008639351325993
4.99690955369596
5.0096622205395756
5.000398047960217
4.99889010117125
4.996874162909052
5.0000765786498
4.996997864415508
4.997999534630656
4.993224605225927
4.998838943055467
5.002551795998658
5.005502695189591
4.999670921045065
5.0024469996515775
4.993147040444111
4.9985623516277
5.001896143242946
4.99276370357203
5.003255033670915
5.002216465670016
5.004417930321826
4.99810957260693
5.00063740835111
4.990559094327211
4.987773257454858
5.004658898903521
5.016624521043275
5.001552527880872
5.000579773847756
5.001053634045475
4.998813473129415
4.992080651800317
4.996863079172432
4.9993800314018575
4.998125262461536
4.966430494105683
5.01866003622183
5.002358507840562
4.993463058692893
4.978472341264134
4.99578272792085
5.00022239657083
4.996885379923721
4.994477772810967
4.9999806866504475
4.99973164947449
5.00160701571793
5.0091289396467165
4.997493983449625
4.998819078924514
4.999311545162562
5.001283850788477
5.000486386656922
5.003894162645023
4.999373143442929
5.003166693279885
5.003154861466253
4.998434598942502
4.9825004158637665
5.000428835422239
5.001032789399203
4.984945341474
4.9868206864822975
5.001348021936955
4.994979182457763
5.0006962215902515
5.003141316205816
4.993409844595407
4.995503380092914
4.9948804127790325
4.99887663452745
5.004643527891789
4.9996222763573686
5.001578364485292
4.999673632590511
4.998062615322376
5.00414599845508
5.004225179046177
5.00413165653496
5.000658013129502
4.997577477544431
5.002053464812363
5.003986093284959
4.975428649059584
4.998642823010102
4.996445002265139
4.986514832343646
4.9967625662402
4.9979421996590485
5.003847798677069
5.000897683408413
4.976209449197366
4.999191871915984
4.998003799204561
4.9971630801809965
4.998666953433712
5.000712463514095
4.997893136341998
5.006591774556077
5.0112020163604205
5.004886711299533
4.995875319386197
4.998080046249454
4.998122829696412
4.997717523058426
4.9750774559336515
5.00013962301919
5.0028915636555364
5.0055969765139485
5.019416262796405
5.006486706646238
5.006935768015292
4.999520994247435
5.011022511216771
4.998804413192813
4.994708220188998
4.99428431232378
5.001300567030314
4.995662362085631
4.995265364254859
4.998343709882321
4.996197786101926
4.999381260380459
4.995931352198695
4.992757007540211
5.012531722768769
4.999796519560247
5.000755792779795
4.9977964226643845
4.99945198701615
4.99988425058042
4.991670079085903
5.002127344384302
4.994944860006647
5.009008517112286
5.006833733822502
5.0060217240162235
5.0021617921133785
4.998116419298931
5.005062628255047
4.991986641625357
5.003819928057738
5.0008862899803725
4.999144856743895
4.997189394143421
4.970788923502501
4.999694064518948
5.000705780708325
5.000383128067287
4.999065409373664
4.996075181316994
4.997145239996182
5.008241620365805
5.0031117844281585
5.008241620365805
5.002295198631397
5.009812647093376
5.007176573886784
5.003658556220895
5.003708985279656
5.00104709625439
4.996445786651189
4.988324703754667
4.997784125056124
5.008027992791929
5.001303001372786
4.9984684412043245
5.004776692090175
4.987902399022985
4.995578818317058
5.0010492956087615
4.995361741729667
4.9998190142067145
4.998929331855018
5.002512959623007
5.004846119891943
5.000231523337034
4.987225159172066
5.006949105926913
5.004311560331263
4.991415026378249
4.9994597841954125
5.019193545237849
5.000779584994427
4.988521627656057
5.001744822457836
4.9974667839022375
5.00427585922768
5.000498812764207
4.994855415994186
5.002606775113858
5.012004657178915
5.014064751143315
4.998267639443974
4.999833052739617
5.0114645282689745
5.013438843023282
4.998903399028285
5.011510982820546
4.995243740708514
4.980637019539593
5.000234949007495
5.002672452354423
5.015009643191839
5.003132689899691
5.000230792644953
4.995018750609314
5.002150736844774
4.997224587028235
5.0006155149217
5.004237195797491
4.998588627157765
4.97912667491572
4.9882455462781445
4.99935148305441
5.004402001665865
5.006234221239715
4.999636871329114
5.00269547645444
5.006782362647585
4.999154738206262
4.940061217029197
5.0012469610141395
5.003204664269488
4.996153492114738
5.003074136717208
5.011250442816392
5.00569309915144
4.997568675094021
5.004487671991769
4.997691887070608
5.010754777830302
4.990221604872136
4.999796469028974
4.995569316641419
5.001968700573697
4.994614622052829
4.994334032542794
5.015795945599777
4.997378463200251
5.008062227268231
4.999691695108807
5.006823157146475
5.00043690444937
5.005452133032364
5.00244562014538
5.005452133032364
5.0
5.003277710252436
4.999608938987794
5.000152036585273
4.997647637742017
5.004539931699873
4.994324005424971
4.997124846526369
4.993466638702467
5.002943195719002
5.010036471816815
5.000690337737987
4.9955882119251305
4.996395942460299
4.994513024805634
5.001589409166537
4.996956421866989
4.993798994359266
4.9960212026735125
4.996364978290891
4.99933150029315
5.002741621937007
4.995737179657006
4.999711059820586
4.997942840114451
5.004289420785392
5.003529083825906
4.994227088519422
5.0150665530078244
4.997772091224149
4.991065214694392
4.997579647297082
5.005757718500613
5.000258146378573
4.998972298739233
5.004962963307734
5.0142113425131
4.995608088485259
5.002582410159949
4.998401604646915
4.992296213181134
5.007598321930261
5.002116955059482
5.002017461114077
4.998636115858039
5.0047706165297505
4.995885353600074
4.997803531882529
5.009154509969143
5.003378516510792
4.998721991720643
4.999564715868691
4.999617339964223
5.004944238362781
4.99172664710224
5.004395479159203
4.999853440404075
5.005367766870522
4.998149025414699
5.0086703398766605
4.997783220998419
4.998354705660166
4.9928727649632005
4.996008347763815
5.007634573550449
4.989605854328375
5.00672668310088
5.00349445652683
4.993195441201974
4.9975418970512795
5.005275327406866
5.00242824056006
5.003766514855866
5.00490198894932
5.007308733632034
5.00871917592672
5.003182751283682
5.002638033381533
5.001067206178928
5.0014534596585065
5.0029358951465595
5.0020193860531155
4.998016572350457
4.99989317106182
4.9952745337166204
4.993679600269209
5.0022791321671365
5.005213592460578
5.006112750657725
5.006117371443154
5.0114465773313555
5.005623778782672
4.994190241387193
5.003337967646862
4.996311426057384
4.999349258516123
4.996761810970691
4.990462277218142
4.9977028735403515
4.996168976228175
4.990735446108643
4.999095007858497
5.000291910513113
4.995614656861587
4.997061539457968
4.998719407727484
4.99740906609353
5.004353207186169
5.003888829751681
4.997972840110382
5.003177629582234
5.000132796069379
4.993127806084829
4.993695206204966
5.002758000972511
4.997722819881648
5.00106502421831
4.998282814203801
4.9917085897699165
4.99424087228543
5.018956437458681
5.008264506935792
4.995733099795072
4.994533038349161
5.004014186606683
4.996903178036847
4.9938012657305055
4.991249493370757
5.0005431213820275
5.005741651799972
4.9900705078632415
4.9941117611860495
4.998507612797213
5.002396098665019
4.998290391439695
4.997234087072947
5.000725829495079
5.004619176366933
5.003864612426104
4.998797016928455
5.005966929566436
5.002152657414757
5.001263274935568
5.002601402332275
4.997457451570674
5.007549392194964
4.99713910078446
4.991901025775437
5.00427246825881
5.00196819136717
5.001934763926835
4.9974038143953186
4.9906592590601235
4.992516898435266
5.001298216434315
5.00245684118976
5.005127298117674
4.9971448206269375
5.010800214077463
4.997188614559183
5.00177480684015
4.999955392109799
4.9972583160499875
5.001230898772539
5.003240873895629
4.9972582837071124
4.998212798222752
4.991102252070461
5.001747646164784
4.999067983831414
5.006760373525326
4.998156756878988
5.003209385811447
5.006846000378057
5.0005983897760915
5.001835255811478
4.993924876012604
5.007226118561029
4.998666513523177
4.995263009826021
4.992175089763301
4.996163780534834
5.011135542912591
5.003524582457521
4.983659244339901
5.003844564464794
5.005632103713597
4.991335812183607
5.005364793661507
5.006057026975978
5.000671945417458
5.003133342482296
5.00028290463627
4.99725278692142
5.010592999269896
5.000124381354852
5.000723025987993
5.004418109876672
4.996894919251373
4.998466792051152
4.999462045002492
5.002201939814018
4.995529351715343
4.998722001313073
5.005287025460056
5.003792949962579
5.005938488114612
5.009346993274363
5.008438651063763
5.000036029250909
5.00841671838313
4.9992983989760535
5.001096695456193
4.997872988347953
4.997602739357297
4.983177201093829
5.008882990389574
5.00841671838313
5.003841731273503
5.014014250876624
4.992768873788679
4.99560655971847
5.007737569415037
5.00428738500588
4.998539427439357
4.99540808818161
4.998575353064261
4.996874156268528
4.998439174097885
5.004076122866143
4.999663890561248
4.9942248482389004
5.013701794271551
4.991393383386574
5.0010713510675435
4.998484815881129
5.007001027920883
4.999028330278561
5.000779548555957
5.003259468503829
4.998144589094936
4.996917769189855
4.995212744199476
5.007385669781955
5.005722404450977
5.007099072758371
5.007089160272453
5.0033032141672615
5.005719447406208
4.997995420975614
4.99528181262558
5.004488467500865
5.003850337666299
5.0002801400191785
5.0141796986887215
4.984372800066112
4.994172013005371
5.002140259540061
4.9975462213158774
5.002951577507603
5.00019526359047
5.000012988903
4.996053756939831
4.998678408076678
4.995715100143677
5.006577236267121
4.995056168145793
5.003561342284742
4.978439861994743
5.012861717719951
4.996965533556614
4.994541503360617
4.998464639568735
4.988180039064863
4.99143521783892
5.008660493772407
4.999344625879711
4.994117911252011
5.002125647704215
4.996685741764785
4.997184773032826
5.0002976079473145
5.000679029971302
5.005073880997022
4.997589759028496
4.997669707446425
5.000073064298285
5.006693730942998
5.00306168471693
5.002683396822409
5.004381221336552
4.993584229026617
5.0114432789229735
4.993849466627195
5.002719533196271
4.9923054558550435
4.994225764896569
4.9815124828253445
5.002805322152953
4.998767666150544
4.999602653793454
4.998552073293225
4.999896725296451
5.000580903299408
4.993245801772611
4.9925238367879885
5.015996983495163
4.997263458844314
5.003244152473115
4.995287777519199
5.005834593942263
4.994655369271165
5.00204319386508
5.000041799951918
5.002484116951171
4.991012861914644
4.9979091612274145
4.998966806640271
5.007430485862853
4.994823758269605
4.998395881539919
4.99510968881944
4.979856468024387
5.00375445550755
4.994553171886055
5.006858424778508
4.997840221605767
5.008560356209111
5.002541897566633
4.9884311716097995
4.998961038552641
5.006375006070124
4.992559581312309
5.00146302136219
4.982252286999543
4.994895399264844
4.981895181538453
5.00092562798677
5.000679902005449
5.005589829775317
5.006172984733807
5.004377423151739
4.996417040000286
5.014866863344974
4.996556352114891
4.98747645026562
4.997555542209767
4.999499364418234
4.995537280797909
4.999073626541663
5.000189946537998
5.001779304754809
5.002310376264158
5.005061194341971
5.000057225229462
5.001395983277507
5.005172990498379
5.000227542910743
5.009605593623944
5.000472763662698
4.999527656185452
5.007104687684956
4.9981399647501465
4.994958061543543
5.001559455390906
4.995474749734131
5.00057327108078
5.009979784411317
4.994149376972701
4.992727928052266
5.011066856326803
5.016087834730443
5.012007054969129
5.001470477539434
5.013057701450054
4.997651932322744
5.000698718602868
4.992765399267571
5.009874396559661
5.002257725242329
5.003141612946495
4.986907404155234
4.989962256152966
5.016799762968933
4.999845923803251
4.999818629260069
4.993641000625311
4.997908791315338
5.004592874740983
4.996109984123698
5.003987019536374
4.992035835336487
5.008019851640857
5.004022033054189
5.002374132061751
5.00264063167771
4.996733739828471
5.010490835405298
5.006791013664314
4.9928474587617595
4.998793434407212
4.994584284865724
4.982410918905515
4.996475610503474
4.987592018876485
5.000016382003074
5.003010555770557
5.006086526524928
4.9920011589980104
4.9917045890842955
5.0064822218532115
4.999532403811338
5.00254030130397
5.00161921309513
5.002004667593659
5.005277341594651
5.031204256359447
4.994074063230725
4.9900882130075175
5.0005655310845265
5.000950188402855
4.999771287094545
5.004413814073816
4.984209137242328
4.998521328633121
5.0016512526788866
4.997946744085728
4.995597106242388
4.993789800596618
4.993884770144845
5.004117333588115
4.993279677830431
4.996272232109081
5.005126399916186
5.003442335625656
4.995102971224553
4.996203425962532
4.993629566447066
5.002150287326462
5.004889493753461
4.996856279224461
5.000369170324683
5.002002410293304
4.999711062018287
4.9948669768676615
5.005638058087649
4.996597809060793
5.000222178756611
5.001262926406868
5.027500440771213
4.99798702401222
4.999325021280105
4.989964742905052
5.002934023905256
4.990031322428786
4.996260172296903
4.999944908966058
4.990496152123188
4.969315903063761
4.998095553524805
4.997717741716686
5.002037222529716
5.020065352051377
5.006311367748685
5.012807773794673
4.996899065526705
4.997871106792861
5.004859509096902
4.9987165275675105
5.011026216780376
4.997536565830275
4.996295531779208
4.998337269529295
4.999091734301859
4.996545473618099
5.009951635624526
5.002679189857454
5.000411048859298
4.99722858878489
5.002523050313468
5.0085646374718635
5.0006449316658035
5.004763790776551
4.993800233881762
5.002332830862238
5.000490153534001
5.008564638052399
4.999496506834979
4.986460529528324
4.999827692122412
4.998886835501653
5.00077423928645
4.9932652775986766
4.9789992518930735
4.999826506157624
4.985310754771334
4.998699101859944
4.99649419243521
5.009282226318589
5.004352542219505
4.997091191255433
5.005940239795528
5.001180955082001
5.0127368014518465
4.998524102710061
5.000142742532925
5.009144026923727
5.002297430065338
4.99622092797123
4.988571418263141
4.992253552912749
5.007531020078371
4.999578022539331
5.019705026434446
5.003041568108774
4.995287156054473
5.0007522585966715
5.0076763527241575
4.996825693704971
5.000808192202661
5.010128067793703
5.004001487938285
5.026527491817965
4.99431000028648
5.006064226363593
5.009428453369051
4.986536242845776
5.004839731381093
4.977180358223565
5.0132331468752955
4.999661837662438
5.004222227004664
4.996239057157549
4.9952528391607665
4.998074829396647
4.997256340820327
5.013953760501247
5.005636091425118
5.004629052950447
4.999264433316952
4.999082738282861
5.010847711900486
4.996669615359443
4.995728289536925
4.998413052198153
5.000297429278219
5.003825257854751
5.001257818618207
5.009237681069494
4.994073185296904
4.998604493253126
4.995841793305025
4.9972942353758105
5.006144537690929
4.992666024210496
5.005073535225257
4.99910573207797
4.998254734352414
5.0040618694130075
4.998546325220234
5.010845814980226
5.007546787313005
4.996463348801783
5.007384032003076
5.0036484242764265
5.004898321931477
5.000149638134861
4.998952720696955
5.000856600442649
4.998669190321747
5.00065305564454
5.00347615595467
5.001320419456846
4.999501891849683
4.996618804520615
5.00246148913387
4.998186971897929
4.99083313373938
4.99557702079937
5.022084459474082
4.993462724909887
5.003733233049234
5.004530285049814
5.007835662504838
5.000465897312605
4.999696679043492
4.996210707307574
5.023397984907705
4.998361621375779
4.998598615776557
5.005489072800673
5.006043295822654
4.996201090531894
5.006394805277735
4.993081845340557
5.007123749656004
5.002991575265659
4.996797933196094
4.99889820203264
5.001077501567062
5.003296568952194
5.003102334231383
4.996790274569471
5.004109319011782
5.005319134802166
4.997090443205513
5.009583176026245
5.0014800184569035
4.972071455867516
5.003854667474464
5.000416349745406
4.9997685883792675
4.979386742332305
4.998252028560768
5.000470622261346
4.997626259464996
5.009351464167266
5.004200105901406
5.0014801786130345
4.999196142006075
4.999738115088726
4.994857174757219
4.973873665699551
4.994808518975565
5.002376433401746
5.001734101507491
5.000917489097222
4.983765473931823
4.98744261336143
4.999619065191409
4.998917997221781
5.008968086447121
5.0052065541354045
4.99671369919576
