7.2
5.12
8.2
8.24
6.535809523809523
8.6
10.26
6.08
7.76
8.34
6.24
8.82
7.49
6.083333333333332
7.32
5.86
5.02
7.4
7.28
7.76
10.26
5.66
10.22
7.68
14.16
4.94
8.46
8.16
7.5
7.88
5.68
7.04
7.24
9.06
8.58
10.1
9.24
8.0
8.68
9.14
6.153333333333332
13.3
8.32
8.14
7.64
8.9
5.14
7.16
8.293333333333333
10.92
8.76
11.38
9.42
9.64
6.544
7.7
9.66
6.9
11.16
12.44
9.32
7.32
7.958571428571429
7.06
10.48
7.396666666666667
10.1
9.14
8.0
9.315238095238096
8.32
7.62
7.046666666666668
3.06
3.54
12.64
7.32
10.9
6.42
10.02
7.98
8.54
7.396
11.215
8.36
8.64
6.92
10.32
8.74
8.22
8.58
7.48
5.04
10.9
9.54
10.6
6.84
7.962222222222222
9.46
8.12
6.52
8.7
9.28
7.34
8.426666666666668
10.0
10.18
7.56
6.42
5.601904761904762
6.664
13.66
6.16469696969697
8.22
5.84
6.315691197691197
8.64
9.02
6.0477857142857125
8.02
10.6
8.16
8.06
7.16
8.66
9.02
9.3
9.76
14.2
11.54
8.3
6.46
6.74
6.96
13.9
9.88
5.94
9.670000000000002
11.19
8.64
8.08
7.28
3.51
9.45
9.22
7.26
8.0
8.68
9.68
8.02
7.32
8.08
9.12
8.02
5.78
6.66
9.32
9.76
8.136000000000001
7.96
6.76
9.88
12.54
7.66
8.24
8.98
8.394285714285715
6.316
12.24
8.48
8.34
6.9111111111111105
7.6
19.6
6.88
7.52
7.92
9.22
10.6
15.28
6.9
3.672333333333333
12.46
7.245
11.06
8.24
8.64
9.34
9.173333333333334
19.262857142857143
5.54
7.731428571428571
7.1
8.74
7.728888888888889
9.42
9.9
5.58
8.06
7.59
7.44
8.06
8.34
8.66
6.34
7.54
7.5
8.88
7.92
8.42
8.08
11.16
10.58
8.3
8.0
8.7
2.0
2.28
2.0
2.34
2.92
2.0
2.16
2.0
2.0
3.72
2.06
4.04
2.8
1.94
2.24
1.98
2.76
4.26
3.14
2.0
2.36
2.06
3.18
2.78
6.42
1.84
2.0
1.92
2.78
2.0
2.0
8.9
19.56
8.64
18.41
8.96
9.52
9.12
8.26
7.18
4.752863636363636
6.42
7.991111111111111
7.92
10.82
7.986666666666666
11.49
7.2
8.4
9.54
8.7
7.3
7.093333333333333
6.98
13.9
7.84
7.12
8.24
8.4
9.66
5.7
8.7
13.66
8.68
7.82
8.826666666666666
6.26
7.04
5.72
7.3
9.12
6.86
8.64
8.16
8.84
8.68
9.42
9.56
10.0
8.32
9.26
6.58
9.8
8.82
8.336
5.053999999999999
8.62
6.433333333333334
9.08
6.9
8.366666666666667
7.52
7.02
7.62
7.326666666666667
7.08
8.0
6.898333333333333
7.172000000000001
6.56
6.9
8.18
9.1
8.94
8.96
8.12
6.84
8.5
9.14
6.98
5.642983405483405
8.051
7.0
7.818666666666667
8.44
9.16
9.1
8.34
10.986666666666665
9.132727272727273
11.04
7.54
10.12
8.6
7.74
8.7
7.64
8.3
8.92
10.48
6.82
10.394285714285715
6.02
5.04
6.62
12.46
8.92
9.82
13.88
8.68
9.12
12.22
11.16
11.24
7.8
7.12
6.68
8.293333333333333
13.94
7.78
7.24
7.7
12.34
6.34
7.74
11.12
7.08
7.32
6.539090909090909
7.98
6.32
5.35207758907759
9.68
6.281142857142856
6.94
7.78
7.3839999999999995
7.18
8.68
4.845
9.4
7.56
7.366666666666667
10.24
6.520380952380952
8.2
6.44
5.266166666666667
11.7
7.5
9.58
10.48
6.4361428571428565
6.92
6.10447619047619
7.36
6.664
9.36
9.1
15.76
7.02
6.28
10.78
9.584666666666669
5.72
6.418333333333334
5.7493333333333325
6.76
8.138333333333334
8.44
7.96
8.72
9.64
11.36
8.84
6.92
8.36
7.36
9.36
5.94
8.3
6.54
7.88
10.58
7.78
7.313888888888889
8.72
12.48
6.78
9.4
6.03
8.88
7.42
7.242857142857144
8.76
7.96
8.02
7.66
8.783590187590189
8.62
8.397142857142859
9.879209235209235
8.5
8.366
8.513333333333332
10.48
7.9
5.32
9.78
6.4
14.6
10.22
7.173333333333333
7.538928571428571
14.34
13.58
10.62
8.34
7.96
11.174285714285716
7.76
7.06
8.14
9.084
10.26
5.66
6.5531428571428565
8.13
5.726166666666668
11.58
8.2
20.06
6.86
8.54
7.9
7.98
9.9
8.34
5.854777833277833
4.525373015873016
8.051
7.9
7.7
8.68
7.78
9.88
7.26
8.9
9.28
9.2
24.0
9.652727272727272
9.9
8.42
8.6
5.98
25.62
8.98
7.38
7.5
6.4
7.136
5.7493333333333325
9.68
8.48
9.88
8.66
7.16
8.68
7.073333333333334
8.0
8.08
6.8933333333333335
8.3
8.46
8.5
7.28
8.4
9.5
9.14
8.96
7.16
6.82
9.0
8.52
7.28
6.8
5.854777833277833
5.66
5.56
10.02
7.14
8.34
7.02
6.44
6.98
8.12
6.9
9.94
8.6
6.041681818181819
7.942222222222222
7.78
10.96
7.04
5.376666666666668
8.38
7.78
8.24
7.76
8.82
16.3
9.22
22.58
6.96
15.1
20.36
17.8
9.42
7.32
8.48
6.82
6.0
5.17
8.42
10.86
8.08
8.14
10.7
9.04
8.7
7.54
9.48
10.378333333333336
7.88
5.42
7.78
8.004444444444443
8.14
10.68
9.0
6.66
6.286666666666667
8.08
14.06
8.06
9.168
6.48
7.42
5.079858696858698
8.36
6.095
8.30857142857143
10.36
7.76
9.145714285714286
15.5
7.38
11.78
7.455
13.06
8.56
9.6
7.46
6.66
7.34
8.32
7.76
7.15
5.282873015873016
8.1
8.14
5.713333333333333
8.42
14.74
5.535
6.81
8.065454545454545
12.98
16.24
7.36
10.13
6.98
8.98
9.36
9.68
9.68
7.86
12.74
4.525373015873016
6.56
10.069666666666667
6.315691197691197
7.5
8.58
5.66
9.98
5.713333333333333
8.24
8.58
7.231111111111111
7.88
10.34
6.434285714285714
7.78
6.7733333333333325
9.42
8.74
7.11
8.08
10.88
9.2
8.36
8.453333333333333
10.193333333333333
8.64
9.52
7.1
4.936738178488179
8.06
7.4
9.66
7.72
7.5
8.016
6.4239999999999995
8.4
8.48
8.64
11.9
6.36
11.337777777777779
9.18
10.44
11.0
9.18
7.78
21.96
11.74
11.14
6.906666666666666
10.72
7.58
7.451428571428571
5.839999999999999
8.86111111111111
9.2
9.2
6.684714285714286
8.984
8.48
12.106666666666667
7.66
19.08
8.92
8.56
10.68
9.543619047619046
8.086412698412698
9.682458874458874
9.543619047619046
9.06
9.91968253968254
6.32
6.26
6.66
7.3
5.612772727272726
6.94
10.24
10.82
7.86
12.82
5.98
10.92
16.94
5.2
4.12
8.58
4.78
11.28
9.74
16.02
8.02
9.64
7.180714285714285
9.06
12.52
8.28
6.872000000000001
7.7
9.64
8.02
9.56
7.54
6.52
6.26
10.2
7.26
6.08
5.730476190476191
7.22
6.08
8.4875
8.6
7.24
6.76
9.3
8.24
10.44
8.04
8.28
7.66
6.88
8.66
8.84
9.8
8.5
8.6
8.452857142857143
9.68
7.26
7.72
7.217333333333333
9.18
7.361000000000001
7.24
4.518571428571429
7.42
8.86
8.82
8.92
8.66
11.5
10.7
10.56
10.9
8.8
10.82
10.4
6.88
21.1
7.98
8.98
7.482857142857142
9.02
7.64
8.977777777777778
6.082690476190476
10.94
12.12
7.796
7.94
7.3
9.637777777777778
8.0
10.8
6.2
8.58
9.12
7.82
9.08
5.16
8.82
9.64
9.14
8.42
7.04
5.96
7.66
16.06
7.54
8.72
10.46
8.44
7.04
9.476
10.686666666666666
6.72
7.88
10.02
10.6
11.9
