5.208357
2.4734292
6.0015597
5.885905
5.1582584
5.422308
5.57998
3.5700424
5.8451543
5.59838
4.5344763
5.3068113
6.500205
4.645352
4.6311307
3.0584807
3.4851053
5.578209
4.872539
4.245148
6.895103
3.5700424
7.592772
4.7721562
6.831188
5.1319323
5.006048
5.291132
4.755835
4.025628
4.299275
3.9910934
5.479102
6.232174
5.637316
4.5493455
6.0136647
5.958461
4.94692
5.3624606
5.171147
7.6604905
4.747929
5.3627357
5.321755
5.6975403
4.1261806
5.4087014
5.2355247
6.1937156
4.238428
7.4195642
5.1413836
6.0452456
5.1543694
5.381005
5.5524287
5.206208
5.1660447
6.2237463
5.8011174
5.6658955
5.812279
4.591345
4.1546116
5.102097
5.551413
5.3924804
7.585849
5.986398
4.964454
6.072188
5.2355247
4.7044473
5.307774
3.9639294
6.33695
4.5977063
5.5663333
5.464181
5.5385594
5.3138213
5.3250184
5.9883595
6.41063
5.7589054
4.6326537
5.2621665
5.7365603
7.2399287
6.181824
6.6881
5.304503
4.8958163
5.401904
5.3239384
5.223012
5.1247115
4.248296
4.7160854
3.8623285
5.356109
6.6832957
5.2484913
5.245776
6.1826973
5.3349714
6.022925
5.2848673
4.7564406
4.3213396
5.1341624
4.523082
4.4023466
2.8714755
4.4439917
5.598955
5.832295
4.8467374
5.529963
5.620271
4.774092
5.6130905
5.1291676
5.0100656
5.5752697
5.962753
5.7261195
4.6445503
6.621959
5.024292
6.023434
4.7889295
5.10332
8.146149
5.5149593
4.711301
5.4047103
4.9139223
5.2245035
5.5953465
5.7361393
2.5616019
7.0681467
5.8365684
5.464795
5.0749264
6.0082784
5.027112
5.1605735
5.6948876
4.491295
5.651133
4.8324594
5.0493584
5.505945
5.833895
5.395283
5.072365
4.541286
5.567482
5.202592
5.3673162
5.0440736
5.4656396
5.469958
5.531073
5.526978
6.9774446
5.7673283
6.214246
4.8445163
5.253415
5.1106224
5.2356834
5.137565
6.1906815
5.541793
5.6897674
5.0677176
5.773472
3.7707446
5.4563274
4.528089
5.9514585
5.605233
5.8808517
5.584014
4.0116673
6.4378743
5.157413
4.945206
4.6870494
5.3533754
4.9503007
4.0680633
7.1158996
4.660078
5.3746347
4.889043
5.432988
5.4995217
5.7615166
5.528241
5.889451
4.7470737
4.8924174
5.5425377
6.3056846
5.560022
5.398484
5.71014
6.1030383
5.5133486
4.9731274
4.9731274
1.3982506
1.6010983
1.2537129
1.9696214
1.2586691
1.3982506
1.6021972
1.2537129
1.2515433
5.026914
1.4862044
4.2103405
1.378076
1.8701696
1.2066584
1.2515433
1.36325
2.3490417
1.960544
1.3911028
1.3591194
1.2452717
2.7889035
1.6746544
3.2490976
1.241884
1.3911028
1.1325185
1.3525318
1.3789983
1.2940242
7.6331425
4.4420104
3.6752565
6.0642786
5.709364
5.8567686
6.0096307
5.3447375
5.1444006
4.5592804
4.600348
5.520563
7.3795776
5.799722
4.662768
5.7736235
5.155368
6.172911
5.469958
5.8455114
5.332423
5.348991
5.428661
5.787847
6.417732
5.2917175
5.975893
5.546097
5.056986
5.2196393
4.9011865
7.051005
5.0465074
4.46336
5.5297813
5.1291676
5.3957896
4.1215096
5.9091864
5.8070793
4.142892
4.850893
5.887431
5.014606
6.1891212
5.6204576
4.832936
5.064628
5.854461
5.7852507
4.1936097
6.042144
5.9475694
4.5799356
4.7253895
5.2355247
5.2725086
6.341904
5.6356597
4.795686
5.8549123
5.560717
4.682014
4.7811556
5.16726
4.9731274
4.395051
5.380725
4.508156
5.5634956
6.0657654
6.112151
5.767982
5.427541
4.3130884
5.0015645
5.3392024
5.4237084
5.9337416
4.523082
4.7253895
4.872539
4.7470737
4.6870494
5.8378086
4.7275987
5.7131724
5.489964
6.1877537
4.636618
5.566132
7.7563634
5.7415605
5.051606
5.8145714
4.520728
6.7193236
5.2196393
5.6961436
4.9107428
5.9761643
5.305066
4.233556
5.1405373
5.619479
5.4441805
5.5509577
6.7020407
5.835929
5.5861955
6.264063
8.16876
7.7778244
5.8330235
5.104783
5.3746347
4.9465985
3.732502
6.503964
4.5280685
4.7470737
6.002894
4.3372397
5.6745405
6.89109
5.0642343
5.2882767
4.411222
5.38282
5.2355247
4.5509343
7.6787367
4.8467374
5.832295
5.3095975
5.560701
4.265173
5.653886
4.708325
5.1689076
5.8238773
5.9679813
6.359204
4.4146576
5.7595744
5.89757
4.414631
4.931437
5.1562786
5.6704087
5.9729867
5.1800666
5.96409
4.4977646
4.7220263
5.5724416
5.207371
5.6151247
4.15424
4.3613605
5.3648763
5.512014
4.9615965
4.872539
4.872539
4.4977646
5.453461
5.3312593
5.0345387
4.890465
5.432988
5.213098
5.6901255
4.8714232
5.7587824
4.7877336
5.573844
6.0455775
4.560002
4.8113446
4.971484
3.785254
5.7288833
6.2748756
4.599329
4.9618516
4.8590984
5.3659325
6.4378743
4.7470737
4.993946
4.528089
5.120277
4.9638104
5.0090547
5.655768
6.2937
5.651114
4.814567
5.6009903
5.850185
5.1964645
4.9977584
5.753923
6.1275134
5.963718
5.380012
5.5072827
5.432988
8.282995
5.386897
6.084428
4.7564406
7.3142724
7.3142724
5.7201047
5.364415
5.976101
5.4834948
5.0394626
6.565963
6.4754214
5.63637
5.7598696
5.619159
4.082243
4.9403996
4.523082
5.3186383
5.9679813
5.7599587
5.0374985
5.7349625
5.5403852
4.5719657
4.9353995
5.313428
3.2790027
3.8864534
4.961985
5.2245035
5.3754835
5.8121796
5.8402557
5.3305774
5.9679813
5.1163635
5.4784904
5.473053
9.01908
4.3251324
7.4794884
4.250828
4.420034
5.067358
9.093889
5.1744437
4.5459194
4.861794
3.524152
5.6451154
4.5509343
5.27091
5.62492
6.0907397
5.927904
4.9477644
4.1202903
5.2355247
4.7564406
5.3489265
4.8437285
5.5901217
5.377432
5.2297854
6.2568126
5.266159
5.0552506
6.1293187
5.435685
5.1262846
5.7358546
5.3901453
5.1221695
5.2237177
4.5601096
4.4977646
6.1829104
5.0897083
5.5105987
5.965072
5.2355247
5.4762363
5.167413
6.2923574
6.167575
5.227208
6.413039
6.03688
4.523082
5.3649693
6.0098
6.4622135
5.1124153
4.9498997
6.0903606
5.424753
4.7106733
5.463416
5.7112284
7.138602
7.109387
10.521798
5.1157074
8.118521
12.185214
10.711955
5.5866156
5.9505033
6.0698113
5.48119
2.9597898
4.7330127
5.9271336
6.458255
4.8378963
6.247398
4.9796906
5.718889
5.149973
5.7644253
5.3394656
5.6201878
5.172128
3.9160268
6.9401813
4.3372397
5.5095725
5.437022
5.5512557
5.313428
4.6883736
6.0672054
5.491782
5.1237063
5.81704
4.94561
6.06957
3.359517
4.8959246
5.0556154
5.569773
6.665339
5.6009903
5.493703
6.158338
5.2851233
5.8208866
4.936079
5.7038293
5.382203
5.445739
5.1404095
5.06788
5.633235
4.528089
4.6337976
5.0556154
4.523082
5.1676097
5.8953385
4.2184076
4.3512874
5.9877267
4.367871
4.5999985
5.228267
7.495792
5.523361
5.598392
4.6407223
5.5805054
7.7504516
5.589646
6.333978
5.087252
4.977996
7.5254793
3.8864534
4.790448
4.872539
4.8467374
5.5278163
4.9727798
4.7721562
5.1853933
4.523082
6.048093
6.080628
4.9417014
5.148769
4.9656525
5.4549522
6.8034163
5.7170477
5.291212
6.16149
4.2641306
6.088194
5.329333
5.211933
5.887128
4.8166194
4.850893
4.936079
5.018483
5.2928576
3.935123
5.482109
5.728085
5.3216596
5.2104607
5.414116
5.3159323
4.8642955
6.604682
6.2538834
6.3569694
4.6455803
5.600367
3.5430472
4.9676657
5.361025
8.686824
6.671216
5.854461
5.8238134
6.229838
4.8881297
5.3736887
5.991573
5.4575405
5.7103395
4.7564406
5.2885895
5.7743206
6.2170515
4.7253895
5.1459646
5.6059875
4.8010564
5.057331
11.16571
4.93483
6.0187035
5.028308
5.3305774
5.3305774
5.3305774
6.10296
5.4312997
6.0547924
5.5083113
5.408371
4.089532
5.432988
4.405073
4.935845
5.3791957
5.33605
4.7316093
5.5246825
4.5695295
4.586556
8.866408
3.5781372
4.8789353
5.624868
3.8128219
6.323684
5.2454867
6.6666546
4.7888575
6.233117
4.51826
4.9627852
5.4671144
5.049811
4.912609
4.670959
6.1993985
5.476054
5.657152
4.161619
5.1605735
4.2115746
7.589931
5.5573525
4.7721562
4.4977646
5.5415545
4.7721562
5.766653
4.790938
4.792144
6.0088577
4.735943
7.236953
5.540132
4.4730816
5.291875
5.2554655
4.76069
5.5808425
6.5209665
6.712387
5.3648763
5.2251124
5.1800666
5.332346
4.9441166
6.509825
4.723367
5.639217
4.708481
6.0111027
5.1800666
5.188542
5.1922054
4.9260645
6.1921506
5.6925197
6.8058376
6.282328
6.6897254
10.590924
5.723509
5.1472507
6.4522085
4.157751
4.695907
7.199654
6.495877
5.579756
5.669381
5.4794
5.5211716
4.523082
7.316615
5.362514
7.007281
5.2842293
4.06498
4.1558332
5.4643116
5.9355726
5.101909
5.092738
5.3581934
5.5823884
5.3736887
4.512176
5.3311496
4.7727947
5.4916954
5.033286
5.675864
5.2012377
5.5709085
6.884948
5.3068113
5.8323164
5.4761667
4.4661975
5.380725
5.525465
10.195646
5.4448752
6.8742776
6.1394196
5.333422
6.9835734
