9.202702702702704
9.007142857142858
9.54990583804143
9.52346570397112
9.007142857142858
8.98
10.62962962962963
8.855243722304284
11.123486682808716
9.558762886597938
9.419520547945206
9.790123456790123
9.557457212713937
9.340862422997947
8.845622119815669
8.62208067940552
8.005891016200295
8.855123674911662
8.937078651685393
9.18336483931947
9.608414239482201
8.096153846153847
11.091503267973856
8.62208067940552
9.512376237623762
9.769961977186313
8.845622119815669
9.942592592592593
9.340862422997947
8.986577181208053
8.986577181208053
9.346
9.222958057395143
9.831215970961887
9.527667984189723
9.679775280898877
10.100934579439253
10.023972602739725
9.433781190019193
9.265193370165745
9.790123456790123
11.454545454545455
9.222958057395143
9.721428571428572
9.044806517311608
9.512376237623762
9.264270613107822
9.942592592592593
9.972375690607734
9.874720357941834
9.857142857142858
10.92156862745098
9.972375690607734
9.942592592592593
9.409937888198758
10.01635991820041
9.787769784172662
9.54990583804143
10.343949044585987
10.333333333333334
9.323293172690763
9.265193370165745
9.61121157323689
9.340862422997947
8.855243722304284
9.222958057395143
11.102564102564102
11.264802631578947
10.874791318864775
10.174168297455969
9.932242990654206
9.865102639296188
10.01635991820041
9.660550458715596
9.044806517311608
10.5
9.54990583804143
9.787769784172662
9.877431906614786
10.409090909090908
9.831215970961887
11.464285714285714
10.122164048865619
9.666666666666666
9.425
9.308600337268128
8.76875
9.558762886597938
10.93015873015873
10.063694267515924
10.012173913043478
9.334016393442623
9.529516994633275
9.26984126984127
9.721428571428572
9.827977315689981
9.57421875
9.940397350993377
10.350970017636683
9.942592592592593
9.419520547945206
8.855243722304284
10.100934579439253
8.801980198019802
9.679775280898877
9.769961977186313
10.023972602739725
9.323293172690763
9.424242424242424
9.18336483931947
9.055793991416309
9.238845144356956
8.675531914893616
10.023972602739725
9.608414239482201
8.697508896797153
9.819964349376114
9.92407809110629
9.09433962264151
8.578260869565218
9.790123456790123
8.121451104100947
9.551724137931034
9.655097613882864
8.910679611650485
9.4775
10.022608695652174
9.687374749498998
11.442622950819672
11.485714285714286
8.915441176470589
8.879746835443038
9.831215970961887
9.52346570397112
11.258823529411766
9.946843853820598
10.284
9.419520547945206
9.90127970749543
9.334016393442623
9.790123456790123
10.061643835616438
8.803786574870912
9.203125
11.088512241054614
9.787769784172662
10.004901960784315
9.787769784172662
9.857142857142858
9.645217391304348
9.557457212713937
10.93015873015873
9.54990583804143
9.24847250509165
8.915441176470589
9.4775
9.710172744721689
10.056565656565656
10.023972602739725
10.604810996563574
9.697297297297297
9.787769784172662
14.77889447236181
10.178761061946902
9.433781190019193
9.964102564102564
10.100934579439253
9.877431906614786
9.90127970749543
9.940397350993377
9.467532467532468
9.463356973995271
9.279475982532752
16.666666666666668
9.521348314606742
9.710172744721689
8.845622119815669
9.877431906614786
9.419520547945206
9.972375690607734
9.964102564102564
9.831215970961887
9.289827255278311
8.800759013282732
10.668965517241379
9.655097613882864
10.01635991820041
10.529220779220779
9.222958057395143
20.3768115942029
8.801980198019802
8.697508896797153
8.874371859296483
9.289827255278311
9.621184919210053
9.346
11.536443148688047
8.915441176470589
9.308584686774942
9.875
9.289827255278311
10.570071258907364
9.238845144356956
8.98
9.644736842105264
8.305555555555555
11.091503267973856
8.983660130718954
8.98
10.022608695652174
10.061643835616438
10.01635991820041
10.122164048865619
9.055793991416309
9.61121157323689
10.288224956063269
8.61493411420205
9.3991683991684
8.728414442700156
8.855243722304284
7.771106941838649
8.61493411420205
8.121451104100947
8.803786574870912
7.939698492462312
8.121451104100947
8.236170212765957
9.055793991416309
9.57421875
8.855243722304284
8.152882205513784
8.236170212765957
9.529516994633275
8.926977687626774
8.787878787878787
9.3408
9.055793991416309
9.3408
9.521348314606742
8.894291754756871
8.69811320754717
9.09433962264151
8.728414442700156
9.144578313253012
8.697508896797153
9.011904761904763
8.76875
11.258823529411766
10.5
10.390522875816993
10.728571428571428
8.85048231511254
9.879341864716636
9.26984126984127
9.940397350993377
9.940397350993377
8.842995169082126
8.86046511627907
11.430508474576271
10.983651226158038
9.92407809110629
9.463356973995271
9.972375690607734
9.425
9.84375
9.308584686774942
9.203125
9.289827255278311
9.334016393442623
8.986577181208053
9.409937888198758
9.679775280898877
9.722
11.493610223642172
9.340862422997947
9.205298013245033
8.879746835443038
10.613636363636363
10.065346534653465
10.022608695652174
9.24847250509165
9.334016393442623
9.57421875
10.012173913043478
9.29372197309417
10.056565656565656
9.055793991416309
8.5
9.007142857142858
9.203125
9.725571725571726
10.037243947858473
9.819964349376114
9.222958057395143
9.710172744721689
10.079303675048356
9.721428571428572
9.203125
9.879341864716636
10.695364238410596
8.855123674911662
9.831215970961887
9.679775280898877
10.100934579439253
8.986577181208053
9.203125
10.022608695652174
8.855123674911662
9.939338235294118
9.857142857142858
8.986577181208053
9.710172744721689
9.880503144654089
9.725571725571726
9.334016393442623
8.894291754756871
9.942592592592593
9.308584686774942
9.238845144356956
9.687374749498998
9.028322440087146
9.308584686774942
9.222958057395143
10.04
10.04
9.289827255278311
9.51685393258427
8.842995169082126
9.265193370165745
9.18336483931947
9.409937888198758
9.679775280898877
10.659010600706713
9.722
11.091503267973856
9.722
9.90127970749543
9.042105263157895
10.012173913043478
9.26984126984127
9.722
9.857142857142858
9.161057692307692
9.288135593220339
9.92407809110629
10.318367346938775
9.604166666666666
11.088512241054614
9.831215970961887
8.800759013282732
9.0
10.529220779220779
9.592664092664092
10.343949044585987
10.390522875816993
9.655097613882864
10.422222222222222
11.938053097345133
10.458762886597938
10.657794676806084
9.279591836734694
9.536936936936938
9.26984126984127
8.855123674911662
12.038284839203675
9.222958057395143
9.265193370165745
9.161057692307692
9.831215970961887
9.18336483931947
10.659010600706713
11.815189873417722
9.827380952380953
9.92407809110629
9.18336483931947
10.022608695652174
9.710172744721689
9.044806517311608
8.98
8.974789915966387
9.007142857142858
9.264270613107822
8.980544747081712
9.308600337268128
9.942592592592593
9.61121157323689
10.93015873015873
9.334016393442623
9.722
8.845622119815669
9.409937888198758
9.837121212121213
9.202702702702704
9.29372197309417
10.012173913043478
9.028322440087146
9.536936936936938
9.837121212121213
8.697508896797153
9.202702702702704
9.29372197309417
9.972375690607734
9.61121157323689
9.308584686774942
10.728571428571428
10.350970017636683
8.121451104100947
9.017278617710582
15.22549019607843
9.29372197309417
9.028322440087146
8.974789915966387
9.51685393258427
10.022608695652174
9.409937888198758
9.660550458715596
9.942592592592593
9.964102564102564
9.598984771573605
9.655097613882864
8.874371859296483
9.819964349376114
10.177935943060499
9.827380952380953
10.299610894941635
9.0
9.0
9.028322440087146
9.940397350993377
10.063694267515924
9.857142857142858
9.831215970961887
9.279475982532752
9.340862422997947
9.346
9.655097613882864
8.166212534059946
9.964102564102564
8.152882205513784
8.697508896797153
10.056565656565656
9.205298013245033
9.710172744721689
10.24482109227872
8.980544747081712
9.288135593220339
9.57421875
9.549019607843137
9.971830985915492
9.0
10.296819787985866
10.178761061946902
10.190114068441064
9.57421875
9.512376237623762
9.346
11.19809825673534
11.625954198473282
9.26984126984127
9.055793991416309
10.763668430335096
11.19809825673534
9.827977315689981
9.645217391304348
9.955512572533848
9.57421875
9.54990583804143
9.340862422997947
9.621184919210053
10.190114068441064
9.54949494949495
9.608414239482201
9.29372197309417
8.535980148883375
9.09433962264151
10.390522875816993
9.831215970961887
11.123486682808716
9.557457212713937
9.202702702702704
9.964102564102564
8.986577181208053
10.063694267515924
9.865102639296188
8.855123674911662
8.874371859296483
8.697508896797153
9.787769784172662
10.190114068441064
10.296819787985866
9.942592592592593
9.972375690607734
8.986577181208053
10.701402805611222
11.732323232323232
8.980544747081712
10.728571428571428
9.687374749498998
9.791666666666666
9.831215970961887
8.800759013282732
9.879341864716636
10.284
8.181609195402299
9.007142857142858
9.340862422997947
9.557457212713937
10.04
8.855123674911662
9.425
9.877431906614786
10.277580071174377
9.697297297297297
10.023972602739725
9.940397350993377
9.536936936936938
9.61121157323689
9.527667984189723
8.561797752808989
9.202702702702704
10.023972602739725
9.044806517311608
9.222958057395143
9.722
8.855243722304284
9.61121157323689
10.570071258907364
8.803786574870912
10.100934579439253
9.558762886597938
10.288224956063269
9.946843853820598
9.52346570397112
8.855123674911662
9.942592592592593
9.424242424242424
9.598984771573605
8.801980198019802
9.425
9.621184919210053
9.763636363636364
9.940397350993377
9.52346570397112
8.855123674911662
10.201754385964913
9.645217391304348
9.51685393258427
9.946843853820598
9.598984771573605
9.557457212713937
9.679775280898877
9.409937888198758
10.390522875816993
10.529220779220779
9.877431906614786
9.679775280898877
10.023972602739725
11.001692047377327
14.131578947368421
27.10909090909091
9.419520547945206
17.40251572327044
15.548672566371682
14.131578947368421
9.0
9.942592592592593
9.679775280898877
9.964102564102564
9.61121157323689
8.874371859296483
8.236170212765957
9.787769784172662
8.79475982532751
9.865102639296188
10.023972602739725
9.340862422997947
9.222958057395143
9.787769784172662
10.24482109227872
8.697508896797153
9.645217391304348
9.557457212713937
10.056565656565656
9.557457212713937
9.536936936936938
10.061643835616438
9.298947368421052
9.972375690607734
9.161057692307692
9.4775
9.725571725571726
11.744525547445255
9.763636363636364
10.04
10.15578947368421
9.29372197309417
9.279475982532752
8.166212534059946
9.865102639296188
10.201754385964913
9.425
10.079303675048356
11.25925925925926
9.551724137931034
8.980544747081712
9.18336483931947
10.299610894941635
9.463356973995271
10.372549019607844
9.24847250509165
9.265700483091788
10.01635991820041
8.842995169082126
9.61121157323689
8.915441176470589
8.974789915966387
9.161057692307692
9.857142857142858
9.044806517311608
9.433781190019193
9.621184919210053
9.722
8.305555555555555
9.876923076923077
9.598984771573605
11.147766323024054
10.793103448275861
10.201754385964913
9.831215970961887
9.857142857142858
9.679775280898877
9.028322440087146
9.837121212121213
8.535980148883375
12.267796610169492
9.09433962264151
9.279591836734694
9.29372197309417
9.51685393258427
9.92407809110629
9.865102639296188
9.222958057395143
9.831215970961887
8.874371859296483
11.25925925925926
9.529516994633275
9.340862422997947
11.371080139372822
10.793103448275861
9.865102639296188
10.706375838926174
9.789473684210526
9.323293172690763
9.710172744721689
9.346
12.566666666666666
11.630188679245283
9.57421875
9.722
9.222737819025522
9.222958057395143
8.697508896797153
9.404444444444444
8.894291754756871
9.09433962264151
9.722
9.942592592592593
9.687374749498998
10.083769633507853
9.279591836734694
10.063694267515924
9.0
10.01635991820041
9.425
10.122164048865619
9.865102639296188
8.874371859296483
9.880952380952381
8.845622119815669
9.769961977186313
9.161057692307692
9.592664092664092
10.701402805611222
9.879341864716636
9.265700483091788
9.289827255278311
9.264270613107822
9.222737819025522
9.790123456790123
9.334016393442623
8.697508896797153
8.697508896797153
9.787769784172662
11.842948717948717
8.697508896797153
9.57421875
9.334016393442623
9.512376237623762
9.463356973995271
14.666666666666666
10.318367346938775
9.289827255278311
9.007142857142858
9.877431906614786
9.877431906614786
9.57421875
9.679775280898877
9.964102564102564
10.002169197396963
9.527667984189723
9.608414239482201
9.404444444444444
9.687374749498998
9.29372197309417
9.725571725571726
9.972375690607734
9.942592592592593
9.202702702702704
9.4775
9.827380952380953
9.645217391304348
10.177935943060499
8.772466539196941
9.279475982532752
9.725571725571726
8.76875
9.931818181818182
9.972375690607734
11.63961038961039
10.178761061946902
9.655097613882864
9.725571725571726
9.940397350993377
9.660550458715596
10.023972602739725
9.298947368421052
9.007142857142858
10.495201535508638
9.558762886597938
9.288135593220339
9.028322440087146
9.558762886597938
9.028322440087146
11.279434850863423
10.04
8.697508896797153
8.974789915966387
9.512376237623762
8.855123674911662
9.819964349376114
9.787769784172662
10.037243947858473
9.880503144654089
8.910679611650485
8.527397260273972
9.044806517311608
9.203125
10.063694267515924
9.942592592592593
8.768181818181818
9.787769784172662
9.424242424242424
10.122164048865619
8.85048231511254
9.409937888198758
9.29372197309417
9.424242424242424
9.971830985915492
10.237569060773481
9.161057692307692
10.284
9.007142857142858
9.621184919210053
9.222958057395143
9.679775280898877
11.356073211314476
10.190114068441064
9.879341864716636
9.371698113207547
10.728571428571428
11.264802631578947
10.327556325823224
11.920583468395462
9.598984771573605
9.007142857142858
11.091503267973856
9.509615384615385
10.950680272108844
9.467532467532468
8.980544747081712
8.980544747081712
9.721428571428572
9.645217391304348
9.161057692307692
9.29372197309417
11.19809825673534
9.790123456790123
9.763636363636364
9.346
9.108108108108109
10.122164048865619
8.845622119815669
10.728571428571428
9.57421875
8.121451104100947
9.202702702702704
9.879341864716636
9.202702702702704
9.621184919210053
9.205298013245033
9.769961977186313
9.4775
9.288135593220339
9.288135593220339
9.722
9.831215970961887
12.88888888888889
9.265700483091788
9.655097613882864
9.54990583804143
9.551724137931034
9.877431906614786
10.353535353535353
9.787769784172662
9.827380952380953
9.265700483091788
10.866251944012442
10.237569060773481
9.161057692307692
