4.099009900990099
4.096916299559472
3.171232876712329
3.7318840579710146
5.155378486055777
4.1689059500959695
3.6436781609195403
4.389221556886228
4.032967032967033
4.955238095238095
4.228215767634855
4.228215767634855
4.550744248985115
3.120923913043478
4.032753326509724
3.332388377037562
4.096916299559472
3.792452830188679
4.929368029739777
5.061124694376528
4.614193548387097
3.332388377037562
5.589743589743589
4.252818035426731
4.572700296735905
3.9262792714657415
3.4989648033126293
5.464831804281346
3.5944954128440365
4.2388613861386135
3.2948885976408913
5.2105263157894735
3.7397708674304417
4.117647058823529
3.332388377037562
5.428571428571429
3.0416666666666665
3.9877800407331976
3.908196721311475
4.6
4.06203007518797
4.736497545008183
3.908196721311475
3.6920903954802258
4.122977346278317
4.851063829787234
4.1689059500959695
4.583473861720067
4.494768310911809
3.621035058430718
3.1973684210526314
4.06203007518797
3.728
3.7857142857142856
5.148351648351649
4.801801801801802
4.405648267008986
3.4731182795698925
3.9262792714657415
4.929368029739777
3.2448210922787193
4.2388613861386135
4.494768310911809
4.088945362134688
4.693233082706767
3.722741433021807
3.7397708674304417
4.0
3.6920903954802258
4.210622710622711
6.726723095525998
4.856502242152466
3.332388377037562
4.470496894409938
4.83710407239819
4.032753326509724
3.1097852028639617
7.097989949748744
4.2690582959641254
4.390282131661442
3.663235294117647
3.3959044368600684
4.464566929133858
3.3959044368600684
4.088945362134688
3.9262792714657415
3.970219435736677
3.332388377037562
3.468412942989214
3.1097852028639617
3.8573743922204216
2.9551630434782608
4.6192660550458715
3.5
3.332388377037562
4.364016736401673
4.423192771084337
3.0
2.857142857142857
4.614193548387097
4.443137254901961
5.251106194690266
3.4472049689440993
3.948207171314741
3.332388377037562
6.105919003115265
3.611683848797251
3.4716417910447763
3.7318840579710146
3.792452830188679
3.8573743922204216
6.20891364902507
3.9877800407331976
4.929368029739777
3.0973282442748094
5.293522267206478
4.265124555160142
3.2706270627062706
3.7397708674304417
3.8573743922204216
3.332388377037562
4.120261437908496
6.081703107019563
4.423192771084337
4.464566929133858
3.7866666666666666
3.7866666666666666
3.716535433070866
3.385678391959799
4.550744248985115
3.3480392156862746
3.687392055267703
3.8701298701298703
4.120261437908496
5.195121951219512
3.7380585516178737
4.484649122807017
3.6244897959183673
5.438223938223938
4.485165794066318
3.7844474761255116
4.851063829787234
4.801801801801802
4.775510204081633
4.614193548387097
3.4514003294892914
4.441558441558442
3.1097852028639617
3.9562043795620436
5.120300751879699
3.9262792714657415
4.486301369863014
3.5871156661786237
4.398550724637682
2.9551630434782608
3.5303643724696356
4.734375
3.758490566037736
4.2388613861386135
4.494768310911809
5.068047337278107
4.046052631578948
5.014545454545455
5.251106194690266
3.3880070546737215
3.877232142857143
3.9262792714657415
3.67687074829932
3.919672131147541
3.8701298701298703
4.032753326509724
4.423192771084337
4.833976833976834
4.333333333333333
4.6192660550458715
3.9244444444444446
5.286644951140065
7.5724907063197024
3.758490566037736
4.484649122807017
4.228215767634855
4.032753326509724
3.745614035087719
3.7380585516178737
3.656657963446475
3.4716417910447763
6.273743016759776
3.088372093023256
4.960106382978723
3.541637508747376
5.187265917602996
3.6622361219702895
4.470496894409938
4.6
4.0495049504950495
3.9204959883296864
4.688046647230321
3.745614035087719
4.087227414330218
4.1689059500959695
5.187265917602996
3.332388377037562
3.877232142857143
4.210622710622711
5.293522267206478
3.2706270627062706
4.494768310911809
3.7844474761255116
4.083700440528634
3.03473491773309
3.850091407678245
5.5
6.726723095525998
3.722741433021807
3.9754601226993866
6.5657084188911705
4.032753326509724
3.5
3.4472049689440993
4.6
4.485165794066318
4.390282131661442
4.929368029739777
3.728
3.7866666666666666
3.832409972299169
4.8125
4.032753326509724
3.1339712918660285
3.332388377037562
4.122977346278317
4.47239263803681
3.5657894736842106
4.122977346278317
4.1689059500959695
3.332388377037562
3.332388377037562
8.523364485981308
3.5944954128440365
3.0973282442748094
6.368778280542986
6.551282051282051
6.368778280542986
3.850091407678245
4.801801801801802
3.687392055267703
4.423192771084337
3.9562043795620436
4.252818035426731
5.5
4.06203007518797
3.863013698630137
3.088888888888889
4.032753326509724
3.7254098360655736
4.484649122807017
4.2690582959641254
4.1689059500959695
4.2388613861386135
4.83710407239819
4.470496894409938
5.5015772870662465
3.1374045801526718
4.046052631578948
6.081871345029239
3.5342960288808665
4.464566929133858
3.541637508747376
3.4989648033126293
5.431884057971015
4.359183673469388
6.268370607028754
3.8074324324324325
3.580074487895717
3.832409972299169
3.2706270627062706
5.635752688172043
4.328025477707007
4.423192771084337
4.688046647230321
6.090076335877862
6.963470319634703
8.658563535911602
3.6554054054054053
4.955238095238095
4.2388613861386135
4.485165794066318
3.877232142857143
3.3880070546737215
3.8573743922204216
3.2661498708010335
4.4404145077720205
4.583473861720067
3.1339712918660285
3.8562091503267975
4.464566929133858
3.4716417910447763
3.498407643312102
4.228215767634855
4.018867924528302
5.635752688172043
5.603915662650603
5.5015772870662465
3.832409972299169
3.4989648033126293
4.147457627118644
3.7866666666666666
4.096916299559472
6.273743016759776
4.364016736401673
3.792452830188679
4.067750677506775
4.667532467532467
5.438223938223938
3.332388377037562
3.7397708674304417
3.9047619047619047
3.9244444444444446
4.655737704918033
4.494768310911809
5.18705035971223
4.088945362134688
3.1372549019607843
5.148351648351649
4.470496894409938
4.6
4.169781931464175
3.850091407678245
4.100869565217391
3.717557251908397
3.7242990654205608
3.899159663865546
4.575301204819277
4.863636363636363
4.933908045977011
4.801801801801802
3.580074487895717
3.6622361219702895
6.081703107019563
4.583815028901734
4.550744248985115
4.032967032967033
4.484649122807017
4.911646586345381
4.1689059500959695
4.485165794066318
3.758490566037736
4.441558441558442
4.590909090909091
6.081703107019563
4.470496894409938
4.210622710622711
5.5
5.064935064935065
4.614193548387097
3.970219435736677
4.405648267008986
4.423192771084337
3.332388377037562
4.100869565217391
4.06203007518797
4.032753326509724
3.3880070546737215
3.4472049689440993
4.734375
5.026936026936027
3.388571428571429
3.3880070546737215
3.9754601226993866
3.6436781609195403
4.572700296735905
4.423192771084337
4.28740157480315
4.371428571428571
3.088372093023256
7.632231404958677
4.367816091954023
3.5749128919860627
3.8562091503267975
3.7242990654205608
7.490066225165563
4.929368029739777
4.2388613861386135
4.046052631578948
4.390282131661442
3.7003257328990227
3.281391830559758
7.003933136676499
3.8701298701298703
3.6920903954802258
3.7318840579710146
5.635752688172043
4.405648267008986
5.034653465346534
3.7844474761255116
3.9877800407331976
5.451807228915663
3.8074324324324325
4.47239263803681
4.937984496124031
3.663235294117647
3.5871156661786237
4.6
3.332388377037562
4.5071335927367056
4.390282131661442
5.438223938223938
3.102803738317757
5.31533269045323
3.3039443155452437
3.8573743922204216
3.8685714285714288
4.089635854341736
3.850091407678245
3.947463768115942
4.960106382978723
4.583815028901734
4.464566929133858
4.83710407239819
3.541637508747376
6.508045977011494
4.667532467532467
4.252818035426731
4.937984496124031
3.7844474761255116
6.412162162162162
3.6622361219702895
4.464566929133858
6.090076335877862
5.065810593900482
4.801801801801802
3.0519337016574584
6.5657084188911705
3.877232142857143
3.4716417910447763
4.405648267008986
5.155378486055777
4.603448275862069
6.081703107019563
3.332388377037562
5.026936026936027
4.44524236983842
3.7003257328990227
4.484649122807017
4.44524236983842
4.508313539192399
4.960106382978723
4.616666666666666
4.5071335927367056
6.026584867075664
5.635752688172043
5.980891719745223
4.774390243902439
4.721014492753623
3.4716417910447763
5.5
3.7242990654205608
4.100869565217391
3.5
3.048991354466859
3.758490566037736
3.792452830188679
3.625
3.353057199211045
3.9877800407331976
4.44524236983842
4.801801801801802
3.6666666666666665
4.06203007518797
4.693233082706767
4.572700296735905
4.6192660550458715
3.863013698630137
4.607734806629834
4.018867924528302
4.100869565217391
4.485165794066318
3.0714285714285716
4.801801801801802
3.5657894736842106
4.441558441558442
5.1722689075630255
4.6
4.2388613861386135
3.7844474761255116
3.2258805513016844
4.088945362134688
4.088945362134688
4.485165794066318
4.010893246187364
3.1185185185185187
4.734375
3.877232142857143
4.443137254901961
3.8562091503267975
3.5
4.089635854341736
3.722741433021807
5.31533269045323
4.099009900990099
4.550744248985115
5.2105263157894735
4.6192660550458715
4.2388613861386135
3.792452830188679
3.6920903954802258
3.139423076923077
3.7844474761255116
3.1454965357967666
4.390282131661442
3.792452830188679
3.2661498708010335
4.44524236983842
3.1339712918660285
3.755844155844156
4.067750677506775
5.635752688172043
3.5657894736842106
6.495291902071563
3.663235294117647
3.2635135135135136
4.607734806629834
3.5871156661786237
3.877232142857143
3.7380585516178737
3.139423076923077
3.171232876712329
4.023529411764706
4.583473861720067
5.08298755186722
3.6622361219702895
7.577825159914712
3.5
3.758490566037736
4.616666666666666
4.441558441558442
4.018867924528302
3.7380585516178737
4.032753326509724
4.937984496124031
3.332388377037562
4.252818035426731
7.1854140914709514
4.328025477707007
3.7866666666666666
4.089635854341736
4.470496894409938
4.032753326509724
4.088945362134688
3.9305993690851735
4.371428571428571
4.801801801801802
4.088945362134688
5.627094972067039
6.178191489361702
6.2082494969818915
4.470496894409938
3.6444444444444444
4.100869565217391
4.851063829787234
3.8573743922204216
3.4989648033126293
3.1339712918660285
3.0973282442748094
4.693233082706767
3.9204959883296864
3.7777777777777777
3.6146616541353382
3.663235294117647
3.9305993690851735
5.655011655011655
4.120261437908496
3.7397708674304417
3.758490566037736
3.7866666666666666
4.099009900990099
3.970219435736677
3.9533213644524237
4.63265306122449
3.332388377037562
5.428571428571429
3.919672131147541
3.332388377037562
3.9262792714657415
4.096916299559472
3.7397708674304417
3.2587548638132295
3.8074324324324325
4.572700296735905
3.7380585516178737
3.052941176470588
4.010893246187364
3.7866666666666666
5.31533269045323
4.44524236983842
4.44524236983842
3.6622361219702895
3.9262792714657415
3.8562091503267975
4.032753326509724
3.338709677419355
5.279461279461279
4.572700296735905
3.332388377037562
5.428571428571429
4.088945362134688
4.2690582959641254
3.571197411003236
5.396761133603239
3.2661498708010335
3.9533213644524237
6.114656031904287
3.120923913043478
4.734375
5.251106194690266
4.088945362134688
4.494768310911809
3.332388377037562
3.332388377037562
4.616666666666666
3.6622361219702895
3.5657894736842106
3.332388377037562
4.6192660550458715
3.663235294117647
4.120261437908496
4.443137254901961
3.385678391959799
3.385678391959799
3.9262792714657415
4.114035087719298
3.663235294117647
3.656657963446475
3.3959044368600684
3.3465346534653464
3.9562043795620436
5.762589928057554
3.7003257328990227
3.7486033519553073
4.2388613861386135
3.908196721311475
3.4514003294892914
4.328025477707007
6.026584867075664
4.210622710622711
3.7380585516178737
3.9562043795620436
5.026936026936027
6.026584867075664
4.087227414330218
3.8573743922204216
3.656657963446475
4.06203007518797
4.801801801801802
5.627094972067039
3.9262792714657415
5.7156398104265405
5.097713097713098
3.6622361219702895
5.70957095709571
3.970219435736677
5.430769230769231
3.5
5.70957095709571
3.6165413533834587
3.6622361219702895
3.7358078602620086
3.7866666666666666
3.468412942989214
3.9877800407331976
3.00078125
3.220779220779221
3.9754601226993866
3.03473491773309
4.575301204819277
3.1097852028639617
3.8444444444444446
4.046052631578948
6.273743016759776
3.9262792714657415
3.745614035087719
5.603915662650603
3.1372549019607843
3.5657894736842106
3.9262792714657415
4.575301204819277
4.169781931464175
3.722741433021807
4.47239263803681
3.507537688442211
4.252818035426731
3.5944954128440365
4.06203007518797
3.792452830188679
3.332388377037562
4.5
3.663235294117647
3.8701298701298703
3.9562043795620436
3.9562043795620436
4.6
3.2661498708010335
3.1097852028639617
4.572700296735905
3.7003257328990227
4.616666666666666
3.385678391959799
3.722741433021807
3.5342960288808665
4.089635854341736
3.1454965357967666
3.342391304347826
3.7397708674304417
2.793103448275862
4.067750677506775
6.268370607028754
4.464566929133858
3.758490566037736
5.014545454545455
3.9877800407331976
4.032967032967033
4.268382352941177
3.512770137524558
4.575301204819277
4.405648267008986
4.06203007518797
4.693233082706767
3.7242990654205608
3.2706270627062706
4.775510204081633
7.003933136676499
3.9754601226993866
3.088372093023256
3.332388377037562
3.899159663865546
4.933908045977011
3.792452830188679
5.762589928057554
3.621035058430718
3.332388377037562
4.485165794066318
4.268382352941177
4.254601226993865
3.332388377037562
6.368778280542986
3.6622361219702895
3.486111111111111
3.758490566037736
4.06203007518797
4.797083839611179
4.254601226993865
3.792452830188679
3.947463768115942
4.2690582959641254
3.7866666666666666
4.774390243902439
3.850091407678245
4.550744248985115
3.877232142857143
3.0687237026647964
3.353057199211045
5.251106194690266
3.7380585516178737
4.135353535353535
3.663235294117647
3.850091407678245
4.614193548387097
7.027700831024931
4.114035087719298
3.621035058430718
4.28740157480315
4.5071335927367056
5.426415094339623
4.099009900990099
4.470496894409938
4.25
3.9305993690851735
3.792452830188679
6.4715189873417724
4.6192660550458715
3.7254098360655736
3.7003257328990227
3.7380585516178737
3.1339712918660285
7.74764756201882
4.210622710622711
3.076923076923077
2.927350427350427
4.688046647230321
2.9852579852579852
4.44524236983842
3.332388377037562
4.252818035426731
5.138324873096447
4.032753326509724
4.441558441558442
4.721014492753623
4.122977346278317
5.469387755102041
3.716535433070866
3.687392055267703
4.096916299559472
3.2706270627062706
4.423192771084337
4.083582089552239
3.566265060240964
6.178191489361702
3.353057199211045
4.6
3.6622361219702895
4.6254681647940075
4.210622710622711
4.2388613861386135
4.575301204819277
3.687392055267703
6.114656031904287
4.721014492753623
4.851063829787234
5.023952095808383
4.120261437908496
5.014545454545455
4.575301204819277
5.014545454545455
3.7358078602620086
3.9562043795620436
3.088372093023256
3.722741433021807
4.06203007518797
3.332388377037562
3.758490566037736
3.507537688442211
3.717557251908397
4.667532467532467
5.719298245614035
4.067750677506775
3.566265060240964
3.663235294117647
4.6170798898071626
3.5657894736842106
3.621035058430718
4.099009900990099
3.8074324324324325
3.663235294117647
3.2802056555269923
4.955238095238095
3.1097852028639617
6.090076335877862
4.616666666666666
5.251106194690266
3.8562091503267975
4.147457627118644
3.385678391959799
4.1689059500959695
4.0495049504950495
3.7003257328990227
3.663235294117647
6.081871345029239
4.443137254901961
3.7866666666666666
3.663235294117647
4.032753326509724
4.087227414330218
4.210622710622711
4.032753326509724
3.8573743922204216
5.286644951140065
4.087227414330218
3.9562043795620436
4.099009900990099
6.081703107019563
3.5342960288808665
3.1097852028639617
4.089635854341736
5.430769230769231
3.332388377037562
6.114656031904287
3.7397708674304417
4.485165794066318
5.061124694376528
3.758490566037736
4.919137466307277
3.5342960288808665
4.254601226993865
5.293522267206478
4.268382352941177
3.332388377037562
4.6170798898071626
3.332388377037562
4.254601226993865
3.5
4.919137466307277
5.014545454545455
4.169781931464175
6.081871345029239
5.719298245614035
5.148351648351649
4.2690582959641254
4.911646586345381
6.368778280542986
3.663235294117647
3.947463768115942
3.4989648033126293
4.911646586345381
4.575301204819277
3.0973282442748094
3.1097852028639617
3.583482944344704
2.9807162534435263
4.147457627118644
4.210622710622711
4.06203007518797
4.6192660550458715
4.120261437908496
4.252818035426731
5.762589928057554
4.423192771084337
4.693233082706767
6.659973226238287
3.5871156661786237
7.577617328519856
4.830097087378641
4.088945362134688
4.44524236983842
3.7844474761255116
4.929368029739777
5.603915662650603
3.2948885976408913
4.6
3.663235294117647
4.254601226993865
3.792452830188679
3.7397708674304417
4.405648267008986
3.792452830188679
4.693233082706767
4.359183673469388
4.6
5.627094972067039
3.692537313432836
4.787878787878788
4.088945362134688
3.385678391959799
3.7844474761255116
5.0184049079754605
4.089635854341736
6.551282051282051
7.713461538461538
4.550744248985115
6.448529411764706
3.899159663865546
3.755844155844156
4.933908045977011
5.430769230769231
4.067750677506775
3.899159663865546
4.328025477707007
3.332388377037562
4.721014492753623
3.9204959883296864
3.9204959883296864
4.122977346278317
4.464566929133858
5.438223938223938
3.792452830188679
5.469387755102041
4.5071335927367056
5.187265917602996
3.26161369193154
3.7761194029850746
4.713995943204869
3.9305993690851735
4.4404145077720205
3.7844474761255116
3.4989648033126293
6.012145748987854
3.9204959883296864
5.334117647058823
4.960106382978723
3.7003257328990227
4.6170798898071626
4.147457627118644
3.8573743922204216
4.120261437908496
4.120261437908496
4.470496894409938
3.832409972299169
4.010893246187364
4.032753326509724
3.5944954128440365
4.2388613861386135
3.9754601226993866
4.6
4.721014492753623
4.100869565217391
3.850091407678245
4.135353535353535
4.5071335927367056
4.801801801801802
3.9262792714657415
3.832409972299169
3.139423076923077
3.8573743922204216
3.503225806451613
3.9204959883296864
3.792452830188679
4.169781931464175
3.9204959883296864
3.503225806451613
3.5
3.7003257328990227
3.503225806451613
8.091066782307026
4.252818035426731
3.970219435736677
4.088945362134688
3.758490566037736
4.801801801801802
4.268382352941177
7.1454545454545455
6.506600660066007
3.718875502008032
4.441558441558442
4.851063829787234
4.371428571428571
3.139423076923077
5.5
5.826013513513513
5.18705035971223
4.833976833976834
4.441558441558442
5.286644951140065
3.663235294117647
5.396761133603239
4.583815028901734
7.142857142857143
3.7844474761255116
4.210622710622711
7.490066225165563
3.4472049689440993
4.210622710622711
4.032753326509724
3.9204959883296864
3.332388377037562
4.485165794066318
3.722741433021807
3.4989648033126293
4.801801801801802
4.650118203309693
3.9562043795620436
3.9262792714657415
3.656657963446475
5.251106194690266
4.2388613861386135
7.591397849462366
3.4716417910447763
4.494768310911809
3.718875502008032
4.572700296735905
3.5944954128440365
6.565720294426919
5.2105263157894735
5.430769230769231
3.102803738317757
3.4293193717277486
4.72972972972973
4.032753326509724
7.070319634703196
3.656657963446475
3.1973684210526314
3.1339712918660285
3.9204959883296864
3.0556962025316454
5.1875
4.394052044609666
5.603915662650603
4.464566929133858
3.566265060240964
5.438223938223938
4.801801801801802
2.9551630434782608
3.503225806451613
4.087227414330218
3.1097852028639617
3.758490566037736
4.169781931464175
3.663235294117647
4.390282131661442
3.7397708674304417
4.572700296735905
3.5871156661786237
5.014545454545455
4.572700296735905
4.252818035426731
3.9533213644524237
3.6386861313868613
3.908196721311475
6.377235772357723
5.258823529411765
3.338709677419355
3.512770137524558
4.088945362134688
3.7844474761255116
4.089635854341736
4.6
3.6872037914691944
3.687392055267703
5.251106194690266
4.568965517241379
4.775510204081633
3.1339712918660285
4.147457627118644
4.583473861720067
5.187265917602996
6.081703107019563
3.1097852028639617
3.7058823529411766
4.067750677506775
3.9305993690851735
6.508045977011494
5.589743589743589
3.663235294117647
4.06203007518797
4.464566929133858
3.7358078602620086
3.7358078602620086
4.398550724637682
4.83710407239819
3.758490566037736
4.096916299559472
4.797083839611179
5.603915662650603
4.44524236983842
7.843949044585988
8.046875
4.775510204081633
4.833976833976834
4.120261437908496
4.6192660550458715
3.868131868131868
5.438223938223938
3.8562091503267975
7.003933136676499
4.8125
5.603915662650603
3.5342960288808665
3.9754601226993866
4.47239263803681
4.817653890824623
5.120300751879699
4.0495049504950495
4.252818035426731
3.792452830188679
3.9305993690851735
6.411290322580645
4.135353535353535
4.032753326509724
3.332388377037562
3.6622361219702895
4.616666666666666
3.139423076923077
3.1339712918660285
4.6254681647940075
3.332388377037562
4.693233082706767
4.096916299559472
3.7397708674304417
3.792452830188679
3.5303643724696356
4.88135593220339
4.583815028901734
2.7962962962962963
4.464566929133858
6.273743016759776
4.2690582959641254
5.205307262569832
3.7397708674304417
3.758490566037736
5.603915662650603
4.464566929133858
3.877232142857143
6.495291902071563
3.332388377037562
4.423192771084337
5.064935064935065
4.6192660550458715
4.089635854341736
4.088945362134688
3.332388377037562
3.7397708674304417
3.139423076923077
4.089635854341736
4.572700296735905
5.635752688172043
3.332388377037562
6.090076335877862
4.919137466307277
3.332388377037562
3.758490566037736
3.332388377037562
5.026936026936027
4.44524236983842
3.5944954128440365
3.2706270627062706
4.2388613861386135
4.83710407239819
6.551282051282051
5.0
5.5
3.7844474761255116
3.7844474761255116
5.824561403508772
4.169781931464175
6.495291902071563
4.254601226993865
3.6146616541353382
3.7397708674304417
3.5342960288808665
4.919137466307277
4.359183673469388
3.7866666666666666
4.550744248985115
3.7380585516178737
4.919137466307277
4.328025477707007
3.385678391959799
4.713995943204869
3.6857585139318885
3.7380585516178737
4.389221556886228
4.364016736401673
3.1097852028639617
3.6436781609195403
6.268370607028754
3.6920903954802258
4.423192771084337
3.7397708674304417
3.332388377037562
3.7397708674304417
3.5657894736842106
4.494768310911809
4.359183673469388
4.06203007518797
6.268370607028754
3.512770137524558
3.7397708674304417
5.293522267206478
6.911504424778761
4.443137254901961
4.254601226993865
4.655737704918033
3.9204959883296864
5.138324873096447
3.758490566037736
3.225563909774436
3.7358078602620086
3.9754601226993866
3.9305993690851735
4.210622710622711
4.089635854341736
3.9305993690851735
3.507537688442211
4.390282131661442
3.332388377037562
3.4716417910447763
3.7866666666666666
5.719298245614035
3.7866666666666666
3.03473491773309
3.241408934707904
3.7380585516178737
4.443137254901961
4.390282131661442
3.7397708674304417
8.4373795761079
5.469387755102041
4.851063829787234
5.061124694376528
4.423192771084337
3.7380585516178737
3.9305993690851735
3.1339712918660285
3.7948717948717947
4.484649122807017
3.332388377037562
4.443137254901961
3.5657894736842106
3.792452830188679
4.423192771084337
5.18705035971223
4.252818035426731
3.332388377037562
4.06203007518797
3.9262792714657415
3.5871156661786237
3.541637508747376
4.100869565217391
3.8701298701298703
3.7058823529411766
4.616666666666666
3.9047619047619047
3.850091407678245
3.663235294117647
3.139423076923077
3.332388377037562
3.139423076923077
4.6192660550458715
3.5
3.7397708674304417
5.293522267206478
3.7358078602620086
3.899159663865546
3.792452830188679
5.396761133603239
6.411290322580645
4.441558441558442
4.6192660550458715
6.495291902071563
5.286644951140065
3.512770137524558
4.210622710622711
4.933908045977011
3.9562043795620436
5.428571428571429
3.26
3.4731182795698925
3.3959044368600684
3.353057199211045
3.585139318885449
7.873922413793103
3.171232876712329
5.205307262569832
4.120261437908496
5.034653465346534
3.792452830188679
3.891385767790262
4.603448275862069
3.375782881002088
3.9877800407331976
4.176470588235294
3.6436781609195403
3.792452830188679
6.089068825910931
6.114656031904287
4.485165794066318
3.332388377037562
3.468412942989214
3.8074324324324325
5.635752688172043
4.486301369863014
5.627094972067039
3.9262792714657415
4.933908045977011
4.464566929133858
4.089635854341736
5.627094972067039
4.018867924528302
5.2105263157894735
2.857142857142857
3.6857585139318885
4.919137466307277
3.947463768115942
3.9262792714657415
4.032753326509724
4.088945362134688
4.228215767634855
3.758490566037736
3.877232142857143
3.566265060240964
4.254601226993865
3.2587548638132295
3.5871156661786237
3.1097852028639617
3.7380585516178737
3.9562043795620436
3.51980198019802
3.656657963446475
4.405648267008986
4.067750677506775
3.1454965357967666
3.703030303030303
5.0184049079754605
5.120300751879699
3.566265060240964
6.2772277227722775
3.512770137524558
4.067750677506775
3.9204959883296864
3.877232142857143
5.469387755102041
4.470496894409938
4.44524236983842
4.089635854341736
4.089635854341736
4.364016736401673
3.9262792714657415
3.353057199211045
4.06203007518797
4.252818035426731
3.877232142857143
4.691218130311615
3.4989648033126293
3.9877800407331976
3.9562043795620436
3.332388377037562
4.572700296735905
3.688679245283019
5.097713097713098
3.566265060240964
5.2105263157894735
3.6554054054054053
3.7358078602620086
3.042682926829268
4.032967032967033
3.947463768115942
3.541637508747376
3.0814977973568283
3.9533213644524237
5.428571428571429
4.572700296735905
3.4669603524229076
3.7844474761255116
3.332388377037562
3.5944954128440365
3.9877800407331976
3.7380585516178737
4.149444918872758
3.9204959883296864
4.2388613861386135
4.572700296735905
3.512770137524558
4.228215767634855
4.210622710622711
3.832409972299169
7.490066225165563
4.484649122807017
3.8562091503267975
4.797083839611179
4.210622710622711
4.210622710622711
3.332388377037562
4.067750677506775
4.933908045977011
3.4472049689440993
3.0925925925925926
3.332388377037562
4.169781931464175
6.726723095525998
7.4397590361445785
4.6
4.83710407239819
3.2587548638132295
3.049891540130152
3.9204959883296864
4.210622710622711
4.089635854341736
4.83710407239819
3.663235294117647
3.3959044368600684
3.9262792714657415
4.3493150684931505
4.851063829787234
4.693233082706767
4.010893246187364
3.850091407678245
4.2690582959641254
4.830097087378641
4.590909090909091
4.797083839611179
3.5871156661786237
4.550744248985115
3.728
3.850091407678245
6.705014749262537
3.7397708674304417
7.676421404682274
4.818181818181818
3.5749128919860627
3.332388377037562
4.929368029739777
3.728
3.8562091503267975
3.1097852028639617
4.614193548387097
4.06203007518797
3.171232876712329
4.919137466307277
4.096916299559472
4.830097087378641
3.6622361219702895
3.722741433021807
4.268382352941177
4.398550724637682
6.089068825910931
5.2105263157894735
4.508313539192399
4.6
3.758490566037736
3.2661498708010335
4.833976833976834
3.2587548638132295
3.877232142857143
4.464566929133858
6.911504424778761
3.716535433070866
3.9204959883296864
3.8562091503267975
4.2388613861386135
3.6622361219702895
3.6165413533834587
4.087227414330218
3.877232142857143
4.830097087378641
4.089635854341736
3.342391304347826
5.061124694376528
5.627094972067039
3.1339712918660285
6.273743016759776
4.575301204819277
4.44524236983842
6.026584867075664
3.7844474761255116
4.614193548387097
3.850091407678245
4.2388613861386135
3.332388377037562
3.728
6.3930817610062896
3.7397708674304417
4.650118203309693
3.332388377037562
4.797083839611179
6.20891364902507
3.385678391959799
4.120261437908496
4.328025477707007
3.332388377037562
4.616666666666666
4.904411764705882
4.268382352941177
4.6192660550458715
4.810064935064935
3.792452830188679
3.332388377037562
3.8444444444444446
3.718875502008032
4.423192771084337
5.187265917602996
3.663235294117647
3.692537313432836
5.068047337278107
3.899159663865546
3.908196721311475
3.332388377037562
3.088372093023256
3.332388377037562
4.801801801801802
4.169781931464175
3.6774193548387095
6.268370607028754
6.026584867075664
4.721014492753623
3.1973684210526314
3.663235294117647
2.9852579852579852
6.012145748987854
4.389221556886228
3.7358078602620086
3.332388377037562
4.390282131661442
4.441558441558442
3.7866666666666666
3.8701298701298703
3.7761194029850746
3.1372549019607843
6.170634920634921
3.899159663865546
4.568965517241379
4.2388613861386135
3.9262792714657415
3.1372549019607843
3.8573743922204216
3.332388377037562
4.06203007518797
3.7844474761255116
3.332388377037562
4.228215767634855
3.6
3.7380585516178737
4.47239263803681
6.506600660066007
4.583815028901734
6.508045977011494
4.508313539192399
3.6872037914691944
3.088372093023256
3.139423076923077
3.7003257328990227
5.026936026936027
4.088945362134688
3.2948885976408913
4.423192771084337
3.6436781609195403
4.120261437908496
3.2706270627062706
3.792452830188679
3.3880070546737215
4.096916299559472
3.9262792714657415
3.792452830188679
4.06203007518797
4.088945362134688
4.423192771084337
3.6666666666666665
3.9655172413793105
4.1689059500959695
3.9491525423728815
4.096916299559472
3.6436781609195403
7.371604938271605
5.251106194690266
3.6436781609195403
5.138324873096447
4.464566929133858
3.8444444444444446
4.099009900990099
4.228215767634855
3.8444444444444446
4.650118203309693
3.385678391959799
4.087227414330218
4.484649122807017
3.9877800407331976
3.507537688442211
4.328025477707007
3.7397708674304417
3.9877800407331976
3.758490566037736
3.2948885976408913
3.792452830188679
3.7003257328990227
4.2388613861386135
6.417948717948718
3.6244897959183673
3.6857585139318885
4.8125
3.7358078602620086
5.0184049079754605
4.856502242152466
4.441558441558442
7.346715328467154
3.4716417910447763
4.485165794066318
4.088945362134688
3.174563591022444
3.7397708674304417
4.390282131661442
3.970219435736677
3.6386861313868613
4.1689059500959695
3.5
3.832409972299169
3.687392055267703
5.469387755102041
5.251106194690266
6.495291902071563
4.122977346278317
3.832409972299169
4.572700296735905
4.607734806629834
4.099009900990099
3.486111111111111
4.364016736401673
6.411290322580645
3.332388377037562
3.332388377037562
3.716535433070866
3.8074324324324325
4.801801801801802
3.332388377037562
