11.291658
9.659682
8.083254
12.728279
9.996756
15.300022
6.8832064
7.0285044
7.749812
7.6986127
7.6377296
7.1747956
10.160403
8.826787
17.660694
10.612682
7.7961183
14.472794
7.867834
9.398301
11.114628
5.4284544
5.0178285
9.297004
8.525293
17.745531
14.451217
7.768227
12.342497
14.272002
11.089688
8.470695
13.478479
9.220957
8.249002
9.803767
9.704571
7.0754933
6.886982
9.177788
8.581028
22.780666
8.209274
12.028966
20.988615
10.556592
12.625715
11.186291
19.185202
9.007123
9.999135
5.8627915
7.827922
9.892769
8.469097
12.450023
7.4095263
9.580668
9.131224
13.14292
11.833736
10.430288
8.790298
24.141527
14.420945
8.538951
9.915746
14.44561
6.6174483
7.649787
14.748109
12.847803
9.34739
15.858513
16.656796
9.736151
6.922451
12.891073
9.289311
6.5528316
21.154802
8.387089
10.572598
12.686861
9.57373
11.853327
10.452923
11.534396
10.685951
12.024027
16.283306
6.6900973
5.8044047
10.465017
17.990324
7.5716944
11.436043
9.406192
7.510791
5.651926
10.418987
6.4339542
10.418987
16.085224
5.998535
7.103688
9.533721
6.651209
10.678532
8.540014
10.018014
5.7605925
10.528254
9.284412
10.280458
7.064355
11.023153
14.13246
8.951271
10.827595
9.252152
10.9558325
9.845309
9.956018
17.472866
17.935455
8.357645
10.192911
7.2221074
5.6028104
11.059842
11.416952
14.695045
15.884205
7.0472617
7.683841
10.452923
7.8765764
8.889463
8.264775
10.881728
7.499608
8.964511
9.788459
10.439448
8.16118
6.9565387
7.94569
8.966084
9.827233
16.052315
5.2475224
18.858473
8.500146
9.71807
7.6826386
6.960135
9.953279
11.537926
9.788831
9.268206
12.204987
14.135436
14.647223
9.610686
11.806269
17.017246
7.307137
13.687138
9.544877
7.553156
9.118298
8.312042
7.5610104
8.106037
9.8528595
16.826786
7.0481215
9.062142
9.812469
14.980416
8.466741
6.630006
7.711298
10.05958
6.650955
14.706931
6.4465485
11.081254
8.268343
17.86864
7.8794327
7.717476
9.603522
6.815493
9.632119
15.6222
11.386267
7.967976
6.0425515
11.8217535
12.56858
8.881537
11.414969
10.452923
9.35946
7.0661426
9.899176
12.131798
8.85498
16.383501
7.5970616
9.954637
11.238944
8.517988
10.953559
12.452046
9.619427
9.619427
8.377576
13.065597
8.082405
10.511664
10.489457
8.447169
9.557711
12.624057
14.387601
9.815268
6.6779947
10.08594
9.229189
8.013916
12.673593
11.932626
12.784027
12.27088
10.489457
12.210547
12.673593
10.489457
10.9836
16.590862
12.195601
13.329056
9.978442
10.026598
10.9836
13.034528
11.307043
10.489457
12.195601
12.537615
9.933549
13.864842
5.206302
11.15065
11.121242
9.188102
9.066159
19.791512
9.300363
7.838823
9.344467
7.493748
7.982811
16.08833
7.956697
5.1675234
9.109489
5.346718
9.275116
9.899176
15.103206
9.892824
8.422073
8.641509
8.81713
12.568464
8.423313
12.145241
9.027701
8.551233
6.8985577
11.090677
8.073261
11.09728
7.8928146
9.550672
7.69584
12.181921
13.416722
11.799941
10.9836
16.75849
12.181921
17.998507
10.489457
12.210547
12.031273
12.181921
12.010663
9.368608
10.9836
8.019888
12.761485
8.199261
11.777359
7.234151
11.291695
14.409638
10.937141
7.6854815
6.21592
6.739537
7.7557817
9.778133
9.352289
13.020762
6.248214
9.485303
11.936831
9.748353
7.978181
11.606623
15.162473
10.522007
8.62401
8.007934
11.932626
9.715429
8.276587
17.691061
10.500056
9.79643
10.557878
8.651326
8.760119
8.869768
6.483601
8.4842415
17.756578
9.139401
22.97601
8.70287
10.23089
6.540798
6.6860433
10.024793
13.011867
9.523815
6.106896
9.646298
8.093216
10.365754
12.036639
10.190441
10.504133
12.982969
9.171178
8.199261
6.1190915
10.903451
11.312986
11.325878
8.027157
9.102203
8.229231
12.036639
6.9129057
12.036639
13.452621
10.113329
10.117417
6.9556956
10.770816
6.5606093
11.78983
5.7681003
10.85655
10.655605
7.949119
12.241254
6.5664434
12.361895
8.007934
9.319078
8.148493
15.126408
11.984351
13.863216
9.004706
6.833435
8.55216
10.062985
7.0970445
13.625669
9.382733
9.289311
9.854694
6.9216275
14.049774
9.987271
7.1535935
11.336608
7.433024
11.9737215
9.292323
8.978211
9.78584
7.1177373
9.391773
6.736911
9.000146
11.965545
11.974465
6.4452677
11.52586
9.350977
13.150602
10.051044
11.15071
10.039516
10.99963
10.294013
7.33624
15.212595
16.26593
5.8368607
9.880308
10.045902
10.365754
10.75879
11.336608
9.537609
9.079479
13.147525
10.464259
5.9754844
9.081755
10.454464
10.716594
8.196762
10.634901
16.872093
12.2013855
11.281358
6.2398434
6.215456
9.949493
6.895693
12.58008
7.459161
7.2378817
10.805862
14.120356
7.145656
10.256208
9.032554
8.487193
9.0980835
7.49291
6.32749
7.766361
20.72922
7.346425
13.12948
7.1181192
12.134972
5.259514
7.621067
23.293892
10.559057
10.086749
8.751106
10.750288
9.610686
10.594953
7.144652
15.345814
8.212893
11.028054
6.266104
8.976387
8.584433
14.694241
6.93071
14.020521
6.5735583
7.8131757
9.555049
7.371396
8.472309
12.593428
5.206302
6.261155
8.24345
8.703247
10.808334
9.49004
9.736949
10.459276
11.916945
14.063387
7.1097035
14.508328
11.957923
12.43204
8.419725
7.7715926
8.89915
13.261694
12.317072
7.449927
9.49835
10.576031
6.3680353
6.6164284
6.3794336
8.454221
14.070721
9.9056015
7.1132946
15.004081
9.990471
13.566832
8.763989
11.042188
11.1811
9.18963
7.248562
13.99126
8.276789
7.0948243
9.919163
7.3268127
7.949455
9.0980835
9.322171
7.2659416
8.11839
12.652512
8.4418545
9.9168
9.398265
14.81085
7.173731
8.78745
9.171368
8.97693
9.730768
20.10279
13.512986
6.5638957
10.4825115
8.6540165
9.760132
10.215836
15.51823
5.8505044
7.098974
6.99254
11.606934
11.652204
10.692874
11.76195
8.729339
7.9993997
9.037744
6.9004316
9.364929
11.214053
11.727729
8.180196
9.188102
10.252167
6.387829
5.408254
24.505919
7.0857897
14.578675
6.0948167
10.280458
10.540389
7.098285
8.783118
7.1568556
8.58007
12.419167
5.4751654
18.60901
8.7139435
11.191585
7.9241276
9.398202
5.9406533
9.447784
13.177951
9.451947
11.335173
6.9794593
7.5098586
9.738828
7.853571
16.963346
6.2939796
9.029429
9.824731
13.465944
15.609685
7.919729
14.295648
9.495832
8.6889
9.29019
6.680656
6.7008305
17.074087
10.862747
11.249893
18.390806
15.843048
14.423113
14.352467
9.29019
7.922961
9.909763
9.640169
9.282658
8.586047
8.2444725
12.134014
7.4427075
6.981154
13.358883
8.428864
8.900484
6.892599
11.0846195
7.1358395
9.550472
8.105379
6.1829066
6.4194407
11.419455
8.881399
9.556287
32.09536
6.0572987
10.132566
10.36095
21.03688
8.998383
12.081617
8.144054
7.8306684
8.826321
12.028708
9.427122
24.72878
6.608138
7.8418937
18.434286
7.723103
6.9819984
5.715332
9.679584
7.504771
10.302188
10.684766
6.160475
12.158426
6.0634165
15.32866
8.967205
9.28736
8.41216
9.99427
9.384184
12.411856
14.779002
7.527196
13.296919
9.494419
17.40921
15.406965
13.795909
9.088798
12.4647
12.935628
11.366503
9.346283
8.01942
13.073289
11.196947
12.092897
5.4597154
11.11821
9.44932
11.226353
7.6436014
12.125328
11.921383
9.05081
9.330219
21.022541
10.937141
20.413403
8.984913
18.222702
10.605377
9.2531805
8.803556
7.9996605
9.216288
8.715001
7.44921
7.9801245
10.452923
8.232008
9.141446
6.9556956
9.81485
15.688281
7.3038025
7.802904
11.695183
10.060679
7.9998384
6.898536
7.7180333
10.947969
10.23694
10.010797
9.996756
8.277132
9.628492
15.266769
13.003544
9.612733
9.852892
11.005385
11.5195875
9.227169
9.137629
8.291512
10.612839
7.142518
10.759748
8.91298
7.7641845
8.906447
7.136881
8.482374
9.476252
5.1675234
9.065036
8.751493
7.2916384
6.8847866
7.8306684
9.317228
11.371893
14.241526
7.432312
12.133729
8.140524
7.272236
8.071812
23.133049
9.594673
10.729491
9.498158
10.037467
11.206677
8.065403
6.1621013
6.7857647
6.6174483
7.489605
9.065036
9.176924
7.999315
7.956697
7.2978153
15.781151
15.304309
14.330702
8.34503
10.340567
8.779309
8.524771
9.645166
6.702767
5.6778216
8.338066
9.743642
8.235407
6.748801
10.471983
7.16258
6.2843237
9.131929
9.223924
10.067902
7.9716773
9.610686
10.650118
7.0472617
6.3740025
8.20915
9.674905
7.849337
8.639504
9.050026
9.555049
7.556647
10.513188
7.7243943
9.75027
8.504726
7.7547646
18.227312
7.9469705
9.396129
7.9315305
7.8702
8.38002
11.004545
8.622656
12.022459
9.08367
5.419679
10.41381
6.352049
8.513605
7.1510262
13.755511
11.005725
14.869728
10.520312
10.112315
8.512528
8.705116
9.646298
8.859258
11.206732
8.597351
8.288122
8.854907
21.515568
11.917159
14.371745
7.4771543
13.014351
8.835313
10.992649
9.56624
11.481909
15.176787
15.442684
8.969018
9.37846
14.464076
6.81862
13.928155
13.112158
11.050386
9.756235
10.863959
12.284749
11.144959
11.346129
17.233051
9.597373
14.386711
5.7818613
9.912633
9.997472
8.473627
9.354732
10.074779
7.7060175
7.331185
9.881757
6.891791
11.938066
8.283657
13.268079
10.786348
12.603274
8.169073
8.194876
8.428864
12.594875
15.969222
8.8505
9.869904
13.365732
6.4438396
7.361931
7.9656568
8.639504
7.310299
10.08768
9.614508
6.8489804
8.734726
11.042845
5.4284544
14.542736
10.544773
9.677477
11.716953
8.83095
11.088077
7.1051526
8.932173
15.4075
9.066195
13.62363
9.751258
12.553809
14.453407
11.015289
7.605032
9.155416
10.008066
8.354412
7.2869344
7.1549487
12.76678
8.073261
15.874721
14.40094
10.633192
20.481987
9.791876
6.818556
6.4512634
8.824566
17.663029
11.356065
12.382069
8.250282
11.590178
14.906965
8.2539215
9.39169
6.7936125
9.168541
10.945596
6.5073447
10.028291
11.504943
19.604109
9.440778
5.4284544
7.913162
8.838041
7.44969
8.790397
9.59056
7.701861
7.9222813
5.841691
8.010107
7.011901
9.41582
7.4483933
9.583699
12.37547
6.46599
11.39244
7.6867466
8.882638
6.7837706
7.2294793
7.952085
9.448485
9.635238
9.859119
8.082956
7.2022557
7.1432285
11.636907
9.348011
15.219554
16.254814
10.478231
10.341126
13.207094
11.838689
13.873799
9.228202
16.876217
11.35939
8.041585
9.736566
7.5377703
8.596688
26.145344
12.376101
12.326203
7.5461392
10.27513
6.51867
6.296017
6.0999928
6.296017
6.1906776
7.3313036
6.51867
8.940934
7.9855814
5.96979
11.575084
7.8915725
9.343622
8.946222
9.947497
9.326644
9.230109
5.3431935
15.633211
16.454166
9.744232
8.747397
8.584433
5.8994317
8.401405
10.729988
7.430685
6.0999928
6.296017
6.655596
6.1829233
5.8812337
5.311435
12.162657
6.818556
6.150914
9.729351
8.122269
11.108061
6.8655863
8.351832
6.722419
6.037516
6.7139983
10.114942
8.780236
8.50992
10.86796
12.036639
7.052536
9.948881
7.6035347
10.23089
8.874546
8.327507
11.049495
11.928205
10.341326
9.3719015
9.171102
11.37873
9.117118
11.294086
10.313944
7.482471
11.869022
9.212677
9.418187
10.280458
6.1471825
6.6567383
12.684675
11.805241
8.378422
8.283691
8.0885315
11.917169
7.2410207
10.258936
6.817702
8.283817
7.084372
7.3877974
9.176389
7.3481092
12.4417515
8.385321
9.118008
9.869641
13.600926
7.877908
6.6592364
10.288811
7.793843
9.98913
8.289935
11.010904
8.692369
9.300766
6.9613957
10.531611
9.435777
6.6638575
8.246906
20.129595
8.5194645
11.820018
10.57424
12.028672
10.574856
8.672801
2.4844482
12.411297
9.104536
11.985824
16.268122
14.50184
17.170889
8.096018
10.976346
11.052357
14.651496
24.680855
5.946163
10.084883
11.433701
9.958586
7.717472
6.09317
8.210634
14.453256
8.301968
9.506266
12.606377
8.58656
15.264277
8.57657
6.59722
8.209362
8.454905
9.337214
10.320717
9.4431
8.692609
8.042994
12.830237
6.6218934
9.35823
8.142852
7.289877
8.321703
11.108061
9.360933
13.906013
6.7007723
8.155458
7.6663876
7.8841066
7.763068
9.101534
