4.619966506969103
5.239846234060943
6.072315607663886
5.743101289578556
5.122500764339826
5.934540730873454
5.275861244144571
5.851971881017935
6.10017263173689
5.21677304808234
4.272176788055961
6.04971478981162
3.0185490900100507
4.28612219154567
4.623987759914798
5.472759378689114
5.461969180282776
5.29217959839792
4.469204212300334
5.956256050593386
6.15700014242867
5.127575016511594
5.055094012187922
4.069450235906469
4.641175529005555
4.28475605698044
4.133566848521235
4.264277664891589
5.023564362232233
5.083653458019775
4.451744112704617
6.342563736530433
5.303300484260262
4.336720504382804
4.25666494835903
5.677262664531558
4.840018739829345
4.7536392159807015
5.373906081954099
5.966017890799259
4.0595405221528145
4.666931026199925
4.555427664822888
4.91588503608332
4.943036608440332
3.865210406939019
5.526708219511374
5.437042897283788
5.163077130546636
5.330268769149435
5.195262053750096
4.944517703613807
6.096908244322289
5.376191045229153
4.899866267428854
4.733375714787192
5.054847176927213
4.284532918335538
5.709819257813185
4.516878409855129
5.303763411711339
5.034231029753892
5.168120010478344
6.3681319593588
6.269224719202063
4.790138174164301
3.398030580275306
4.8754816361421955
4.8645681409127395
2.8494966315695747
3.3727369747968456
5.753076194438438
5.778287651680337
5.039861318874776
4.809522962594247
3.9912433219845638
4.649451017480909
4.793927432201995
4.864182012053421
4.47628736720899
5.379764563627287
5.002486940284004
5.204045018833594
5.944142449554224
5.079811911021575
4.448748248577553
3.832197902250585
5.26092903060194
4.460388567436814
4.608109765938411
3.020426274804137
6.196357306938534
4.982069753722556
4.984411078239667
5.579554177743082
6.323554782992815
4.728431977621763
4.8232808623924806
5.640772298989763
5.058851712503572
5.265785046605667
5.4628895443769
5.511349445417739
5.385958850352215
5.842623090728932
5.58821060351079
4.029769697182457
6.285320015466256
5.0007110446761285
5.00971007693646
5.4782248940137865
5.123514653241053
4.951207697584625
5.282859519598104
5.83636964645974
4.384212090707379
5.1741283192029615
4.863274038281251
4.56548529781249
5.256822685034331
2.2165181758635044
5.7088179357796545
5.420613480460211
5.705882409056638
5.033520283922891
5.779213546989814
6.269995645016768
4.731531165618566
2.8785569756428884
5.077011065730845
4.243038721867049
4.958565782360654
5.294835323594628
4.199555877859292
4.963421245023668
4.89042965701347
5.030998412936883
6.1113572771087314
6.549939396219203
4.9613701015908855
4.883278985858939
3.9399424449384597
4.8881702940725695
5.407500037296514
4.44697007544641
6.252125896494363
3.3065121962714747
5.406929162948098
5.331534681621066
5.592954680145429
4.787723431232058
5.46932235951732
4.317724893170013
4.776520243349919
5.598406764887151
5.661079226541176
4.458832711733946
5.515044652619814
5.975270482184069
6.111127050031549
6.0408550763273
4.373083666633569
5.107446094179362
4.7540160126511966
5.621899504787567
7.484916785911989
3.9949151674772247
4.846499361074236
2.9885066509184424
4.831017987795024
5.624724146713019
6.050874199035215
5.355434252435654
5.0167230730069745
6.595641442758779
4.455735606838709
5.308345051603218
5.163887628038525
4.10853671925923
5.014517773364034
5.964278898180423
5.133207827235004
3.928388785852443
4.558036685438374
5.024600550143554
5.262150941459038
3.5600214601962095
5.664830723154704
4.024772928071949
4.904828330160994
4.869773502888715
6.465188042312972
4.280062040201309
4.603836247576611
4.592038934813233
4.813391883029387
6.3116954272514105
4.428647665847246
4.640199314528605
5.478536045176324
4.948081752071987
5.656641309360187
4.987649203651773
5.2249499196004185
4.56270216676708
5.798677006450311
3.9539338257442087
5.340856221696345
5.9611915805294196
5.198691823962853
4.731777116782402
4.279402748910917
4.808238826181689
4.073071635303947
4.10610056142729
4.465999068426915
5.114680537717686
5.518567876861347
4.990424292397011
4.810683321433151
4.409796402922399
3.4476193332653824
5.829819058791942
5.66046310086501
5.314877930581786
4.943425422327289
5.088763675051097
6.21693734875382
4.0301911330063875
4.942791268426982
5.1497900453396275
5.71209285539346
3.9900917630207084
3.799478140367798
4.991866886709703
4.513906092419617
4.659805195041089
5.193348152042686
4.325134645806822
5.8703164968445805
4.426623693401206
5.342566718294789
5.429365094461517
5.346759188629614
6.351996290251976
3.9461627742037195
5.193852873302932
5.028230415058881
4.718082612570415
4.396181479473535
5.313058912432759
4.870781699115115
3.27184073944501
3.6024611348608953
5.364571985388909
5.1122954552513535
4.434156577462539
3.8493509550123384
3.9124418990095164
5.6725697122247585
5.299179619403262
5.134115640212857
5.136742219513648
4.0208115641230044
5.385085326112575
4.950727230544831
5.533659920237457
4.8255903409731165
4.570494653359608
4.440383685878343
5.818666717341928
4.303012418061022
4.509159296784806
5.427415234152424
4.79785522996907
4.900692360990907
5.172321605020952
4.430927548133548
3.7835753745005234
4.716791628902957
6.505925176182131
4.58095243738415
5.135924139337798
5.554262299755694
4.565020924270722
5.135273670322084
6.974270425591182
5.480185770229479
6.685486852816311
5.414456150887779
5.444983320685729
4.436670872062757
6.090577058029546
5.438748666906326
5.0005034034360785
5.3029828546182785
5.010808029054849
3.379135076537063
4.601963892260114
5.433802296753304
5.660753718871959
5.320554892321796
8.87182031277613
5.320469331653859
4.976399296742945
5.032964081741908
4.989896819832588
4.953838871325357
4.701795507853669
5.68360214191926
4.992804464074403
5.4198198329291785
4.713698418409285
4.643803992998001
5.312661423432728
5.0387290975387655
5.310930008177273
4.565972115318224
2.12719893068354
4.4698064598941105
5.719557519910911
4.890335546316147
5.952113431859056
5.896610268845412
4.765905084385783
5.1163608598299035
5.533319864357491
5.1699583734707915
4.8544424142817615
5.5186963411584395
7.9694345942355085
4.837711965041284
5.259784082465629
4.406421900308603
5.408335367484643
4.315785326108767
4.814183216927139
4.57394657612957
5.957997975259288
5.221282316288671
4.90439649556851
7.110898192654436
5.446185267417108
5.178786657776523
5.9155813719288375
5.805929624841587
4.799017662363467
4.84912414110423
5.116706192936042
4.001613098243984
5.410027820559799
4.559209285029165
3.8427489979625524
4.744217947864124
5.172649367711895
6.153691888164975
4.216357607072963
5.273431472069812
5.104304315196884
5.015030027832257
5.125446239076294
4.189575447073839
5.216871537750104
3.241182265454882
4.472169891495764
5.099462818890007
5.487728726846271
6.382434581846791
3.9960985360843986
4.862875985499977
5.536028925788055
6.9461704329941405
5.713205076202498
4.920014765940627
4.739208382256453
4.922123019072904
4.61741149406033
5.339933514293718
5.362747982615167
4.557862599763092
4.82461782793668
5.017138193252655
5.909428264810022
5.497271982978482
5.0224164643091385
4.464149951934694
2.998655872372308
4.419553316784971
4.901654179229193
6.275108533984125
5.391613098597753
4.809862851607677
4.721871742839173
5.177636643448466
5.791992986286478
5.014466242253701
5.170230304628498
4.977056462006789
4.706043155706557
3.670234756509196
4.907889874217364
5.21136106160387
4.245915462283579
4.064624907779265
4.870465030033995
4.994394065702806
5.377832535361559
4.608887343155253
3.248502868773058
5.3278013141224285
6.129336343594149
5.756259944812792
5.140491853041117
5.431112460922299
6.060581249323627
5.04755301221137
5.334458578648217
4.216173207278532
4.425812169004651
4.4561524041125695
3.2233641272178244
4.695027537199584
5.412718807418609
4.932115455668865
6.26639569487579
5.681635584368507
4.866781655263223
5.266001878102301
6.56034710873438
6.186415370564292
5.5298872185359755
4.8507701640654854
5.050025090434655
6.797752898024412
4.977714316306416
5.329234586381055
6.25848334176239
5.538324912755186
4.792051008375809
5.6180791697183565
5.59745662929249
4.971888145173328
5.896862513063028
4.557931069829124
5.360716505512887
5.18428089130137
4.63055459585357
5.443661543547741
5.380639835745902
5.952106929079628
5.080680456771196
4.525197064355605
5.355960431741306
5.5842503340042144
4.935991194604414
5.024789806421271
4.889900146419656
4.936256514117017
5.441939736872459
5.3046334106077015
5.124694549279557
4.496585691004347
4.184516296085743
4.8200086314367505
5.045214755873349
5.523298241010854
5.111153457996697
5.6739036661006645
5.6584164601335
4.585551771180576
6.4778027123560165
5.824313385785809
4.822041425272002
6.769042919003869
4.789718217088458
5.941037409751108
4.698690042877182
4.676597360789077
5.852992723563624
5.191974548871263
6.804646114947195
5.506481503995727
4.146171350885671
5.141922242189133
4.830967660439498
2.7260078772042737
4.841816380942929
6.738415317591389
4.349695051998194
4.900288331193433
4.709819641487846
5.533901726604682
6.466764459254956
5.939249739501566
4.944377889335335
6.286919842937232
4.2896474924995704
6.61661389570169
2.9215166654002456
5.160664515729102
5.780784939157039
5.132278124407928
5.800452439688043
5.936775792095565
5.162307067503196
4.837033134130516
5.268290762992191
6.057934818110958
5.826696565146557
4.8329088972450815
4.582659877379096
4.4832363239059045
6.006998817024154
5.03824742997627
5.090145305131439
5.332553301690825
5.978743567411513
5.1114162328759285
3.689404432869352
4.221635094301091
5.197823707636175
5.616626266886014
5.495982413329192
4.86398795627076
5.17986415490405
5.459261526785489
6.380714478581259
4.720240669027124
5.639492874250804
4.843503237955597
5.118562631800615
4.212194984213536
5.718933236826736
5.311989719306503
5.130010372410294
5.136773258487009
5.64779218788202
4.424835116030746
4.923035180703772
4.699709458734253
6.517265598615217
4.0320795348211185
3.5884893469497143
5.78839944168972
4.035668018265706
4.768431101039826
4.209172964428887
5.0589844807327164
4.7525151719006775
4.915659561184229
5.043873621065511
4.668570028192115
4.626548987279061
4.931560338520867
6.542484126532245
4.4174995226156595
5.682681410974244
4.910053985275966
4.832885640059938
5.378803193953991
5.824173613984936
5.499134615892352
5.7886331148833055
5.1458089353834895
5.690560067006653
6.476393997538336
4.685950431720438
6.752549161206659
4.491908227585542
4.5813567306156635
5.143073706022573
4.557686970859912
5.149636354072079
3.6462924902305964
5.7828705030781755
5.894726256005947
5.0882874644541305
4.9180568287421345
6.545157928701988
5.262746768583862
5.785540009938578
6.195520447903244
4.6272498383519505
3.3027031843890384
4.929983055841222
5.1805714176828825
5.331877811805467
3.9857661142711835
4.983698028475792
5.631347541914755
5.967370951758948
5.006771969581241
5.173673385745727
4.9554991152957015
5.535797152969077
3.488779162061421
4.297653639019464
4.602056194282628
5.862524121454883
4.888417589232107
4.107356804687932
3.7009622668143516
4.747098893379743
4.876415930904268
5.279081471304682
4.921240233570799
7.193024958812787
5.0660338986908995
6.621845641972527
5.199950557954108
5.3742191813694955
7.053161843186174
5.1741005214041085
5.20098615667674
4.80808820880217
4.331397526086981
4.970401258601847
5.470294669269575
4.93178579575365
6.137356376516644
5.901061905728013
4.93815940097397
5.92258661492507
1.3543373762990776
5.245675321816924
4.737218029097195
5.355562117527035
4.155534250395132
4.767626086706434
5.4537376836751426
5.49977019502524
3.964766048997683
5.833746104594588
5.9416794965240785
5.465599796172626
6.158502244262617
4.555131639686447
2.8261985374324485
4.42431824349596
4.833948124240124
5.055660131911768
4.7290060734648804
4.523570026239315
5.041929569672508
5.9770825849961176
5.406057600938315
4.66363806119694
4.8196887648951
5.908473675746728
5.364066578744131
4.949374566217429
5.007820268891498
4.910653886261928
5.162660764656299
3.9368562134523906
3.454628007093962
5.580060835933825
4.802674181946097
5.163930352726406
5.339712335383089
4.652713826972634
4.782533602005955
6.498378118741418
3.5040191064192974
4.953443817106424
4.9874080134633445
3.8185583383046953
5.236510630190071
4.445335657580163
8.320825310536717
6.163909618449351
6.429438006203712
5.727847309814113
5.7722298055653285
5.499910550439162
5.995682927804136
4.346491055246816
6.030232344172168
5.031815322313739
5.654961103018224
5.302715166265006
5.0994208266726595
4.177845214522678
5.900912978841375
5.455842724380879
4.699148786489237
4.21466594255916
5.009015383423547
5.074024174530633
4.996678729052954
5.576987598636538
3.8706944686079896
2.9687402150465028
5.308691523831704
4.370444884984165
5.530132129276976
3.934460721806557
4.649504155531872
6.291123246849568
5.377546330098625
5.039603266968557
4.376392596531124
4.703510565817668
4.741425294142639
5.282819549050504
3.6252141473833213
4.949354066813135
4.6061055803702535
2.853192869423198
4.787016571317445
4.846161050593377
4.632660497095809
4.510695200678427
4.600864129887233
4.576440904079898
4.809588142744216
5.129555308410871
5.873583472426542
4.727096898038845
4.408119897774458
6.097906733651891
4.5126610191795
5.383382130599922
4.6490594221502555
3.5853956478443045
4.144860537706518
4.435934064066678
5.232417993764339
4.020203202493278
3.7658657391087953
5.357218564805225
4.9535141402756695
5.200586611421154
5.367498381015258
5.1512334753643865
5.645990039018357
4.784781692984888
3.219745598069334
4.645120725241993
4.635787756208151
4.5516999350807215
6.177527419768518
5.304406787531779
4.833269789454908
4.612546818683364
4.665209341669981
5.200993744911639
4.832476886292699
6.014215661337074
5.447356202930995
4.0225891824833155
4.251085567361657
5.0810933738105195
4.1471447121830955
4.77865424339513
3.2831423044297403
5.357001934036023
4.873108137361527
5.354861156500546
4.871899842405357
5.077802026850369
4.834093845073568
4.504925413133815
4.294640785266628
4.296744187489393
5.2646165162706575
5.629718684964115
5.461334604559605
5.3363780993905054
4.588162682779496
5.109060123373671
2.3228046956894777
4.366128637321649
3.5545903834224197
5.004641663774501
4.86768552091451
8.57237466693975
5.465144648698047
6.003827724618576
5.498239956111114
5.049647150859049
4.794582606604694
4.593089497239847
5.482853231715718
5.715164035903686
5.853129481797122
6.445367607696463
5.1701090460691255
4.79199023897769
6.421050157069912
5.048050708220844
5.030916644303075
6.043549323195065
4.971028284636461
6.206610430445216
4.643168199763343
5.417302331591286
5.04072462117355
5.335671148541895
1.5194851327930001
4.360297011223104
4.707567755969041
4.111353649992481
4.729103172318993
4.538980900554554
5.272422271097775
5.47171337906062
4.281208222869363
4.981579070923886
5.366758007467936
5.8297852525864124
5.5431047441862855
4.385431976918073
5.408399742329724
5.285496859326113
4.891607363612436
4.222978610904255
5.515623824255157
5.597966099189643
3.8390113098364687
4.689818141151199
5.419784629310381
5.607996179025761
5.157522048962672
4.66020974960696
5.216623128184305
4.577857131242945
5.644335073520344
3.4544177083779126
5.212579331894483
4.660693961360157
5.282327655974661
4.92009199819284
5.745411187886711
4.8148041845089
6.511643205998092
4.277485704901869
5.2908493004721375
4.207858442554343
5.175439686227807
5.292235820777358
5.147670805871743
6.757326331959228
5.665680630578838
5.969656300554205
4.418383386412567
6.089785240460546
4.663115122050431
4.763480888497797
5.041232720804679
4.642547168747286
5.525718816132354
3.8835302946063988
4.839249328227964
5.383166140257697
5.242206600252817
5.366582040623227
6.284603422002483
7.426498451108046
5.063825290293102
7.249762170032251
6.543246706684714
4.7102118858022815
3.949859702535373
3.912567706770864
4.760028156033239
4.337163183760337
5.707273035974646
5.336672300669052
4.64145635237411
5.122503292243621
4.353772239105352
5.26511124923033
4.477030283698926
4.350429832847114
5.108262530867345
5.118622975637882
5.218903325123378
5.200302235870568
5.702680085854212
5.036486884419217
5.214490336899862
4.568777702618048
4.640486539393476
6.330106413427412
4.650004836820008
5.249925285470482
4.899220635677759
7.070728110984937
