1.96
1.8
2.64
2.82
2.0
2.1
2.16
3.0
1.94
3.08
1.9
2.66
2.16
3.16
1.5533333333333335
1.4
2.98
1.72
1.44
2.24
1.96
1.84
2.26
1.98
2.04
2.78
2.5
2.18
2.52
3.34
2.5
2.24
1.58
2.98
2.1
3.84
2.14
2.04
2.36
1.88
3.26
2.36
2.22
2.46
1.52
2.44
2.54
2.9
2.56
2.88
3.38
1.98
1.32
2.4
4.02
1.9
2.46
3.14
2.94
2.63
2.12
2.56
2.48
2.1
2.14
1.74
2.8
2.16
2.68
2.28
2.45
1.64
2.18
1.68
2.4
2.7
2.06
2.18
2.0
2.2
1.64
1.98
3.76
4.22
4.06
1.84
1.42
3.02
1.62
1.48
2.44
2.56
2.84
3.52
2.66
2.46
2.38
2.17
1.86
2.52
3.94
2.1
2.34
2.11
2.36
1.9
4.02
1.9466666666666665
2.88
3.24
2.86
3.78
1.68
2.48
2.38
2.62
3.44
3.54
3.22
1.97
1.96
2.5
2.6
1.7
1.704
2.12
2.36
2.08
2.18
2.46
2.74
3.28
2.6
1.76
1.7
2.17
2.04
1.56
2.14
1.9266666666666667
4.06
3.4
2.5
1.98
2.06
2.4
2.5
2.32
1.98
1.52
2.27
2.28
2.56
3.32
3.54
3.06
2.04
3.24
1.92
4.36
2.66
2.22
2.24
2.46
2.1333333333333333
2.32
3.36
2.38
2.27
2.18
3.52
1.56
3.58
1.92
2.3
2.46
4.38
3.52
1.94
4.44
2.1966666666666668
1.833333333333333
2.935
3.32
2.64
2.36
2.5933333333333333
1.88
2.74
2.92
2.54
2.16
2.5
1.38
2.56
1.44
1.74
5.72
1.58
1.7666666666666666
2.82
1.74
1.56
1.86
3.92
2.42
2.52
4.42
2.38
2.96
2.3
1.48
3.345
1.82
1.86
2.16
2.12
1.1
3.0
3.38
2.1
2.22
1.9
3.68
2.36
2.5
2.28
1.68
2.92
2.15
3.18
2.6
2.16
2.263333333333333
2.18
2.4
4.26
2.036
1.84
2.35
2.5266666666666664
1.88
2.72
1.38
2.54
1.86
2.08
1.84
1.94
1.62
1.82
4.12
2.61
2.28
2.46
2.84
3.513333333333333
2.0
2.58
1.66
1.84
3.0
1.32
2.16
2.48
2.36
1.56
3.6
2.32
2.12
2.3
1.96
1.9
1.66
2.14
1.6
1.96
1.64
2.72
2.48
1.8
1.34
1.54
1.84
2.14
1.64
1.98
2.66
1.98
2.74
2.06
2.18
2.08
1.52
1.68
1.64
2.22
1.16
1.84
2.54
1.87
2.1
1.98
2.66
2.34
1.84
2.46
2.12
2.5
1.24
2.02
1.98
2.96
2.84
2.0
2.8
3.16
2.08
2.0
1.92
2.26
2.42
2.98
1.84
1.92
1.72
2.04
2.96
1.42
2.7
2.2
2.8
1.74
2.52
2.0
2.24
2.47
3.06
1.66
2.52
2.16
4.11
1.32
2.605
1.74
1.66
2.64
2.2
2.84
2.01
1.96
2.28
2.77
2.44
2.1
2.26
1.96
2.8
2.36
3.2
2.4
2.6
2.08
2.0933333333333333
1.76
2.0
2.32
1.58
4.42
2.04
1.46
1.92
1.68
2.02
3.28
2.66
2.58
2.38
2.724666666666667
2.04
2.22
2.0
2.5
2.0133333333333336
1.96
2.24
1.44
2.3
2.42
2.54
1.64
2.18
1.84
1.97
2.18
2.04
1.46
2.38
2.18
2.44
2.24
2.58
2.2
1.78
1.9
3.06
2.34
1.84
1.66
2.42
4.12
1.9
2.04
2.76
1.92
2.22
2.92
1.98
2.06
1.16
2.38
2.6
3.52
1.84
2.14
1.7
2.16
2.08
2.0
2.4466666666666668
9.84
2.04
1.7
1.72
2.7
2.086666666666667
1.86
2.56
2.2
2.12
1.86
3.92
2.24
1.82
2.74
3.28
2.12
2.04
3.36
1.86
2.1
1.84
2.26
4.72
2.56
2.76
2.18
1.16
2.16
2.94
2.58
1.2
4.032
2.04
2.34
4.42
2.12
1.48
2.24
3.22
1.62
2.0
2.72
1.02
2.52
2.82
2.68
2.14
2.24
1.72
2.6133333333333337
1.36
2.136
2.58
1.58
2.38
2.12
2.26
2.16
2.44
1.96
2.5
3.22
2.18
2.62
2.52
1.66
2.52
2.14
1.76
2.12
2.04
2.72
2.6
1.9
1.59
2.34
1.88
1.94
1.84
2.213333333333333
1.94
1.9
1.64
1.84
2.18
2.04
2.36
1.28
1.16
1.88
1.62
1.3633333333333335
2.12
1.96
1.66
1.64
2.84
2.74
1.7
2.34
1.5
3.08
3.06
1.18
2.6
1.6
1.58
2.34
1.58
2.1
1.94
2.2680000000000002
1.78
2.733333333333334
2.78
3.11
3.4
2.56
1.52
2.24
1.44
1.88
3.78
2.8
2.6
2.43
2.82
1.78
2.38
2.4
2.18
2.16
2.14
1.76
2.56
2.38
2.18
2.76
2.16
2.08
1.72
2.04
1.66
1.94
2.64
2.12
2.12
2.46
2.56
1.94
1.64
1.96
2.52
1.84
1.84
1.98
2.72
5.14
2.6
1.6733333333333331
2.14
2.78
2.0
1.88
1.92
1.525
1.92
1.78
2.26
3.04
1.78
2.185
1.5
1.76
1.58
2.1
2.18
2.08
2.4
2.02
1.76
1.4
2.055
2.78
2.66
1.98
2.4
1.98
2.82
2.1
1.96
1.6
1.9
2.04
1.5
2.1
4.26
3.62
3.62
2.85
2.1
1.96
1.76
2.16
2.0
1.97
2.2066666666666666
1.48
2.56
2.1
2.1
2.6
2.9
3.1
2.22
2.1
2.24
1.88
2.36
1.78
2.48
1.96
1.2
1.86
1.62
2.12
2.14
2.34
1.92
3.74
2.1733333333333333
2.08
1.74
1.5
2.59
2.26
2.18
2.52
2.4
2.42
1.74
1.8
2.4
2.14
2.52
4.82
2.4
1.74
2.28
1.48
3.2
2.02
1.42
2.12
1.58
1.86
1.84
1.92
2.18
1.66
2.68
2.18
2.66
1.98
3.26
3.96
1.92
2.6
1.7
2.4
1.3
2.8
2.64
2.16
2.06
1.96
2.66
2.02
2.28
1.06
1.88
1.54
2.28
2.28
1.96
2.08
1.52
2.313333333333333
2.74
1.8
2.12
2.08
2.24
2.2
1.62
2.36
1.98
2.44
1.62
2.445
1.92
2.36
1.94
1.9
2.64
1.94
2.1
2.18
2.1
1.9
2.48
1.48
1.74
1.94
1.72
1.9466666666666665
2.52
2.52
1.848
2.84
1.5
1.96
1.86
2.08
2.1
1.94
1.5266666666666666
1.72
2.44
1.18
3.72
1.64
2.22
1.94
2.54
2.24
2.4
1.8
1.82
2.48
2.54
2.7
2.5
1.57
2.36
2.24
2.04
2.26
2.1
2.26
2.52
2.28
2.28
2.24
1.96
2.51
4.06
1.86
1.94
1.87
1.9
2.78
2.38
1.96
2.0
1.84
2.46
2.22
2.68
2.52
3.24
1.44
1.16
2.08
2.48
2.17
1.16
2.04
2.29
2.96
2.4
2.06
1.86
2.0
2.04
1.96
2.46
2.46
1.66
1.88
2.04
2.0
2.0
2.98
2.02
1.5033333333333332
1.46
1.84
1.6
2.1
1.5
2.74
2.12
2.06
1.56
2.1
2.72
1.92
1.56
2.58
1.94
2.1
2.46
2.56
3.54
2.5
1.06
1.1
1.52
1.48
3.34
2.02
2.24
2.785
1.8066666666666669
2.74
1.94
1.36
1.8
1.82
2.11
2.32
2.24
1.76
1.3
3.06
1.24
