4.7594724
4.0611696
4.440099
7.0011234
4.364787
4.741007
4.608359
4.274414
4.247094
4.295063
3.9747462
3.3272018
4.387347
4.0364265
4.173527
3.8062625
3.696403
4.359382
4.3113203
4.00873
3.864428
3.8545718
4.2346697
3.8820722
5.9854574
5.4487014
4.760895
4.390098
3.8142505
4.3406544
4.266102
4.1033726
3.8887346
2.8615456
4.338107
5.499799
3.090593
4.453867
3.407525
6.1443186
3.3454623
4.276328
4.046304
4.261468
3.9425123
3.8239512
3.6747684
5.1215324
4.631673
4.563778
5.0362835
4.0986257
4.0364065
4.1656647
3.5950217
3.0304909
4.3475094
4.940347
3.9832494
3.9735875
4.1003942
4.0880966
4.047051
3.8396869
4.9627023
3.9112568
5.0421534
3.8696878
4.1922083
3.948357
4.541608
4.54521
4.151086
4.303422
4.034444
8.381914
4.015737
4.832602
4.3936663
3.6186898
3.8820722
3.508772
2.1352181
3.6749156
4.74033
3.6519282
3.9633632
4.3275237
3.7275975
2.8191686
4.3926845
3.9043145
4.385784
4.533241
4.650584
4.5475907
4.2036757
4.766001
4.119883
4.415876
3.4635246
4.988657
4.165589
3.9864316
1.4961283
3.408736
3.914998
3.6812325
4.6277256
3.5146315
4.292336
3.859355
3.7312305
3.8217192
4.794079
3.181455
3.2642121
4.4102516
4.786234
4.234928
3.8381898
4.551231
3.1902986
3.96856
5.549221
6.323311
4.2640667
4.9036903
3.8811831
3.9005165
3.741685
4.260848
5.367153
4.094371
4.249732
3.397674
4.762872
3.603063
4.8746
4.0059094
4.126419
4.0536823
4.8251753
3.4523592
4.4431987
1.8703325
4.411998
3.4635246
4.1415186
4.269893
3.8955145
3.5257866
3.561419
3.0254667
4.259528
4.2810373
3.8675413
4.0586596
4.4366474
4.371827
4.5825253
3.8312826
3.962378
3.6891139
4.431956
3.8820722
4.2331047
4.122365
3.4258575
4.497488
5.3127522
4.1678905
3.1904807
5.6417117
4.16751
4.2238297
4.878435
4.428127
3.040275
4.077315
4.302292
3.9226222
4.9230895
3.8543222
4.5206966
3.1143503
5.0006266
4.2500277
3.9708004
3.9642773
3.229931
3.4355683
3.2419574
4.459263
3.7306666
4.596165
3.5273051
4.632799
3.9958394
4.2983003
7.085277
3.9721937
4.359353
2.831917
6.8671274
5.3493805
3.6840212
3.6731608
4.3535285
3.171206
4.486708
4.558401
4.132561
4.257355
4.159813
4.4884233
4.083069
3.9522822
5.6125684
4.520508
4.4600916
3.2196307
3.898048
4.171417
4.2599897
3.670108
4.336212
6.3402896
4.4054813
3.6304388
1.4957151
1.5504265
1.4957151
1.580945
1.7932508
1.580945
3.94756
4.0108504
4.1590996
4.61711
4.7721663
4.3920317
3.6560853
3.3338583
3.8708243
3.271069
2.2486358
4.236759
3.181455
4.7679443
5.291715
5.9482355
7.599211
5.534976
4.0574236
4.2471094
5.1699443
4.6640134
5.13267
6.532615
2.112242
2.6615317
4.9220514
4.12137
4.851087
3.0090418
3.9411695
4.0553093
4.157409
4.1867695
4.2319646
4.0006194
4.1779156
4.952621
3.4890828
4.151144
3.9706995
3.6867452
3.54627
4.3482647
4.0335083
3.6748924
4.9374523
3.7999268
4.0896893
3.2162952
3.3606703
4.3388557
4.359601
4.2906713
3.7281053
4.330085
3.9025462
3.8820722
4.564824
3.909065
3.9174826
3.7420335
3.9856389
3.4554398
3.8402147
2.9864912
4.200347
3.7497575
4.0407844
4.3448124
4.4818172
5.0446324
4.3701625
4.6816087
4.4463415
5.1183143
2.3208587
4.361964
4.2932987
3.250457
4.2856846
5.97344
3.405802
4.067234
4.6872144
3.7794528
6.185225
3.3383038
5.3750873
4.3233776
4.4746456
4.7340093
3.4635246
4.2050586
4.599694
4.25892
3.748216
1.5725356
2.898106
4.1003623
4.108115
3.6448133
4.379551
4.407054
3.7974756
4.537718
4.292142
4.098358
4.0730867
3.303926
4.69071
3.191506
4.1818466
4.403537
3.182886
3.0264945
4.59008
4.3426704
7.3352957
4.0275908
4.1130238
4.289216
3.607922
4.060768
3.8517144
3.6227584
4.59008
3.7941625
4.0253043
4.370496
4.7610593
4.082916
4.4244
6.3620796
3.98919
4.502782
3.5680196
3.020503
4.1281123
4.1281123
4.7084327
5.7072906
4.1323833
3.8865924
4.3697734
4.3786325
3.847692
4.370033
3.8219385
5.2645726
4.05075
4.0451136
4.1207886
4.1577864
4.8364396
3.8633325
4.3686066
1.580945
3.8724182
3.7147946
2.4304304
4.231306
3.9025462
3.9025462
3.779115
4.2143993
4.0811768
3.8202512
4.4086137
3.4735541
4.2258177
4.387347
3.3080378
3.2215621
4.0059094
2.8264556
4.55696
4.180021
4.289216
2.4674592
3.9025462
4.399514
4.155018
4.0937705
5.195303
4.0373588
4.2890778
3.9989066
4.092806
3.268723
3.2616796
3.181838
4.217351
4.6158495
4.035682
4.400284
4.341876
4.4909453
3.1407745
2.8186865
3.6696784
4.277457
4.112155
2.8489683
3.7861323
3.5913453
4.361168
4.8971877
4.0998125
4.015959
4.091468
3.374914
4.443161
4.3302355
4.321063
2.3756487
5.588554
3.2977164
4.098893
3.9477224
6.9020696
3.0247705
4.2290983
3.4156911
4.1313715
4.180194
4.9502435
3.281503
3.8427105
3.3944159
3.3163087
4.384833
3.6013563
5.3299284
4.7653847
4.0998917
3.6342282
11.891478
3.9706995
4.5614696
4.782405
4.774774
4.401243
4.0364265
3.4110198
1.4328701
1.4915931
1.565113
5.06688
3.1036687
3.7666996
3.9633362
3.9894269
4.1489296
4.5593886
3.6227584
4.472391
4.1909523
4.052986
3.2702372
4.2984705
3.5074036
4.5405645
4.390218
4.3635297
4.0305195
4.3339405
3.5220535
3.728264
3.8922937
4.087816
3.9003968
3.8343136
4.4292583
3.9265087
3.9147365
3.648855
5.1284013
2.434546
2.4378543
3.5721138
3.8071284
1.6435254
3.3773942
3.8029623
2.3457086
3.2097673
3.2556212
2.710284
2.7651906
2.9549053
2.5686774
3.6989615
5.364715
4.1378574
4.7089977
3.7397456
3.8314524
5.1163287
4.477088
4.1047373
2.8290017
3.9947772
3.0737667
3.5940619
3.990306
3.9908876
3.5018137
3.8309205
4.259528
4.3600144
5.8558493
3.487492
4.5946555
5.1076307
3.665981
4.8305206
4.411767
4.52201
4.358057
4.1706038
3.6814957
2.9575057
4.086047
3.6587439
6.0077353
4.1918306
4.3817906
3.9039214
4.2847214
4.104615
3.8685398
4.159623
4.2600274
2.8461528
4.040942
1.5405661
4.056307
4.049552
6.4936905
6.3117495
4.4991045
4.0951767
3.1221883
5.381009
4.909749
4.071233
4.1412687
3.1865134
2.7947173
4.206509
4.4166927
4.010048
3.7296183
1.4928192
1.7932508
4.4292583
5.1854205
4.0329847
4.6228566
4.4898024
2.7712166
1.7732337
4.4224825
3.6785057
4.3475094
4.494675
4.5892787
4.297936
3.5880218
2.0037303
4.130768
2.3538089
4.1252465
2.703059
3.8981304
4.7971883
3.784238
3.3599105
1.5536742
3.936858
4.5012045
3.154388
3.238278
4.1342955
2.2228093
4.280051
4.4805784
4.923614
3.7816396
1.7932508
4.1883125
4.88957
4.249712
3.3870378
4.7541842
5.040056
4.249732
4.340863
4.263605
3.8773892
4.4305286
4.0364265
4.579199
4.742773
4.0364265
4.3229876
1.5504265
4.143552
3.7813225
4.2428474
4.054126
3.8082728
4.06071
1.7932508
3.9631333
5.3727217
3.3182862
1.6484206
3.8736234
3.2914586
1.6973821
7.4980597
4.161297
2.408491
4.243614
3.7306023
3.834092
3.8082728
4.387925
4.218014
3.6721225
3.8879454
4.010436
4.1598597
4.611577
6.1318274
4.024211
2.6118932
4.450037
1.5158987
1.8362026
4.213769
4.0982456
1.964106
4.140625
4.8430195
3.6447814
3.1178124
4.157132
3.764845
2.766674
4.158545
4.3299494
4.2616825
4.2427683
5.1161966
3.6433508
1.964106
1.7043786
4.230939
3.9856389
4.1410036
4.6995006
3.6463032
4.159813
3.2968144
3.5150254
3.8567822
3.7790046
3.7026255
4.889561
2.8556318
4.0105796
3.6384602
4.2810373
4.0496807
4.5750394
4.3359423
3.4960427
2.7705078
3.4635246
2.5179574
4.884902
4.303422
3.6423297
3.7849786
4.159813
2.8309
4.59008
1.4994073
4.1322823
4.014751
3.947578
3.9968362
1.4957151
4.422828
4.702905
6.9912863
1.5467342
1.5504265
4.117852
4.8896685
4.151144
1.7406996
3.7127287
3.7586918
3.9847188
1.5504265
1.7932508
1.6484206
1.6442726
4.711719
1.5405661
3.9005055
1.4961283
1.4957151
1.7932508
3.844008
1.6484206
3.9538984
4.344103
4.074234
3.8230066
4.2100873
4.9511437
4.12181
1.9718263
4.4588566
5.6766396
4.0589705
4.1577864
3.3535357
2.551235
3.8468354
3.9754539
3.932599
3.552515
2.4217029
2.8725438
4.7488036
3.977619
1.6484206
3.777644
6.3325787
4.5136905
4.191248
5.3518004
4.5823727
4.054135
1.6484206
1.5158987
4.056307
3.375869
4.400284
4.2597733
5.526629
1.7396501
1.565113
1.6028175
4.592956
4.4692087
3.0985787
3.618913
4.159813
3.9283092
4.8601503
4.3831463
4.165201
1.6484206
4.7340093
4.2995353
3.801943
4.701298
2.780055
3.7463715
6.5520205
3.0348287
4.158518
4.0767946
2.908234
3.6571374
4.092926
1.580945
4.2810373
4.466528
4.1464977
4.0057116
1.6484206
4.041152
2.784913
1.565113
3.278801
3.7334452
4.219549
3.8707404
4.2615023
3.2277575
4.187881
3.5650396
3.7941115
4.0033092
2.445148
4.311208
2.3795733
3.8484232
1.4928192
4.428975
4.30371
4.3420153
1.5467342
2.6728113
4.5553885
5.327281
4.2267485
3.9414327
2.3025923
3.9664862
3.901206
3.3334913
2.787514
4.151985
4.09278
3.9025462
4.5558014
2.8909442
2.894786
1.9067718
2.2168598
3.5129766
3.397256
3.6209054
4.069197
3.295168
4.212084
3.3454623
4.2847385
1.6942549
3.6314006
4.4273467
4.2456827
1.7507178
4.20622
3.7882695
4.412494
3.3120568
3.532947
4.6192293
4.3309746
3.9505396
4.7300806
4.821715
2.8363879
3.9943113
4.4808445
5.005865
2.9941833
4.57131
3.9870815
3.7293944
3.9564433
4.7340093
3.8416774
2.7833085
4.518602
4.4991083
3.5891228
4.1315556
3.8363302
4.1577864
4.416148
3.963914
4.61711
4.5534344
1.4957151
4.370739
4.5320034
4.386136
4.27759
3.6351879
4.2410645
4.607316
3.817026
3.8399825
3.750661
3.9706995
4.719933
3.9539201
3.3868034
4.24605
5.579096
4.301489
1.8344781
4.5272455
3.2357695
4.29658
4.2473073
2.3400643
4.359841
3.9766223
4.7215886
4.3370385
1.4928192
5.280697
4.226735
4.7098317
1.5158987
1.6484206
4.2741013
4.081593
5.007037
7.644909
5.999431
4.4654274
4.11339
3.7640262
4.1739283
4.0025015
3.460106
5.0375075
1.5504265
1.5405661
1.7308146
2.2768483
4.7033825
2.9847853
4.0329847
4.1058445
3.3413482
2.983682
1.6028175
4.7282963
2.5535975
4.0918264
2.1725583
3.7038903
3.0759144
4.633429
4.27034
2.8189256
2.5843856
2.6789744
3.5178678
3.1865134
3.1865134
3.808378
4.2003508
2.3414216
3.8636558
2.0119402
4.1252146
1.5725356
6.4515843
3.0383613
4.121976
4.257355
4.093766
3.6384602
1.731471
4.6961026
4.5872655
1.6028175
3.7765796
3.8956532
1.7478899
4.3344736
4.3920918
4.3624797
3.454997
5.121553
3.796591
4.266069
1.6028175
2.5592227
5.16737
4.262491
4.835794
5.1228137
4.524652
4.2752714
3.8970144
4.2535834
3.9401064
3.7965176
4.7658486
3.7173703
4.0831327
1.582889
5.2772484
3.8805652
1.9103483
4.2810373
4.3475094
4.3666224
4.489051
7.140033
4.5233927
4.605461
4.303422
3.8213584
4.5249653
4.3005924
3.2194479
3.5697982
3.6742938
3.574685
4.373694
4.7988377
3.9426017
4.578374
2.4055502
3.9219584
4.4701633
4.2530026
5.248906
2.983682
3.8542602
4.004357
3.9145994
2.5113096
2.851373
6.1054935
4.112967
4.4093924
4.4869623
4.6116853
6.592493
3.908919
4.345598
5.572545
4.024211
3.947578
5.048557
6.733701
4.793605
1.6484206
3.6492693
2.4844146
1.9239554
2.547036
2.4017887
2.7838435
1.6484206
4.5386868
4.710515
3.9407637
4.1254177
4.725122
4.724282
4.2915325
4.416318
4.7988377
3.6741576
4.816259
2.6868372
4.842733
4.9356875
1.6484206
1.8657526
3.8360755
4.38802
5.068585
4.533277
3.8543222
3.0141113
3.694622
1.5725356
4.0919456
3.9556181
5.2521048
4.4503336
4.398885
2.2775555
4.7621493
3.2352543
3.8845146
2.4182541
3.597822
4.175187
4.4766483
4.2101383
3.5221152
3.6023583
1.5725356
4.0662756
4.0928745
3.3454194
3.7307472
3.4494784
2.0010333
4.7647605
4.0298204
4.1189556
3.8932173
3.0048926
5.1559095
5.1346374
1.964106
4.219435
4.1502943
4.3258467
4.450037
2.3763032
6.074678
4.4170322
3.6596532
2.1376286
4.2626715
4.59008
1.5725356
1.4694296
1.9585958
1.6028175
4.1214314
2.877789
4.5847206
1.5504265
1.9585958
2.6064608
4.152604
4.914589
8.869951
2.7428641
3.7244887
4.2427406
1.4957151
1.9369069
3.9978921
3.5383348
4.5620847
2.5688357
5.5100484
4.479903
4.168254
2.3025923
4.9981956
2.983682
3.6344655
4.151144
1.6028175
3.125251
2.026275
4.7113433
3.9364052
3.984023
3.3454623
3.9179797
4.683632
4.5312123
2.3214908
4.68127
4.8447313
1.9369069
1.5859573
1.6484206
1.5504265
2.983682
4.2553353
3.0194426
4.6368523
4.1276383
4.3374834
3.449561
4.129408
4.0966783
3.714413
2.6195688
4.541048
2.1473656
4.868816
3.2782404
3.1401477
3.783053
4.147913
3.6769714
5.3376327
5.908807
2.463431
4.804647
2.2618437
4.2154217
3.5926042
4.489749
3.9942727
4.50371
3.3724084
4.437024
4.425129
4.4138565
3.8222525
2.0848196
1.5859573
4.4275923
3.5986567
4.197498
5.4299774
4.2515526
4.071864
4.5511203
3.8106797
3.2057254
4.816492
3.952915
3.803738
3.964708
3.1447856
4.849404
3.999802
4.452837
5.0917163
3.4159033
4.175117
4.598687
4.4114017
3.6032217
2.5683305
5.5677066
4.054678
4.079135
2.9982595
3.3410115
2.463431
3.2618928
2.741057
4.7829156
3.3366396
2.3414216
3.9684029
4.4085746
4.308266
2.5535975
3.8698351
3.1265998
2.8838744
4.38415
3.8351293
4.164591
4.1645517
2.725579
2.653265
2.4439325
3.9670253
3.639144
3.9538443
4.1117334
4.5733542
4.59008
4.055955
3.4159033
2.7339742
4.5860815
3.8997905
4.5448165
6.8015056
4.1844034
4.9023876
4.075468
4.213974
4.736273
2.3025923
4.774867
2.7523813
4.4690514
4.324779
4.192082
4.3923225
3.365558
2.5683305
4.012269
4.417917
4.3851223
3.7152748
4.376767
4.518999
3.6534066
4.289216
4.368307
4.790902
2.053846
3.5149975
4.451185
3.8408492
3.9940066
3.2376437
4.202839
3.8597958
3.7547488
4.390971
3.0060706
3.8295796
4.4319053
3.9218898
2.506382
5.1412754
4.859758
4.9972277
4.2519345
4.2844296
2.5113096
4.5189834
4.3329124
4.0202084
4.617852
4.1169558
4.1897335
3.4403675
3.9156175
3.7427874
4.298464
4.571584
4.2534313
3.9321625
4.8858232
3.1217086
2.4105263
4.2143087
4.167248
4.178528
4.1607904
4.485321
4.639281
2.4439325
4.734317
4.2903013
4.151144
3.6977904
3.6323068
3.8028512
4.426642
4.8079586
2.5967424
4.1286354
2.4439325
3.8055706
2.768757
3.647207
9.137429
3.5986567
3.0395947
3.1925707
6.5036173
4.1363263
4.398466
4.0634804
4.04117
