1.6590693
2.2012577
1.535988
2.0530636
1.5896215
1.2513328
2.6304588
1.5765791
1.7564224
1.0767565
1.6613702
1.8303976
1.0713239
1.0171555
1.9138511
1.5268825
1.6620585
1.9993243
1.7714055
1.6410143
1.5504653
1.5530006
2.1513507
1.3462057
1.3537135
1.5854483
1.6416667
1.8370217
1.790894
1.2968842
1.3092043
1.4710239
2.6072798
1.3718429
1.5420957
1.343389
1.0758884
1.9172027
2.3782911
1.8061217
1.1787733
1.0500745
2.695241
1.8873436
1.3863748
2.3000474
1.8696889
2.0576792
1.5682787
1.6412336
2.163909
1.5637355
1.3014438
1.3914589
1.8606865
1.7521503
1.7277045
1.2557943
2.0564299
1.9341112
1.3565897
1.7029606
1.6694643
1.7854892
3.261036
1.4803212
2.449088
1.424225
1.1363256
1.6480078
1.2616875
1.8146169
1.6952978
1.5894146
1.6999207
1.4675641
1.7364707
1.984051
1.5438329
1.7246454
1.3512182
2.434781
2.2370958
2.3447647
1.9190176
1.6073287
1.7518071
1.9787457
1.4850273
1.6234168
1.6802564
1.436775
1.8894395
1.313478
2.2745738
2.1433225
1.4466908
1.5824413
1.6212537
1.9598536
1.6437261
2.234488
2.1811223
1.6882911
2.6354446
1.3622935
0.8969891
3.1306305
1.8080693
1.7271689
1.5039406
1.4443219
1.5049076
1.0955648
1.5164549
1.5499711
1.493057
1.702588
1.5653979
1.3826756
1.5399265
1.3536768
1.424489
1.7567289
1.7905676
1.3851043
1.5151553
1.010539
1.5896215
2.1646762
1.183886
1.5769176
1.8182949
1.3355472
1.9020936
1.3315997
2.4750981
1.5152386
1.4158573
1.637556
1.661668
1.2716451
2.1561341
1.5091356
3.0693634
1.7208827
1.814402
1.6520582
1.4229515
1.5043585
1.1903192
1.9028023
1.733005
1.7575558
2.1150892
1.1148777
1.6029905
1.7801782
1.5968353
1.3798299
1.5691952
1.0530608
1.560599
1.3865288
1.4216781
1.2874255
1.3224447
1.9641578
1.55278
1.8498399
1.5914549
1.3324146
1.3750532
1.6312875
1.4709815
1.4208686
1.7071682
1.1763487
1.6786662
1.3065017
1.4433918
1.6851156
1.5430549
1.5313244
1.409797
1.5674703
1.8229765
1.6122316
2.113237
1.4861978
1.0922958
1.3051488
1.5647997
1.6259555
1.7447742
2.6970277
1.599545
1.1954157
1.1761975
1.8553846
1.9748986
1.7688773
1.3750994
1.6446469
1.3494028
2.3242338
1.5384266
1.9199392
1.6714951
1.5591483
1.4861757
1.8112497
1.3271701
1.5595722
1.6641474
1.529952
1.4636867
1.4994501
1.529037
1.7604572
1.6893798
1.5004098
1.6633513
1.7686212
1.9911635
1.6462569
1.4087508
1.5180868
1.2218792
1.7792897
2.121879
1.4892348
1.7280259
1.7000562
1.4849867
1.5324519
1.4627831
1.2299764
1.5538505
1.5081018
1.7724556
1.7239093
1.5243615
1.6503189
1.5339501
2.1008294
1.5268894
1.4564247
1.4873526
1.4277929
1.4454081
1.1645206
2.0063066
1.541332
1.6704127
1.5902739
1.447202
1.706785
2.277462
1.4012098
1.4642094
1.3912742
1.7728807
1.4319715
1.8887674
1.6831273
1.6005871
1.5581871
1.599334
1.4580874
1.6165662
1.6956608
2.0142817
1.4929318
1.6206673
1.5452503
1.5654732
1.4606757
2.4692774
2.0181627
1.5217488
1.6067863
1.529952
1.5101895
1.5934626
2.0149546
1.3655916
1.2708952
1.4163438
1.6351972
1.5839797
1.7319721
1.5182834
1.4444389
1.3437198
1.8046783
1.6228204
1.6840894
1.4929318
1.7806983
1.9344317
1.9100605
1.6557695
1.3379891
1.437649
1.4546306
1.6055355
1.5372584
1.2009599
1.8551153
1.5965565
1.5723976
1.7715079
1.5372778
1.6898469
1.4698873
1.6214635
1.4353456
1.7907523
1.659038
1.7072884
1.8426768
1.923932
1.456312
2.4879107
1.8202233
1.4695239
1.4308519
1.260866
1.849605
1.1235956
1.4518077
1.3510541
1.5818979
1.5827073
1.6814834
1.4659035
1.2417116
1.5045141
2.0662403
1.4909663
1.5910418
1.5950729
1.6031111
1.7263641
1.3474797
1.6320751
1.5398961
1.3670306
1.356464
1.5755059
1.3225566
1.3469343
1.5345528
1.3591945
1.394423
1.5360873
1.1337256
2.1394398
1.6139115
1.420969
1.3375611
1.5371913
1.7018379
1.6618335
1.2883532
1.0603216
1.7848707
1.5763317
1.529952
1.4396679
1.1758705
1.471339
1.7139018
1.4997687
1.5869348
1.5015005
1.6482617
1.3686819
1.6247371
1.4930997
1.3985178
1.0844293
1.6194209
1.7049919
1.9533266
1.8070244
1.0841085
1.5419608
1.5704983
1.2909422
1.5325729
1.1814158
1.6982874
1.5372778
2.0264533
1.5761617
1.2213148
1.4322383
1.4627831
1.590148
1.510608
1.6277099
1.303413
1.6412857
0.9258719
1.4569693
1.4900124
1.6558528
1.3261132
1.3694036
1.18416
1.4480166
2.50734
1.4163438
1.3619778
1.1943972
1.8341635
1.4758848
1.679507
1.5969063
1.3662753
1.2956898
1.4931641
1.3852544
2.3250647
1.3539128
1.5362991
1.5945051
1.7466328
1.4050486
1.5528455
1.5098076
1.9593247
2.0908759
1.6040071
2.1992393
1.625969
1.740394
1.5699456
1.1242335
1.0879898
1.1366882
1.0183166
1.1990404
0.9205342
1.8269742
1.8866487
1.3157191
1.1408893
0.78254426
2.091042
1.3343401
2.1916375
1.4164631
1.3404925
1.5076615
1.6904266
1.5526404
1.6609999
1.1844733
1.5217924
1.3556578
1.3820517
1.5636846
1.7118942
1.5613327
1.6367857
1.658621
1.2290435
1.5119079
1.7458932
1.3280021
2.0366774
1.1730354
2.089491
2.0704043
1.6452104
1.5526649
1.732475
1.7741946
1.6121283
1.5965565
1.3812221
1.6935316
2.5520573
1.6875079
1.5788038
1.5484569
1.2126405
1.5849613
1.2182608
1.3984771
1.5344429
1.6881953
1.63738
1.4209585
1.1873384
1.3241049
1.5641354
1.3965664
1.8388262
1.4392452
1.4392452
1.8791522
1.5180868
1.7610838
1.0901449
1.4586408
1.6040121
1.4604177
1.5489165
1.590025
1.2988174
1.5755789
1.2526677
1.3361363
1.8218989
1.473876
1.4650888
1.779177
