4.38
9.04
6.94
6.88
6.36
4.12
6.7
5.52
3.52
3.6
6.16
3.46
10.8
3.36
7.28
3.22
3.6
3.44
6.74
3.26
5.34
2.64
4.72
10.0
4.24
3.9
2.54
3.82
1.94
2.9
4.58
4.98
4.34
11.72
3.68
5.6
7.38
4.8
5.44
3.26
5.48
4.58
1.88
2.62
9.22
4.58
4.42
5.56
8.68
2.68
3.82
5.18
4.2
3.42
2.36
4.8
3.94
3.84
10.44
2.42
3.4
5.74
4.58
4.3
2.7
3.28
4.38
6.94
5.16
5.06
3.76
4.62
3.36
4.08
3.9
4.1
2.22
6.48
4.68
3.16
4.14
3.7
5.36
4.44
5.18
2.86
3.6
9.18
4.26
6.62
4.08
3.82
9.32
3.12
6.06
4.0
20.36
7.72
12.72
5.94
5.34
5.92
8.46
2.74
5.06
5.64
2.52
4.72
4.18
3.26
3.82
3.14
4.78
7.8
12.34
6.24
9.3
7.28
2.86
3.18
6.32
2.98
11.32
3.7
2.64
4.54
3.74
6.78
3.82
4.1
4.32
5.96
8.08
11.24
6.8
17.96
2.5
4.38
6.46
2.7
8.56
4.18
10.9
11.12
6.04
3.48
4.52
7.58
4.12
2.74
9.28
10.02
2.18
3.14
5.32
4.42
5.1
6.88
6.58
8.86
5.9
4.56
5.12
4.42
2.6
3.84
3.5
12.8
9.18
6.14
6.34
8.5
3.36
7.82
5.5
4.7
3.96
6.7
2.8
7.08
3.24
5.0
8.62
9.16
4.38
6.46
6.1
7.76
4.78
2.46
5.66
4.08
5.4
9.42
6.04
5.74
3.38
2.14
4.86
7.22
3.9
3.04
5.22
4.72
7.42
5.18
8.7
3.86
7.98
5.44
2.94
6.96
15.22
14.06
2.42
3.52
3.6
4.72
3.34
10.6
3.56
4.48
3.82
7.58
8.88
3.32
2.66
1.96
9.26
4.98
6.22
6.9
4.32
2.22
4.36
4.6
4.1
2.72
8.78
8.24
4.3
4.42
6.16
4.5
3.52
3.14
4.34
14.12
6.18
3.88
4.92
4.48
9.76
4.28
4.22
6.98
8.92
5.02
4.56
2.52
2.56
4.58
12.12
5.16
9.4
3.56
5.46
5.86
8.72
9.06
9.92
7.58
5.5
3.78
3.82
3.68
4.62
9.72
7.02
5.28
2.64
4.24
4.66
6.9
4.98
20.92
7.12
6.38
11.26
6.64
7.16
4.92
5.02
3.48
8.44
4.98
4.7
4.98
3.02
3.02
4.56
5.36
2.7
7.26
2.84
8.28
2.7
3.94
3.02
7.7
5.32
4.74
2.44
14.16
5.26
6.64
3.82
6.92
3.76
16.18
4.68
11.44
3.3
4.32
4.4
9.8
4.12
3.52
2.94
5.58
4.76
6.84
3.96
8.6
3.26
10.96
2.88
16.0
3.86
4.16
19.48
4.62
4.12
3.92
5.52
3.74
3.94
7.08
9.64
3.32
6.18
7.26
4.72
3.74
5.16
13.62
2.88
5.74
4.84
7.52
9.42
4.44
6.7
4.32
4.52
4.04
3.66
5.62
7.44
7.96
7.98
15.56
7.96
3.56
6.72
5.62
4.44
7.3
10.74
8.74
4.12
3.04
5.04
5.8
