8.177766591988405
17.92539743116113
5.33057651757025
0.7051442299436073
15.059874470728927
13.078605476918758
7.224495952320489
7.722714391938669
1.6710160010707291
-2.2778799861875005
-2.8761282767696708
6.975461758949056
36.42540530089478
10.388190552901815
2.149550174130388
17.203786044751578
9.44166494319587
7.276792624416242
25.067549745566335
3.8670016920734023
-0.4439289261918345
2.9591040737404883
12.037694116111089
16.67400101362742
3.707672451340762
5.653872220502714
6.792208037090463
-2.977149157117579
1.0308911830669567
-0.38413322396163246
1.7063982997988618
9.071347165845626
0.27968327264612175
11.371979164954702
8.094452622842415
13.961464798642531
26.30634429628176
4.999864046154731
11.490787409208648
-3.4476898537870717
9.921281501211377
9.040354303435192
8.188970517083545
5.526325512290774
7.936052160567678
15.474586403797085
11.744510773439526
-2.277655214732833
4.656784800121629
-0.5008236356750034
0.5210722529532054
4.221162859559289
10.996813553976866
8.259820341706249
7.420429105759688
9.26122588066703
5.913586633000072
6.0410170911004535
14.41822986144404
17.193234080935927
19.85582230201361
8.856934023853327
6.850180423831853
6.902804584061244
0.7832453785373108
16.65737508320012
2.356929671912746
3.3080166984296167
5.614343291071917
4.087382639772018
8.928212123308251
10.859607138649212
7.0383878204499535
3.81137325766047
2.217026639201067
6.0334887384705
3.534566888226367
1.039799745901636
4.031843669106728
10.0411562368596
0.511367029357692
1.4794262745971227
1.1966639706094504
5.848567543206781
7.854555159904166
1.0939880142390892
3.04092349263799
0.09253192480519853
6.947702929214416
5.330532974029134
2.441869211072417
-9.237649196720785
3.5165638867658124
9.349764133614308
6.788541215626906
19.699096967542104
4.674974886961106
5.552326170034753
11.45889726949134
10.096745594917435
3.0595322985788553
5.540929188423113
3.1173711837718794
0.17845893131638915
2.216528546269994
-3.36830407657068
8.620015305894405
8.732723993025635
2.4958342692249476
5.512542397505159
4.460596740727336
7.254370758417133
7.0233852739269205
10.947784166000512
8.431074488584688
4.626180158596007
0.6659816543913375
-0.5197880960766503
-2.0889874734637317
17.811339411767634
14.568129541335125
5.984946287536759
23.8134340920866
16.90555606448351
11.443907297286117
3.0271548331153686
12.536835042494834
3.4051448406502196
11.176272916069522
10.086333673275837
8.064030504278616
10.73671544869654
5.6666662599020885
4.788717684790546
-0.038097970632328115
3.07009436700183
11.58234375996474
12.898224376952838
7.777119337666824
0.2485630878398755
7.193890569820905
1.925185839275503
-5.728423122498027
2.6404685536549204
24.76006454558867
2.2804270660925527
-0.15577569453483142
10.76218367622506
10.82100006854779
19.24015937397495
9.80173904251287
5.570861887953068
6.19835052324388
7.076308193631109
6.9649428779512546
7.834911862129805
0.34242560232762614
3.74936600912789
6.455653220836027
6.064440627030585
8.326888462226542
11.570297454820267
3.690645249018187
6.356815117712879
-0.1391873920902108
3.499499583569454
0.24834826750356395
1.0078378701489827
-0.05814788281575381
3.9908697247335887
0.7873192468809129
-0.05667368790540206
5.511973271463374
5.5909821704803555
5.232244976950348
6.549336118815183
9.491925156445312
6.858151430830885
0.6698178077252408
15.642656697931775
7.807778339508614
13.004587567031626
9.612973233292296
2.9864964447776785
11.734209521705418
8.664876743850783
11.742033031219322
23.51942621112985
6.0588744401952574
4.674332294964828
1.135474042521963
3.762119358068939
7.995686344025315
2.6905739121746537
6.071645540759751
5.154958170854206
3.2263028196387538
5.874777988651837
24.40477537544331
10.350542834882287
6.377666175132503
5.70723464347285
3.4559374206864133
7.679290808787959
2.4239577925780824
4.267868740959052
7.95951035621572
13.708190713955945
2.7888294882886266
8.340449779272614
4.441860578284487
5.000062885458047
14.876570832718325
5.666214569705799
3.388821683914868
7.006649088182232
2.261074497665067
1.9224026568420565
2.9006252725844157
-0.29989700240370754
0.5713129393892722
10.286841607149245
3.2495538918904163
12.915879066116686
6.353152144488263
7.572848930840496
9.353282296789441
6.217258588811015
16.003097149454693
11.16951411397
4.953528906358184
4.946540131714246
14.537134694723488
6.043358905952371
12.260442272337167
1.913749952587244
-0.38467308869853434
7.117805355493274
8.025449279690033
10.453326102604262
15.529269468365626
6.135832424702394
0.6963289308415588
7.5607469017086215
1.401023099795543
9.477726276307502
4.129237013879844
6.084812561109767
5.400984441626501
8.686158158632745
7.608905361244525
0.7683953918960629
10.74146081101876
1.553420298692162
6.633248594434416
13.151941905225101
6.597033853426924
4.074305270684713
10.483794442451396
10.413461838637112
0.024986370955923664
10.330251283407565
8.71341766585096
12.388882008340682
3.4800575552583295
4.824778998897054
5.479967872172102
10.00341456459501
15.749900641188074
7.4249284801273285
11.756075546389225
3.047426353989009
8.51658671966232
9.014437664278674
2.407869227868925
8.03160644804156
2.032662193469583
8.004338980133266
12.187155581343312
5.585926812590658
5.355360481486736
8.322402975505895
5.01188708863141
20.308448212458053
8.832234656771119
21.611430663797158
18.751837773676147
3.7162505169364324
7.297330008166055
3.651712644853994
-0.855590376966189
7.066464838480486
6.756215765423743
2.684681197842584
6.800191534082137
12.986630349127326
4.911640708577531
5.661061600344818
2.4065890090204505
9.490825115522977
3.724338512363902
4.258359914851264
34.601766220212106
2.640779886702121
4.760211963538662
4.207750005195184
9.098627093056006
8.058670315891867
8.986864127095325
15.160228525807346
12.605678587981604
8.935597723655544
5.436542899826783
9.346623970578051
5.527736033720215
8.391805611201523
16.646066721290644
12.364982688606567
6.1542813961443015
5.956159483941619
5.107419964307261
5.121561171561615
4.048703815559677
4.92246492819214
1.519194748218292
17.111525189077547
12.654412985415448
8.881579917066462
7.7746769253637
-0.7883848101727999
-1.6871218786521567
10.89496692530621
7.650590154143582
4.909295513196832
10.711880967448547
6.981013706247185
2.7674439820082286
-5.395599707963267
1.4286321392709425
4.48249189002016
4.2494027910581105
2.511957011894617
-0.2424762978038817
4.559030465044752
4.2494027910581105
1.2573899734082965
4.315853175264349
0.029359283383271317
4.2494027910581105
8.504564166883684
4.904220447745594
3.2607351951279275
4.443107679941667
3.3655339400649606
-2.4687234086237146
3.0519779521908887
7.392388752302854
9.025512232777821
3.1705322641936995
1.8181967117257243
1.2924689290964964
3.4370234153448003
6.187654946538335
8.605061011693401
5.570738848742091
5.397200628561658
-0.18133679435681682
2.8375857763196715
6.503312061704175
13.51018116471884
14.335479230785252
0.5214222796491804
12.847735288494071
6.666746213955365
6.456637344873377
14.676561989128098
4.88915764197069
0.5623546221531683
4.141862395081866
5.098296597850654
5.354172182272535
-3.2063523561355813
9.609327535044196
-3.2175569663372037
16.983611549350247
6.555664910021043
0.08851279925843214
10.022885121623233
0.531409985090536
5.686970363333082
3.2315962435210217
-0.6007891775225647
7.1132202207615
5.639862681766905
5.1428378898611955
0.8095517318185281
-0.6323897689338893
2.6923828433808583
5.674469754241036
2.8708304970561804
2.190661422650913
19.579426160732844
21.347772857254228
28.22242101155384
18.700629548148694
13.870703659388177
11.515200039851894
14.990670996165422
13.812597231419721
4.829858922502961
10.875312641175519
17.691994423420425
15.043004006310245
7.968068937992326
5.276287707365626
2.7718106510668483
3.5711265990283607
5.178402637408667
15.889594425083219
17.859053196592598
8.296357133596267
6.614608318019926
4.700921892037272
8.151175670659738
10.961742302065572
12.348583101864945
16.260009756397288
2.7837600262774522
5.615763560530045
0.18850926607682417
12.463829306217319
7.014715634991993
3.808404697920631
3.781045038192432
4.701300391001403
4.29898669510398
5.3922826858100175
10.031374730521808
17.525194260549874
16.254187433767115
17.7349045819097
3.2476210387886795
9.96282621356232
4.681476256626073
30.999062851148572
28.03702328614644
14.922697548135297
21.526709793539187
16.73649673329189
8.426040683529935
6.763389877455385
9.795421128492096
10.549884839816553
7.554598989553211
8.52406060789756
6.419598115154148
20.952888566447708
21.036991130118352
13.21391193109923
15.14876611342229
11.258469267306502
5.861775233309059
10.700107384012743
5.724007393919793
10.978797746132404
8.928828411978774
15.080641363196905
4.8373645477644915
12.079885782830003
16.413219782069085
12.355099313897549
7.588477690534978
11.433903423436972
19.78934088575156
18.704283511464812
11.391660461928112
8.60861846641069
28.705305890406795
6.861679664258842
13.86943892070376
5.315578678589639
3.152593344787618
17.376923857963167
24.070878255202004
20.94315844005194
8.678280351526773
0.2849275369688147
6.417242342264739
19.062547527241176
40.174528993234304
21.252363010956
26.683074586843873
19.44000146836824
26.074437582637735
31.052081204872025
11.766412284736038
4.873427213062898
1.4815141834798526
2.4778514028589234
0.027706797038028086
6.451136477979198
4.075273723588593
0.47347113192359097
9.747391520376977
2.8259103111774886
11.000905982278447
5.451480259774016
11.400057439193107
3.2396513522311228
2.8740740355234657
8.458298392783323
7.88808487906075
5.599910843751292
2.560735016289817
4.192132851450596
7.520017512201411
3.777701171762845
7.764915355963606
11.753393365549018
6.944079159085606
18.22598853167689
32.00480829550914
12.11154345589693
12.272462853829351
11.15058278509169
5.389808931571356
20.560224466903946
6.2304315089949
8.931323058751877
4.5479139500331796
9.95472768934307
3.3196917488630606
12.56110898642806
9.160409002651408
-1.9926434105912694
7.745845812256206
11.678275961366593
11.222618763287498
3.645939421376888
6.494199521244519
21.110684433939475
12.06398397594185
18.19298954084243
5.7055078024216845
29.276073978710016
10.131712707506807
27.66769562669496
14.527228917423942
3.1860738981999788
16.35915344226774
16.754217562329128
21.931240007428332
27.54442908097897
10.566342808593124
12.23812998925377
21.463208352023635
12.004096467700627
26.756099339777418
36.67075891577233
-1.2732863551857143
29.774702548085386
10.418353242980507
23.095031525547
22.908554994477928
27.670657855478158
28.599375868115253
32.62140624465021
44.443800631727655
34.92832642171947
6.749558416846489
11.621725650472595
-3.1072350200906027
0.667835964708339
-9.037479605336767
-5.5031523332678285
-0.371220104880927
9.295369362081471
10.382345985103356
9.21659760067468
14.520788559388613
8.38610802982546
2.88170679576083
6.274814324760915
6.601762731680329
8.769345566698977
6.926108828359415
4.390462182331515
1.2893953389997101
-3.6994326944438667
-0.9072640080740981
-1.6199771904857636
1.7424127814263548
2.162051522914894
7.1142483203199385
-0.9076853330501646
19.453096216576938
9.388886308913298
8.251081333507578
5.805457411483528
13.284715943863356
9.88749382033888
-3.278671731842871
-1.9423002803753597
8.596064687269523
7.986798049012277
6.263162063094327
7.88546145112077
12.829894398936547
3.375995519029794
-0.23392538211831077
3.1388212172219845
8.421360095839493
11.988935279239625
8.112807767696918
10.011345886708018
-0.693866211118529
0.8860128958284802
-0.596821812487528
4.42186226069956
3.888854885123223
8.652253112713113
9.103672284137234
8.54071146744373
8.426488374197975
0.36391609439281836
6.092974470210236
4.06648775773271
4.586918638450176
4.6092731879932085
-0.06648570944489007
6.572598952179522
6.816719219930331
3.610141750717008
3.6253738541328886
3.629292180457342
0.2945593819188328
-1.5445667397873384
9.103413295251856
7.859353206359875
5.390422391433765
5.527248253208176
6.985901576463918
6.461952230570201
4.869710502789092
-1.802635621660517
-4.35560311206946
5.48309061213437
3.2984820985637655
12.841091903095576
25.45083642940224
7.8827076231271445
11.621870306029132
9.3846225536147
10.233089592272327
1.0541897229747308
5.944725523600983
2.262137260445671
-1.5351975128893918
10.648581916162591
8.574387925009454
17.389979918419893
21.050995669601214
5.433212215149097
2.743058440960058
9.011234334197136
4.120105939071197
9.622355788489388
9.115164275979689
9.239046855366336
-5.199545936962302
8.284989805876922
5.37908266994609
6.576910495406525
-1.2561888229252791
24.664659523024902
4.260616462965364
6.135461059268942
8.460102986650242
13.044539989414407
17.57040638804238
-0.6326460242426256
-3.885235221363964
11.198005790464608
-1.1353442274870549
3.0601609808097923
7.0750668130756935
7.726126524594414
1.0726087912662696
10.294064457573432
-0.39696208562210183
10.036848923309373
7.201627201878716
19.075730009379765
11.315480063625266
13.620572345035534
9.078139382768295
7.692860729821314
5.746710607361139
-1.998837312463391
-0.777085087139463
4.461567443532863
3.8325298154805902
8.905145016650199
8.012462746840626
7.274513120048165
6.403004553122567
15.507837564512775
9.272299262630055
5.942043208275228
2.0458020420511303
7.363614324068543
3.382486546187626
3.143108530425485
11.717297075109524
-1.7655671149226964
16.366006904357956
10.904268277146842
8.94455749014252
12.150981770204062
11.189512799077717
4.027172283521268
7.231543856814735
1.1304244294121322
-2.9123084875582315
-0.6511687999620497
4.815223413589256
37.678158223978286
-11.14520570173562
5.099967749865413
16.668799270675688
2.7943852276711088
13.776588015811333
23.91777938954935
11.884201410931292
5.139647671376123
6.759940945335968
5.590602434574767
5.559610178865153
16.914812652935694
21.91859298356553
24.668959073861192
6.135461059268942
6.135461059268942
8.488851441614946
8.460102986650242
6.553889574238373
6.919720023044458
1.0184455209331902
10.410919257796847
9.7672996112243
0.08183281041259888
9.341596200670523
7.711859532483376
-4.323302938609574
5.348585238904554
16.805731941392757
-0.550350092826231
15.890902038324809
23.580095401926872
14.576897832677833
13.120733570341319
10.627417606878616
3.1231378739970177
-1.3431874913061626
-0.8023898843578763
9.760177468931996
7.217148637786322
2.354326901093066
14.889358894734762
11.029111269652642
2.470218806892747
5.03623452714033
4.8128596870930025
13.155772733663094
-0.18846621655334037
11.892380132036887
21.713040792030142
17.879354490219757
0.532358627871633
6.171985428661364
8.471640571929065
11.284590406854397
11.968369969919731
17.258203724225275
11.12642933721016
5.975225655917476
3.2485477063643975
4.7326021735316255
2.328697311582154
4.635207436090969
-2.7593663332949117
14.896085997992202
2.543888612902978
8.819848054860003
0.4573656023839424
16.92985155274408
4.051675105857396
23.779879937557062
2.254759165688275
10.810260900538804
18.01759062337045
1.31805297272618
40.46861102681042
6.021988558812371
7.495454294417215
18.146764643991393
4.317100050801566
7.6548269261672965
8.506095292489123
5.068700905748854
1.086444688810867
6.427786352476978
1.377988297781094
7.989751549379712
9.289086120230596
6.1656954005119164
7.962450763684272
10.180516446269264
9.754772378488163
10.06583343157439
29.00442631153375
10.33002555849922
4.2254224625355015
14.892527884649583
6.295958751302921
5.630344948294388
20.66489008378317
26.132354713192715
25.05062812289546
11.183594283208313
7.155934218503319
5.6074700593098505
4.779608593244443
-5.668297746591996
29.90265723108839
23.987160036366017
22.6859291739471
31.070543492215425
25.283647043271277
34.53551245820468
7.713495855152601
8.580471207885683
32.93593744999947
23.914878921569077
38.4586379227179
8.109735425058462
3.99172558173847
10.393143622939531
6.55288081673889
20.075864267368104
5.516303685892981
5.251391447635449
12.183003408660301
15.212593181845037
7.533186998567974
5.63325272382487
-0.12499676756661876
13.905570474990222
-0.3674439362333095
22.1354437324884
6.056346939429749
37.48983913545026
2.354026399076617
-0.602011585830929
12.047389748344731
8.33345428665547
8.940771643369727
6.097413211076523
3.483873007848811
6.706402324548171
6.45082741649337
12.235217303648508
37.98521317050078
17.553485357772853
11.086991121392826
4.587568791963447
7.205624029302661
7.692471722558777
5.58619819201654
4.627161020488764
15.13558079936268
7.094979277342531
6.138817440337146
15.839618877663913
10.417836492794386
6.455743094510577
7.652175273819131
3.3333858943545693
12.284552623298856
9.46795197778841
8.612548160746229
11.94873775650307
24.482478927384978
0.9739295249716908
9.563025151880337
1.2069442369042067
16.397290121143683
19.04115230151218
15.345804643601726
0.8050025540236672
-2.8833201191718887
9.998241601214191
12.579919783887451
13.084239917753933
19.150787642616283
13.357287838344295
18.24913965625765
12.627707917999196
2.396686749156687
8.216847424117754
11.69014616463632
-3.007015374580241
5.436802418718609
3.963821400860915
-8.686454570378718
3.825520754007576
7.043418448694087
9.190189828679815
8.211870701845221
3.1251794724472584
11.065266038105129
-1.340889655182634
28.62568569573061
5.7179475005042395
9.460803085735527
9.455966017806906
5.217935588638067
26.181315451170754
11.849955063802454
13.566840308889354
9.909786596763103
18.80987060152575
9.021213183834762
7.583717551087954
0.6957491023869247
10.298486646334428
6.699100256224729
6.7554711083804975
9.81348862290563
6.707103337124643
22.84400849207081
18.328252244688077
3.943854848878969
1.7282791292025956
2.873875444586041
2.626248014819949
7.49869628120541
20.60144221475414
7.351543183727838
1.1993227043703816
22.399472564624727
-1.0509381722964912
8.736077819079126
26.67825321893522
18.780165477239496
16.358639398106543
16.914120740634306
18.111763789731132
9.407821629394313
19.148790652106324
9.465300327433406
12.82794603662734
33.448711020210894
28.230609334297814
24.475635408001487
20.41086809275349
13.908447382621613
2.5926999052627124
17.42344639853345
10.60716035672155
8.823863278705048
5.778051887521293
24.565703936398496
9.149489782117962
34.44106599032563
42.75118804759448
4.518383256183767
1.0137806268230378
16.094227682217323
14.187061287910497
4.943370563695268
5.317844084756052
-0.4301768311639761
12.199489816574967
11.792227531048663
11.423383532964097
33.079821863807155
10.83347624407882
21.262254002151984
22.884687349227843
12.196148204721544
40.41882188035026
45.96337083319812
13.259205025425775
1.8775867842769232
5.997737380727304
10.796129372589016
13.095600393947667
27.96709144271585
8.505026981596071
7.133483527366701
1.86095636851575
8.376442499520612
1.4488779800426983
17.521351138445528
0.3260171528770054
11.602234476104766
23.60939691439358
10.810260900538804
7.899195080110593
6.135461059268942
7.6548269261672965
7.312330614385458
8.460102986650242
8.460102986650242
8.488851441614946
10.023296801202822
7.836522629352897
10.147820195004078
27.327201816106708
11.083334044633757
13.241763910342724
8.162622177020044
12.982430462427056
5.747516006060226
25.277226281153283
1.5595263672791169
8.2193086123875
-0.3308141596728542
1.673727283055021
9.137612788523567
18.794167127669965
14.977912172735762
11.133062425323793
36.66173860052318
10.573143457827186
17.79577946986088
18.557574987156933
14.24490625599526
10.776187451470065
25.49662409000031
11.756037603429524
-0.12499676756661876
12.549006689816435
22.408804781646324
11.58851045776791
7.390526051647123
6.5276856481422065
8.879040799690431
0.2322678952215414
7.00362520171772
13.507997671329981
13.943235149632429
9.925632956883119
28.612790860841514
7.232477814624103
8.720907483524739
6.536041026871297
10.233045677970374
19.608666108481064
17.300530328904568
10.328266640176643
16.204938200305634
22.639431503070863
31.289176560287682
9.984746872431097
13.761507295517976
-1.6744562382695292
1.7680203668214394
4.121916492569146
13.357533484104437
12.42315244162559
8.170664300017744
7.531485751128851
34.30470225183447
3.7885997054851384
6.654752991856555
4.954793947146222
3.9974484815517384
33.60249813616583
7.786857494024292
20.55808955192926
9.322080321212058
46.229966991015
20.332076123591193
10.129701003594523
9.43994520466714
8.05767198181716
11.402267141088622
16.703051707183164
29.83316124181181
27.00582477445762
31.818890265517204
19.751487825769843
30.55585466383321
41.41713722334776
38.502563981125306
18.099245644558223
22.338415033158608
14.019704055344555
15.170273341908583
27.313269182598393
16.232086220512898
15.414012292609147
18.350486351052744
23.70759340667712
24.168145943067653
7.0782874414586825
16.88523308989215
25.946926337387005
6.09080291290177
0.4140322505648785
6.325248576564729
-14.688665190100835
9.122101049189393
2.9974608505767026
1.7071383452935158
-3.4737768706295604
17.16774984215063
20.733932347432425
46.05235398020821
14.734178010441097
25.09702163136346
51.14769436158838
14.161967075130578
20.5060578210584
19.194691670045373
20.94295807195449
33.6756612471038
40.568041022208675
12.255825504088818
21.129916555305964
24.741192694756727
20.560272078865047
28.41001370197852
25.8227745275282
37.03778045519359
11.380402288887257
12.14904451854528
20.90636517031407
14.789141387640047
9.743421453527846
9.743421453527846
52.386317455930474
8.578557601008102
20.159086830713274
43.21919110565531
28.25977000303747
43.42406265035582
7.204644835481624
19.97808489605407
30.86023633663646
-4.143963254544172
19.398888973017336
2.2054097646944
38.82222208353378
35.417733516332376
20.130532981600606
9.3093719802772
8.745768172615726
20.695648529189196
23.187004992480187
53.95921735671566
6.09932854007633
5.144407418832905
14.370792832206165
14.955808153367713
10.331390005218278
1.2658898054384613
24.083282465578147
5.0199272265590675
15.836870601840152
7.4145638937251634
3.880845742850136
11.667319421699828
-1.4531401459453257
11.935952891404781
11.359524914995692
16.19093351103212
9.108955676986591
10.296077413802038
10.971638899052873
10.502308249864273
6.191572380368314
0.5473465161830475
6.115318228298781
29.59104518491729
0.516274019123
10.158842667294083
8.275943012666822
3.634550953026772
4.663170302153182
17.25021367485306
12.145061033110283
2.562521868043306
5.375490573639817
7.010271847423972
14.9114690879314
9.337301906746452
7.67989735400879
8.815336958592834
5.472578996734912
9.374061478316547
8.213300688038707
20.88268800609942
-1.0192605873161453
3.1292235380855375
15.323411610304102
6.9489434223953275
8.971762115855155
36.429152315954774
22.88457609214847
12.231751587040103
39.49624620809817
27.090589317441275
11.085300730155712
33.54892654843564
51.3016226418012
49.50394712416651
11.851442081103192
25.003405159165453
26.859022117485033
17.111737497511996
36.111187837949196
30.567401876940973
58.699371133632255
25.139421040552552
1.161168425486023
3.2814449156390264
2.2546541148008683
7.749624530180176
10.075663225028078
6.135461059268942
7.749624530180176
10.37028712542734
13.676269848965749
7.5303408835909025
19.78940785748314
20.738783939607355
5.59858956245262
12.878996767103775
21.63747214692376
9.881931992882262
11.657148799361917
7.688663908809173
6.8924209998898185
8.928251058513245
8.464071709303807
7.379257885151377
8.422035269719608
3.6464427000510335
2.427695427875753
8.938893380572036
29.01356826954045
5.2225654122887235
4.351988109369987
25.196483430623175
4.356748102644889
-3.814559243459214
11.790394644936248
5.148976465315043
5.296728100116844
5.925149960573169
7.769229070532942
14.65047575583995
12.319380176783836
15.645729135743492
4.868970047123835
10.241555663377145
10.903243363983053
2.228883098965155
19.720599024238165
19.320809049284325
18.28573214734204
10.540894853080685
4.852746482117114
7.749629235966569
26.12505645307578
15.135263824931112
7.465236064689304
18.42193086511364
6.752523878144424
9.881912655381898
0.09387953909886976
4.544276616356488
12.313551726124782
0.9132256693794585
0.7087466792197139
15.778879330223518
21.317224219755275
11.811874884139366
-2.7850487281892202
3.315878085006413
2.1354245920169244
5.895675309848848
21.341528850420538
8.403677881137916
4.40829615013317
-2.3690889468329823
27.186431160009313
17.319503707965634
8.379262774487437
8.282348237267268
9.20523410055675
6.393914568433251
11.38450755546839
3.303165932334011
1.2159877011441407
12.941785748317741
10.714654881042883
11.52092924124799
16.279520014732423
6.948404364624774
1.960155065593154
3.1958517589601367
9.60723948790901
9.556834209691278
3.5750114294206625
6.959728572897358
14.484864305927552
19.19931078092258
8.845372089129107
3.9730673274798205
13.707862051574653
3.5775248046375694
8.084494220677325
4.6083679581137815
-3.5074795301820827
-2.2618289129366973
21.70145934665487
0.023535518570220182
26.975186385029733
26.973549988623297
42.3133973329098
28.547556358514463
40.83761475798467
21.692819362453932
14.424311804126157
3.3477383682068353
8.474002944488817
13.682411163028195
3.022971254353802
6.43267243369692
16.417767420232565
8.251380801072745
14.454215654603265
5.348792739013531
12.063522696830695
14.978470626461494
8.889305533126015
3.604064959112851
14.930450293807901
24.881507705477183
7.0560292422611415
1.8263866024173236
9.318870258031728
9.621628550910899
-0.8466179315355982
2.26325578066624
7.648437888700574
11.7085700087678
20.146772336628263
6.549238181503825
23.497177914967036
4.417933383377803
0.4190462331617162
14.716552022581421
1.4400757563543969
-4.346208076297016
5.964177594849508
3.569374620316703
8.030782372292954
2.9387539834273273
12.853007106642231
8.863093675661478
8.40272666895587
32.55213045804595
21.153813602533553
9.792935923667567
5.753239401656479
-3.5492810169516957
1.0649436324487236
7.304561100738945
6.5449112397081874
3.0459700518827835
7.473174012094107
0.30241328683868063
8.360696092443693
5.593746534981508
4.113675352020254
0.5140932991463973
8.419993373463827
12.32959232381055
7.65355427801694
9.594560358835302
5.546424104465857
12.363073063177952
-0.02057571935124658
-0.3239832598473743
5.142338454215427
17.668695977534483
5.621866701313822
14.489264978162458
29.070811456424643
16.028551635189473
18.18523240455869
7.346486071903403
12.671365646906844
8.54442343547996
15.138637859198608
5.197631398463558
24.52173509304013
45.169598411011705
20.493747526604764
1.552970779021976
11.70830222666828
-2.1038311124832374
10.712346105635316
5.894093709774778
13.498413308793921
4.662633569848079
13.244059227507352
6.187280995682564
8.45679170632963
7.15971310447342
3.1887648757695084
5.1726615443804445
10.00642222466352
6.663324196247037
-1.3946582958230158
4.1151906421794635
16.545261289658935
15.172845782268322
10.606017985547687
1.8510358980256887
6.50651117083632
1.739050432486967
7.0749909718320305
1.7647908664072636
9.733531147776707
1.9824116043179625
3.71932231954679
5.758391811454222
16.8507297958713
5.199483535219251
9.159558356723071
19.000675369979042
8.81842805394183
10.828709286454853
4.3753895718714535
20.075323173642012
-3.848054383220971
8.274250664487198
-4.204246538537768
1.2832858177649815
17.15218526030034
16.392239777352138
14.188106397444379
11.031152951309897
9.374848674264571
15.25904312616935
-2.643203820606089
6.173847554628385
7.428932154412876
8.847503012058853
12.349693030069549
4.457388481059674
31.62656591273621
4.481776607065315
27.02683190734078
50.252370556844006
14.685165760325088
15.761490862036794
52.095523716258135
47.72975411490294
67.0677789697897
-4.083062870300446
7.617626728869915
4.367606417764738
8.211949480252807
1.981749106101011
4.374690370898448
17.117770837596282
10.589584511102004
10.53011301653952
13.537086549791248
-0.342928349086197
12.880885611965436
13.211481085276692
5.563544872965487
0.39769594446831863
7.454911840093046
11.385561756185377
1.8101547195262444
14.245398718686058
12.79496972226893
4.269006916355729
4.435449175697482
22.89276352650376
4.441491855558884
17.75786452483015
6.017715715317993
-6.785976217307836
10.224899760631459
16.725404589564388
5.502770725917243
7.646852679393133
28.94257683382512
13.763782248790726
8.262274441913094
8.397103595750957
9.808363661054408
8.709836256993851
9.556483583013643
9.314812642686915
11.644826018292752
11.381940758768636
11.418364767546835
14.053887772649052
21.980480820447365
7.583704762454847
13.383258642123042
0.7915366055138187
0.8962418107063584
10.95215862811369
36.68719937226132
4.122008570306903
14.557277372573562
1.203739648516846
8.07912005564968
1.469933596006053
7.515202586285314
7.566527540371803
4.489818865348577
-0.951023572538074
3.450892732387974
14.474167795834513
10.546638346531624
6.641297615633733
15.517429056382788
8.521919344512797
-0.13555024517680295
5.785317991300273
4.517555625368102
0.4088252092121947
19.00345999892197
0.20080818933953898
9.29389513883635
7.297378407376485
13.749736529142352
8.283998998376793
4.310160424784454
1.229947843991036
3.4209022569415994
-6.533580536644396
4.948998685232579
16.88235449919393
7.89919508011059
8.171619276926135
8.460102986650242
6.135461059268942
4.186699517728032
6.710008852828238
9.336520346134737
27.649074758422934
-1.9395366790246733
-1.151966075058594
9.438750108548952
4.127484636291021
7.807416187352538
2.722147720903748
5.637074761484451
6.531622467904643
23.945741050282585
7.183605903344895
6.523711735943957
6.172598087618674
6.172967495302994
6.953282614262875
7.636511126317283
12.871699137817393
3.3017188730438116
4.803600232248545
-0.44704660308114985
0.31331451642195773
15.157410421052427
5.877954963757298
11.56146482208316
2.3811899638690406
13.441455164983093
5.646510523255972
2.237355189777258
8.030250367753572
3.9997207922578784
7.35103486610796
7.055464546206855
1.838420921859598
10.730118090174317
11.696790579717177
8.226209856084276
15.812132370068946
5.200127875346688
9.80237480925525
18.499472499824638
12.667101294836883
6.126715789515576
6.8547150191349235
4.918582255503214
15.276391185847096
11.756192911153729
6.796184240365324
1.1741009166354937
8.472085981870585
3.911543470223982
43.087776629789836
8.679913879486783
28.24508125738027
36.76433521741579
17.895100600804522
9.591016205834984
23.942635175057813
8.87433917050401
10.792425128503643
20.251724550154016
9.13397958627629
13.496818645350624
7.634506408349983
1.9185950813567518
30.320095867377816
13.257913185204133
32.10039240637596
12.278279887974733
10.31579629632801
7.048190652523564
18.820834851558885
1.4870967779161544
13.659113336416523
16.82544846155694
8.578160861531105
8.171619276926135
8.488851441614946
8.488851441614946
10.810260900538804
1.8505092217906778
4.453108446677046
0.038048344926640665
12.07828789828162
11.69266049103464
7.730344464181382
7.9517957185580315
11.211541447829273
11.21413840560412
10.521764160939085
8.230102853167978
6.029122255870812
5.1245554826095825
8.005073517519257
2.8654528723182002
5.913212752369718
12.867750518783055
6.577907315817903
1.665683965393164
2.6914710799963517
9.575211103650517
4.016917240729252
4.307356654398107
15.896180044041598
5.606235876703042
1.4848643972310873
10.347227993734556
3.260982900995181
10.670151480015537
19.15450387684064
1.7798939351885463
12.734590148817833
6.21885828844122
20.23311457294106
3.600005294210535
22.14971472875639
0.9140218328727465
7.259954335337477
7.823948922681513
12.158424270400557
7.08915806150153
8.07492485120713
11.60170653541821
7.6420206357902645
1.0693021741907225
5.258588464534444
10.7305333283638
15.000187046351122
4.549392643593362
5.1220102073574765
6.973132928997702
-0.46903607055966745
4.53172027255388
0.30241328683868063
-2.984185332408068
6.141880638471595
5.395319755887923
1.118353171411215
4.771516253820109
0.9349442666579628
-2.604105149561887
7.814737269997628
2.869364721065211
4.7333527950460805
7.563141112376671
4.960146948609227
3.3732221565418588
5.074359138209621
9.50606511236232
4.8936384486666595
3.6887966212762686
8.010377847286101
2.6463244980722163
3.927495722763907
0.3332542089153545
6.971480228450089
4.2500890747648326
6.683430939403692
15.85229804512221
10.950667861101945
7.734516342415682
8.640712322537597
3.638054474449341
19.86533977922382
5.473979292530356
13.083310598086047
9.532777233344955
5.9446106654412985
15.488180724148648
-3.0983822859664722
10.323029656279868
0.2646916170510032
16.360345755271478
8.26739362117168
-6.98721086826502
16.27609106094085
5.152106104348188
6.649459037841757
8.371729606561917
2.1071660769056715
10.75657694484071
8.974751229529632
46.63493249464344
2.405247675745886
5.530432776922802
4.109345188196872
2.9495515541166313
5.248099979866141
2.266232058893958
3.7251216216293734
3.372352452468485
-2.745219057722869
6.429067737085276
9.794878130899251
-4.820713487356817
2.424092020954678
18.01592231042382
21.598767421942867
15.518497534218206
7.863273619694779
8.842301584929206
8.998017380126942
3.527493247174183
4.148668004811345
1.8423155049221576
4.446913465984912
7.3342930833410875
20.009911952708258
22.575090702982184
0.39745849446903647
18.401178457489472
5.297559806159597
4.364089603478447
27.70216140279009
-8.895566951285543
7.705755718570504
32.59624993219254
-1.4760529450941864
3.631993513369304
-0.5060476581988398
29.669806180826644
9.919434822485615
6.086937564936378
7.899195080110593
7.749624530180176
7.312330614385458
7.899195080110593
2.1432751582018836
-5.624791613181703
5.462654156899717
-5.924388875070069
6.512683118240786
3.237977337913073
8.754374355817585
4.640058143040304
-8.921588004798707
8.438518984332644
10.89081236529396
6.120600095508454
19.959844272075017
11.955996052766931
11.6219619244238
-3.702653683695693
28.883230140000137
22.66637683478608
13.865064970480041
-1.6343803370669427
10.67854733325855
13.261299591757355
15.660671141981613
0.3571983300971542
8.133007536473972
9.248310778039457
13.68594829722525
7.01487259873474
6.4238994795562965
4.443537608838962
8.483744807551206
21.409344601803536
14.871308376085404
13.091097185631616
7.723374909696515
6.1334080488573
1.3180447628892697
14.337877257128076
26.19153857809376
1.7742028427993095
16.07841097247355
16.707604331248316
6.914086013978335
26.81672494491597
3.591845676029001
16.446048426003923
94.59451261527124
12.397736948353009
8.652753667397652
10.65963799957858
-1.0192605873161453
1.180432205902407
0.03361113130180926
-0.02984876597573366
0.022932266644601906
0.5314807019464352
2.4219487688686017
8.083916856943391
8.556515108045213
10.636566823002779
9.202968561261565
3.855397647799914
3.2226516295183547
3.685383081092863
6.89999276514181
14.521616274344327
4.297461133383896
4.7382357892222675
7.421766898228572
7.393590824474823
32.408902168371085
7.128662407047049
4.726964208508537
4.392875843500013
9.63663043069879
42.386466509779424
14.075532723462892
2.4201586290758947
17.120191296815293
22.962489691081075
14.643595331470065
-3.5689337280822806
13.610771560433314
6.922332457620884
4.054232236143715
4.841785705459496
8.814858368671752
12.68436005324778
7.390756594266186
9.996949687001413
5.219888831532551
4.275116732766806
4.532425794005152
0.1744699103376272
8.140795145221302
5.682967964666759
12.203408525710005
9.209311268510772
7.829007560845634
12.759245213386572
19.597285668128695
8.902009376313748
0.034242601556684155
-1.3586076589278104
5.618459065691793
5.592504401624389
3.520978384172479
5.15744973700299
12.50000814633924
8.551115853032236
4.744797603942777
8.168475390771807
16.04151827931843
8.711457345316685
24.08194361899757
4.547091059190908
1.4708691445692361
5.415397729900319
4.9332057792231785
9.278592726386464
14.383984670228568
11.97903424324428
10.643616019340698
6.1733627890509055
35.95125718378712
10.039166890504188
-0.5985888548978882
23.245293192220924
1.973511378825221
28.656460591310818
-2.915942122143293
9.66118650685367
5.238068020040061
3.6845284689671103
2.5609579060937873
-0.42785547733981455
10.13442903867904
6.881368677613478
15.839111215579559
9.598949828223631
9.912860835845148
5.982300328871519
9.401667567808154
1.4054238990603642
5.935858047752017
3.3805237956989544
1.6620598288263781
3.3420272013075283
5.950616343936459
8.711457345316685
16.247276961788664
3.4985062166007603
16.015787119057006
9.64202983069513
8.899805400233525
8.808916006884546
11.67347177299848
15.322519312285566
16.520291293146006
4.453245646582119
3.4867019072220677
25.490462076810353
5.152310282594075
0.3887753788069589
15.769974979521567
1.009410447969036
0.03411928032389777
3.1448935047140667
1.4424654979232507
3.4231782219143474
12.156982356017755
2.6015117626932147
13.600057953914648
-3.719808694304474
2.2285173416555586
-5.586024141726368
20.456534854958168
25.030006294455365
10.74469070896547
-0.12586932380975074
2.2310711724645733
3.9244184704689893
8.574964108918598
5.447207551876956
44.76731556156491
6.174696620355281
10.071692983385415
1.2366822056265008
8.118204797826355
-2.0224585815860365
6.84001211268967
8.365815101697159
11.298157297379472
3.099017277976796
7.507072336695355
4.725594906037962
22.347768263042724
10.460937306513488
1.9565567451694403
4.362145150345545
4.757721038142121
10.058988338463271
9.60255146741978
5.0154332105577035
0.6092825582206232
9.823455813918347
6.3907287360735445
6.115805082970539
12.381617774134378
-1.635802433072863
15.643801041701385
15.092428285551833
8.007839430113211
13.309674257420252
3.4904718176285883
2.541325382022892
9.013706912600036
18.065575340915135
8.688758204844937
4.035623344633031
6.944591459488707
5.3439026561606315
6.8068866698301385
11.78822053745172
4.418308314557339
15.901560646047445
-3.9725420036227446
2.5946039375445036
1.8667114544446832
3.276837433099896
11.395542866414528
11.856666221618365
23.296051886715215
14.736348685652803
18.722566959410305
12.398308581971843
38.94353071437163
11.782691354176288
16.500177993313685
3.065948448230192
21.755523629916574
7.438703375055061
8.63664459419678
9.21719542591466
5.586999795573201
10.141678063822432
2.576622173383275
-5.320579887474775
5.1831156765227675
4.641043465676906
30.591013475851756
-16.61184886044939
23.610339504974114
4.047561017318636
17.414827842176788
7.899195080110593
7.749624530180176
11.402518128120361
-2.335149497640884
11.039757243941288
21.665482260112295
11.829848992159526
3.8445853088838633
8.019447749172055
17.98264517753058
17.785664310551283
16.143001098429977
7.61504215986368
-2.565276760918764
15.111899771567941
5.716728353289076
32.13400478978637
20.148230743899486
14.28392282322603
8.43276481872356
0.7061312571450724
7.292752625269027
16.15056654129403
-2.942888588253868
12.624300579944338
11.013173387699867
8.28856575561679
9.432272679393781
4.279233474265176
10.624626728626854
33.3556367350523
3.5732771723421295
10.731447534726835
17.798159156028095
4.206464336574814
16.234698693613506
8.093538509010575
2.522150551724489
1.762384098648034
21.41301852555818
8.370535578541293
13.290194106481833
21.217335117253803
17.215745496163855
21.337471791569072
27.162850266780243
21.81549740970873
18.937487081691813
8.247691575106051
25.88239806388514
10.604675702192576
25.365074523828195
10.305945216588151
6.283251314475547
8.741211576192772
21.380979636540857
16.412573930760733
19.42038363187555
12.197783133710205
19.15953620447426
9.924331605654674
19.69846646292577
3.992004756228907
3.9269287024183326
16.767135558258843
15.663318672996585
-4.219315035315206
7.363076029962865
7.92603276016552
23.462859797145843
5.0650027231564
17.854245412865815
4.228633324614799
-5.825226910418929
5.611863800949892
13.087646252038198
10.282237069043035
16.7383698263633
13.184202856079018
9.748584992611097
4.770110330111256
9.131912608707927
26.35981129153155
9.276106218071703
17.649338597205
4.405467838939317
10.59481742910205
11.242513822810452
7.38236882780589
14.645229935193923
1.5143599963786432
10.708828858591673
8.620149874917916
3.5726815269871355
-1.0743411644062777
9.092327773621502
20.21053451671989
11.683213407927779
4.148253039303798
21.24099856747916
21.076943637420207
11.351162679937188
24.387262464439157
4.9136156273811
3.9022971128717847
-0.05739948149843371
12.84439884342577
10.19657634537747
12.907407006370116
-0.7894964344877025
-7.278133079080809
21.500872273665998
8.396567136004407
16.498378637626207
7.532396593751424
11.420537261178945
15.197840814904836
3.682710434838541
7.716913153492413
13.933466778154331
5.353079757204168
4.496458450649873
16.663015807801013
15.233883409941768
7.569858351813895
13.329257191098094
13.875287355731544
6.580641670300381
6.127956532688653
18.624328772770614
37.063242427474755
44.1782543635032
33.270979371122046
9.448712174623639
7.206003431396332
10.019039141604207
12.902978422008935
9.476300049928419
2.1346303177447443
4.410616926612363
1.7204356937048004
3.0100590510828997
9.198396199160063
5.588158539050819
8.721512967855325
8.425174674561521
5.2465729373539
8.21760309467751
-0.4286365196816304
5.125642383275987
0.8381904584288374
4.018193486903791
6.649662767115901
34.52562843627514
24.394165074690918
12.533765394956026
4.737890145953445
24.695161505811164
28.344318295066312
1.9414133795045696
9.548316914022084
28.303551237223115
7.2970781326228344
15.929139849433119
3.0186192971830295
7.937230685326563
7.952395746806692
11.813073931688574
7.994230083655538
18.422326181315178
11.310266063774485
14.270771474407189
11.919638223335909
3.480892996056925
1.073257398075253
6.273648224680609
6.346528463751928
3.9464598271741385
0.7661031998684968
3.672468628104999
18.240967256507496
18.634381968925272
15.191478865641978
44.61653630951641
20.626006774925322
16.883718947276726
20.28309539975519
13.931311907477752
18.502524853207163
4.274029802726931
5.105789915481999
19.77865290704551
4.831443405048157
-0.28123189492267786
4.36163810023839
6.531818446553947
4.261990007753213
0.8395929173257899
4.444805501153487
-1.8916927690338314
-0.6194849613885236
17.845660542142234
6.136731068455543
4.955280013616487
10.405468759384018
-0.028769988350614107
17.048137590474262
14.98682579524924
4.956706127634182
34.87376216649192
21.960088202139723
8.732643659112831
-2.192821522292011
49.02805787522793
8.398195328074852
20.14722143120737
29.932026550875626
14.434918760106104
11.181671489747186
25.527424289874833
1.899048713238154
7.24301587607567
1.375579848850142
15.510019059767961
16.914169512707073
-11.61385940161639
14.652183817908437
13.161437784605159
14.711035431160997
11.296717718992245
0.1567242342192612
5.937152634750107
-5.846952653033246
6.91318937290227
9.755140187632309
5.640920517340874
23.509018175720353
24.9083512859944
24.36186259509909
24.824088691706226
16.02707533963207
20.620121092630658
18.257685328379512
27.90315384208425
20.727357921075093
40.40629378807477
8.525434229933143
17.310272058946232
27.04523462988571
7.045821620470621
29.28125865314492
11.007090823160542
11.462295033772532
9.145123749758131
5.4003112320678275
8.611122026554096
7.4368474987328606
12.989586861457637
10.3555553274005
14.45845173199726
5.39381981109719
14.459684774251409
8.112903093915929
13.587180849102594
8.81233395800491
10.608102159641337
13.05911394613481
13.992777845668984
2.59265658759142
0.124950658243067
11.460858726386082
13.426748068869426
18.64261256908777
4.414359768121948
4.5556914461654445
8.086895375386238
10.853889245618289
3.775725071558197
8.549551439321357
9.517703140352534
3.857390129128306
13.708368597131898
10.183832493042058
13.551901047540186
25.00866538165639
11.575248440994425
54.47120557023695
24.390545740527653
8.199361334380018
2.7736856445854325
0.3756420300285319
7.2182751574817585
6.380424527165023
11.82505699941992
1.6476778212971395
15.366974459169317
7.442550577579887
4.067803953722629
11.821676341553065
29.467676999001842
9.698766958638293
3.538958981427731
-2.5418265405914973
6.401621227845711
16.151475165189755
6.926928816183633
7.609999621058276
5.162827713289419
6.471986936334759
15.77944730400989
2.472764904196023
5.109228476694115
6.848317477943271
19.50481554732744
14.554567118901877
8.090369658171477
1.238595223999119
8.463425225881405
-6.927078899373049
8.338924638412475
4.688678086359498
-2.5544594374919827
9.899759219794301
13.508064367763222
11.056667323209723
9.58315603899153
4.714315335522192
20.400351082546084
14.141102535794523
8.45470131228446
15.41147789801596
21.697280992349242
12.726738377577304
-2.08942670909129
6.009857162469821
2.3471544718782793
8.51110376649872
9.055981969616273
15.783796662650964
15.135798161293593
12.353450927324367
18.76776083241393
13.90529453885076
21.402799282391815
-0.30112536388207173
11.915103144518937
15.647495708863378
8.810263263501858
8.369577382839973
7.2482534332239075
8.351270421337873
2.2154209301165126
15.878651189067488
9.640360195166755
6.307590575670274
2.592292475056402
2.2612144828565506
9.264963437584962
-0.8127936733647902
6.58190448100881
11.311181650437401
2.031010909034925
7.750948932995492
5.965195871935265
2.84054225190045
9.207276822199747
3.1622246329969945
2.928745274578614
6.783565921033796
17.456309648637134
2.221328344003326
8.861128371156319
6.657295224366209
1.0799303076040974
-3.454135426723049
2.1162218321396375
9.184826414581517
8.350927686619102
0.48564041507888045
3.787493199300374
7.755409410303197
5.032755906273492
10.448743684558542
6.9006194689452025
-2.916534831625845
0.7691225641058768
11.48898430856622
6.279026217114065
-0.3465437376679664
4.292097011406708
11.223246572116283
10.209956610677276
10.258347176237328
12.210682029097786
12.370723861763212
6.58736261567114
11.188860845379644
7.23205629902425
0.060141381410864614
17.70181801023959
-2.238680246097279
8.177583478381992
7.065711318261867
24.232697578905935
12.781129868168541
12.018386390307546
12.083221436057482
1.0918346848006872
31.204220986417436
5.891420843450961
13.480196018991823
9.19047893983671
20.008090224879215
23.43778340707718
4.435442307499667
6.3126628467077195
-1.3611982505674867
35.289888429939076
13.3776353423692
3.7315604330268175
17.922640750821333
18.274284411682842
2.2987572015244937
1.5255985583773863
3.7371462221382448
3.774521028585885
7.71666378408368
10.407739226336197
9.048686237850122
10.407739226336197
-2.366027376794982
-3.7760767487617812
-1.1988677280589455
8.646064867210812
10.334169471410895
2.5256618728703253
10.077630788739665
10.166061049447318
2.851551790236054
3.495812255361418
10.2634912875142
3.7142835825375085
6.353149986904417
18.032508310280466
14.865348030284062
4.049464412161778
8.105751467983493
6.423134807398434
-0.4436369970787616
6.122171302930459
3.992541653836278
-2.058594534796322
5.1921366430440825
5.28687029709396
5.473482875819238
5.261815280014864
2.2948721303484523
2.6543573763366717
12.886918801207633
8.73505091566382
3.1468677319721605
-1.201636370269301
7.691902123877969
8.871369495148897
5.012159513478001
11.79237503852856
9.480299085143734
7.89742399664598
15.380815421265185
9.095555023454025
3.6659126196777763
8.685160290300775
4.582792744023406
7.123711257971918
15.117594779321545
11.143687171794898
-0.5464674923082666
9.338803147456769
15.275763872488305
2.8819840066019657
10.551351513834128
32.49156266857482
9.992444747616759
5.294863058009435
12.20583662125645
13.350075590857626
15.213321901334771
6.827075593873214
10.663469042788538
13.923402316069797
8.683948359342011
6.446904123514153
8.610598678995451
12.28374957105457
10.726294111277443
1.0070298978439602
10.123967713861216
14.288639672733662
15.155916407737566
7.909683444874279
-1.4257693286406503
5.712286647475058
-4.530405006744458
2.9280429962699785
14.879047236535547
16.966773564557936
7.077185929369669
9.889345558180043
20.87298617955519
20.63278366994009
2.7349949772102775
10.769398010648223
8.743878340897556
10.173408531850583
8.460613186114921
-1.2005342738458553
8.281178647675185
11.451287877324337
29.979134673513904
-1.6263929351438615
10.200585745353946
16.772683511535625
12.006490756769313
13.593457227844102
12.340847988097222
15.428995724159696
9.000782615107735
30.975413204335336
-4.770974966533631
5.448910082766885
-3.546359962787399
5.510556165595289
-0.4149687967270823
0.23805575980858354
13.05048329750003
12.91349376296663
19.59314824244918
19.32724929525916
-3.109914055116368
6.207678157979643
-1.9639428550857323
8.757292326306558
2.762844873587918
1.5948500994680133
6.9502532796489085
8.654484662272795
7.206596776246851
7.516068833180671
8.013878962165508
6.288079701695263
8.524739129699906
39.60014404295419
5.236454013462157
8.245177903476312
6.524601720153297
17.15589730074914
5.966142066791633
8.150546917953003
10.686129283001303
4.159027335700881
8.318299786976924
8.318299786976924
7.027538128784421
7.017849245697815
3.8513153661548047
0.029329699303236645
8.550515299738986
8.295262968350531
5.1590222295400645
-7.739271301324653
7.6874782574458145
-10.887974777378746
5.033580423291154
13.252144811001088
16.60294373629148
10.98680256637338
22.895092425137634
23.19847976671515
4.7929383406519
8.054029238757895
15.447118695063638
5.638169881427727
7.594171037925159
2.0251234976406063
3.9034184553598994
-3.388270314003481
7.729764379297621
2.1395881432264763
5.352310477236056
7.73333873450666
6.170832579228218
3.583745332112328
9.50173655100553
6.531944567906223
2.7961074301055135
3.9022971128717847
2.9904016239571187
9.668595510159964
8.206023015876232
0.99080682592513
3.800853609423585
6.191996804806925
9.131933410546607
16.396836852665853
5.8165949359137
2.2281277418410754
10.15906831731227
0.8365316604295183
16.17672886027437
23.52359272060589
36.73956676439335
28.339675979553668
22.955776689898244
5.392699785957775
5.141359867073704
7.332417926155574
11.91623585299718
4.976820880563571
5.710658996747275
7.248789813531323
12.168407228785705
9.628323834759378
7.937242632950019
19.194691670045373
32.44562031322002
26.744732986121303
2.2392046229829163
21.29636220837861
15.168081281135748
1.352943659362002
7.421689049270284
10.845140718985613
6.600394415652151
12.532259982784103
-2.7319211189475703
5.393293264406173
9.142735138467842
7.076450092879545
4.579922354956272
13.192326535870766
15.790051787617788
25.21214829203066
11.057969226049687
4.308934846448577
5.124033154969943
7.16256833334954
1.6029712765765851
9.51953030901643
-0.38912579328188746
-0.9943920077225152
6.98532265911177
2.942113780050479
-3.2975273349162966
4.517047275431222
28.883227336092183
2.6579897810112634
-0.5733712864049558
8.546530963271044
10.437342900088533
6.661730180140444
13.33095983040844
12.906610277334886
-2.7724805510268924
1.4261771650317419
-2.2685570039231386
9.940140692620194
13.279227542173352
-0.6449100913885109
1.7500844691343587
9.494023111756604
5.290554995512076
6.002776794309015
8.87011138197418
10.366584679086255
11.307897932867917
1.3519217683771312
8.570015879504258
12.49609721118166
10.015450774282364
13.24025494128251
21.246647624683938
20.24788016609165
19.490847086255062
18.52916988112019
-7.707325674317193
-2.5991595312229507
-3.1487444216378657
19.038447745101895
4.384173247426906
11.078229284172355
22.534536351508727
10.157182821772034
8.615177787167667
4.809532422034884
14.594867709059555
36.99141151931106
14.842041060618989
13.038833667382466
7.661261384666608
5.478352170768406
9.613358204618669
12.580569290318644
18.225349081747428
7.30510427251885
2.796752536366713
8.367028721795204
9.527773191542227
8.485730084720856
10.67093990983408
11.344083427802317
24.72482181623316
14.30351821969748
3.5872878879458896
4.239365147227841
14.192011439088493
20.79621316524991
8.829786943894733
2.577331961167936
4.57676401329512
30.90992764273336
-3.4749478073370135
4.434384879092557
11.29645890740153
10.461430176338098
0.9774086154747932
4.690107788628673
0.801149406359486
1.7324918993012794
5.713863732124511
-4.59098791757005
-2.392337462881412
-5.318768153958917
3.8739153902815398
13.551688675008869
5.480642558597145
6.970896023134599
2.163107418721593
2.9525300529617047
2.4132686843679494
6.70794735293107
6.974720737535338
10.626192186513403
0.6342167130541696
8.213079413314837
4.619126337446522
3.013834342940325
1.551495821271818
0.4750584240875689
-0.8136022580392475
14.113697598578009
11.849981274311967
0.29619783991008597
19.74790830476426
2.6933989384740484
11.237130520529677
-0.19152288746500792
-5.662920019513672
5.2588041631637115
5.717676546711274
17.124237619879295
12.411492289089002
5.9843122675956355
3.0700692457992425
-4.336962409378387
12.29881376482802
10.594491763682308
20.38295399815457
7.7903634726957725
2.3681809415731867
10.657576121192587
24.519441238185117
4.586632327605879
1.6798993181512858
8.637758068872845
7.126061425063796
12.791466851536264
-4.447141116001847
-1.31964129581392
7.9937807308301405
14.734287796780436
16.851137710817454
7.8607665046866915
9.997148563131383
9.759497502743478
10.014227045253955
10.656719270767926
8.88104519078891
-2.112198877038006
4.958678407361761
6.387785529162435
11.231960049516207
1.8317253686907138
10.154112973426091
12.739584834020155
9.481675289754639
13.90723054451946
6.747625862816555
14.27212706226764
11.366462127762714
7.432147116292219
10.048216324347715
11.46363425546602
4.087260068248597
11.717278781217757
15.787815412664779
6.416350421419606
-1.1995342042624308
13.295337301063656
10.085291594482126
7.64958397182684
9.844291134363168
6.374345132821399
-0.742413899832227
4.717904243763151
14.051885585516782
10.549335483880272
7.323019232375711
10.89288563041477
18.979484865447525
20.83883634001667
5.945818318103354
1.3814932008250829
11.125200910807246
4.337016915485653
-4.744593481596419
13.581742038401284
12.77145904850311
3.007205009062211
8.497384434547442
11.63496869083357
7.094771692520643
2.7305736337286057
15.77119219049558
20.396398696425212
-1.2680529060705081
4.592278873535502
5.243076033955495
12.25968798588855
20.789769689657707
29.36175157349053
23.51782674287607
6.376973682017173
-9.470682252290276
5.305506716410059
8.192792774991261
10.034586086440594
-0.7967190513369555
3.451526122553198
19.851669586098474
15.893756456320736
19.276190816336523
2.058682378487984
30.408670945229925
14.147623331675383
14.960257785028302
34.869543077771525
29.240056799898852
7.178740650541742
47.35401726161667
12.021583011154704
28.516602665724655
6.194775605386964
31.733543107875107
16.244986565933573
12.6922833325734
4.8966495466025295
7.498922844682688
3.9599286771382083
3.1138608842220648
13.39134781571194
7.70600911081421
1.8453064553945286
4.165109045904205
11.982635762657228
13.485207038587554
6.551821361562494
13.580936392325645
0.16330124157505294
2.7762773381015227
15.714097776770132
26.418199929546283
5.776787325913259
7.8064580993969885
2.053610680433454
3.4185755838425402
10.33926779841102
12.087526369124557
9.71448663932009
6.26881949784859
28.68979655201733
12.924152801376753
11.44975671117862
3.2199645352329886
8.496316114770151
8.897000206928679
10.920832114474447
7.522289665464304
-1.4934427227645106
5.403392457907865
7.035214505378703
5.162759775657477
10.785384133264069
8.338835074693984
12.728362872639014
2.647492014098858
4.312277070374793
10.142652173971861
17.317810882560952
15.326381488099669
-8.670731549034159
14.653227094602956
11.143062753326218
4.702557818717742
5.721244088417861
10.78102171171483
26.567574752183784
11.627177090860227
13.436845644929937
6.9853269541001115
18.899179556662197
6.242137995592584
8.871567104724933
11.158979532307402
5.622553413712152
14.269989635212374
22.053631636727495
8.735595527515585
6.887805295445804
6.751045365915103
2.5393873735155585
5.49716985308004
7.764310848577531
5.549424263021921
3.550335538855353
13.318527126632675
-0.1463087006559099
0.9414355446294382
6.810412643467426
1.8569118894562022
-7.225840441818925
14.339414607900295
-13.494157509671043
5.729175130609241
2.7215262278772165
19.877640652096552
11.055752348062274
10.017330511374857
13.64364133633968
4.06728581789288
0.45043742057437286
7.405987896765273
9.891995438155288
6.49543824877055
7.36468588040211
6.122441003289174
4.548541817858668
18.74278400544914
4.86082318507405
12.31323683319558
13.5789279999125
7.8777803093391885
6.097271785195021
3.420245864645444
-1.579805884036109
2.9130726338064763
7.461726396830738
12.996009201365263
2.8776715807727693
5.904315215543752
5.089662641987297
-3.254691380720061
5.231772207092597
14.360468911257833
8.799186659773456
10.686847418220918
10.57841201720147
9.557782705624536
3.5889645736189295
13.02763806898637
4.8581937171642515
-4.966101020736369
15.72018173269535
-8.81273889791932
3.0809506259496717
18.267901756005905
10.377896745846737
0.9456969326746818
-0.7445029866088968
0.9630483308514008
6.001694443107661
0.990168398460636
10.471682340593473
2.657665543263738
0.31811163649861907
6.8795172557031625
20.250145859531123
15.186592200656898
9.117038855955142
12.825609823131005
7.047585739965082
11.068195156113632
11.067676264475171
-2.212776308087181
25.77001493357725
5.990093922694801
6.087886691314654
7.635732416544547
12.054746678462406
3.3380958311438405
9.637588065413315
-0.7838189945590928
10.672157746761687
10.412766241755198
3.650651874483487
7.980670195804216
17.337322386226464
1.2240526408971057
10.856205893308683
14.3894613309971
13.860654617468278
14.795765608371884
24.535676256499784
6.001757090938006
16.54436641413305
6.612819785138075
9.398565859429889
18.984320198745426
11.819520197569528
2.27080952104099
6.957787657156721
0.3587127472084275
2.169643973854495
3.6623316146307023
9.831954656472119
3.9185655852894925
8.640012384835579
-0.9070277950085852
6.1863827577280155
0.633628035790682
5.574390066797223
3.4205531521463253
2.320926948643935
16.12247471483401
4.595921927546115
10.74272718221881
4.040730498431284
5.023754570133286
1.0787523266471366
2.270716577677416
0.6377447066667069
11.837409334388925
5.081001292507947
5.289396141725304
4.806114245234339
6.666870819308485
10.284416828178903
0.8819306920133696
5.977221872218527
3.0376915169099745
10.536394260807532
8.675245505420683
6.088435759250439
-2.2139671937379144
5.656413269982785
9.251943751224987
4.947712298247888
5.083577660353463
9.029301627921138
1.7098089720362066
16.04999768234064
13.613784095674339
7.687074945045183
5.980883218823493
6.50061892657846
11.152556228945063
6.786843274324771
7.621046572145242
20.772363878359766
5.717973304868975
-0.5653370547189623
7.532393148450975
7.242347707598445
26.8992885130394
10.552460938398895
7.399300217599368
6.789615443514623
15.7696508982869
15.602185965399348
3.041164127696365
6.88022817814708
8.54183450493092
5.08923520998554
4.345743119740699
3.145916008038028
4.509739228281624
3.658113076591188
14.082452487367478
6.548007625308039
12.670155006290289
8.906346696900119
-6.174163341742615
3.927633733101592
-0.2976231823287401
12.872026678838315
1.0495322494166721
11.498348172938938
-6.743872062101402
7.237079975728982
2.018170397480549
7.148176297383424
21.143562153589837
11.604486309582413
6.8172002845163036
27.24212724387182
8.24537896474068
9.338299678039597
11.25728140306023
25.859430147231613
7.370940222600807
1.6931917880621667
16.65724016723694
23.75053746907782
12.492085475511164
9.346521307483847
8.496379041128273
8.961541149310326
6.8240605905024125
10.928639718813589
14.451137944370679
5.995245548868256
10.041733311140556
12.07252265405563
20.39112002835876
3.567843466183579
1.9409504839331124
1.9409504839331124
3.4803323245652495
4.916847130986648
4.0277694553705485
13.117234569922054
20.308061481794972
-1.5894347259948638
2.1692153922979522
8.915137293267172
24.071067351041922
1.4692248551131533
9.191788127364104
22.694173393209905
8.49871932596905
5.644612604038169
5.826304882009053
36.04364737758793
11.21933166182414
3.668232419508583
2.5855727882466653
4.459766419437722
7.301869675444903
9.329935216067172
3.867325537397533
8.311261751752294
6.181755586514208
9.530497264014642
9.408148378364674
6.339318266332222
5.293756616815144
1.584092348491583
11.539814139132602
6.851439805382277
41.792556879822186
47.038846535788224
14.56848361441538
50.92273624792614
31.82848658310989
41.792556879822186
16.49432325137512
17.934859403577917
14.480479714324245
47.038846535788224
5.482106896823602
8.635438000665802
10.559836679084816
8.331443192933875
8.267968561532447
13.86418401111838
11.18108046685245
-1.4378368100494179
6.744950344119298
7.529028094245149
1.7839938698754483
8.915972652422255
3.924632954732384
4.085162263755026
5.289313545119538
-0.5771184415126567
5.0709308823757455
0.2894486417346339
11.683135878773548
9.877858934993705
22.28035136267066
10.037333747284485
2.5526044519379845
4.1382181328921845
2.857356397506484
-6.059734124339004
-0.9751229780668458
23.253587233174994
18.51329825224244
-0.36511708307800533
4.407511952566118
2.6715418117130514
7.083829123967393
10.68318767172665
12.67198209487528
4.812868479145958
5.837975229973294
11.918067997786293
6.475803952005209
3.465588760910749
11.862494065478016
-3.2292870254630897
9.025040675293265
3.41213458305515
1.7538506455934166
3.5113851723790845
2.5764563981280864
9.64749521000666
0.13018935124735415
2.2619935614900926
11.46983963937883
-1.3070720434527325
-1.5013202052065133
19.82171254011041
4.1493104597517165
-5.624253128789778
6.76895206315352
9.39259901903329
8.578324071999136
9.303313627851772
10.32127857206195
5.357332367241228
1.285993419780074
10.270975134025502
-1.7573547323035736
-0.36254361777459837
6.992740090035038
8.88731797040166
3.771196355999617
13.625436686917054
6.837679284119992
6.767078268079238
9.27385144486388
24.983359499397633
7.600206172299579
12.037463914451749
9.222952051676554
-4.380296926455376
6.02193759086236
11.256681264691109
25.85012555276845
-0.578116810355073
8.190924197818289
7.324867854822024
11.947638713377025
1.8248849700793792
5.938374806617144
7.754892357636077
3.789277406508209
51.23805477611646
6.656140318642451
5.778991661802053
4.991516492856473
6.159355811346177
5.255926005169164
4.569313696420038
7.6277764689056236
5.043672129412629
5.5394963940169415
2.54685743726703
1.3504771556298845
3.1570590661168065
2.7736438818155245
8.223939006031099
10.828230078666872
10.720495316919525
10.625023685869056
-11.54628260079288
5.7973321692235125
11.984357548015328
18.557594754227868
9.141900196178437
9.934442651739031
13.99602693718249
7.5617332221001154
9.507510577197444
17.49867893806457
20.15317149066226
5.175952629591325
10.47028783863723
43.18263160802101
29.210821706542085
16.028369110727866
4.21599749473873
3.128960507025816
-3.484629098836375
1.9953549749738835
-1.2906080860844051
29.595114108724797
26.887082108599902
4.744696499133811
10.019373834749935
4.783825329947468
8.766284614471699
42.305351471707425
11.576400464892371
3.018730054404495
8.536691933026589
10.718686872180461
5.266894014872543
5.266894014872543
5.266894014872543
17.00341447658057
5.914020177378536
7.034351892940259
4.0745699992990385
25.89060847712772
2.3806142822710172
4.607723538597535
-0.0627954233208165
5.029417389876709
-16.727309734325782
10.72414480253201
9.069282810582903
0.8882041060980748
3.3469382272962207
19.913318669095133
5.48466752550322
-0.0987524209297225
4.06795119112744
14.062005767879816
9.933784550654638
5.813421863280883
4.57406432694946
15.246414393543956
2.379448422128331
13.537644631619912
13.256005417151835
25.695573921658223
9.595986497966507
18.226085419191822
5.367884396576926
8.160149194786342
11.287240083494865
4.6265093054543
6.527059504834847
4.2050490249822285
9.770393927570723
10.307565954756363
7.849808669243592
-3.1176514377092954
9.086642453009466
20.638360797061004
8.543129943048372
23.61600737501596
18.49175385588071
14.567503925016954
-1.931645796590984
24.583094430959328
19.018260252845074
21.35232599348042
14.604434518255124
5.427721504367085
3.5901378035825093
11.037618691675263
7.95923867434918
4.670798944082642
15.518249716211432
6.384630867101527
12.920492387149512
15.509481072523034
39.481423086865064
30.0160380245945
12.370275329626965
14.282890510300948
19.21996108210276
19.468259969022284
1.496077607283226
4.8385889450542345
19.753751963393224
2.812131011025776
3.5618096948289413
11.826249537167392
5.853630126458717
10.055379498719171
9.988720840922314
11.490583729517255
5.677828566003686
6.047417612301721
4.22075622462403
25.489271716856205
8.825190725067847
8.941065917487066
41.62279494070821
3.1730943939551906
10.59295482071952
10.13130471379322
30.26302373202738
28.83184225091892
4.921944184023367
19.499509147306124
15.951403461606692
6.940484607066947
10.29064589776832
2.8896875442339343
5.609972246728217
6.7580235813873415
18.12551910915314
10.131770964091801
7.81233636034947
4.905890562652306
3.915805081379714
0.9122969593512081
40.56033630733724
3.0122626305613194
9.130666146131645
14.255726397308953
5.60974275167486
23.757791972825697
9.516404321815465
10.578702541841755
13.947886219066762
-1.249379986141007
11.120288105632827
0.6618794854725348
13.9526201625083
7.928204844452383
9.534605569997662
12.70554433880005
18.14155524336976
19.41605121609069
9.570797043153634
12.020131269363533
13.90356453170054
13.974106431246678
-1.8838094517732034
19.305489404492903
21.262886351242567
13.324722011561166
16.18163527204279
11.45954214913415
19.632013111251947
7.933631249407249
4.998348355132222
20.893031318134707
26.512953727215127
18.23102640879603
10.70375655717571
8.787422707745353
13.618455819972048
4.471966065228853
1.1253022775591586
8.72842381966198
10.990152406062085
21.665550789113922
6.85135481816942
4.44210303327515
9.053714955756458
26.758572443585564
14.491339477414769
5.7452092102893735
16.51507888096712
1.8525116226557257
2.1655813483856736
1.8129782312291283
2.3720350276836464
25.629165175400225
21.427976932739146
6.213653466534773
8.442976680084184
5.08677768877048
4.270520341079808
6.759165395054535
25.7880386765034
3.134780268724733
3.6397157648532623
4.564611832356694
12.590787605291222
8.08742583366612
7.591041829384217
6.522410535463915
22.25875045669744
12.360444618585975
13.67021963403258
5.371130664081812
-3.083441790018672
8.389782389261816
10.718256734318876
9.052753876195466
9.51739869170703
8.298531173679306
-2.510879837781716
-5.713631325570896
-17.258105123246104
7.758293729982694
3.3243367862986157
5.996077211001976
8.984057576702327
6.466965987350673
15.385704445245539
11.520244392270447
1.3668008244995995
0.6879586237737187
10.378012958416532
7.19946179976543
13.76909025431257
3.861250515502421
9.203602143954521
6.560841967481722
2.0126884175537434
8.618422564519237
-5.2559952910574275
13.175794453777586
6.018423149797964
23.281677199332858
20.106688127141187
31.616974351051933
29.736614298671974
20.10211371533044
18.855242716905394
19.433416989357944
16.560773630346812
9.704481158613106
29.0109139274742
1.871707007625434
26.077366969270777
20.58950378193076
14.108866435725828
21.493864855652337
13.519886072908967
5.234556735697885
17.296261046748747
1.5698240680353286
3.1954872213268377
13.091872655795003
4.9368641717001776
6.0423790622132225
4.5208069032479505
8.51811864316315
21.68218241672743
13.272380376467204
16.32533308523131
3.60285452445141
21.509840391330425
11.863888230178269
6.439085531149355
14.96462107747797
4.179864788343474
5.37989707773252
9.954102268151788
1.6192944336424429
6.512861982345168
4.097878718430226
4.283808400969346
1.8879631875046734
5.890634388909248
2.6294804542648507
1.8879631875046734
1.8879631875046734
4.097878718430226
6.893367872405715
4.709912169589295
3.233375176798072
1.3780527349404499
14.366520431774903
1.216844401519128
3.087563246408274
5.211653149635759
2.3497698595884784
17.29046533768209
12.322860857636018
14.801500500463991
18.927996372849538
6.621395588558758
10.692307554797239
11.14285428551992
7.120442336232287
7.946146729240822
7.93508046629499
9.16954717130418
6.8891643379250525
11.45299185805948
12.048600337167892
10.436945332096059
13.562177113742507
12.059810870351448
11.721069694014716
18.730719566683693
-1.2397662395604019
-0.8671179533525064
5.064522418875534
0.8448947535920782
8.465979242554349
9.535944308310789
0.6957019631332684
6.329585992802003
3.4033350520663594
13.1537409523278
5.860501267356489
-4.991216645883126
10.41072166669904
11.623689409661198
11.302786574372101
12.099893861081666
13.116683827754857
6.026908000633963
16.827925894088025
12.208419674849122
6.174584326436445
3.537179921102167
2.1548383207789534
19.02228454753036
6.9910238612072675
3.5837878263418195
13.830156731281587
5.097717826748668
8.018347409846108
7.670553395717635
-0.9406618650399321
7.818411813728809
5.625017046061006
7.896219836360913
1.2986473425987728
2.3463486990052127
-0.42747978920775753
5.306434831955821
17.59597588044013
4.907021254248059
0.017726054793556906
-0.5282972199750884
5.228286527788097
3.9390415767715092
16.048036672341397
6.384462111165879
6.46289728806945
3.5737836139049706
3.1835200994391584
11.485973447319765
8.267434779235037
12.182260115051267
3.834513521601258
-10.849198010270444
-0.20905226047292835
10.909969680715772
4.531994259062789
0.5680356998129563
-1.502126310830517
14.853864797335861
4.607526007783942
8.1670974125177
9.61822326082868
7.334547689246897
5.883209441084727
13.628030157654793
4.825295405214878
11.190035241468529
9.130080441642502
10.050139766468954
11.973271223809636
18.445619566731118
9.885385743628833
11.319434903981168
8.446222813627529
5.048827755419182
10.084563163481565
3.466235552480176
10.071165120902267
4.551850305280558
1.4242423862585836
13.473571469967283
9.330836845066083
5.351259026948586
-4.832412016695763
13.523168883515897
6.561102604706987
-4.884566930747088
6.343813529889702
4.362528992116055
-0.9916760646638155
11.145593078634604
10.181447318106654
-0.5701721624798795
10.16277695399754
6.523584168500747
5.509995566287211
5.7773998030374045
8.37243332034853
11.06853466209576
2.679695527698348
2.089311123056019
11.392924913500146
14.274802795460497
11.59798710288249
8.613309052369594
7.224034708846706
5.876558719226736
4.084223356280845
0.7671897021685916
1.844186424121755
8.644347634332934
11.950587178349837
11.46557797499217
2.197471522105826
-0.9328662566480986
10.727857360389388
4.308996981322359
4.080412453799006
7.370497814807954
5.280327391166476
6.583489889255389
7.345794772420759
14.042111931329073
9.430862713175197
9.30439925712616
10.154410073176848
9.531382695213038
5.519587306539013
5.8128814933573505
-0.08022155278223664
8.267343438184232
9.599236897206755
19.73105856374268
10.221564296284484
1.5966760460241531
4.058542848180151
9.373613423671314
14.378235507943153
-1.3061227782894844
18.04168962973156
22.05361506204017
-6.117788499584869
3.1649479818879396
7.857960378335128
0.8760308997584019
35.831165983214476
-0.5170338463942822
4.581669468409033
0.6837983413061027
6.094967739970176
4.4504505904808696
5.447524685538061
10.015943236470203
13.341294501412795
13.39774791020128
4.410610819488906
1.7914759883364604
11.805963294626702
5.825699117346699
6.288647714178721
5.21145223943613
3.8151461616711844
13.006313880160956
10.475294963320525
12.147630260488931
18.280493626351547
21.83196852517092
12.721735234258992
25.142752690330727
6.817161063771028
3.7204979894239587
6.210889143957403
11.344145967103524
13.842845253020077
11.467675660851649
3.5293591154237856
-1.9737055352427983
17.3591344382071
4.853526426487689
9.947948295758254
15.558156007371753
6.771842712415817
11.47397296786362
3.131202891418072
9.23446210659746
12.459493902042873
8.586051942181285
10.455745085641668
0.3566155737626857
24.30503326953
19.870695435602098
13.373164474717264
29.050539208130267
7.3879678633250165
16.036639556305285
3.1080821689072677
9.204073035302205
8.425467222718986
8.690990063621733
21.292877331673463
19.251059782394556
7.282690047297826
35.97340732827453
2.0087964434258225
5.55405936056272
10.382751772053329
6.7458397184674315
21.292877331673463
22.154157199196085
10.86878851152896
14.93177552467068
1.63997372442042
10.794410903550151
12.242035935315755
2.537938825879284
1.3538297705839404
5.381755723831746
0.47475376205808106
9.036736011597524
3.000992501554725
4.6892773966893175
11.105729477032767
9.924787874231326
7.605672673547763
20.974839140438277
13.498714887794476
15.592420328922374
6.78477896314015
-4.57385876959962
9.447282406805359
6.081265338659591
5.164843325257367
10.029171240540123
7.664327130567019
3.3516655312659926
-4.159963491115002
4.876568530360864
16.5216820951459
22.11400849303208
21.991338506803498
19.522145353163925
7.970024384639907
6.282710155263988
4.098126682697089
16.406342334973655
8.902921210920699
1.6252752146473415
9.604164222596156
6.988353290037974
1.7920521270072822
7.1266724389381535
3.7239853628077535
8.982818700229172
17.22182555491603
-4.224475038681154
17.59923271387151
10.966759118174991
8.36378245344454
9.2163198760933
12.348299728793084
12.140081245747723
38.41306159760209
7.594877004606992
9.428422569966822
9.220900364004908
9.524441481229829
4.780316121764454
5.473816384085201
8.197636775286757
4.222624642872155
21.009083169243883
13.593925642100386
3.529687138243629
2.5442298684715707
0.9965917037788046
9.143967272682307
-0.2325694901886608
4.763930467621182
5.800235402463076
2.648786608776778
8.555122491518148
6.526430922753603
2.56302350127773
1.5214588519256411
5.093211571913995
8.197863966081394
5.404225864428448
10.856738761293796
2.2455717652891414
11.834640246742046
1.3055623399738172
15.765177175561735
-3.2106575161769855
6.249752689916679
6.38655357668671
11.501778218759252
7.304330881981129
13.296428905826296
9.367904181554838
8.873556019842539
21.44350181865282
12.515184177362437
12.446691881983662
6.91464868996312
11.887517651955305
10.644005494486157
24.560548078228987
21.219874467337373
14.89363397123871
11.989332439325363
21.599672711579604
15.057274899851317
1.3266556840858807
10.672594701846966
10.121922768799175
11.504360150154433
8.70413892581351
7.022257517976674
4.259644866855051
3.351117913689686
11.9665792577416
-2.434543781776561
8.512926668443598
24.878885384984507
10.462185827353268
6.044187097748571
8.425833154047572
6.423695930002978
15.552658429468003
28.180880625187648
-1.0174648276594278
24.601288766235953
3.777591304846366
22.43194347639744
27.67951706272001
47.5187793820011
10.938488311325408
18.76741980081678
17.861404773953684
16.941509482087426
14.259800170124668
20.282019147033584
36.374847480790486
21.690041170828483
-6.7780157060384925
24.912220356561527
35.06193554813331
68.89395373638767
9.447333689196329
24.499416635117523
23.60024564942681
19.24707531738444
20.57530831387148
20.86329770792859
22.76193069190895
15.267273995215298
21.49197337670379
14.96730035746076
18.205754529771113
18.056919257835336
23.145525390466577
-0.014936905154835256
25.125464909417087
16.550780851516762
34.08180632849102
2.4494356039270606
4.380992323814871
3.3387971800572633
16.616566160124453
10.006628254873373
7.9180897469569675
12.734289213938393
29.691054631749232
10.02325764759334
18.34367114293442
7.888110957291964
5.042769177881459
5.281707832649856
2.204239575293961
7.309357285649338
17.5999846822067
3.262576031223963
9.959888002005192
12.24757014128621
2.250777980431357
5.114547879328501
9.430390147266477
16.098469690032484
4.1145878482347875
9.297949662283163
6.532198693182982
7.03547367785477
6.539160488126657
5.163908572742724
1.8379928442823588
7.273749962386819
7.8950967257170745
-8.15638851008135
9.713846553136017
5.188038959948626
9.493355271658887
15.24345275002413
18.526788067927903
22.757971421438413
14.298876279988436
30.7939012076696
7.691919036392617
3.05032201845678
3.562363193594054
2.3367093186359837
4.600065481252747
3.4591872687995435
9.973984882534058
7.259999875497139
5.610403449544243
6.033953843547272
3.732841073550106
3.050282702993429
6.509222646623687
13.142300201819616
6.231927316948472
8.40646577941748
8.85358535493247
10.429997700969977
38.4508770563335
9.017979580734218
10.340931037646875
6.168514554945788
22.925436798589807
-3.50117603642168
-2.352109424119667
4.828827384851917
10.690157789253723
5.819531888261462
-6.0587894299524025
10.260956578950687
9.926898926230246
-2.4738010947333846
-3.190187276292932
0.9763956991665401
7.907543109583498
5.135279345480752
11.431953815575989
3.2605615725583093
11.067213382214655
-9.625997458852513
3.6295912855591244
7.154249678719989
-1.0975652834040137
10.808442895066785
2.562994924419673
1.1783350077955481
-8.567570904873481
4.925038418596848
4.7212641853643635
-0.29402547198988516
3.871698821025994
16.18888659225977
3.2538663033289654
3.3387971800572633
4.068290383837213
5.609846974266968
14.226023242018075
8.827577127377008
24.702214338130624
15.426563500102793
23.66095637069513
6.649850073095916
10.382076917468334
18.659011143856976
14.377563879896485
22.09433812771355
22.722246440721094
4.4953607741894945
11.78696753621063
21.37524252448129
-4.316045411105164
17.67641042567069
3.6875282800257243
5.157448892142979
11.825040253181374
5.457675360815713
26.709926943402493
17.762173780379207
-0.9778008723854612
33.50408894532036
27.583545681517364
6.653890555937076
13.260350366371767
7.415631414658423
12.347004451884224
18.258549924324935
20.27659585610651
20.0531931421586
28.366160474623403
22.70061367848288
30.45888243747887
2.902706261731338
25.436484997901555
27.485432641889858
23.838087960844636
13.038427213781201
21.913009081341883
22.54386073994753
15.71175567610555
17.289969243762886
16.574226098673556
23.26613457517901
14.924891266260536
17.571531192015705
11.224796347312179
14.728937932613084
21.61190816285302
10.39437218259671
15.284858632822338
-2.279639456152933
21.523015478673496
16.219231093128727
16.83119127876878
8.750537494281028
6.350966063194684
19.487257656645074
4.144945744805948
13.547794115903642
26.75760866757
33.53854118067884
14.57701699901149
3.8533878133545953
-0.8838238323079916
13.093313321444503
23.755881533259462
23.476246350830728
8.043561414540212
19.102360069188904
0.038974148446060564
8.005112698967519
26.584692031260765
32.76532263247297
32.34551371092584
22.2280906093938
25.76525997064161
24.428412510298134
23.171120802524026
23.11230973637622
0.6438131638142746
24.617179441862582
14.157680685878933
9.86839248356433
20.19290519869091
11.323118360473497
28.355934703591366
4.482953455219634
11.169449255297494
15.482931056213848
4.478959935233896
-1.919347970348481
-0.4004340381914268
5.309063335328492
6.3228237898002355
7.519417472547346
6.790812388174983
5.138780273105244
4.709084896990617
5.602435121419475
5.646337025495497
-1.7234804039397755
4.545287621278003
3.232883114649926
3.22434707566988
3.407017541844097
6.692728444719897
13.779682868151982
14.185225557489828
11.638228821908962
-6.539178152173525
26.748856166846767
4.088186757864086
9.30905262480695
2.7534209611441205
24.31584583102845
7.81488391741973
-0.9779332231214896
9.611928094951018
3.25725170380319
12.747556091855637
10.703924853430271
9.975966981818088
6.539848820243334
11.113639167801644
1.3058457521236824
17.359432384880797
6.216118854117139
4.041009184544108
6.783270977866207
16.948360395086606
13.47845436347485
7.070118616439177
4.0413913955411225
0.24102044077349788
2.433906286623845
4.068290383837213
2.433906286623845
1.8633394838325497
2.433906286623845
3.086719270326701
2.4220392868694702
6.615183326673044
11.977007888310052
7.95114141447376
6.736736814915968
6.22045065192247
9.551275905335098
9.0415006018486
-4.537500754068963
-3.986890081943735
22.65551113809219
7.592867791638278
-2.682029286357449
12.193733349775849
3.5489385367071185
7.8030450328948415
1.1373079245117739
3.2330315231582296
6.438334747489297
8.115764616193035
1.9737454138465207
0.07843632414018956
33.27880710984261
6.185234270768268
8.142377716808596
4.830599039532145
21.072266248634367
5.473816384085201
-0.18070969489828465
-4.379726213893074
12.126956356811995
9.355609302535973
11.405531599419733
10.956669532307522
1.4611891869574298
5.999997984327287
16.64787292966786
8.511811556228587
8.804330456086866
9.464812165656646
5.104854399707637
2.073368873095294
0.9375349895664586
3.5797523170077685
9.656295102022572
10.960161573113279
14.125909818910582
36.4668492996345
9.244899916095424
11.294302468767878
12.477192622172215
0.9052762489237656
4.615825733841284
8.408018292586323
2.6297175603435115
6.598275016104352
4.072926076422838
2.213976527575305
11.364440079767682
1.8014124288520024
7.371682021600906
9.544855066615499
15.853693010430565
6.755566260921956
5.85841975799566
2.9302866773952796
9.80912026152106
11.109129971368239
9.324074754201856
5.549062319681021
11.78411078260763
6.582450504077444
15.082382512928058
13.81802051719889
10.58376404001565
9.095397591855614
13.153640307355554
18.77859306783819
15.299595206574159
18.834653334237693
5.928910793067685
9.246534262553448
4.254791706205566
14.885740212056009
15.824977829787027
5.778662115989029
13.62708729709929
10.875505769445567
10.176294381625254
-11.082036814253302
29.97833163323404
14.01409386201439
-1.30714133964156
4.960575647684684
6.077543934631496
5.092585446045475
6.371061838614972
15.59164187485463
9.394686218383441
7.7332020946678455
4.60961019144917
13.554100102508993
13.395685449202999
15.473880752525043
7.930227448974837
5.320618068361373
-1.9096270678551808
13.888586192671772
6.342893441227453
13.60161824246599
1.4060381915900868
10.405752012168158
-1.1759504118301454
7.8068636369810065
14.006443742119101
3.11223864081183
8.80620101283284
8.738163772705656
-0.04002102129396051
8.828123948047772
11.008199455524812
0.7927892732592225
10.8355998436383
27.546908392018935
12.602608384460229
7.257783386091542
5.095990953872553
-2.7796255286893934
-4.105171279772735
4.944185948762375
2.786364309613755
3.989350887797808
3.286572016797912
16.66398967153437
19.49827419623296
21.828655778210294
5.660705646014099
8.658720814688433
4.915703710069785
7.376095149321667
11.601799629722416
6.817218464009516
8.340174458667418
-0.5021134793176858
-1.2535734646244185
-9.91381611531635
24.991140102051926
1.5629904984229508
7.870862510235434
13.064954150527532
5.460736229291966
8.300644095762609
3.774190092381218
6.450582045984467
6.132471055159444
9.039171042656264
6.34841933699364
8.300644095762609
7.877198685601689
7.501196206079528
-0.30420700696714337
3.5051920932851113
4.980823227871498
14.19077455558211
0.5219231623864493
5.928561390888219
21.086803788945698
18.06579501036458
19.251059782394556
11.234171215097367
22.90507390866068
-1.8779979038631478
16.920533941998
36.14743830757686
11.455723679150495
25.942894555711785
10.50350570531497
17.28938588526878
5.94412867858427
25.584835264895116
4.368039237760299
8.207629467431484
8.195338901347208
31.79792448230122
15.76919061402346
10.090003036542564
29.741065881564975
-3.755052217377389
9.167985266469106
3.737181793374947
11.8233039857663
2.2711040926247112
5.38146093693328
14.384119726233548
17.33508318054124
18.865131842645667
7.56147255257518
16.1427492323915
8.368215000099122
13.982690276385027
3.9180781872411194
7.498252019825386
12.174284584605148
7.438955904185774
1.735694908344712
0.4567718746259234
0.78150315230144
-4.233743204386632
-5.822253317658869
5.49058090162307
12.742810221008591
2.8623437316228135
14.716609122515731
-1.538296427978475
12.942379853877494
6.77638182385383
4.687409848049182
19.695605553797996
7.470833142531229
7.003174530848135
16.119748622285986
-0.9042635411327253
7.503711103048223
11.727614369319845
-1.3394399773755328
4.808965641285792
1.318831288313169
14.023441187659511
27.045474719154747
22.154832295353984
2.3461306846795953
11.700703316237938
7.5879654995227925
8.631410464824212
6.912486206407051
13.98070471487414
24.265568755870394
17.106872442920615
16.453553286538696
25.889440101363085
29.237856156752272
16.035948164619526
22.83111506021096
17.342201322051153
-7.895072129095329
-0.3951039068997144
15.603796544793452
18.38255627160323
14.109587923072628
17.21543138717411
7.94622846714626
1.6778194566451308
6.741385275200045
9.734128200463779
6.242330764397581
16.781355768190814
6.448173380287776
14.25806372489454
11.487367657119407
3.8218789154155233
0.5056994237746497
2.7325047315230413
9.26930151455545
10.287586885939849
7.171378559818066
7.134356118941274
3.836410079768814
16.848419438564836
15.223474962444758
9.287581670300888
-8.283793547464013
6.112658280173621
6.876844386268085
-7.259884726359369
8.106306528068858
7.9491918635375605
13.728751837143834
1.8087422858266837
2.365158579491361
1.8225513628498118
6.323035550753728
9.157173906201706
9.749418393588856
11.515469298064712
14.131387919225928
15.387201788814028
2.303838964658145
12.383609128994625
11.50450646084549
5.700764101455125
4.3156619081573
-5.0699728103478705
0.9238745078507888
7.363561002188728
8.95517391267685
5.994187049551937
2.95536263294122
1.8541615568886618
3.7476162324276907
9.40395567710972
7.417785058054026
13.538857471645185
6.327005800597191
10.53925274476865
9.478029707893182
4.975029964418744
6.007122679254933
8.598831598326887
9.925549710786678
11.194906142160617
6.018387772350827
7.46921454843121
14.704363216116038
7.052074388960901
-16.77329063335756
-6.176101051681495
3.9073543638105894
2.748473838529643
-8.066672399971331
3.7217125476146142
7.840462049372391
3.2546943020900123
1.994480980398025
5.4151551034327206
2.6810370353973214
8.997607454617238
3.5512500650944534
10.027473197695116
4.435795209049114
3.8000896996974305
6.979454379666941
15.514024745572451
6.207577273621314
13.868213064316135
10.872650574231574
3.349753609699956
0.6398422621135423
4.030923990162904
2.9201296594387722
6.139453394621411
3.74744645681349
5.941879384403965
6.87148132736221
13.130272662846062
2.0813490170160738
5.8368796000166
7.936145807331031
26.963197245506187
13.223601054044147
19.726954936243896
15.412804958759686
4.520222075129371
3.8505113286062658
6.7108209910449155
11.556927701864526
8.956290377245093
12.171560736387507
11.827315412842498
8.616057837214646
9.407632397765083
-3.040694477490667
2.1387856752181293
3.730135820705591
14.376591389967947
13.532730110575002
8.797937124191174
15.999629024807385
16.03879790335419
5.35041577770463
6.445770267187404
19.935140613597802
8.154543119465647
4.422331807429499
5.3767330710004755
16.753890487921844
7.645331138621033
8.76312216916198
3.7490218105034803
9.30712170094544
2.9321677782705633
16.441734581051712
8.345065958130114
5.196701933502508
4.344988736683382
19.08421767579055
3.4428007588279605
6.741141505176407
2.48223847178271
16.42268635517104
11.912919987669506
14.376820651498
10.017289399703724
7.969626750650761
2.438336997068517
9.152448435713165
-5.007010083896698
10.098797195378136
5.091809758078332
1.7311663468095695
3.2418482063769014
5.588222573849858
3.2095960096081164
12.255401148487202
5.925993138013535
16.60432632402021
11.970789622520869
22.971829366067535
14.184186404407326
11.725336137247606
3.7411169288207917
9.244426096687738
1.1012524533978392
10.349891453385428
5.673734290174444
9.764508894722459
12.552028799651028
7.0489074713195565
7.614503924622118
11.671843172965719
11.069542454925612
