1.717199392841848
1.6642706715564244
2.0583724340127523
2.6843347364375196
3.293789357449783
2.5282706673454434
2.22279409708831
4.41098545916752
2.479852405274732
2.136210977387014
1.726940730234345
2.4927029136358523
1.658374157697624
2.1182345496714836
2.168903258746697
2.067401191150209
1.3308443542452781
1.8323355189690007
1.5212287120059853
1.8677726178780483
1.822817881505134
1.2637741404994307
2.086271378078267
1.139461643172292
1.944618615282446
1.7964468822800383
2.1845843399369413
1.0785720477155687
2.2608585820446034
2.3663568522462946
1.1358311854098928
1.5378906924574596
1.4773288520193912
1.5813668590764598
1.9933071989663582
1.0471977880948777
1.150889412926894
1.6710339344979623
2.088146913676573
1.61737726032338
1.4168848871831572
2.1034951622718023
2.701242575629581
1.5863879671207335
2.170814180624585
2.307838392672388
1.7319201569663214
1.1926581610356324
1.6720321410523225
1.0387799409632867
1.490412799617951
1.503035602027975
0.6923184463646528
1.2001621792407515
1.625227819404933
1.4488066564132762
2.1172431693324487
2.0030021224188506
1.5059081425114427
1.8798445955883263
1.5972820391695484
1.0901921929332636
2.2760645393683037
2.074610119331211
1.788513773573574
1.755030805403671
1.5673410679589348
1.3218222490353757
-0.0972601518306333
1.2668280092464939
2.150887452656012
1.6467630852119646
1.9734098875609356
1.6258698130754938
2.4050708489760684
1.9458822496696127
2.090479962120097
1.2727644375114895
1.5106806068585592
0.9959657502495454
1.1120865450218869
1.7844417285250025
1.4735965776010884
1.684274390371956
1.4609814149274343
2.4503853164715537
1.169848585139364
1.757295224079936
1.4865994449940618
1.4776371188373014
1.1799822625075942
0.9191399967358261
2.378126233522451
2.159171460219101
2.2031141564279944
2.1055058793752903
1.1753618682169347
0.9483264366153177
1.4566202514252287
1.558476063590139
0.8209672486831914
2.564879665862971
2.484746004624472
2.609105934954157
1.2167344226858359
1.3010844863044215
1.9365149075274215
1.0838190243575572
0.9599322849892474
0.7928699117769035
0.7227306055719355
1.2132628416802893
1.8032605934636
0.6646387823877321
1.4022121203282494
2.387515539301886
1.1717973651972038
1.3825862852957689
0.49581356317825587
1.0377473628575027
1.151325058519989
1.1528513239260243
2.3359652480717363
1.4404760805446115
1.6863366072611377
1.5112676840614263
2.142162412172539
2.2671589420811316
0.9077629458217478
1.3868905515316463
1.9430301228580724
1.3683201115078658
1.7472565643570683
1.0981656057300475
1.2368055311406945
1.8702752913336411
1.1695773331498265
0.8406661726702971
1.6910031875919511
2.3764515251961673
1.4089970684658097
0.922183372790229
0.9995865603714911
0.7947146595408221
0.9389624462172773
1.5751914269426517
1.376348063499438
1.186943914784124
1.6610666203727802
1.197361458603729
1.6863630446319773
1.5936635735108744
1.4814516904246435
2.171731858674203
1.7689405329744197
1.6473218602116055
2.2270608454557848
0.6092272830962813
0.7774561464604839
1.354321673480266
1.3471176334388237
1.4621558060960782
1.9217311230497605
1.061545691373299
2.110764773668677
1.5539054598952498
1.4909709349815328
1.609147989300727
2.0234521423032352
1.480922244061055
1.5400108493690894
1.3506645406781908
1.6402036666839823
2.1302127772956583
2.491661340376523
1.6537659313769741
1.5697591961525557
1.7503842026376555
1.7425013112000394
1.809714302217996
1.436194412168736
1.5275672856352158
1.756719777207421
1.755175297815279
1.0770751935954967
1.0174300009493535
1.0891579761485501
0.40353278697131034
1.3053628005515072
1.3706321022668337
1.150118725346197
1.1572821576099985
1.4592724179556384
1.394385515234502
1.1294928906187423
1.5698770170082537
1.640118615945846
1.6358353524156588
2.330810116832274
2.0286073571384216
2.0407623568957134
1.6702974555469823
2.5900001893431224
1.9775388614660212
1.7993310835282832
1.7000920861277051
2.3689825765965775
1.9376575310013222
2.0716549270397424
1.5866699145067875
1.5653703684372127
1.6152122874358588
2.0891565672360275
2.179505922505127
1.1035090243863925
2.3577691881287715
2.0131827518361227
1.7483949158969674
1.2981749692159854
1.9539293949250403
1.8687792256799445
1.4641431523254689
1.035036948134145
1.667613985813334
2.0964063739243466
1.4502024965962597
1.0804387950422922
1.1999408409751988
2.001678176945526
2.4403794059907993
1.5347058320575606
1.7185315233640717
1.4633076392147846
1.509972649276367
1.4399185395341012
1.2294033793909038
2.3171450007130003
1.7367829481807964
1.3493039496086814
0.8196459936347489
2.388399939716707
1.6750115976509976
1.3018519657311092
1.689306939925876
1.8382388352788435
1.671122283486344
2.00881481572613
1.9305700486313166
2.1887540021114695
2.6132245430070014
1.7690701212034767
1.6366511942653208
0.6252678321972522
0.617300658562526
1.3764878097705817
1.9949155991776264
1.4074614690121503
1.786477586371577
1.3510715520100482
1.577255494202804
1.6341863052162644
1.8411945590442707
1.5345056953292193
1.7329338749634242
1.9871739154393193
1.6433434853821378
1.8905244927822609
1.7021329994028063
1.2264896248825639
1.4875805438971619
1.11741510121824
0.9471880162792938
1.317468835287329
0.5949710473120144
1.8930766109868125
1.1465515513776239
1.3635393527885606
1.483367001219358
1.0979076766939202
0.8220365136741997
1.497177526131809
1.0925831006000124
1.3888110085476462
1.3616283389804058
1.5456519341293689
1.8235706219049521
1.7166292096483027
2.5086337359761544
2.0539550281248915
0.8241354081018275
1.737626987737203
1.753509467778133
1.4428227446707467
1.5215618686840422
1.7042236009089895
2.2538482781692677
1.9885762922618477
1.1712647652079473
1.120314117379291
0.6821525724412095
2.157692778583296
1.884075854018874
1.213784091484755
1.2929189379413426
0.826488768004938
1.182248527035321
1.37638532954999
2.037622903837937
1.2707989501526535
1.4782908161201873
1.6280759549528026
1.3391969237848116
1.903716751024294
1.614088572127892
0.9926396306392663
1.626665205342288
1.7126671415466113
1.6330596160328528
1.663259801435729
1.837616933265764
1.1728405252503944
1.8805117690404538
1.2515502854298515
1.6727268263666075
1.100682726163963
2.2956029045824713
3.5094863067714845
1.5423148476414412
1.8216335541067101
1.5623154634167025
2.3611041406434023
1.3305112939998036
2.5106236330156966
1.5061466664308807
1.7458177452124908
1.5506899319567777
1.7482145482991698
1.2354805375392615
2.167878267037052
1.457774546224148
1.2001190431573379
1.2823906615091896
0.8991198825414037
1.4563622012833937
1.1120551645030265
1.2173718043016388
1.6269244147063517
2.1878822462997487
1.914276841807899
1.3811027326458487
1.6711265085562483
1.3970875913194656
2.036336341839706
1.4928424070175783
1.1065301234811316
1.7105527927832196
0.8840389955833287
1.3616583402838174
1.642348621877861
1.6063132675073728
0.7425199591292588
1.3290062164731613
1.2434371217692668
1.4899097371076961
1.55959189886642
0.8601013716896413
1.661481885641204
1.7501132452099344
1.611888732361609
1.8110736095610895
1.8475144941646913
1.0313166532541342
0.7966348636662961
2.343290734451318
1.4281071742255136
1.4115307272856463
0.832093123338659
0.8695928506676374
1.1477771408924782
1.3763334879817544
0.986721541162739
1.139018873065227
1.3716540809835807
0.9878451391672813
1.2355519851981007
1.3367783106962146
1.6507685647927162
1.1753259244058403
1.8273686920365129
2.112326086933007
2.0413570243854435
0.9031843783835503
1.6665717470299803
0.7178635552022793
0.8764199357345503
1.3350151732838498
1.5683523160540866
1.7227592937168876
1.5828561827139218
1.6882170976071582
2.725009713883648
1.4354760854859117
1.6470916702470888
1.4241072054159138
1.5963133544931827
0.962149636413936
0.018170230412215327
2.0224552270581917
1.4361248002443552
2.336704793320505
1.0934970945376787
1.1689746259790286
1.6116774139079468
1.6728758857111503
1.7039782838653534
1.4371622012837215
1.5949419401725478
0.9818425120594317
1.1990669649688186
1.679131771867096
0.9432050641146577
1.1388671409840017
1.9379195033593621
1.1843116494284756
1.2199594968782774
1.4301564784200795
1.1668736349940985
1.6421237281692127
1.4547537555864094
1.1844539505291567
1.3925700782836796
1.8229409269661212
2.1882296469265863
1.9185760596062558
2.326291274721654
1.9771693626310807
1.0716820814967931
1.0020138875787343
1.3258324052174975
1.5161661906005293
1.433091782794634
0.9372026883314204
1.4615621221350672
1.3314449312615049
1.0188806174695986
0.9067530740680757
0.8372722849588867
1.3640572897958774
1.376063357230638
0.8293547067646723
1.494030986144292
1.0646064128702195
2.0793485217726455
1.3625561099963253
1.228520413992627
1.525909371217728
1.1856572306236208
2.2407791738814913
1.4212661657198582
1.2840362866626067
1.797311047676863
1.236578787062067
1.5487806098020578
1.6365841340185887
0.7545820235206794
1.3596160049501291
1.59302476310986
2.119345696818586
1.2737875848102218
1.1533032723962708
2.1010866621898074
1.9787779201424527
1.6123102044525313
1.6091958237687893
1.5337421933410282
1.2236307787134084
1.7772750557130952
1.7642701675358734
1.808784388871289
1.5987540288608366
0.8038666368934084
1.6510671566064559
1.246291603930558
1.265895873171423
1.510940903865921
1.4576583355036539
1.4074896096143015
1.56956809891811
1.6824755658989388
2.054450272070413
1.429724449698929
1.1146239103041145
1.059620118099769
1.4279648879675122
1.7768045120543996
1.7393914744425212
1.3919215875163313
1.7634340484506743
1.1142882250721011
1.565435765127839
1.4487602851880175
1.1429078590267845
2.223345199911159
2.149316838489134
2.349919693624389
1.736590781797445
1.41026762312665
1.7020606584866445
1.451804816191791
1.3537716080770332
1.2677579549904485
1.584492867276781
1.100092386524581
1.3765149751844796
0.9695068535201139
1.023897607584918
1.3778636413656271
2.0288059034010857
1.5366567599708694
1.565528971762854
1.2430403415493758
1.552038653405888
1.7298118419254989
2.001362689976574
1.202083409185707
1.3875846644337961
1.3787884987312895
0.9717896760243054
1.576997370636881
1.153843252153443
1.361234460504804
1.5110900312216082
1.603420232439285
1.4326915443928403
1.3556744839885122
1.664493510083656
1.7319636389167297
1.7296391955237875
1.2003509339515466
0.5926997757434627
2.004482887328279
1.832562154425741
1.6992964989244315
1.4481810487225848
1.773428941447984
2.2612429120550006
0.9830488239480331
1.1453772073338215
1.583122012442662
1.9307815554473826
1.1629378078085153
1.7658991204295633
2.432465796030506
1.3879354627084255
1.9107110632241677
1.7347518897959127
1.7760024901851792
1.3208372446487013
2.1887869667496944
1.4843205178593784
1.571883751058286
1.1941287941061915
1.5406698403066352
1.6132175653715721
1.6719658837520983
1.8531771511973019
1.105040422587121
1.9451015443475748
1.766173776076855
1.2899169823221843
1.2809168331021459
1.448764986063754
1.1914744503131967
1.8021286566668766
1.7058042238004698
1.5995730388543197
1.677255381167308
0.9433280560912242
1.8386561558582097
1.4577333040170228
1.7517441874217408
1.5919371881063746
1.4670304419924158
1.0776387803271807
0.6896821302135737
0.5883335233807262
1.1401471090833797
1.3474567093116037
1.8264353031783092
1.2608535906966465
1.6232334194557625
1.941562562068718
1.0208745528784093
2.152300946914842
1.0774414440687
1.7603274425902282
1.019739228906122
1.5418429720621198
1.3387077510723766
1.1522059098996404
1.540447794411981
1.3313638332831976
1.7843756287603931
2.229572188029376
2.173852678041249
1.6959672904691792
1.8357970266184878
2.067288075647503
1.8911615030433189
1.8445022284582735
1.7689144035880378
1.4476971533075922
1.5378380952789266
1.519235601037288
2.8182748036861316
2.063128181482628
2.221537961361638
2.09065725734101
1.3430689424727296
1.638333505420312
1.7543405454770868
1.8403464368669793
1.1369691153401855
1.310581497852906
1.3428932139510414
1.3881450922418535
1.756689431044098
1.6917022517291729
1.8187208170725389
1.7819361827309703
1.2997939910020628
1.833249796801326
1.594055403280605
1.2968905214501736
1.2478435157289052
1.5842531028031537
1.1676913054680165
1.9056762572888137
2.168260261763811
2.1101960663501567
1.277139572722334
1.1098823029280125
1.6762315163307817
2.098513802970374
1.2110482706012244
2.082936091311227
2.333705951751641
1.5368778628032447
2.0698593915701053
1.4182229253167813
1.252835714855015
1.5712099898434482
1.3667159031558753
1.6765074780014904
1.4648016756799136
1.3006016104968992
2.170456000107722
1.734345270316561
1.7158667761729745
1.3006661754716626
1.564865680649155
1.4808967040648806
1.4229183567375574
1.8748280372748058
2.5564004164672234
1.4685163242872241
