1.0
5.0
3.0
3.0
1.0
3.0
3.0
3.0
5.0
3.0
3.0
1.0
8.0
3.0
5.0
5.0
3.0
3.0
2.0
3.0
3.0
2.0
3.0
1.0
3.0
3.0
3.0
3.0
3.0
3.0
3.0
3.0
1.0
3.0
3.0
3.0
3.0
3.0
1.0
1.0
2.0
5.0
1.0
3.0
1.0
5.0
2.111111111111111
2.111111111111111
2.272727272727273
1.76
2.4545454545454546
3.0
2.4545454545454546
2.4
2.4
2.111111111111111
2.3333333333333335
2.3333333333333335
2.3333333333333335
1.0
2.272727272727273
3.0
3.0
2.0
3.0
3.0
3.0
5.0
5.0
3.0
3.0
3.0
2.0
1.0
3.0
2.0
3.0
3.0
5.0
8.0
3.0
3.0
2.0
3.0
5.0
1.0
3.0
8.0
2.0
5.0
3.0
1.0
3.0
3.0
5.0
3.0
5.0
3.0
3.0
3.0
1.0
1.0
3.0
3.0
3.0
8.0
5.0
8.0
3.0
2.0
5.0
5.0
1.0
1.0
3.0
3.0
3.0
2.0
5.0
3.0
5.0
3.0
1.0
2.0
3.0
1.0
1.0
3.0
3.0
8.0
1.0
3.0
2.0
3.0
3.0
5.0
5.0
3.0
1.0
5.0
1.0
8.0
3.0
5.0
1.0
3.0
2.0
2.0
5.0
3.0
1.0
3.0
5.0
3.0
2.0
3.0
3.0
5.0
1.0
1.0
3.0
3.0
2.0
8.0
2.0
3.0
2.0
3.0
8.0
3.0
1.0
2.0
2.0
3.0
1.0
2.0
5.0
8.0
1.0
8.0
3.0
2.0
1.0
5.0
3.0
3.0
3.0
3.0
5.0
3.0
3.0
2.0
1.0
3.0
2.0
3.0
3.0
3.0
3.0
3.0
1.0
2.0
1.0
3.0
1.7826086956521738
5.0
1.0
3.0
5.0
3.0
5.0
3.0
1.0
2.0
3.0
3.0
1.0
5.0
3.0
1.0
1.7391304347826086
1.0
1.0
3.0
1.0
3.0
1.8181818181818181
1.7826086956521738
1.826086956521739
1.72
1.8181818181818181
1.826086956521739
1.8181818181818181
1.7391304347826086
1.76
1.8
1.8
1.826086956521739
1.7826086956521738
1.7826086956521738
1.76
2.0
3.0
1.0
1.0
1.0
3.0
5.0
1.0
3.0
3.0
3.0
5.0
1.0
3.0
1.8076923076923077
1.7826086956521738
1.8181818181818181
1.826086956521739
2.0
2.0
1.0
3.0
3.0
1.0
5.0
8.0
3.0
1.0
2.0
1.0
5.0
5.0
1.72
3.0
2.0
3.0
3.0
1.76
2.0
2.0
3.0
3.0
3.0
1.8181818181818181
1.7391304347826086
2.0
2.0
3.0
3.0
3.0
5.0
3.0
3.0
1.0
1.0
1.0
1.0
3.0
8.0
3.0
5.0
3.0
2.0
2.0
1.0
3.0
3.0
3.0
2.0
3.0
8.0
3.0
5.0
3.0
1.7692307692307692
1.7391304347826086
1.0
1.0
5.0
3.0
5.0
3.0
2.0
3.0
1.0
3.0
1.0
1.0
3.0
1.0
1.0
3.0
3.0
3.0
3.0
3.0
3.0
3.0
2.0
3.0
3.0
3.0
1.0
5.0
3.0
3.0
1.0
1.0
5.0
3.0
3.0
3.0
1.0
3.0
8.0
5.0
5.0
2.0
3.0
3.0
3.0
3.0
5.0
2.0
1.0
3.0
5.0
3.0
5.0
5.0
5.0
1.0
3.0
5.0
3.0
5.0
3.0
3.0
2.0
2.0
3.0
3.0
3.0
2.0
2.0
3.0
3.0
1.0
3.0
3.0
3.0
1.0
3.0
2.0
1.0
3.0
2.0
8.0
1.0
3.0
5.0
2.0
1.0
1.0
1.0
2.0
3.0
5.0
3.0
3.0
2.0
3.0
3.0
1.0
2.0
3.0
3.0
3.0
5.0
1.0
5.0
3.0
3.0
1.0
3.0
3.0
1.0
2.0
1.0
2.0
3.0
2.0
3.0
3.0
5.0
5.0
1.0
3.0
2.0
2.0
2.0
3.0
1.0
1.0
3.0
3.0
5.0
3.0
3.0
3.0
3.0
5.0
2.0
8.0
1.0
8.0
2.0
3.0
5.0
2.0
3.0
3.0
2.272727272727273
2.0
1.0
1.0
5.0
5.0
3.0
3.0
3.0
3.0
1.0
3.0
5.0
3.0
3.0
3.0
1.0
1.0
3.0
