4.1484375
4.87719298245614
5.929245283018868
5.858638743455497
5.074829931972789
5.552147239263804
5.792899408284024
5.294736842105263
4.852112676056338
5.233333333333333
5.7451923076923075
5.380952380952381
4.643312101910828
4.932291666666667
5.0
5.8584905660377355
4.894736842105263
5.971830985915493
4.522471910112359
4.930555555555555
4.717391304347826
5.136094674556213
5.615107913669065
5.52
4.940119760479042
4.503225806451613
5.739130434782608
5.983193277310924
5.133333333333334
4.435028248587571
4.148148148148148
5.6091370558375635
5.046153846153846
4.815950920245399
4.566666666666666
4.531791907514451
5.791304347826087
5.858638743455497
5.382352941176471
5.15566037735849
4.790697674418604
5.771573604060913
5.754385964912281
5.632034632034632
3.8988095238095237
5.581005586592179
5.983193277310924
5.233333333333333
5.472222222222222
5.773333333333333
5.680981595092025
4.757575757575758
5.6683168316831685
7.7898550724637685
4.643312101910828
4.989010989010989
5.7451923076923075
4.656903765690377
5.491525423728813
4.522471910112359
4.063291139240507
6.602189781021898
6.744292237442922
4.671232876712328
5.232044198895028
5.616379310344827
4.735714285714286
5.820276497695852
4.650602409638554
4.531791907514451
4.531791907514451
5.08994708994709
4.87719298245614
5.792899408284024
5.2993630573248405
6.602189781021898
4.95483870967742
4.87719298245614
5.333333333333333
5.380952380952381
4.6440677966101696
4.912790697674419
8.033333333333333
4.930555555555555
5.439024390243903
4.6440677966101696
5.398230088495575
5.6683168316831685
5.472222222222222
5.087591240875913
5.581005586592179
5.237288135593221
5.294736842105263
5.616379310344827
4.87719298245614
5.097435897435897
4.1484375
5.691860465116279
5.8628318584070795
6.048780487804878
5.491525423728813
4.4037037037037035
5.6091370558375635
10.08955223880597
5.157575757575757
5.136094674556213
5.751552795031056
5.315533980582524
6.6
6.096774193548387
5.125
5.538461538461538
5.046153846153846
19.46153846153846
6.515151515151516
5.157575757575757
11.225274725274724
5.8584905660377355
4.930555555555555
4.643312101910828
5.966666666666667
4.656903765690377
5.074829931972789
3.696969696969697
5.2993630573248405
4.4156626506024095
5.233333333333333
5.233333333333333
4.615384615384615
7.968253968253968
6.752293577981652
9.5
5.554054054054054
5.6683168316831685
12.052631578947368
5.074829931972789
5.097435897435897
6.36231884057971
5.43
4.912790697674419
5.883838383838384
5.632034632034632
6.237623762376238
5.422459893048129
4.884057971014493
4.825136612021858
5.930693069306931
4.95483870967742
4.063291139240507
11.736842105263158
4.543956043956044
5.121212121212121
4.405750798722044
5.0880829015544045
4.648854961832061
5.655339805825243
4.557575757575758
6.9067357512953365
14.365384615384615
10.488372093023257
4.243523316062176
6.752293577981652
6.109243697478991
5.889908256880734
4.757575757575758
4.635593220338983
6.123076923076923
6.0271739130434785
6.592760180995475
5.0
6.237623762376238
5.294736842105263
11.055555555555555
5.63063063063063
5.085714285714285
6.36231884057971
5.074829931972789
7.161971830985915
5.469964664310954
5.655339805825243
7.7
5.791304347826087
6.490291262135922
8.31578947368421
5.454545454545454
4.503225806451613
4.825136612021858
5.8584905660377355
4.735714285714286
5.616379310344827
7.310344827586207
6.081730769230769
5.380952380952381
6.038910505836576
4.509803921568627
4.825136612021858
5.43
6.081730769230769
5.632034632034632
6.490291262135922
6.237623762376238
4.482539682539683
4.504885993485342
5.233333333333333
7.895424836601308
4.976470588235294
6.237623762376238
4.2727272727272725
4.566666666666666
8.223529411764705
5.626666666666667
4.649635036496351
4.6440677966101696
4.650602409638554
5.085714285714285
4.719230769230769
5.085714285714285
4.932291666666667
5.033980582524272
4.87719298245614
5.43
5.6091370558375635
5.671361502347418
6.925
5.112299465240642
5.382352941176471
4.4037037037037035
4.757575757575758
4.940119760479042
5.203947368421052
4.940119760479042
8.618881118881118
5.792899408284024
5.157575757575757
4.88
4.656903765690377
4.623376623376624
5.472222222222222
4.825136612021858
5.6683168316831685
5.136094674556213
5.771573604060913
8.009345794392523
4.522471910112359
4.623711340206185
5.398230088495575
4.804469273743017
4.543956043956044
4.656903765690377
5.2457142857142856
4.522471910112359
5.867469879518072
5.333333333333333
4.522471910112359
5.888888888888889
4.804469273743017
5.136094674556213
4.767441860465116
4.623711340206185
5.294736842105263
5.751552795031056
8.0
5.554054054054054
5.469964664310954
5.691860465116279
4.504885993485342
4.825136612021858
5.63063063063063
5.626666666666667
5.422459893048129
5.652631578947369
5.8584905660377355
5.576158940397351
5.398230088495575
6.196078431372549
4.566666666666666
5.136094674556213
5.977401129943503
4.852112676056338
5.276381909547739
5.285714285714286
5.121212121212121
5.5
3.696969696969697
5.615107913669065
5.382352941176471
5.310344827586207
5.726315789473684
5.683168316831683
4.063291139240507
4.648854961832061
4.825136612021858
4.88
5.276381909547739
5.472222222222222
5.033980582524272
5.456410256410257
4.95483870967742
5.203947368421052
4.88
8.447257383966244
4.912790697674419
4.4353741496598635
4.431952662721893
3.9466666666666668
5.552147239263804
5.237288135593221
4.815950920245399
3.696969696969697
5.889908256880734
4.522471910112359
26.0
5.63063063063063
5.576158940397351
5.889908256880734
12.5
4.75
11.244444444444444
14.76923076923077
16.032258064516128
40.0
8.2
5.085714285714285
4.87719298245614
5.127906976744186
5.237288135593221
4.4353741496598635
4.912790697674419
5.287356321839081
5.15
4.531791907514451
5.726315789473684
5.620320855614973
6.860627177700349
4.566666666666666
4.431952662721893
4.063291139240507
5.617647058823529
5.8628318584070795
5.6683168316831685
5.454545454545454
6.464285714285714
5.074829931972789
5.726315789473684
5.9188311688311686
5.074829931972789
6.44758064516129
5.237288135593221
4.757575757575758
5.121212121212121
5.237288135593221
5.554054054054054
8.009345794392523
4.930555555555555
5.287356321839081
5.977401129943503
4.757575757575758
5.691860465116279
5.6683168316831685
4.482539682539683
4.796511627906977
5.683168316831683
8.0
5.655339805825243
5.1063829787234045
4.504885993485342
4.884057971014493
5.287356321839081
4.912790697674419
4.557575757575758
4.566666666666666
6.048780487804878
5.074829931972789
5.463768115942029
4.988095238095238
4.5
4.790697674418604
5.046153846153846
5.233333333333333
5.6683168316831685
5.074829931972789
5.333333333333333
3.8862275449101795
5.581005586592179
