1.7626358309192884
0.6203551278921082
7.34534670617578
6.621400814740272
3.8137405533331497
1.680855105078218
5.307165782397033
2.129277174639395
7.143207632739864
5.002010414987784
5.5109425847209055
1.992923222656169
6.034843162264796
3.496963988045391
1.6873996433533067
1.99507156566714
5.999959748996749
5.299974279873701
2.399478258220506
8.10772518824496
2.5558322857521096
5.34916023733614
4.371212811044701
0.7740429951414449
1.5266793671495171
0.5347108687011526
4.96813716458883
2.6883846010693606
2.7040199027611678
2.689423466711322
4.144494111899711
3.19271179213517
3.916597033615817
3.419248021113252
1.5388190035210945
5.484241161814541
4.587249331744522
5.192373733432097
2.7817533734477093
4.703122760173358
2.167538760923184
3.893208644044288
4.047726774147449
4.723319438266395
6.290555076403723
4.841989174792558
4.0842243799219915
4.737866776976709
3.970456708039264
3.7417109704396285
3.075765582889487
7.956440571170099
5.576677788212542
4.275827234447879
2.3191794867896425
5.1088400007693435
1.4182145478274277
2.233563781387649
5.090692623884291
2.8786366543726634
2.179024957031018
6.749004113862701
5.143046342598559
5.797340330798937
0.658537703939818
3.722627504089004
0.9007934741698371
7.028661485769514
3.733558726848562
7.983096047316904
4.418867972616918
1.2101797329362234
4.054306349090689
5.934105136579804
5.585660957184356
1.1834722154416422
3.609870678494021
2.6429822462887564
6.229193315031301
6.091842604326128
10.00834494463233
5.353532706235261
10.837537870953437
7.646432288865878
3.3170930611970664
3.0567363452295715
5.346893790838492
3.3817638544933035
2.5812237134129727
5.410243555750185
3.3229544708584897
3.883554191566036
2.9869549844070264
5.921139013615917
7.9122961968724
9.43278070505899
2.1045678503148935
5.367367822894234
3.8046369023769864
2.9310618615991055
2.3362677069867908
5.198683584187735
4.406171386081264
5.426480502843534
5.531133791310469
7.103107335426177
4.01666925235571
7.307493612109243
4.904585812207383
4.44073848427594
4.098084858218141
4.702155231328077
5.166314748222555
4.378040664482562
12.406798769561176
4.103341325586419
4.286950334230469
9.574888162056329
6.173999739213849
1.3660799924742126
3.8318875179025325
4.790461374251914
4.607925665295724
1.0669808547093858
3.3568015426355466
4.3855305927911346
2.0811057032006675
4.329060494862275
1.798906689155906
9.948355649692225
10.73263589894741
8.35803252143126
7.889752344064596
4.586222835825007
6.679475396850399
8.231694874387147
2.006428711565269
5.708831630422292
3.1118793236163804
5.230492531764249
7.555654695576587
8.154851114049952
6.778725178518207
4.1888683208420865
3.55744060648459
4.094135013168694
9.15266012198421
2.7660229586195753
6.552981335487793
9.72212202187442
2.949870011779735
3.782943015516318
3.405074652385516
1.99955425773353
2.049224488291616
1.5670628123936727
3.3891437271943126
4.429484460994089
11.75991382980247
12.4758002293973
4.917110811942253
2.3731286507335163
4.908490174778717
6.171157724450687
4.460703450316443
5.586985313545097
6.812990349122716
2.3338236347856225
6.167207931313373
4.223563482494164
7.417145428602858
4.610490832594209
7.832895936571006
5.483061628359296
4.844871858150307
8.673706722935519
6.552693292394257
9.495360128772713
5.373843933306986
3.810124348477963
7.629126295731501
5.180993672796334
4.481097328838311
8.211742845965338
4.282443195666032
5.8423420123273875
4.821708086570129
1.7267814889560302
4.4421824595288815
7.285388732659501
7.950368092882179
4.106000287826046
3.559022571143744
3.1142293895486186
3.259445543685223
0.8367369618620212
1.4198933844722355
2.777609518678367
4.5836708300174775
2.8630219313777303
2.2208388668721883
4.380675904136358
4.511059584958035
5.493985086963947
7.385483053049849
5.728735493752428
3.6686995402682294
4.801821613947623
2.7404003632923892
9.50701710045079
5.3477244602647405
2.1351330296434696
2.0304147814021154
2.139898983570347
3.499982621630397
0.3079809890691951
1.0119900647007745
0.1242179269427395
0.8371749942238096
3.048181396494672
5.256896443571107
6.712764210417328
6.060857883646449
6.997389161498989
3.84662476753641
4.905874779222645
1.4266983820589443
0.6014002366624389
3.780084710036149
3.8943649201777872
6.560700311534983
3.8138885865046013
3.9472618716740606
1.100135732918335
3.0362661523578613
1.3918337998910597
4.69672184746264
5.577286203583725
2.9840390918908346
3.5971953616409778
4.598812698196244
3.884744511313676
11.75729989262011
3.640204411649328
2.5020122947105055
1.0742843166162683
5.058301118099651
1.3674869480563543
2.0638394853023634
7.048265916139658
5.347116163911882
5.380689618583541
6.898678769694507
1.9292899977877065
6.7174286423315515
4.236225007152315
3.297542544586848
2.088381534173845
0.8392048284412901
9.125227824443161
3.709794213463679
6.766271187454541
8.210188660009413
9.423150794425645
7.107613175612864
2.3020827160620336
2.684590413721624
6.450021236565422
8.741821743798564
6.182678201581627
8.818491857761417
10.582010828639966
1.5636108340096553
7.123934917541664
7.386285508178304
4.264004013290189
3.8173805226101134
2.5091166280831443
3.8412560526512234
4.426076046167401
4.814528371167813
3.594242307911073
5.4482780314036
0.7109995754313819
3.2099718407791924
3.9310707563645217
7.165424732935682
7.885587748857434
9.02385970426622
5.353490868015241
0.3484567251380475
1.8006788345411775
3.3248213451949704
4.327523370566607
4.7158192496765485
1.490801989454089
4.927746037059994
2.8421316030939128
5.918624381799018
4.466807837830182
6.378524366529856
3.99010771645406
5.651672714417708
3.102217565720099
3.19308330490888
4.799122986938341
4.1493797256086316
4.757635465904269
4.694853640557733
7.4659045549830925
2.6678553744533695
8.034295081422396
1.7334086368186754
6.644009915145403
10.69700434507967
8.292814929762896
9.352769101744975
8.562317722735575
11.421216491310968
17.274424724659216
17.697387767779805
10.505443820934863
2.8340149716762224
1.7689482886820458
2.3450781221236503
2.432984673598209
3.8754001070121014
3.993775539865764
4.036254338691777
4.661669911838872
5.856166633088632
2.9973972781742053
3.0371648149165877
5.035845738286985
3.5990556044183335
4.2318886935091795
6.88562848000252
4.0780944030988024
3.6964656629475057
7.469004514755957
6.320685110595691
5.132148251389915
5.327206243235777
2.730327181215741
7.889867486631753
4.8317267543992735
8.130009535553086
1.1747632642623496
0.8983571793183633
6.371944924804179
5.03363833217451
4.2371293997363395
5.361738924514652
3.8858215510463774
6.211125787783516
3.6706237342387853
4.030201290540619
4.055947753563505
5.538040423794895
0.09349794607783873
2.0281699500421486
7.265209205531512
5.717889589780427
4.002157926177446
4.1336369412482385
2.788321669086493
7.7349805263458
3.582201991763917
2.140955019178288
3.545141549787275
2.711653384126009
7.068042482546898
4.159444573000916
1.1441718241963976
4.8608460907525535
4.712755548098917
1.9900416975345563
3.2543763730658757
0.4935836071059252
3.6877111330484413
2.3935952299750936
1.7072432818672674
3.3385009665048617
2.758710941109156
