1.76
2.14
1.54
3.28
3.84
5.74
5.98
1.94
2.68
4.54
3.16
2.54
2.38
2.56
1.98
1.7
1.98
2.26
2.34
2.14
3.44
1.76
1.48
1.64
2.6
2.98
2.44
1.78
1.98
2.34
2.0
1.58
1.74
2.14
1.62
1.28
1.9
1.46
2.58
3.5
2.38
3.02
5.6
2.32
2.52
4.26
2.64
1.48
1.62
9.58
1.78
2.02
2.52
1.52
3.04
1.88
3.56
1.62
1.42
2.24
2.44
1.22
2.5
2.3
1.94
1.32
1.4
1.44
2.02
1.66
1.6
1.52
2.48
2.04
3.4
4.16
2.54
1.8
2.3
1.28
1.86
2.08
2.1
1.7
2.44
2.56
1.78
1.96
2.2
1.82
1.3
2.24
1.38
1.66
3.52
2.24
1.26
1.4
2.5
2.02
1.14
2.2
2.16
2.26
1.86
3.5
3.68
2.64
2.72
1.26
1.38
1.24
3.4
1.4
2.1
2.18
1.72
1.5
1.24
1.26
1.3
1.66
2.78
1.94
2.04
4.1
1.94
2.34
1.6
1.84
1.84
1.72
2.22
1.72
1.34
2.14
1.48
2.12
2.34
2.24
1.92
1.76
1.28
1.64
2.06
1.4
1.64
2.68
1.76
1.42
2.1
1.96
2.96
1.74
1.78
4.42
2.0
1.3
1.9
1.66
2.86
1.52
2.34
1.48
2.08
1.82
3.06
1.68
4.22
1.36
1.5
2.0
2.06
2.58
3.18
1.7
1.36
2.58
2.2
3.48
1.82
1.92
1.44
2.18
3.78
1.22
1.34
1.62
1.98
1.92
1.7
1.42
1.82
1.52
1.68
1.44
2.08
1.38
2.52
1.54
2.38
2.5
1.86
2.38
2.04
2.66
2.38
1.96
2.94
2.06
2.88
2.16
2.24
4.3
1.92
2.56
3.72
2.24
1.44
2.4
2.8
1.9
1.62
1.86
1.82
2.3
2.34
1.7
2.56
1.42
1.58
1.54
1.56
2.4
1.98
1.98
3.28
2.5
1.72
2.16
2.02
2.38
2.34
3.62
3.22
2.02
2.32
2.5
2.6
2.4
3.58
1.9
1.3
1.42
1.86
1.46
1.78
2.06
3.12
1.32
1.54
2.34
3.32
2.92
2.84
2.06
2.2
1.84
2.84
3.24
3.28
3.12
1.68
2.6
1.7
2.02
1.56
1.64
1.26
1.26
1.68
1.12
1.94
1.4
2.78
1.54
1.38
2.56
3.38
1.48
3.58
4.4
2.5
2.32
1.78
2.38
5.64
2.4
2.14
1.92
3.84
2.9
1.4
1.38
3.76
1.8
1.14
3.72
1.5
2.54
2.88
2.32
2.1
4.46
1.8
2.36
1.74
2.72
1.36
2.16
1.6
1.32
1.58
2.18
2.32
2.92
3.56
2.32
2.84
2.06
1.5
2.9
3.62
2.58
4.54
2.2
1.68
1.6
2.9
1.92
2.64
3.62
4.08
3.74
1.36
2.1
4.88
2.52
3.2
4.08
2.3
1.26
1.32
2.74
2.04
1.66
1.2
2.08
4.0
2.96
1.62
1.36
2.84
3.0
2.46
1.92
2.04
1.62
2.38
2.88
1.9
1.68
2.18
4.94
1.62
3.88
1.4
2.26
2.2
2.1
1.08
1.52
1.7
1.18
1.3
1.6
1.52
1.14
1.48
2.2
1.72
1.4
2.26
1.14
1.24
2.44
1.78
2.66
1.8
2.4
2.12
1.5
1.78
1.76
3.06
1.9
1.2
1.96
1.62
2.9
1.46
1.64
3.84
3.24
1.84
1.54
2.98
2.86
1.26
2.56
1.28
1.28
1.38
1.6
2.6
1.6
1.08
1.44
1.34
3.32
1.78
1.36
2.82
3.36
2.62
2.78
1.7
2.16
1.62
2.02
1.46
1.66
1.64
1.24
1.6
1.88
1.32
1.78
1.8
1.68
1.74
2.36
2.5
2.12
1.78
2.76
1.74
2.04
1.76
1.54
1.68
1.72
2.18
1.28
1.82
5.46
1.28
1.5
1.88
1.48
2.5
3.5
1.78
1.78
1.7
1.32
2.12
1.82
1.54
1.88
1.3
1.62
1.5
2.4
2.28
2.02
2.12
1.62
3.78
2.66
2.0
1.22
1.26
1.7
3.34
2.54
1.72
3.58
2.72
2.94
1.58
1.54
3.34
2.78
2.48
1.44
2.02
1.9
2.7
1.8
2.24
1.6
1.68
1.74
1.84
1.58
2.34
1.54
1.56
2.62
2.12
1.76
2.18
2.46
1.34
2.16
4.86
1.34
2.44
1.84
1.84
2.04
1.72
2.64
1.88
1.62
1.8
1.9
1.24
1.34
3.58
4.32
2.26
3.74
2.38
3.5
1.26
2.32
1.66
2.06
1.78
2.12
2.42
2.06
1.58
1.4
1.46
2.68
1.9
2.84
1.96
1.34
1.78
1.64
2.26
2.38
1.34
1.46
1.96
1.56
1.96
1.82
2.32
2.52
2.76
3.34
2.66
1.32
1.82
1.32
1.68
2.04
1.48
1.78
1.8
1.3
1.56
1.26
2.42
1.92
1.72
2.78
1.52
3.68
2.08
2.28
1.16
2.34
2.38
1.52
2.58
2.46
2.66
3.88
3.56
2.98
2.76
2.58
3.2
2.72
1.44
1.94
7.38
2.04
3.32
3.32
1.66
1.98
1.46
2.78
2.38
2.3
1.6
1.4
2.62
1.52
2.16
2.3
1.88
1.64
1.76
2.4
1.68
2.16
2.26
1.98
1.58
2.14
2.38
2.38
1.44
2.14
1.46
2.98
2.02
3.48
3.52
1.56
3.52
2.56
1.62
3.12
1.62
1.96
2.12
1.28
3.38
1.64
2.78
1.86
3.4
2.58
2.04
1.58
2.64
1.5
