4.12
6.48
6.96
5.28
6.28
5.04
4.02
6.06
4.48
6.28
5.36
5.2
5.62
3.92
4.56
5.86
5.32
4.92
7.0
6.58
7.8
5.4
5.72
4.64
8.26
9.46
5.16
3.8
5.26
8.18
4.3
3.84
6.42
5.54
4.78
5.1
5.08
5.9
5.68
4.52
5.36
5.86
4.18
6.58
7.42
3.82
5.04
5.28
4.88
4.96
6.0
5.06
5.84
7.32
4.34
5.56
3.68
3.48
5.66
6.24
5.1
6.34
4.62
5.42
5.8
4.86
5.02
6.2
6.96
4.0
4.64
4.16
4.72
4.5
4.72
3.16
3.1
4.64
4.68
6.1
5.08
5.48
4.58
5.48
5.66
4.64
6.82
7.34
4.92
3.6
4.78
5.66
3.96
4.14
5.2
6.28
6.94
4.62
4.16
5.0
5.48
4.96
4.02
5.1
5.64
5.76
7.36
5.96
5.5
5.12
5.64
6.54
4.24
5.22
5.98
4.48
5.54
4.24
4.42
3.92
4.54
2.88
5.34
3.24
5.68
5.98
4.8
3.18
5.08
6.04
5.72
3.78
5.12
3.5
4.16
4.22
2.58
4.72
4.98
5.68
4.38
5.2
5.54
3.32
6.3
5.76
5.48
7.52
4.54
6.62
4.22
4.56
6.74
3.26
3.82
4.36
5.22
5.72
7.22
6.62
5.62
6.38
3.98
4.54
7.18
5.24
5.3
5.04
5.02
5.72
3.8
4.48
6.96
6.24
5.7
4.96
4.9
4.34
3.72
3.96
4.84
4.94
4.7
4.56
4.32
3.2
4.8
4.72
5.2
5.54
5.4
4.64
5.08
5.26
5.26
3.56
6.2
5.34
3.34
5.58
4.52
7.2
3.2
5.46
5.6
4.5
5.56
6.88
3.68
5.26
4.8
3.72
5.06
4.08
5.68
5.9
4.7
3.96
3.2
4.62
4.92
3.02
4.1
3.1
4.26
4.2
5.54
4.7
5.96
5.9
4.06
5.8
4.86
6.76
5.34
4.26
3.58
5.0
4.48
5.08
5.1
4.86
4.88
5.28
5.98
4.06
4.96
4.24
3.9
5.46
5.18
6.72
3.94
3.42
4.74
3.76
5.84
3.6
5.54
6.3
4.2
4.38
6.22
6.96
4.7
3.82
4.96
5.76
3.18
5.0
4.02
5.06
4.04
4.58
4.38
6.82
4.06
6.3
3.58
6.12
3.68
4.22
4.98
3.68
3.96
4.68
4.78
6.08
5.52
5.82
6.5
4.02
6.08
3.6
5.84
4.88
3.82
3.5
3.48
6.22
4.58
4.84
7.34
4.86
3.56
6.02
4.44
3.8
3.5
4.36
4.34
3.86
3.46
3.68
4.0
3.8
6.16
5.16
5.02
5.08
4.78
5.44
4.96
3.86
5.52
6.84
4.28
3.82
3.12
4.98
4.62
5.82
4.72
4.04
5.28
3.36
10.0
4.58
6.1
6.22
5.26
9.46
5.4
4.74
6.6
4.8
4.16
3.74
3.96
5.04
3.82
4.52
5.68
5.64
4.96
5.98
3.82
4.58
5.88
5.66
4.58
5.14
5.58
5.6
5.56
4.24
7.5
4.98
5.18
4.36
5.52
5.18
6.2
5.76
4.88
4.42
5.16
5.26
4.44
5.54
4.4
5.92
6.38
6.82
8.14
6.76
7.04
6.56
7.56
7.0
6.1
4.48
6.0
4.5
7.56
4.4
4.58
5.1
4.58
4.64
4.2
4.82
6.0
4.98
5.5
3.9
3.26
4.84
4.68
5.42
4.16
5.16
5.54
4.4
5.74
6.58
16.44
5.96
5.14
4.2
4.8
3.5
5.8
5.52
7.76
9.02
6.98
7.72
7.54
5.42
5.82
7.26
7.7
8.76
6.92
8.62
5.28
13.92
4.26
4.1
5.58
4.2
4.86
5.82
5.24
7.46
4.24
6.48
6.26
4.66
4.1
4.74
4.64
8.14
6.8
6.9
6.4
8.86
5.14
5.82
4.34
4.0
5.08
6.4
6.92
8.98
4.92
10.36
5.84
3.12
6.82
6.9
6.36
6.76
5.9
5.72
7.0
6.48
6.92
4.4
5.32
6.02
5.86
4.98
7.0
5.54
7.96
4.54
4.84
7.62
6.86
5.0
3.54
5.84
5.04
8.32
4.56
5.26
3.22
4.88
4.38
6.06
6.1
3.82
5.3
4.98
4.12
6.96
7.96
4.96
5.12
5.68
7.02
6.16
6.2
3.38
3.44
4.22
5.0
4.04
7.54
5.04
5.9
5.8
8.5
5.88
5.04
5.98
4.5
4.96
7.2
5.72
4.54
5.08
5.64
5.18
3.6
6.22
4.98
3.72
6.18
2.74
4.44
6.86
7.42
5.76
5.8
5.8
6.34
4.7
5.48
4.88
4.62
3.86
3.74
3.98
4.42
6.06
4.84
4.1
5.78
7.34
7.4
6.76
4.16
7.64
5.52
5.2
5.38
5.12
4.56
7.02
6.26
4.44
11.56
11.24
4.42
5.38
6.34
4.06
4.82
3.54
4.22
6.18
5.22
5.52
4.02
7.22
6.56
5.44
4.7
5.74
5.22
4.08
3.98
3.36
9.74
9.3
6.98
4.98
5.28
5.96
4.54
6.9
6.12
4.84
6.44
6.58
5.2
4.54
3.56
5.7
6.42
6.38
4.86
6.28
3.96
7.34
3.86
5.78
8.04
4.48
4.0
4.18
5.52
4.82
4.5
4.66
5.2
5.18
3.94
4.62
5.06
7.2
6.8
5.06
3.36
5.32
4.12
6.02
6.14
4.86
5.04
6.54
4.66
2.98
5.54
6.6
4.98
3.96
5.44
5.04
4.7
4.48
4.04
5.66
5.32
3.98
7.26
6.06
4.58
6.02
5.54
5.64
9.22
3.06
4.98
4.16
5.0
4.8
4.6
6.7
6.3
3.06
6.6
3.58
3.8
3.5
5.74
3.02
3.56
3.78
4.02
7.48
6.68
7.12
5.48
4.4
4.62
4.02
4.72
3.58
5.16
4.04
4.96
2.82
5.16
3.66
3.52
5.74
4.94
3.46
4.7
4.48
3.36
3.84
3.32
5.04
4.48
7.76
5.12
3.5
3.5
3.74
5.14
5.24
3.5
7.52
4.48
4.8
7.5
3.72
6.06
2.88
2.94
5.14
4.02
5.0
4.24
5.12
6.48
6.18
4.7
5.06
4.44
4.02
3.62
3.48
4.76
3.82
5.76
4.36
5.76
3.42
6.16
4.14
6.34
4.64
4.78
7.64
5.1
4.52
5.78
5.48
4.9
6.42
7.28
7.26
4.98
4.4
4.9
4.32
3.48
3.84
3.76
5.76
4.04
7.0
5.52
4.58
6.08
6.7
5.54
4.7
6.52
4.82
6.36
7.1
6.88
5.24
3.46
3.98
4.82
4.1
3.64
4.56
7.44
4.78
4.18
3.5
5.12
7.04
7.38
5.8
4.14
4.58
5.12
7.24
5.36
3.36
3.5
6.0
4.7
5.52
4.28
5.58
3.56
3.08
5.1
6.08
5.08
5.64
3.72
7.16
3.9
4.4
5.72
5.7
4.62
4.9
4.76
3.86
6.02
4.84
4.24
3.84
5.96
7.52
5.86
5.38
6.6
5.94
3.26
4.84
3.84
8.14
4.82
7.4
3.64
3.84
4.6
5.36
4.3
4.56
3.84
4.04
5.0
4.62
4.58
4.18
7.1
5.84
4.28
5.56
3.86
6.58
4.54
5.36
6.32
5.58
5.36
6.62
4.86
5.76
3.04
4.38
5.18
5.12
4.5
4.84
6.1
5.22
6.42
3.16
5.66
4.12
5.92
4.9
5.12
6.58
4.78
6.18
4.82
5.66
5.3
4.46
4.28
3.92
5.18
