3.807167153391632
4.3059797623121945
5.466713579381769
5.462672442578668
4.050698325947665
9.33326780025077
3.414430177095491
4.46778161649139
7.1854000327286744
3.102060350950492
5.3429761391611335
5.417350273127971
4.833708341682607
5.117754367215711
4.2386669551664085
4.391174065312561
5.217755134825821
3.6158262870922404
1.5622733015211479
3.474047473471753
3.08374131193569
5.662040317114298
4.578336378846877
2.896176211632467
3.7980220685706043
1.9200509423016308
4.382211406034693
3.729008046516301
2.895786801377509
2.6147545397362886
5.963482311595061
3.315913969795546
3.624132088151312
2.7168848116631703
2.8764765177374847
5.630218418999606
4.455070337779167
4.388670479940849
4.249514007878718
3.437364363635784
1.908642070984852
3.323665712759785
3.44084962313885
3.499195168733936
3.8315911959388553
5.063343733370786
1.9214081875193094
3.796558027255444
4.510787486781334
5.660556048846243
7.36738623367636
3.5424750702609855
3.9821163996557853
5.901550754566073
3.865361410337143
3.370527767107941
2.5402015228140344
2.9584171152765304
2.728132804731741
2.9332255427571656
3.8308012037377663
2.1987332377220437
2.7749988099742966
3.138561604994807
7.228037392570851
2.510292861009168
3.2170615579834587
3.0061085880839458
3.6115195816731096
2.995097338453368
3.000833672012437
3.260053745176422
3.4938997584041585
8.736603982419698
4.53427486174829
6.1623871749965335
5.100618521852982
2.9281435024248945
2.4027738570317703
3.5969559337481236
2.8754503626888854
3.7126508104439995
5.404767657600029
2.3005535836475532
2.4023644847404864
3.4425806495843987
4.021417309753149
2.415712600157218
5.260076198267151
2.657511635236772
3.5444903852152154
2.4538142665072837
3.275887260037579
4.51145113959859
2.7873498689473584
3.138701418784732
2.2478041725595803
4.155404394181675
4.424540047284005
3.2093261997740283
2.498556702760621
4.219498021151345
4.76339335393685
3.9653186285256266
3.7880996499664463
3.6313988650525926
3.5649004486989813
2.812756326381272
2.9452379498080683
2.0709719297772633
7.10286534203126
2.8383208447014354
4.2120816397324905
4.607931892964202
2.1607008393756577
3.1108363119519216
5.187816259371487
2.664397055807994
2.2252248380135753
2.5184309893326895
2.000743802830995
4.040508273966876
3.627001919688146
3.4947960424126796
3.6609420656039253
3.0083259255849604
3.9822439901623548
1.9573090231250416
4.558378567129129
1.9394761933436204
2.1457233040923147
4.01870487223953
2.919780637037216
4.645209330683831
3.9155244104161957
3.41222090575344
2.909456819532299
6.284512852488704
6.001530863968678
4.92518603805081
2.1351242479537564
3.4671920193815478
2.126540475569518
2.9189956146972973
2.4025292191824206
2.4335606046360896
4.408647309258801
3.001931938963535
4.242476916140857
3.6991712062696522
4.257492179813713
3.0453548117001215
4.51576395446216
3.26394355598386
4.008989271946082
3.5336587330572615
4.644321419649904
3.46700111365797
4.707870648233961
3.2321937723339484
4.047330592592575
3.838436136474457
5.683181246528594
3.6447910061871207
4.512384040347547
3.638598354917692
2.743477503530955
2.1734344091434954
2.5390086093605877
7.915509941061192
2.3158544892790354
4.536126061182751
3.4584497390760816
3.9969505665681444
5.183655080945813
3.07438634184018
2.4937708816183024
2.7239286929725823
3.211043402532644
3.8821137008251245
3.3527107229638156
4.406004027969331
3.593936737152205
2.3040304557680296
4.1370056873043115
2.376914955456348
2.7141004389591292
2.178372713445354
2.680472001102989
3.125820352724165
2.142773069089871
3.2173688637054996
3.6647469825612653
2.1430809437555247
3.11348400846948
1.9336358201648518
2.9877140848660266
3.086435493466927
3.1812798620018232
4.064274295537663
3.216538761391761
2.580114756818648
3.8768144052732527
1.4343452757863127
5.294105033812088
2.2563629773505585
2.9631793952718315
4.0680227452366795
3.0497292548253503
5.440419423725688
6.705958955525485
3.309953983660996
11.894816742045212
2.626165760274532
5.971356341600227
2.761776604332315
13.016700283969548
6.3078922689760395
4.413334856078638
7.480872369869789
3.8109898620162452
6.809849423729455
3.031217905238205
4.776112434431245
3.738591753945183
2.179771707272616
1.8330982223129142
1.8955243366456596
1.6645130805600872
4.412747989275653
3.9863857952665565
8.275586251407196
4.48566183118135
3.9293094014795837
6.761512849416299
2.2534458319158603
6.099465668369771
3.6290614158371657
5.706020156606419
6.815946662293465
3.6002851029658407
1.9744765005240863
2.887665828736078
3.0718406522459674
3.938684560687918
2.6196853653005285
2.927017450094476
4.094862523207996
5.965473625027705
2.8691210956232407
7.816556287875345
5.51205648178625
5.494280054293029
8.810602115874314
5.413153543364952
5.0022042528429225
3.236264719743824
6.128387954168926
5.145771851846716
3.009069901424133
3.3828172655199054
3.3639394644851546
3.733868143645804
4.0070645823029425
5.993683228717953
2.455730054193553
3.164643651658612
3.609173884637603
7.280732940400339
2.500653356238823
3.4088967228534863
3.3765213622157417
2.890945019449905
2.9705266259023086
3.556734011992729
4.087467591441813
4.188158297616439
1.4964614469750113
4.034750302060254
4.8897545568551
5.041134931077443
5.488784728669326
1.8103297574749355
3.876447140258273
3.7825435318213456
4.50760343126115
4.476337630163145
5.125566590539452
2.722848911464943
3.8217993820411063
6.000718759691032
3.312490000050586
3.2577750179142195
4.485961296634389
3.934677183974962
5.84211485775755
4.279455869080045
3.9415080317906104
3.493050539679636
2.9770796468286584
2.367157532649675
3.371634403578327
4.153656424079724
2.840682250329618
4.335719006934504
3.889152488211236
4.782980275004976
4.513692478905201
2.7087855096036013
5.27931790684895
9.874739602537492
2.3509828436656335
2.512357559388412
3.6968106456411354
2.8328302355524553
2.2397818268490894
1.7066365657196279
1.3550199100339637
1.1478883816802183
1.3011439484185952
1.6730062074798422
1.1727979326264006
5.348317970978599
3.1350179997626726
4.032190957485064
4.932992776227184
4.043620342419742
6.7442469823821884
6.230756571057733
3.064699558229626
1.3611145387784995
1.645334081063727
4.40534878093369
2.5492127026644207
2.897082065400133
3.345473291150874
2.65274601259152
1.888021401075914
2.2284602313425816
2.3120620467589847
2.0849563483296687
1.3467336942037225
1.2707771458964399
1.6024465270272326
1.7419086832089823
3.4643673831895874
1.2880481798560497
2.551749480033261
2.2956981057339405
1.635386471847363
1.301588538791173
2.416881401804278
1.4988595994912377
1.9931431447071346
3.600682377978773
4.227530844351276
1.129712361783235
1.362515248748163
0.9337790240824841
1.647533804711193
0.8525911664722462
3.8481093739505883
2.7815819038885263
1.4941776944535554
2.212029212752842
3.560142273355246
3.165035285340469
2.4183094468258344
5.959211329755972
4.186010489185083
1.7096372506811166
5.296624336000609
4.992961468024029
3.944054715830248
4.824849248814513
2.6907641921951346
4.528766544193128
2.986755350827561
5.432740482643019
1.3965329221393123
3.955522567584895
3.578117575370034
3.355298410808229
6.4990201534016965
5.336038163330572
3.7104625331477448
2.173200599067609
3.3213740883759226
2.0182247629736056
1.325977831703094
3.6623263540317965
4.251922359997575
5.2766798658751295
3.6265070646692177
5.193862152984673
4.673162664234915
4.399481150542351
2.0117888093876046
2.9484872706583123
3.4241566170194337
5.378231710049868
4.3835295701799275
4.592588096859246
3.674001096975297
2.8851228574706416
3.979197704899074
5.9470572061601255
4.7027482394056594
3.505715339312186
2.7992114914648494
3.9203255029249195
3.21903427713337
2.8846250121833847
2.4843893258770535
1.6131899675707009
4.46655746566711
3.98280435542208
3.1348213192910306
2.972664269027486
4.7465743183384745
3.0875587648420053
2.80976866330574
3.000782517478667
4.557156891247803
3.0164133236324857
4.248227271995893
3.943689968558017
3.126272091733894
2.558658114077534
3.0226342733863936
4.449223116440212
3.052525570073971
2.45186693027061
1.8629484152085296
2.13593229935483
3.988785538888112
3.374793976794503
1.2181787232327006
1.9897876550188605
2.0230691230711435
2.5919618403187843
4.528792092561389
4.179827443141613
3.028403385272419
4.201175657461917
3.9490179243174013
2.2358637569356326
2.3904372033804213
2.751595046782281
1.9175110408698355
3.63798329310978
4.365462960733172
5.968567247859385
3.038894224202001
3.917711117838716
3.9388037231336503
3.391623845003134
2.885671431067835
5.706341557037816
5.830487550406951
4.369242248454957
3.961932105301778
4.367842302631605
4.526237379930479
4.526274361165267
5.39701606582071
3.8283685043629117
4.2685076841929925
5.42459358502473
4.834537106044822
3.239909912485916
2.308238227387712
3.818003285365408
2.7561137007155168
4.7599779198721315
2.724579853674746
2.7323004288656785
3.7893731054308772
2.8562855666966804
1.924580944131858
3.119326637305201
3.412611691821273
2.175332432679648
3.4465112882378035
2.816438254069223
2.9407437719763427
3.3913081844616193
1.8536368212711616
3.282073900434616
3.6348695340925343
2.8517192454895093
2.579337650977282
3.969272450892818
5.852752361057004
3.474114787604755
2.8166346150332924
3.797341032713104
3.3503119934851915
3.3028208227595717
3.966382693012266
4.325009808963594
6.423229534939916
1.7900879786354391
2.517887921059256
3.6016358607527255
2.232096155824918
2.1050130496924133
3.090346740426387
4.624644442435425
3.6161200689853525
3.6973641476320322
2.5236119794026366
3.738154608477978
3.1261985393589713
5.303803836084665
4.609275880038797
4.476994033445834
2.6460052190610734
3.2404005870063193
1.4509926110981484
3.140526222613212
3.4789875558428456
2.4471976937208413
4.373575072085332
2.106047239121157
2.205340695549528
4.081133146569107
3.371682614162693
3.375911325825696
2.1563450032253986
2.3861965124148266
1.4694328815158686
4.215294249460128
3.0104932466289647
0.8395176036029056
1.3549079658954173
1.0671818437081386
2.724113112736353
4.614309865818152
2.8891811230603777
3.516094512048138
1.8167968231614713
2.902758052796136
3.00841789493732
4.990887336929005
2.946187114997588
1.4828085867099599
3.061217686088833
2.9740394381415887
1.849815038057709
1.9109822825177045
1.831723018821097
2.8589573595877638
4.827005221227795
2.827799463946236
1.9312576985913892
3.697081687415539
3.495803011550995
2.7704133948865377
3.0708730313854
2.417508326261735
3.0991850768902207
3.429269655431184
2.7089867313698894
2.487812541437637
4.235877797863487
2.472902038840189
3.8599416849084296
5.115912196305366
4.53291661743863
2.973674801704332
3.2777095520424737
3.0179733978689947
2.4191667823705396
2.3244481212993535
6.810280150799498
2.219741115098482
3.167594092482248
2.101476644304879
5.92381768082059
1.8360806813402095
3.291242119836994
4.508432175044289
2.829290328262312
2.092940354253388
1.8168528002015574
4.610467756399072
1.774550108350287
5.8211291793121385
3.625617314445803
2.1555541417123893
3.6226386288439683
6.956234130619112
2.107739427513933
1.7853390767900865
2.7187734193074924
2.80419108168561
4.071991824300276
2.791653511357379
3.104268727099133
1.6111128527239396
2.758847709647862
2.298664848421352
1.7402738394245298
4.094175866092654
5.366147232248559
2.0303652198133935
4.66834481291171
3.5628384274391762
4.651482686583277
2.673041361378537
3.1354123754336083
4.69265834015415
3.9196102361401572
4.691022773857581
8.695063775558813
3.6815592373606543
3.8080177907985764
6.080284785128148
3.311756844646767
8.381042714869064
6.659405729262378
5.650588470224019
3.3148040826369782
2.8803925889601434
5.63052178337156
2.0755787737580778
3.4265344899497463
3.2007504335868218
6.494623207431023
7.373640780237557
4.677459620949836
4.719648326034617
3.753243070526582
3.2614947404023864
7.178173588835465
5.161791983785953
3.731790691680895
4.924659494035853
3.1290821093512338
6.803060512916606
2.0557751162467297
3.9992100214075177
5.031448554555168
2.4732581616238885
5.455333869093453
4.452672783373284
3.768024345890827
4.52036539470953
3.730773856348304
2.398966651807363
3.911949963727942
2.4091463723107402
4.805313900020277
5.051403167227346
3.441848994950354
6.627953221583859
3.3384739265024654
4.057529288925476
3.518095709102908
5.09101103869568
3.9065136806574206
3.736185130160229
3.6424897134756105
3.872705267222024
3.113272371265428
2.876232978813599
5.789941290612422
4.247764421752735
3.878902673029749
3.3046028422065956
3.1739226591966054
2.4715242680662857
3.790239820019768
3.770697880306874
2.5280571635351823
4.150312285972078
2.197041471350711
2.645685535165064
1.0387795781845355
0.7863411622648533
6.024717058647628
4.741364972063053
4.92923161414527
3.4433147704197187
4.708435389255083
4.390295514534738
2.3973782351172357
3.5517022366847493
2.458618239309504
8.012661400057118
3.049969698731056
7.6370154778968145
2.7731495883325734
2.763513072844622
2.4443737402883516
5.447068562184913
2.0380247510853553
4.420711491014553
3.7820833856974656
4.398608083060373
2.432655914949316
4.157339055701183
3.0970498386236334
2.019789410271544
3.2754834929563317
3.371042311487897
3.465813307411105
2.458883133487719
4.605747089357494
6.824573350746735
3.966232763937254
3.748891811832396
4.156686627467508
4.144754161659006
5.578650788200167
3.96803047081602
3.2471120330834857
2.7825971202977438
2.0439515131787407
5.684318271705966
2.0155181532636828
3.9992367786312863
4.537674094465416
5.095814582027649
4.005769941935415
2.4080232258664753
5.880055423141881
4.7433399475072635
2.7975130301032003
7.355181275421421
3.7585955193123186
5.028769712270296
2.57687935634952
3.712267535983752
2.465493178758644
4.902936374524627
2.460962934599451
2.724041895767485
3.672887336977159
3.0800411907763867
3.2751254665414202
1.9113185101108612
2.2809381180578923
4.390710677437787
2.238111871554055
1.6413599656955495
2.6554244693851676
2.7135457944935992
3.2812395241711725
1.034091509283302
5.930041239986264
3.7982692844105754
4.287824464222912
6.120954571729791
4.226573834484653
3.4442490383714635
2.7360286410593155
3.0101038057768466
2.564933482554438
2.920174464909325
6.2491766977342555
4.625689823927788
2.2918814639706193
1.9028552807948467
2.964131192035461
4.204251986147757
2.5134219273154073
8.827993016474847
5.345673162506418
5.42362036167061
5.113104150118092
2.824650118061653
2.817029179120061
3.9051693421499682
5.585194956320293
6.739640168385033
3.7402518507915756
3.734255701738914
3.182987801366822
5.536112978148783
4.772988683547395
2.2630383877404863
2.0352809849185642
4.955020470491675
3.983338642807184
3.502748662044322
3.0871894386546166
2.1376614908058356
3.8009410882357346
1.8307207441261615
3.5101915155709085
3.706399566816611
3.5493232857917802
3.1374440910634362
6.567298796475493
2.004937194516996
3.9451332456917956
3.7904775221299305
6.741823235481263
4.8848019878322395
2.8517080499418204
4.291690216809263
4.073860346993591
6.230148811682423
5.0041001797618065
2.9500925273040774
2.5435687455062794
2.98565137725282
3.618953804265198
3.890660453856044
2.7654548812297333
3.061351988107857
4.208866237698927
5.639269118841483
3.6349498111629295
4.465751793803391
3.5782182643718987
4.906628219584937
4.462058600682218
2.6017370383692446
2.0363484603211828
3.114868278710935
3.235985146541953
3.247746450144115
3.6471949127997205
1.4862826026524611
3.223072149372112
2.1992888269087043
3.4731067678676975
4.85149470850409
2.7999315140709795
4.000566293335802
1.863980225174712
2.252144715629719
2.178436133017389
3.0650761202021175
4.645008503212021
2.0971868952398305
2.487005622999835
1.1912546675190443
2.765370798655198
4.934047243189497
4.787386553066723
2.6576516042417273
2.6432576589634404
4.649878618147175
3.4372017428232664
4.663228394414609
2.0009713993545923
2.830850035964181
2.2561628826995985
2.9753958517967294
6.774892149853851
3.770072131488617
5.204346279457775
6.0073659538345
4.751351979259649
2.3373113411094244
4.047024069460152
3.54608012067826
2.764598742503866
4.502073513719274
3.210948873721171
4.31812580160659
3.0644132831799893
4.679521089461764
2.691122352352469
3.784121050407734
7.082024228377453
3.1262991181486064
4.530111506869265
5.150418481328789
4.4857712266972305
7.373285093288174
8.368522340237902
6.297317570386131
4.747995160569424
5.053205874885638
3.93725261199567
3.8643272476062505
4.352535026940111
3.6010673452640174
6.499609349415779
3.1277335635509638
4.547796794363331
6.08960656610699
5.962167060202633
3.289945693960713
6.5614693710576955
8.901402849122583
5.497945027362475
5.478582506601171
6.248544469311757
7.435022820965389
6.750251108415094
6.660613338395268
6.385291538648201
3.724077886639993
8.158126366796182
2.60624233957934
3.209365872653424
4.60870517450382
3.9681131830908596
9.212332466512665
2.655216282158173
4.275837590759037
4.6429547438371985
3.0812361534478137
3.543745194853901
3.1100075545352897
3.628946244342913
3.4960499376320966
1.6729354281650641
7.96060702141474
3.2911322380953463
3.576327109267562
3.5471474969742802
2.5171725436242287
2.1462612032339257
3.179056334764939
3.2340736173406444
3.3010389447917934
3.5685012978478436
3.3705705442242504
3.6190926681971334
2.298795125308222
2.15559882493436
4.651882832429555
4.365638311604987
2.6963751625140233
3.03276714053676
3.820666255148503
5.928731362934898
3.3428573322678727
3.941539691276828
7.528155749244071
4.109145486631148
3.061344774005199
3.4253939791715085
2.8924038899294073
3.287898854440717
3.1138575065769727
3.9993626443678068
4.505078948835699
4.690601444582363
3.9833384646593633
3.776379802879515
4.91540737250161
5.421703884380573
4.263510444515696
3.3143372182554383
2.5247989670809363
4.001478473520149
2.554068812152714
4.148451438509661
4.7438859677977305
2.7163582085681677
3.0990392983124115
2.151278639575649
3.158363583254089
3.8523863475036473
3.9415867004153546
3.8113862682520785
2.7147514262299564
4.191697075107505
5.4431488646134
3.284173093984924
4.948898380931502
2.4353953989391752
4.026438421551638
4.439250381162389
4.995955337561647
3.066236613650652
1.9021392197376772
2.0644459488022795
3.1343994776414723
4.227339687783132
3.6066673833105884
2.1700770780814618
4.190681178839092
3.5339363245882542
3.808727822491645
4.065419595684256
3.533109247188286
3.6346918348274713
3.508184829659121
3.9439453779988787
3.0263088433683656
4.908712494211554
2.8614678120602672
1.8575540918515265
1.8419448236560132
2.3386895427975536
1.61266655684071
1.4620842931956788
2.43633024354205
3.4254037579000234
3.402840192719706
4.037764658998802
2.280305512755234
5.5406314235703995
5.311305171797439
5.60605161050222
2.356593280582051
4.4555203229321805
3.0882043490095303
5.4496275438547475
4.435205916682553
3.6251777985262277
2.982454042759183
4.440824267998696
2.9336483729562315
4.162196420554871
5.882617179206868
2.379414176024475
2.4814766402536015
5.53915915711467
4.340381677152507
3.4836000696141567
3.113824510589635
3.362544799699033
4.540894305524153
5.809111823262723
2.1722428122354795
4.892799483757313
2.467094689429207
6.260452369085958
2.9530532453545826
2.850551113247529
3.5294170271136416
6.956971923830845
4.4210733115570795
5.003740087844883
1.5142765027418066
2.8128610731018755
5.417596422506995
2.1877065342445148
4.319313477285649
4.537866356683263
3.4791564219408264
5.465684394085819
4.896955444412709
7.712843263259783
7.546875647085256
3.672019671013624
3.4882390177610225
3.466318479310225
3.9309099346213072
3.334510885242119
3.2434359791003073
2.590979677774868
2.8891077598288994
4.9985282422011235
3.0705513591957874
3.2557372748899476
2.8132982931885855
3.843370370137826
2.9804700041053986
4.299918429158102
2.8019513727919234
1.5427177413583142
1.9717590667395772
3.549739768755447
4.183583371982615
2.7391621400885873
3.147246623886477
3.9565169544131606
3.1180327346016203
2.4897535837952076
3.7035429397348842
2.8276219150695896
2.7087539163777064
3.9348372128347497
2.8854292295212676
4.175683392566131
3.6171508832516484
2.388042628806193
2.8647268861139135
3.9898110308082284
2.252880607260194
3.114322169258227
3.7705792701478678
2.0946644630192597
1.9827794335711764
3.5474850905703375
2.5008182080176415
2.0105066694336706
1.7059262607382386
3.0950348863799437
3.948778240809958
1.0727202580418869
4.172180513552344
3.2307291812494645
3.1581459606057334
1.852909226883352
2.578085468348493
1.6858692918551146
2.1767250501798476
3.4332174354759006
2.462645293671206
2.5707577228768326
3.903779831886833
4.120780423257849
2.4148105299395697
4.23106243297989
5.077378655196545
3.4352230929256424
2.5566752051382062
2.994330659509875
3.1496251979964556
3.363001306331081
4.509924998114095
3.557854678443961
4.268082883904255
3.453924254147819
3.1886738029066346
2.959699057954
2.27159566187695
2.7028606457475934
3.2434726638894418
4.770649491083224
3.5980631062038366
2.665108498769835
4.464419897125836
3.2851075748906085
4.535628059361757
3.5977892452850693
1.8898685526249372
3.7784603168853517
3.4495336709306272
4.18170286611546
4.876617036896757
5.261678354890559
5.336107091718818
3.829475363133501
5.382790460141126
5.146307865434397
7.167348893529081
7.504772704676634
5.491617787892016
4.4119333596664605
6.003370544836561
4.825278708210815
7.340009060007615
3.0905168868949624
3.51734991689607
2.880020693146389
2.6463906466097096
3.729948812085075
3.1940475974517075
2.876171273645171
3.266833555784069
6.3511969773874855
4.886552304789483
3.1967232303564113
5.16008561331907
4.085464610711759
2.615860195060475
2.4681581950251728
2.5580405860569244
3.2396186497693664
2.7023986665399002
5.322886423086486
2.4213268867345894
4.098938336434487
2.9413733659426167
3.5338868794264418
3.96840260824811
3.8672349934955172
5.116594173252574
4.802277424647563
4.3858839838341455
2.6825883553022383
3.315831106088105
5.453552477284802
3.941660208551008
3.299526361018479
5.259412713646617
5.044325257462012
3.022904184395234
3.8729151211294037
3.4640084890518112
2.5405504175560614
3.689222224122335
2.4949301384487996
3.654197193049948
4.379776973926976
2.672330483240561
2.7650376037336084
2.707821755207789
5.631336390768339
3.1828307248790715
5.550091905080525
4.121162656647995
5.198142933392209
1.0677559868538649
2.2394999300378746
2.421391748090606
3.4346331045849006
4.828309918566474
3.87867762837451
2.032523967599887
2.702395722892697
2.928020401770061
3.379653740283765
4.913244579221823
2.927966831151344
2.0115638225800385
6.090709426626389
3.6704304408630057
3.782660683020254
4.626992193522796
3.669123725043437
3.1493861843509667
3.7180349717170897
2.494386072958585
5.528492790087925
3.5384118737165946
3.655014266290489
4.926154276275118
3.590434763001302
1.739962505746505
2.542567736594144
2.5372078272673813
4.620491811710014
5.742968981093401
5.062132327749464
7.004737966967459
3.218958371871039
5.3666162104288775
2.943927611255107
2.7192399189020438
3.3979961066213407
3.564484143005795
4.603365072295857
4.366089278986229
3.397337264484999
3.187014683442569
3.7642558606175465
4.076126844712521
4.864668587563056
3.5083117456519313
1.9909495213038344
2.688071848377886
2.3320217497903455
7.189252918285545
2.72480795244951
3.5815466920332497
4.708522527868688
3.3283895497365195
4.913791107655086
4.2529588841346735
2.225403850287009
3.7834065902925134
2.5598325251475567
2.8799116750763343
4.209326866525304
2.6746208428459513
3.502263948559628
3.943487668051506
1.024728170482433
3.7222761774642477
4.607040878970962
2.322827592845334
4.024372770117437
3.9107356421787984
4.004245183465097
4.234167671109425
5.357951150740612
3.880590191373418
5.017188405993662
3.574830039878854
5.2837519754172995
3.6501440328539694
3.0551681248904146
2.8843560832884076
4.162339001869604
2.3371334752588564
3.3721627625498174
2.065292700795212
3.292169962708074
3.7076608846096963
3.941817091178341
2.9848438487021483
4.879081958386327
5.430688003423117
8.921787890196176
4.611437899064657
3.4853137320143737
3.977608667688292
2.5464716396066147
2.7639434847217235
2.4998105881762545
2.383967919632163
5.267575053570125
4.135341496072481
5.070522168621725
5.82397438162436
4.610486572944615
5.594895772844988
3.240884878783401
2.246016099003748
4.070132827503855
3.158036480822449
3.4527734314349323
4.053850053114108
5.924066562501227
3.108465856928189
4.780325155584658
3.6935401508994206
3.406777069973637
3.288915131538784
2.4134608801185133
5.273573917029284
3.2134446842869746
6.204356975452096
2.9044822401831447
2.8811096447731783
3.397802317556055
3.0482717545374216
1.995396293640922
4.530392685237218
3.701022599803342
4.0951403111620905
4.088832377275697
2.6730366555496534
2.0359899141496682
1.3244409813826892
2.765819210710557
3.7643896406873285
2.614819353203182
3.7554046584664276
2.8091744267435184
2.1449675884854944
2.891429019745894
3.333306860478705
2.2184645067175786
4.771945115204598
3.00579580265026
4.225101097864826
2.8464173884570205
5.424104021312212
3.409145728600026
2.2654104195341613
3.3047908577020615
3.565765639642195
3.9904176732663377
2.1078160980995024
2.0041710870679403
1.992906901890503
3.37038287264387
1.6146184077564034
3.5166237802658675
3.827737502268006
1.9203267669506885
3.603508304756903
4.706097514396405
5.616393590806643
5.6696635578092325
6.092796914711647
3.3634775949936566
3.4506256694027635
3.3950115824030695
3.14421688831456
2.430812595409417
5.338266843701063
2.9094481260090577
4.386044034895633
3.806228404006808
3.726432861449263
2.035638017775714
3.5085727390940065
3.4454559776397784
2.590545002979921
2.481129263823861
4.123859293566072
4.005440011234755
2.9874644975516764
1.7782335758779855
4.95201461409587
2.8595489462799653
2.722443572374232
2.329361860842242
4.296502915813782
9.262461238826178
2.7355348046495496
3.320948565168619
5.8192537724189615
4.456463652186817
1.9346335998679811
4.060025615805125
3.0886708549498363
4.292729979365314
2.226343173449453
4.416994078879274
2.814919279581477
3.7792792003998987
5.4466298823327355
6.545533183277337
3.7284307352448063
5.378994394378741
4.616010147485374
3.969923398976855
4.852668282898612
4.0299532496389245
3.568675497607951
4.235169363157619
3.5348809925529525
2.9767962642572887
2.183547260994783
2.08669000758015
4.699985849526903
3.279474178283321
3.1609115362876308
3.3314757694205475
3.237113928338116
2.2245843991808867
5.119961963040016
2.6282293166538673
3.6071194612329616
4.260425110492581
2.6470039060490254
3.549285316757478
2.97113470069536
5.926119715220006
4.435097576050493
3.7212615281273367
3.9742732354022756
5.971456773475441
8.07637076806322
1.87294409528073
2.7522681091442505
5.795142998526743
3.8496582776035324
2.6088409422986576
3.1800509410611317
4.187515613236423
2.123763047059771
2.7196128087018394
5.076568755417856
2.0294973892394443
4.708670969982383
1.805301663691959
2.8301903041307246
2.1457346279005294
4.120880096755805
3.144107237295245
5.462971300358459
4.865647304339546
3.6270863462166356
3.654141549228651
1.3832686350395562
4.025696640424038
2.673181253182528
5.043916087448734
4.036290405283487
1.6607379444417902
4.271591652452578
2.9682581385766733
1.8197463160659582
5.081893329823538
2.777713293993947
3.0415255458119344
1.8750963247999164
3.2023805170486614
4.190585207833054
4.723333595321408
2.9209601661498756
3.196443055751561
3.1782093527949384
3.218763903475654
3.5759086931534
4.83608307768869
4.335146331492647
2.6804849115507183
3.023977155750871
3.715460118924873
3.2610103433603146
2.2056598529724356
3.7400047861592394
1.761961905770675
2.4179549405680008
4.818754489140747
3.750545412666326
4.6382717981753805
4.613243429448484
4.0930971656159665
2.1264774888576765
4.157927840147091
4.924935744506516
3.474298797863247
3.507548828465622
3.8294375395094185
3.567100413115122
4.583132177098946
2.6812527411677087
3.0024506919428595
4.995373380799168
5.501001249392508
4.291189977557643
2.973087288590777
3.7027219110536396
5.255273246295037
2.4676488608181892
3.2325516892207418
3.886163425980316
3.12175172126253
3.389324570104386
2.5304340131199137
2.9902246006849067
2.2960473822610425
4.324864536111518
4.661556574514667
2.610563272635359
2.526970955726084
3.124543978432002
2.9376597480781075
3.946832422737216
2.872527090566395
4.5002423705253864
4.794287884377591
5.279376558938344
4.212098001903458
3.5275351109504554
2.659368490272129
3.1088090087076323
2.769213699831363
2.951762281012191
4.2412320883133905
5.204556295871021
5.427401991852727
1.7150438778146344
2.104382250647558
2.0120698668760038
6.127254006591826
2.645940862280312
2.8772103219650798
3.346953502761397
3.572199558189766
3.6445036388342955
1.7270443379212095
4.992088905913468
2.8351990492540518
5.320445026712996
3.653940700375861
1.956377341552501
4.536047005885587
5.427787737170961
1.881731662900089
3.5114937856296793
2.7452695271069487
7.13785350872342
4.457801363214327
5.442410500622015
3.5676972976751546
3.7489428174746426
2.8703036094818644
4.1705385685152585
3.0123047348269654
5.269888213298453
5.595167193084022
5.256664115481462
5.133979293884906
4.445360357764589
5.313118753604953
6.203006360192936
6.788465292612523
4.863826197053825
8.004253594356484
4.815127597302524
4.1995758351475825
2.7251047039971366
5.077777465231526
3.0506144124918846
3.1233023904819643
3.596566933328662
3.9412767331491545
4.464084618890619
4.50168861041702
5.879440310352036
2.3485236317546807
2.4947788891297313
3.199011569823081
5.358433711801896
4.006352883005663
3.696028265958582
2.8552509614264383
3.7377092343703806
3.309150931357708
4.041679672205204
4.3484114241617515
4.3821032772286
4.024679272463049
1.8666921179606721
2.690961021640308
5.742889681607651
3.147406437789805
3.2613050189087494
1.96805495074224
2.397036978525169
3.7221327174681607
4.642754449649416
3.553365632874517
3.5692766737017068
4.392083730143421
3.4820876221705706
2.9931070539822233
2.4931316206821124
2.9570142576942
5.137487742296294
4.790073375906281
2.245299596160599
3.009037170156985
1.6331961328679412
4.408823780218409
4.092967656402627
4.022419753817541
2.93292905454505
2.1200977755956574
2.8904875366618277
1.8672823548052908
3.7677959136663084
2.8464030088883465
3.938391050617094
3.4560677119640157
3.486980312973707
3.02399319851182
3.595323314786202
3.2140315724573942
2.101518173841718
3.8481746053706414
3.4896207573439355
3.2043164693261637
2.210369004841112
4.318109545236269
2.0171896698860423
2.0938699246708747
1.8077956060043647
4.946507972306427
7.26960918682883
2.380204530985858
3.5834228623236095
3.6547148676505783
2.9639108958124667
3.871171291525766
5.7342882107480255
5.554403898947826
6.9578416738550555
3.0813650321998223
4.598495347228194
4.50235195983611
4.1399043795030765
2.0535591062702854
2.2086000167492412
4.40238425489487
4.340598932432304
3.08200996799486
1.8344805124679628
4.69514984879922
5.098230687313517
4.5365086211199275
4.4581710265033445
2.187271275265663
3.679479613634153
4.224866353817682
5.640860914250664
3.5526750450850897
3.801253168737579
3.2437140069298787
3.2463328411805796
2.4371329654691745
2.7369882503336904
5.446750412160426
5.849102241535169
4.122988338904736
3.593350854076814
3.9991217250020523
2.21848983335168
4.880263316268622
4.353626638559069
5.004019787601463
3.8740292198635102
2.696967303670551
5.06204416727244
3.702628765798135
4.442480297817287
4.604703919101177
4.034646403521929
3.9377232018738564
4.144738281467897
3.646029792598343
3.489670234748056
3.336603182694338
2.8189313676677576
3.4294837798690896
2.708245648319338
4.0059823954814755
4.2714910189330135
4.1245274722625425
1.7333582085246648
4.519651850384589
4.492216422837384
2.8483631026319527
1.7551718575505197
3.129724502910938
5.298026641279598
4.808924494047394
2.832106260554466
4.336843164489973
6.529387007935967
5.576064639775511
6.471311963205113
5.224721421439141
6.048129360745284
3.4834815115280695
3.300583681094445
2.833777199225088
2.7493893849282975
3.8255640339780097
4.305864934951574
3.808054502079605
1.3016398996749665
3.8541205076323983
1.687746544454002
3.0514692651659736
4.307190794179537
1.950464309310966
4.25967009289055
4.012434901229429
3.6874591335670543
2.847648405551669
6.025627509857099
4.046920954926241
4.855327594036073
2.6601940940345763
3.1566294347120887
2.99029035696067
3.4739522773879026
6.802257134170152
2.503357989967277
3.567680433824568
3.355566039075001
6.97734598975201
3.971248930942737
3.9578995789224245
2.561523928444512
7.60694313662541
1.4298335736838608
3.6523266339725238
4.388705623180987
1.6674005089094857
14.869894021128662
3.2105892749139686
5.823328548545684
2.285374130406704
4.3747868618415655
1.064018112215966
1.8723931257319784
2.344514792913398
3.4392646527623643
3.346722237052438
2.6570650577767787
2.6354599205580462
2.7606800260537723
3.101717855592385
4.403339091445567
4.721917008440764
2.607071084504946
4.677381471364491
3.795649643345473
6.228854414239291
2.7915604932423754
2.4498673568696003
1.9932885944692804
2.96124997323615
3.53916959630156
3.518634712470979
4.2599586527170095
4.400655620536308
2.9921603658421874
1.227112695543594
2.0155122859356
2.2352185335821355
1.934103964085256
4.064716203824425
3.7328585032816983
3.4313486870429406
2.6849019275124717
6.303045932379319
2.655876657514722
3.7654172481282635
4.0521546721467585
1.1796140356039106
2.7659201274957725
6.155340099161301
2.1032234483248975
2.8242062504663976
2.725920278887887
2.267465698613822
2.063079285158484
2.7476317160640065
1.9360294406475689
3.0810647308839823
3.409984785163607
3.1878257997745227
1.6930987808197784
3.1654004626614483
2.828945765712184
3.734304889746062
2.3495473049158426
3.24998628894428
2.552104948645136
4.724660160290061
3.581013495936236
5.6582445654455045
3.482741339178539
4.4922870546020075
2.318315903930532
2.374095023490358
2.132430755355834
4.608562144688853
3.3466854165674467
4.796657147550681
3.4574916076496396
3.7848047487607315
2.3913424330658555
2.1160009776330706
2.3373562383893822
3.520873988144589
4.429505551915641
3.7082959138890645
4.472406890918923
5.653124288394959
4.237058662364276
3.867419090469898
2.8630592362468583
6.06366313870826
3.016378038678571
8.922490615936056
2.646604003657397
2.162286816053384
3.266475999306973
3.759702839546726
4.554637482941872
3.133375647949655
4.562067284316062
2.2339689065183057
3.4246632599728897
3.5538471881569555
4.964194247343843
2.345774958836179
3.5581764538005727
7.141544105173408
2.9197002508832055
3.923246374391551
3.5589571032021645
6.0320254950024985
3.0243670570906906
3.485320451639251
2.5961946147316746
1.6555551907012225
3.2881813373065754
4.147938395071007
5.987856790189323
2.2356516478475106
2.599350554093327
2.4700971817680735
5.722198330330381
3.077259626810292
4.1409570122197215
2.821241934995581
3.591420446923207
5.992164452316322
2.2961324155201166
4.871164913757958
3.586182406260105
2.6007953552593444
2.3816174057218973
1.620614339446711
4.629609140902895
3.7820440067045347
2.887697398922847
3.296960268754078
2.0485469335120956
2.3772779146027547
3.146839571568201
2.2566028906382694
3.640369654260572
3.5832234002113013
2.5461608647512084
2.9224633932809905
3.696703464786446
2.528068474920811
2.3885388195247796
3.014942426571254
1.7535518466125237
3.7726473004084227
4.559570597240743
3.3655825468427203
2.4345053837756505
3.474021004921284
2.353206514682743
3.3443195631680367
3.9436612219181595
2.56259678326922
2.9871805229916815
2.9426650971973243
4.161298217247537
3.680833965473344
3.7371221088302407
5.277813942731271
12.00274607054177
9.899189544006711
5.120364304640175
7.693410557089154
2.978323916842438
3.2926694726575287
2.5550984847836147
4.771927843365792
6.054541390021128
6.687750582653378
4.798931749813951
3.424224777526197
3.589330640782451
3.3525679929480394
3.991402444439702
5.205603734755664
1.7601135260469039
3.100478865740907
2.4573779635155173
7.558618852862543
3.6018483284952216
1.6974610525599982
2.0732981445069
4.698884539003464
2.5282037345395647
2.2017258815931715
4.093379162144161
3.216077421884844
3.752143514164332
5.906544871488857
5.571706055536468
4.161560517902322
5.791091376399817
3.444563533619898
4.321673548775046
5.140812236285446
4.447068402367801
4.436836520649022
4.51794741349176
7.309476906549202
5.482268058617869
6.22978888788034
7.559862364609532
4.139935478900627
3.2621700407286522
2.343174168725612
4.312803687691677
5.05823175478591
3.817853161239996
3.270496088196036
3.025216622465126
6.511147749000123
2.6780750901502524
5.522282597110942
3.340523756397677
2.3993411605391923
3.8961174458122945
4.184201669157547
2.745147535921353
2.034906741331793
6.441199934288272
2.974387815341006
3.0795546860884366
3.1720126236055264
4.35626323353718
4.710384580526346
4.61025214941117
5.934391694132304
5.199927308470208
5.2829948713242265
5.595319571191527
3.4610685382244233
4.272269132408467
2.870440866451163
3.8458918973869944
5.2332205872331805
5.570710015303909
4.818486883042848
4.893214429584744
4.627336568432303
4.814654952107173
4.659837581467087
5.735187968785845
3.4918419069287947
5.069930814615549
2.141327225147169
3.1382400176610155
5.5210404809124
4.934756190489102
6.612399533396268
2.6269985667190765
9.419431278847423
3.446176581214754
2.2666989198222627
3.1091107014853456
2.2731862161748975
5.646094579828964
4.250824451433168
4.535108176729127
3.2163181112673325
6.689138897919648
9.540954420005443
4.877225246904348
4.514064973927847
10.882296119699822
5.228890360248781
5.14413611471196
5.61499250476222
10.456327152142334
2.8042782373735022
1.7524165428729528
3.3065599177430403
3.1439658451353005
3.2472453331875957
3.4837174960321233
3.2986773881801543
4.0015490832807155
1.6580971897273469
5.2693039680981375
5.52448855905992
3.8465403606306734
2.9624570921207005
3.5805589262544166
2.8052617305919885
2.8314315013998836
3.005514447107298
3.032558247512402
4.270326809320062
2.409140487959824
6.193642831064388
3.0797658664614507
2.5197074952244414
4.133669654015954
3.1941109926700473
2.266292495909561
3.3358940821225422
4.38235182793056
4.322471714210424
4.033876580486125
3.743992718620436
2.0761066769508423
4.482878125616551
3.8258334628351607
5.877486761056556
3.9965237088314547
4.6488598369015115
3.9725920364549197
4.943846715602949
4.735277305007439
3.7938477535546755
4.295485228902709
3.436718387203606
1.8353834378777918
3.467623795798468
4.476962752883152
2.577249639928305
4.594048159171827
11.213760383550678
7.766591866373995
2.7885778638905303
4.552562667641304
3.90750068743251
3.810862942429687
5.659326813227296
3.637872744188826
3.1124640482132
3.4727911586126896
4.5135286630615505
4.7815412405988535
5.3650330706111555
2.8578518851335626
2.974325094454554
2.469740843023616
3.2854053634116767
6.15619265348465
3.379287679109033
2.1412816020387604
4.192056193476776
2.5377398117243644
4.342672414065944
5.521514898535913
3.40069434188782
4.810847538407115
3.027800945798426
3.464144875109496
2.241022641385799
3.387172599418289
2.3128749511204645
5.874750003365558
3.7202465068176114
2.4634516711697394
2.7379777479264975
2.934141429034099
2.714601333522573
2.039419131890319
4.464143528366955
4.967749470678401
3.749652094906678
2.459055702343845
2.4916859257352955
2.735890765203566
4.786596215450242
4.123980614533199
3.969605245617418
2.862081486029565
2.8929750890206813
2.8658992517435338
2.571245942738555
2.342959649329236
1.4902444800241672
1.6804915955329887
1.6218430572379838
2.4570270523131144
3.1896233338383033
2.5359479100918794
2.6114201155405
4.419589422887656
4.001142403395719
5.751541582156532
3.971832483139743
2.982390125823902
3.023906906368013
4.212954542647046
3.1357625163745917
3.779039905712441
3.495608817295934
2.798443800507986
3.556461130151705
2.989352820611854
5.712671708302122
5.083397525607123
5.786999245209535
2.423860463088699
2.9411744808723626
4.72298655526736
6.99522251750094
3.9615090707722715
2.6728311502954862
3.981008988931138
4.362005371395236
2.631108210620835
4.815320989711924
3.822760781465448
16.347730022665207
5.126854773151835
2.9400969759871485
3.6223917190574886
3.522707683738062
3.7234287505442945
3.5345007550380796
4.354850429094845
4.554406893659792
3.164848011080841
2.9748729467875394
3.3426241780687627
2.601207687061394
4.297726710733051
1.3771560236844271
2.7271362785612108
3.6249981032867242
4.783511338217614
4.161636290205705
3.694391612568841
3.172802239425447
1.8511565842451096
2.954068402034655
2.7915308834804553
4.6931122807969805
2.7420085861881662
3.7842157216744576
2.863034080143076
3.376707496212536
1.7943025585702157
2.0609857153494144
4.379556315754405
5.568991888273141
2.3396475042382376
2.3668157906590586
2.084812949140216
3.1077310963969964
6.252220012035862
5.736519356050892
3.8865784935435075
4.601988708362834
4.047880331214897
3.596430904346886
4.132021476646717
2.5861278376217336
4.378587885340653
5.976290963056108
2.058438412768605
3.575999160217203
7.24653257084459
1.8594699891071946
2.865422890054073
5.291520529459877
5.128019108369261
2.946712959372382
4.834472046275478
2.1112858954797415
2.8203867059602006
2.3084302182664933
5.619719078189771
2.81008998047432
3.2635841241732915
4.6028120363981335
4.712717642676184
7.310657795692748
3.067622234775299
4.25996259951449
6.083426246391135
3.6479085925488333
5.836513461147921
5.383384948921131
5.011557209222393
3.4728143647366503
7.114940029278205
3.905054993736339
3.9870169752967732
4.29584095608469
4.802609827236303
3.1538303322455685
3.3010784867711758
3.5854143669628065
3.695448534710496
2.88702139702119
6.142473686946188
4.0187849529261115
2.2607313843811014
5.392979968732373
3.7370651644721242
3.3103507207039002
3.8832326210740384
4.263259711598749
1.3724991507916138
3.0226563441320904
3.9936261330734806
2.1666079331102677
3.2750734705558533
3.6667059004400606
4.814920862792095
4.507905695173796
3.782769385287677
3.7385500403074907
2.942341294540957
4.00019526546524
2.9632102472743767
4.738707675419598
4.599341266306259
2.85782855332736
2.5029087312568317
3.182215631056388
2.6107062143976587
3.1576869400327565
2.9756748695554918
2.7837088649248702
2.2659991186148063
2.911404130274876
4.0691718951655025
3.1576869400327565
2.386358397803601
2.970880527349797
3.6290170503727897
3.288745547151583
2.044974075484757
2.7060034980402543
3.013185593162319
2.7123286916658507
2.648205686536468
2.704622370499699
3.055762621049304
2.7179889829874258
3.0300564367022322
4.5289719298772155
4.126152600837802
2.9667207994902585
5.4278893760136775
2.622885792666786
6.279759693350497
3.967132503507645
5.866558608797116
5.65981501958854
5.814102183851372
7.120295208618866
5.040181195384295
4.699881794711319
4.903683115861623
4.623401778214749
4.494245173565701
4.772902052351964
3.9053692613255344
4.54120342725417
3.6151124873260727
4.642281611505366
3.306001429455108
5.7918522123697
2.1344773046150127
2.6278210721320767
2.4773776366351794
4.65817323937384
5.472281901111737
3.3471193992872457
2.6779645593811416
3.707619943555155
4.100881458483294
3.449380016682866
2.096084333245658
2.012538712775865
4.394424103213108
2.9639256180253106
2.6294719503264177
3.0669481397903637
2.8814229183084765
2.4382595770873876
2.4876623041618044
4.056775138822325
3.8013661683049484
5.7753710578504975
3.6489767306392165
1.5987438974339323
3.364636889854834
3.9169158658959016
4.862638819196222
2.454299802576675
3.915401329725753
4.075007126571753
4.571672663433809
2.6513304954352326
3.875046868543599
2.9637973713317107
3.44622958139851
4.071442413921346
3.6736525567334923
2.207655976130501
4.0629522739953785
1.4274090148043168
3.479843600934299
3.629682338818633
5.02334636317626
3.222529452969117
4.566127206520284
2.6487811075562706
4.563031450031734
5.965983777946007
2.3716185999692683
2.8268793447979115
3.3747934376483504
2.55783030904373
6.1534483387928125
4.381823232793827
5.941429171268542
4.433166306390226
5.238367793588812
5.8244405206791425
3.664400327823845
9.054657683326335
4.401185553430597
5.466565874470156
4.418546231469203
7.515133414246808
4.191826670315232
5.534972596961494
4.079142369937955
4.269211711243348
3.7220067544314044
2.956172899991014
3.3724154971860183
3.695399723060286
2.723533327633663
4.322245647215668
3.5700652496247427
4.910485377213881
2.8190421106092844
3.7997030171576154
1.7825198617048772
4.586970468115546
1.4356706261720358
4.670384716391378
3.3113729350371863
2.317635065520529
1.49148748859809
4.717695596704447
4.227817127967638
1.8567292844496015
2.816853362537695
2.6280875235889543
2.426782080622215
3.415574415423374
3.1520227263294305
3.6427318372986845
3.1363183847410547
2.0022644619320107
2.1932205150930386
2.5562766871370988
2.526201971708427
3.9716445098545012
2.8189932556104327
4.100741152391716
2.6719258819062115
1.984239258741075
3.7863818923173116
3.237182891905654
3.603821756650193
1.5937973922009212
2.6900928719993007
2.017980368496588
4.301705142179846
3.395206983639414
1.6811135802142527
1.8088214678573402
4.362931564735739
2.6078881730622236
2.8175218479593465
3.243252290696712
2.4512712339827116
2.2213104695310877
3.0545164330216608
3.488198297834419
4.7505606632993524
3.392416706182161
2.282827302333619
5.541760143441592
1.2746443200199031
2.384686240515804
2.381099326361654
4.079287506071955
2.7044552989599464
4.623552631218694
3.033001720234045
3.1990257686750487
3.468466370446912
2.590590705963398
2.292983515450958
6.244021808236478
4.266630902924004
3.1260486408265042
4.456657257534776
3.3891537411494297
3.98169441567252
2.4003761501845577
2.7021764810721285
6.490662583562148
8.383643569582116
5.300786948852936
2.8423547802926072
3.504674510176042
5.331585648267818
3.487542785978296
2.7786161687953315
3.248863180859387
4.091613135306547
3.7497148306108996
3.9782357662215007
3.7738221648412
3.623867509392677
4.071818157584247
1.4201139785815977
3.391886108394085
2.514543697033269
1.9870711284222804
3.874494984786583
3.8846018206874637
4.1807297694875745
5.374959907485828
7.193819673897079
2.5027440549869113
2.7139144411716605
2.357931223691237
4.421425470494127
4.478280932374425
1.3044764511128035
4.1765123467589005
5.27533314672293
3.9967640491487395
2.512218601811966
2.670771959640999
3.6306582656487327
3.824936126249936
3.1122348298540783
4.221168130936753
3.854115452250996
3.1096718471402753
2.622801580647932
4.944710998742274
2.9522507462771665
2.655699453426659
3.359247741251093
2.8665288769769903
3.182080068890359
4.60703830295102
2.4408514878187053
2.651025395038796
4.519473470683137
3.882826879089224
2.376759719661999
3.701910753509864
2.3411294229231765
3.429756505757489
4.033628151148162
3.7410695518488133
6.243692510318489
6.659258464902243
7.890139817918915
2.530786351203462
5.722612624622935
2.5240983138695876
6.698452503281965
3.8741118093094764
2.081247933932152
1.9250427509335242
3.0622041614210573
3.2025708562268607
5.231924853939881
4.98597365526931
2.9739080999879057
5.159080390289119
2.0325246759674966
6.195357498898824
4.093885082597593
4.130978544694418
2.446238528910949
3.169303165475214
1.9179413499777591
5.712570525723597
2.792361882041426
3.9025682759614657
3.1669529102542593
4.021004526152029
2.578876956327459
4.702862849003302
3.2521449916062144
4.758297924492859
3.5101567915506946
5.099321177212136
1.6592675865602566
4.442673438857434
3.9873521008889785
4.878864301112197
4.390838492178889
3.307921569401181
2.2996380011588466
4.511334263439945
3.373873315658027
4.894721015384057
4.588159863950479
6.392744391724482
5.683220685511902
3.9788407928149327
9.414145800421636
9.414145800421636
3.0862154910575894
2.326069400480294
7.132948063453732
2.3279717420338493
3.5095894751361665
3.6167970353447174
5.198739558823978
6.855446245065985
3.5451415552447365
2.7942565495004392
3.2165728853931164
3.583517708131606
4.858388447957777
2.283533309060479
5.401454247137921
3.1251882793983916
2.6027274106292793
3.034298100340714
4.060007522485389
5.333503261209923
6.402248234566512
3.401222624073214
4.845068157789607
4.015035350758654
0.9211797410226874
4.731440229344771
3.3172513751992123
4.154723532951075
3.6239136717365343
3.15459096160755
2.8394532652823936
2.387171742605821
2.8016463440972776
5.554603547555995
5.638854367266347
9.310051845390747
5.368011309474655
4.215242322875432
4.417052553314658
2.8892636355223744
3.670863869464781
4.514486872220108
3.8687487546958295
4.10656795715116
5.8581008518282545
4.298564561155158
8.179358657699717
5.437511472225247
2.8234496754494747
3.5748276775771064
4.826561022135439
4.376786336387401
4.372982008353031
3.4071710635663948
4.110197633278274
4.218417141654463
3.134900907179141
3.7768965747219907
2.142992388263543
3.3583330183361872
4.5242836758850675
3.6890050695941903
4.967249117488523
3.437322569237194
4.095909455279788
4.045410887127996
3.7023515272705603
2.517393079991463
3.6849836298809873
1.8494541401809497
4.650268518763168
2.701095888237574
1.7905803497787351
3.887291326765538
2.6379016773580255
3.4866545095129347
4.957342577231826
2.6648045685156454
3.7977758637307932
3.392399901517769
5.086130458728249
3.767119787050443
2.1782125901093923
3.726444702895822
5.917584054660935
2.8294987272417558
2.696061827558408
2.809846182756273
3.581264082493751
4.537403220868409
3.0896602696935567
2.510417037189572
4.702171681043469
5.270108719307398
5.70312110016011
2.4529355240765174
2.3799049553420173
5.409444334833977
5.629191772858681
4.011375105205542
4.060520749420972
4.991626443007683
4.474170918067611
3.992383053462422
2.964287303143957
4.680358554340571
4.454763281551799
3.518596573696661
2.743083315157383
3.826951245040982
2.338744872001464
3.094192235371069
5.253043566298936
2.552950971403231
4.01897589315188
4.2445749356600775
1.2368663324014533
3.9918582396669393
3.212004589569826
2.2947681880637862
2.7613677874553098
2.808915579504601
3.7289826623429394
2.108266436059255
5.82331024658827
4.11945014835108
5.281217111236603
2.825640494576045
4.681060993582436
4.045463980090971
5.227765382042792
4.678170180718384
3.98251348021783
4.27676833079038
2.9937600757423577
4.268113559639167
4.98657047432131
4.489001327861647
5.570641114754669
3.957826341987772
6.16441639005923
4.060209402444499
2.832514414079894
2.7572035520081632
3.4228153354498483
7.946980673118165
3.1391765147851114
3.4086703849495414
4.281410081196971
2.3549667660195737
4.479820129728489
1.6265304053964842
2.497784005492453
2.788769015774686
3.8359876016264143
4.111862653684026
5.57778439182288
4.987199454705523
5.834786966201604
4.545904500099471
5.812651462222694
4.4813156492184865
5.954083375622149
5.631789822830322
5.155970091072968
5.198088348940517
7.606312115019898
5.679555878940973
4.508086552256657
3.5979158809642815
4.492231594857979
3.75202274798824
5.344942251845026
3.592312635269465
4.531173971908821
3.366253812171659
4.71305448043098
4.242185524922199
3.1185623492936654
1.9687330026525176
3.627722238517984
4.299918798288461
3.6426760270404284
3.5592206736922316
2.4425858464428067
4.696676940087357
3.926002180514227
2.449303517130401
3.686214162513932
4.561721165865633
1.9290247282635005
4.769710845377871
4.641238396121063
6.195996387303021
5.9583491759901
2.7923761204942537
3.154507353956796
3.0703606558459824
3.9265755651199084
4.712869319487922
5.021001518406709
3.9787868162527427
4.469978339766357
3.9198712814168477
5.526918006987351
5.49132801051386
4.333624630886959
5.361768921781271
4.930992799619315
5.147257749061115
6.405008908855299
6.191502945700364
3.685244728722754
3.834101999306881
2.817018959118342
3.342725983647338
2.2852879003496325
3.8485840900690786
3.887998249938272
2.273894507038262
4.376803722083523
4.861162404125948
4.851305815691706
8.419059024916073
4.000063486483229
3.2444279319422273
3.963208960538022
2.282000154388272
2.5440422627486567
3.631554377711845
3.0362793936814723
5.045575365570173
5.3754760077594845
4.000466132352742
6.224325306065798
4.232409246921866
4.243714027954801
2.7623157345308686
5.552932677139851
6.12808787071937
3.3678811509825723
5.348071751407747
5.896737280241308
3.3645015126683835
5.62388473464595
4.895208812538501
4.635241828433853
2.293135570561388
3.2193237196558653
7.028444715377797
1.849950591567345
2.5207433966421395
2.75294051198081
3.2646990272540592
2.305912807745094
3.0727606445482256
3.0833005018808834
2.99870372169001
3.807271173672645
2.4622585640582995
3.3598161399551567
4.444050710833487
5.8908957014882395
2.0299074585160297
2.489162376734371
2.245366929662819
4.362464890357653
4.021254817771663
3.4576563015500392
1.1360236912651402
2.4039044909564993
6.47941075214196
4.885570117804675
4.483092481107963
2.902057322285975
3.0811157758506025
4.246906616421554
3.345110917502787
1.5035225076306744
4.052338511249016
1.8403760144278531
6.936770520340473
5.651188104274187
1.3148741946682094
2.736485601826187
4.478010762494265
3.655243927248846
1.4621673267623148
3.1462856316114567
4.731995217902376
3.4647775669327303
4.426173870970022
2.0677854001929217
4.837928866719929
5.2805865569277355
3.1570089788113935
2.4985990785106433
2.8311606746413323
6.75895350629074
2.2470885079103526
4.623167954104709
2.015249880847802
3.9987631718745793
3.7783291222285533
4.981584199495927
2.6496653158021783
3.48860965452221
4.7837330491437475
4.969111278084535
3.458195442864129
4.00150901420914
5.604522646375576
3.261179831055767
2.8666922780490594
3.4434018562399515
2.869723671909199
2.4511495817888806
3.4236536424211637
5.583063178092038
3.787336908692114
4.180322468714312
3.399094838035124
2.467512244732288
3.296927664387392
3.5141899637877967
3.67186628124922
2.592487604726355
2.3376925461976112
2.9039946925830913
7.472345495170219
4.971617241737452
2.7885878267974924
4.828717928029364
0.8412515812799782
4.771808888478932
2.5095550994913323
3.602970538927498
7.443951172352824
4.175679186640149
3.5173393805003017
4.674944260092616
4.333954685857376
1.3013107181210988
4.228925039516824
4.259276690424377
2.2349032429847595
5.638146845131088
2.783616125284825
4.32808026684186
2.178095405881498
2.8067691017646927
2.7798603787805756
4.741433955031317
3.4933434505291627
2.687948827080589
2.971314361737578
4.922782299030593
5.364106110138508
3.2272704480072054
1.5656239369817764
5.194154672800368
3.607213340717899
2.690733065647484
2.543926160809798
3.7452658304725146
1.6518142946179541
3.6329660910262898
3.4109846160113335
3.8375687060618002
4.974674533595952
2.2133672311011225
5.160124214763407
3.932980551217361
2.5419524564616736
2.759359085673495
4.765686061317186
2.9553824195879335
5.241962821754534
4.409280773455448
3.9221072651937328
4.511249450896912
3.2272962926114546
5.6309748900699095
5.717882551405743
8.683014601870111
3.16250829939
5.165147208316548
4.09318442393334
1.7816564871582394
1.5047741302489652
2.067612728151596
3.8291199753396916
4.580042988483013
4.550912545484575
3.2137502701863245
5.113074484757092
2.286076493905375
4.440859152086779
5.332814806755231
3.7109378454124617
5.096109936385799
3.63935193415247
6.027190674535034
2.373958242972473
2.658709344267479
4.666403044432183
4.2162706272793296
3.415590561887512
2.4376022044437455
3.724520494115831
2.7129792522671967
3.785167749930711
3.9690742225204874
2.2869096486267413
2.7187639492752287
2.328487661999239
4.756028737605318
3.415000513045189
3.0825903711693394
4.4341145299747895
3.965664676324763
3.265499195216866
5.276928056767671
3.653830831168006
4.066480724874327
3.1191876691745417
2.52508353070267
4.100491632654285
4.4442181873744655
5.48739955754869
4.619930910411288
3.317799996571011
4.585838613345196
3.638182401330029
4.93369300037238
2.7028571610564556
1.5651672894992943
5.334232960671192
5.895108035162947
3.1949666636983762
1.1443803129482855
1.8165078576687508
2.689107211868092
2.8495624599002873
1.8810526602311348
2.383430341212419
3.721790922852052
3.4003115237060744
3.13504866553847
2.289585748839678
4.840860471213846
3.211337623786435
3.6059895337038523
4.955644487933476
2.778867072433906
2.550543420386284
3.1689628648366375
3.7526184501810516
4.50902772884614
6.2879086003285165
6.990172376563604
6.987357990209686
6.026218180102582
6.707667064433926
8.187574359945794
1.8424066287468241
4.11811495800747
1.0423316839292591
6.700019919340043
3.2776943054730654
3.382198887716563
3.684961598124406
3.5936360222214785
4.332396345149094
3.324509441114857
2.822376466637981
2.901942424134339
2.838032461746375
2.8319019089546624
3.4352864979347726
3.3925375110363523
4.551219707115275
4.169806699020872
2.300663342115413
4.398106529388834
5.148766907528758
4.048271708625726
1.5502041147352001
3.9048238756634204
2.9956312715134135
5.49443202590732
1.9135623922371534
2.9706260869184584
3.748026281640911
7.789696438653254
1.6999079630054563
4.2968698699826655
3.1194060717307983
2.956791603938379
6.470763978722463
4.077048706976334
7.687369854933401
5.824581164987275
5.270088929056585
5.221153791551975
6.283660353389362
6.339775877630475
3.5765116528831102
4.22393021885539
3.7745245855564438
4.6214150901124
5.1517051337508954
3.6792004022218876
3.6322096172809375
6.129812890928183
3.480714666164056
5.412532414193503
2.9227016292384302
4.158408027030371
6.07581987478569
4.995899240620642
7.027833480324519
1.9792462933157353
7.172922391000779
7.402938190689512
5.470239342215604
5.809733392795474
9.678153519047463
7.659918412473166
2.6254333842103317
1.6330289141752714
4.035663598412993
3.22664341577944
6.469715144475823
3.0870266608027337
4.223589087006414
6.496580007282547
5.148845261695558
3.9965281233552026
4.699519872008878
5.082748633021536
4.161871965887768
5.198267721690925
4.250928244240446
6.299890906630516
5.622869616030044
4.595282189061421
3.270041470264747
5.287621962041494
2.2433460289336784
3.348551011627165
2.8759828762983637
2.714092593404793
2.3948875150439988
2.3306621770086884
3.4438567914502585
2.6583585123690563
5.448776157492217
2.3878797901166973
5.0863861024653945
2.5275253145377197
4.508074752966146
4.839304773048958
4.373108653662925
4.8414036971755845
4.777374066190579
4.545843707894605
2.6471127240655887
3.3615185329209747
3.0670415255273387
5.300425401972357
6.034199132932206
2.9526488106089976
3.3727160104191047
3.489008217112439
5.17639338072666
3.5917233385904743
4.258975742225385
4.702396848227592
3.9263381935741144
6.520925971007329
4.339148516573841
2.3821264424940547
3.861993385395832
2.981501408484146
4.4854986803460095
4.3405378433034665
2.3776141346294315
3.524199678754299
3.8469503680002464
1.9505642401173373
3.7825080971395995
6.760361928141486
2.9202252988737447
2.162103416044624
3.3175469465082794
4.405385237653164
3.2914419827583172
4.338706372146831
4.747280630778621
5.534602973516618
3.029030973641319
7.109522301902229
3.4196473061391615
3.743028245177219
3.128121432447188
2.747246357140623
5.648563353242867
3.7949047247622025
3.5850417567492325
4.925367682306083
2.9061276706724133
4.515990493000211
3.184975463084089
3.8089773066375474
5.037954580673492
3.888744372887163
4.4725519823232505
5.121002928302279
4.546198298164922
5.392247098569568
3.9149279329437108
3.083597031348655
3.852636353603655
4.525335325046105
4.3275951458394175
3.333771880645833
3.0957822330553944
2.773890239168042
7.195182653341689
4.115252245884838
4.469394382284931
7.961608436757978
3.157680845193295
4.842019791380097
4.357866523261255
6.498635472806402
3.5154857184095403
5.421873819162303
2.776484025487878
3.971437602451253
4.043794287705225
3.2127471231189837
3.855455218896133
3.685806037790186
2.2164745392903686
5.6080416423312105
4.195453559296424
2.8672900672005217
2.9867170163212564
2.562896455306165
4.948678728261196
4.630807826093712
4.788210788381049
4.561263694608647
3.893303529128285
6.897891549904797
6.960404395263831
4.033944891951156
2.3456829898684157
4.8044190207562805
4.7873947103213625
3.3181460668657032
4.541971746621473
4.449298512681382
9.547475551567661
4.160206284657354
4.790526753480017
3.4606349122687035
3.713369039725658
4.109614448813298
2.5419014874625634
3.427884580032626
3.2915500149810932
3.8972177035373377
2.9250264619154738
6.933080366695702
3.753073977158345
4.1815370438099935
3.597854293133963
2.127091377232922
3.339850376154996
4.428640877577872
1.9886764181908017
3.9076092403861584
1.913810319515909
3.9134010450964376
6.0233322224249655
2.972799742790947
3.7262322063692435
4.886660103793879
3.6931086910633466
5.869125942242639
3.990153692549683
3.2998580018483006
5.512593792975693
3.0043045886207493
3.5509965178651197
2.213296232794748
1.6416221674444642
3.846612157920531
4.168949444749256
5.21620495966784
4.523514170389254
3.9487320258641603
1.9711921393408869
2.556318240318103
2.2852392353489424
4.435018018758909
3.489645886039823
3.7986354619762954
4.178665099546041
3.4033282801137243
6.077650669770848
4.122247193090141
1.8266533210115554
3.1785362484610613
4.778751082345766
2.534964235865729
4.397088318524497
2.681281573172214
4.175350252289409
3.1386491317030494
4.043309276164862
4.115280361977937
3.1334376654259297
4.794632848506626
4.340687354316581
4.9118350945549505
2.247183238632289
6.187160126210517
6.911421145819028
3.86112940238165
2.7800468199145234
2.0367186514666615
1.754018296079327
2.282384867016043
2.0016278269265886
2.1521126229731937
2.003662628943523
1.787342724163085
2.2538988362719587
1.496770429109397
1.9378597028489357
2.9761989040611447
2.79233830848258
2.6272584884533368
2.4022448370863145
2.3890148937868347
2.974841113097173
2.5085874703676923
2.593438254289256
2.902426084719461
2.35696712810325
2.6492836343604163
2.6091072715371952
1.7424376550397822
1.9822934791974944
2.3123851466369323
3.690277030511129
2.5075576555334287
4.116143820148029
2.4987382732339825
4.982405990667188
5.924199183501058
5.589516169062536
6.48531734412186
4.906463845924259
4.363945720210839
1.8509085827790765
5.098159773099695
5.998129138335
4.465018372730359
7.871105123546684
3.265649502012929
3.227833172633467
3.201432110882348
2.0955313923219356
3.2521819453856877
2.039775328062032
3.3830807403177454
4.886484829953198
4.242516775174103
5.678761944570109
2.751722615346822
4.563607952322004
4.852633163125094
3.6303539758518877
6.588566887073269
4.148278156715966
3.257770395019498
4.850702175333432
2.284121419004447
1.1223714482149028
1.1809712643605277
2.0634267470521004
3.5581712811558703
5.102623584502646
3.7943507485310417
5.5587518088164485
6.4970611234795195
4.824394241286021
4.296498522809521
4.035871575813897
4.9888636335779735
3.014010603470236
3.578997495025686
1.8987937456985726
4.054417102649254
2.6104554841533045
4.793571433641609
2.8472206239974245
1.9908793190298213
1.3808947009643235
1.9439525829480797
5.20402066830624
2.356545088506692
3.9260112676243666
4.126757585809593
2.422628916606172
6.296595298472992
3.450625498867835
3.6294087553862506
7.472345495170219
2.383035128942109
5.053486643056019
3.6296857817682135
5.365853777559714
5.282770844770311
2.8493108602183437
3.911000199787079
1.8135691977372612
2.029717747429697
5.823602097185923
3.220939490867311
2.440999034957062
4.849970176658836
3.4773595377945123
3.6049393317842777
4.1870005552840155
5.272548435289698
5.617063833069231
3.493775292965362
2.8235347904109798
5.251518571248209
3.017737135018306
6.267940391590596
2.1351414222530556
6.505940438955167
3.9886913802060477
2.4738108645774672
6.167701975808259
4.557592705903732
3.0114887086481947
3.5881274206658773
3.7338521794946113
2.6683190192782367
3.4102594603547183
2.3814092864494496
7.274944736041677
1.9503535488119204
2.6798239452697388
4.518043683912912
4.0705503308382704
3.9632994149813636
3.134712667474354
4.7721275242022445
2.216365559533381
3.9611286370693226
3.3835920595488718
6.396093132623001
4.83211961142316
3.2279842717690053
4.589396181377514
3.717490652507511
4.919678958596645
3.345973405537414
5.725571066255235
3.5857881051744123
4.106823880447864
3.621492340315277
4.085454509878822
2.3235259029159767
6.890416477643664
3.1612610649862103
3.072597369627335
2.3434404398911544
3.324124907934724
3.0882639879953455
3.3690450550286406
3.705884364191499
3.0793748850767866
5.952206658469109
5.678082948316004
2.099936787486888
3.91868867583333
6.136685317209837
2.988505119075752
3.9137615138833635
2.177387388110791
3.5160677875375974
2.352994782004502
2.35984500318089
3.343628933842637
7.408217484347864
2.0830171923819667
5.3933363593819115
2.4481668352808303
2.8958352833835703
2.9420935243409785
2.515031776197379
4.400432820241901
4.15194544238632
4.804205202572459
3.976524229787533
3.649944584369488
3.3659883458967257
5.462563288675734
3.5484882439765464
3.4964606913303236
2.3320899813927958
2.9789997786116644
4.390737134565524
3.1277133360412432
2.556161290544681
4.160325908593012
2.910883001030787
3.3737461689359534
2.678862390852435
2.441569742091883
2.925854350901433
5.143511930291204
3.8388547839473226
4.3835243090648826
4.0842325309302865
0.9745664744816204
2.043503414984875
1.762630787112666
2.0823013655157347
2.7893589116152233
3.036762080711508
3.044610785117485
2.8917647928803927
1.8273052084810146
2.2195568295315447
2.786048568698202
2.6427419719031717
2.964646233387134
1.8660997101532355
0.9634303108311726
2.3283178874727497
2.463332247011769
3.6498526247181258
3.204775936789911
2.9385408710311864
2.7422115836409287
2.91956811545002
3.2906607093636753
3.4477459694950965
2.925657174436586
2.1471699195153815
4.085417638391781
3.4635003475507022
1.8046941420807419
