5.916148242499905
5.066108942549702
5.177234212672034
4.896708059671631
5.349756037105198
5.484951578730458
5.492069392172727
4.6906992979588935
5.183397796044804
5.65370580410642
5.108305130178596
5.108566691830328
4.557573816046609
4.766495096551848
4.7660138068915465
5.3969911669521045
5.688708875265108
5.735047127352864
5.498192887598234
5.704460273489916
5.742843135017942
5.000471438806835
5.725474363998757
4.772312037207889
4.700667188037093
4.5144772969016245
4.666448518123335
5.01035688945169
5.314924383542194
6.040541783071294
6.04461484304673
4.630087725580447
5.771401089648301
5.063947244079608
5.38930572000187
4.5981662288560985
5.299425573556474
4.9903917559061854
4.810252165144933
4.74423926926531
4.977455891722309
5.353843566458108
4.727355303721875
5.628201554823486
5.0977354588365085
4.865978381163792
4.807698911523905
4.88102528117798
4.991240041189927
4.22902002792037
4.938665485828175
5.301780440786418
6.3618959996700415
5.827306634914985
4.450514901313656
4.992189226459544
4.575693370219912
5.8223067686706
4.562581430479172
4.933467905304133
5.357629728803558
4.857868526695189
4.155722262717603
5.639664076539985
4.626859976291995
5.452995757071804
4.508951594018274
4.34150783598917
5.071733069595069
5.019935034173126
5.2831678676514455
3.3901371188466465
6.091843127519154
5.4257852298767855
5.670383688391021
4.827898090241657
3.3303878299029552
4.6050065593813825
5.491582832877735
4.931742839173959
5.1580690211646765
6.112526769890426
4.130134240036831
5.1319957750902505
5.728286983774163
5.355104472737209
5.533898385053276
5.169883803264485
5.517640875566054
6.4157179739118
5.283193707806137
5.059092317860802
4.274870679070888
4.807666659158419
4.808260974980226
4.567039497923572
4.7007052497991335
6.211314760889952
5.940753364129986
5.719076700349179
5.120314574155814
4.380925848931288
4.452584045230299
4.453046967805933
2.000926035951739
5.3899440609283165
6.211014195410906
5.561316155144808
5.468492946971272
5.143255318879446
6.901627983047959
5.601139272888394
5.424696936775177
5.466314556227748
4.860614824055245
3.320620123290876
3.3023310933278918
5.1027730250211745
4.915626552176541
5.171400291317049
5.393368111893487
5.431281451926547
5.2559829678858705
5.020563910323213
5.342746535098652
5.934676375099997
4.786195710800753
4.4220008036570135
4.418398190563919
4.68383282644093
5.01087600757679
5.895677935950533
5.644358869021542
4.832228189693113
5.575702097781698
4.628619813702634
4.838163007148714
4.756403554130954
5.6803347421656
5.361997614552339
5.300138588316127
5.495222398366228
5.071564165866905
5.843713038091374
5.302613532962452
4.681438994170619
4.709871721863434
5.049448118798173
4.699967200713597
4.949925948161124
4.3965503828655
4.3920209450863705
5.783761353650703
5.483504766315253
4.520305578749608
4.798530860708715
5.068702188316083
4.864692703073079
6.24665872672907
5.946430291752781
5.608945519361659
4.986471039583406
5.235343805746691
5.644086689253728
4.591364504117241
4.78384462657393
4.483839514851061
5.066012357789461
4.2078276969749675
5.572295936553733
5.57248828159465
5.7057077802155
6.8446057614802305
4.8190873152662
5.407628020811002
5.297887760610577
5.215485535151627
5.951149443046704
3.432420669424973
4.659969161494015
4.707928482535908
5.087552044565201
5.146687836687016
5.053847809159582
4.645501028221871
4.948567782408643
5.732112753969194
5.204276269682303
5.083460872952735
3.665847830223358
5.343835804567837
4.948090561994084
4.346721212919328
5.133068895438075
4.8618686739525945
4.608708978669068
4.731365079511918
5.703116942536723
5.759005511423926
4.307511165757653
4.964914881891145
6.059630029633835
4.64265990229357
4.2856500420085215
4.54542671890027
5.516243492774996
5.078386901308301
4.931595204190548
5.390254085818696
4.934632260892999
4.040357300384179
4.877357686744062
4.907424770593409
4.511068181604308
5.313096890221189
5.121701759395849
5.271399755686121
5.670499568234187
4.394888101203921
6.072895096227935
5.62609481545476
3.943322846698474
5.068843494962912
5.424529988017563
4.456062753156582
4.796131808288521
4.853675235879079
6.203190382064469
4.9979986552918065
5.051219691222974
2.697186506137802
2.000713316366859
2.0008041881042615
2.003154368644425
2.000000000000002
1.997856103360153
5.421641308876858
3.440388501415013
5.875878977130408
5.6042128356322864
4.810981360858692
4.472440153576707
5.209067409614032
4.408854239749842
4.799698703851154
5.158354542410171
4.982825348218526
4.58508729796134
3.965716296476774
5.508683798129184
6.272401109668253
5.511328489664347
5.533090373161727
5.153750576766554
3.601220469244059
4.522011644500572
3.358922955580316
5.111024705898573
5.790130298129846
5.520278399529754
4.52419840789466
4.726447551922762
4.783573900941529
5.069894024529961
5.572714219550884
5.404257451422566
5.135164635195883
4.846034654147121
5.159733420122187
5.517195896396519
5.018345501328475
4.920953689273581
5.152049329659738
4.357462964675312
5.410731515583347
5.937424421035583
5.616967281044865
4.710497855514325
4.01188697960525
4.098000522875183
6.232833306085939
4.806528142319663
5.089222345701884
4.513118276673944
5.011148817379754
4.940583693977434
5.700741614975501
5.46284382852192
5.061550382794639
5.407069487149981
4.562758502466133
4.590707175688425
4.772152583372078
4.581452974129949
3.971348043736004
5.735589124473067
5.170807208255409
4.765560318812564
5.018313329553324
5.305010677506343
5.264977097320332
5.277167167105989
4.931173030328998
6.166893712920769
5.621670205457451
4.35668513803253
4.1024013212539865
5.215556227659998
5.343847676482496
5.890179716812454
5.003879352706344
6.197962328751865
5.149714669396429
4.942999944496953
5.187031837208449
4.891251910710698
5.14146291094067
6.1153568857737755
5.171395866514571
5.116019058211382
6.27976222990374
5.496969435349827
4.988616859059449
5.067003906116302
5.593759018032881
5.139895255524598
4.459250454101182
4.413492020778574
4.870127028193133
5.537024179233561
5.085186179294819
4.4268378684681995
4.542918525030351
1.9993229678568896
3.420635296224355
4.177602975921244
4.95073991166344
5.020032584195251
4.4208281630451856
5.150559712462484
4.709914597541276
5.464898787990543
4.971039653898241
4.892312945780901
5.073873175244498
4.900814743211162
5.071469125750932
5.075734302530303
5.225823269584149
4.563246407963453
4.29910826016985
4.690130084919252
5.044329922445139
5.584906272061534
6.473549292639873
5.569605552476183
5.487264769298652
6.14734032290754
5.309014192174076
4.947728615609416
4.944231449895248
4.418011239861695
4.773291858203928
4.747073002956907
4.201856594928645
5.593631727130236
4.0880377582158625
5.254808167359844
5.240541838531131
4.6458041704099715
5.524401918452674
6.028599098684246
4.163545186470578
4.925470419144493
4.854975521309058
5.449037666796392
5.860173949464409
6.045422674173778
5.76444342359812
5.35022871913767
5.624649763423547
5.443182426432143
4.234111379154812
4.882327609221461
4.978063597385247
4.549294682290159
5.758308774611123
5.364915377057991
5.333463823937749
4.740765974483112
5.362921498316268
4.853073842809209
4.612399417889633
1.997856103360153
5.458851399268768
4.876691529102182
4.622694426380049
5.364563703707372
4.94202519014197
4.898246244207135
5.251182489689549
5.333995030195104
4.758191872488425
4.7159098695075246
4.710808557870094
5.110600067838484
3.8558311700872943
4.548847552661293
4.886454196029045
5.057832298767492
4.432010444196999
4.9069480442731725
4.73944845548506
5.296281240383135
4.735028978627522
4.686294529179792
4.757786263026949
5.0224786112008015
5.124119024674843
4.5749999496250275
5.804985231693714
4.800432778358401
5.404996191785033
4.504763402179496
4.9975505185223685
4.928757324751382
4.447767083176712
5.023151797496195
4.615622372879424
4.910641247784748
4.36067696590751
5.451602831603752
4.183252413160812
5.1101873356585115
4.2171578174109925
4.604989026246498
4.994933700910232
5.811992836714732
5.090574557645289
4.665515884115548
5.909423776502207
5.704546441695517
4.7294924557042615
5.143185947872543
5.450813370543763
5.413007203038722
5.190674837897969
5.100983002018046
4.251715526683387
4.729460771818188
4.391977729719129
5.236947736222085
5.286716253525326
4.057488883138271
5.4840871328910366
5.1966511442522085
6.164814195484542
5.584420950659313
4.599439749872109
4.740570332051299
5.204552112279288
5.27936891140945
5.244760564625803
4.861941512370497
5.130365333157912
3.38138194953895
5.483254688502297
5.306036578653519
4.67564882925885
4.982842723128263
5.6116494862804345
5.234142055730228
5.046976208502752
4.5433238407925005
4.848140128671386
2.6571950737679626
5.048711736671981
5.5981261293109865
5.0234904895961385
4.71453794724204
3.8152193990022396
1.9990567248297353
1.999954990390489
1.9962876789305146
4.61720129086548
4.573440789429195
5.3309546882844465
5.02012227565481
4.501291906768496
5.723851437095349
5.33251585044073
4.892717197409572
5.398259262945646
4.954398027721154
4.681687925733678
3.486606563176605
5.332934261069347
4.8861908212430745
4.306815850605963
4.922916364825076
4.8375630116074415
4.888325128899815
5.24217669819139
5.125947755145826
4.121809790330784
4.392852893567639
5.002761715619381
4.998309795847565
4.404783140245089
4.996740229924182
5.006006383002252
5.082361415977581
4.303254044875048
4.3367995862482145
3.8820166342051676
4.663257215168422
4.50906786302098
4.032771656698868
4.698907574822776
3.655540435522779
3.2406456299700768
4.436838284134946
4.512745870805992
4.527285071400121
4.4414970390236075
4.650952403184196
4.364790533343074
4.431179025653027
4.825545144696051
4.8682310088985
4.173996508383466
5.48900811753371
5.768630152975607
4.898243661797268
5.044718695897708
5.5375914387986604
4.0883127366676355
4.310622237039948
4.59357348870224
4.982312109897798
5.158689262474445
4.123496869109565
4.808093046048724
5.0441747625939355
4.8500338677645525
4.137198315532796
5.554133585703478
5.084461923773883
7.204289651617925
6.9141568950402865
6.847022290011267
6.498488831123082
6.007572396958707
5.346398565272431
5.1146909437778705
5.401647638683405
5.001840916922978
5.529902147637265
4.9253449733183645
4.2598987954339975
5.077563956542646
5.310490043907619
5.191817201849392
5.473450462342157
5.606548639689223
6.096446569442236
4.871613978303326
5.386828582261841
5.088090037540749
5.044053727531521
4.054018839954733
5.341669106418463
1.9999353540563627
5.417931724650163
5.147237271038193
5.201432211054801
5.292086789621021
5.842969369139495
5.244681282507766
5.743643994538774
6.081603638475656
5.741772528730265
4.9973404871443226
4.098128325863767
4.790865836713155
5.213708178224457
5.510039555666764
5.135687089225844
5.457553096313465
4.944029223595589
2.000453632859038
1.997856103360153
4.696573760564701
4.0923794839222865
5.142665667755879
4.548726192754139
5.221329690840381
4.980097268058124
1.999954990390489
5.511123678259155
4.910332912037301
5.530296858261213
5.132571209613819
5.5830615533159555
5.465625179567035
5.802380356951254
3.924068586256266
4.697108622495598
4.518559445438033
5.079323718262105
5.168386134394393
5.145081673014666
4.700931915720706
5.031808326657974
3.1968194813965614
2.001688614137096
4.880027590405845
5.451990421235488
5.051808207466024
4.7047260324887725
5.727274484660979
4.199979081830789
5.455961160844428
5.4210491167929495
5.199688927156892
4.233007539408328
1.9984638343744958
5.432325838153344
5.9704603899148125
4.197127832380626
4.967755282789756
5.106483406902892
4.860663083008312
4.910340282109165
5.0922035375608115
4.159699757451256
4.66264937514703
5.352202999795535
4.475288183782206
4.845989511604273
4.499606024417191
4.841956820632382
4.325229445431143
2.7890922611394897
5.021959477381383
4.623434881099843
5.491505723263948
5.041513036766187
4.717755642387007
4.113393995743205
1.9994224043228161
5.448012061231354
5.2678762582743
4.646324319645879
2.0093902859931494
4.927220946059153
5.9772158427975
2.0009260359517387
5.358860120981737
4.906555987998102
5.2005971630524055
5.158457904448938
4.948263258527733
4.710355022746886
4.437661715980569
4.81149486296281
5.269887129782511
5.139249102830396
4.557757074542826
4.664452689638762
5.0361450360797795
5.128946312079105
5.548721368267254
6.035717124725406
4.150235541552403
4.677519641906419
2.0039487711876895
1.9980380808050184
4.537313827887742
4.46998709628247
3.9610876871470433
3.9282824153614326
3.848839157153259
5.676107001838214
5.113625357456552
5.118882059909697
3.724855908059121
5.240945059334832
4.7713254793076185
5.334202291183216
5.169000535262174
4.766752706241875
4.677679367904775
5.451759660033219
4.6008669589932
1.9994224043228161
5.958688124950173
5.153447299685177
5.212826493967328
3.638434992004659
5.158879169711522
4.4732739505084655
4.868962815786645
5.791330406071985
4.437748385369253
4.54539547193465
5.245406997560291
4.705976192571494
2.7115017873759344
4.708867486799132
4.454435345371679
4.916151926237512
4.829890812887426
5.823453560333848
5.276110397039866
5.021556830351254
5.035007465057429
4.443160169600345
3.9773909804346363
4.853816287858222
4.768278451031002
4.510644988994655
4.680010074666802
5.019468282959451
3.632819485815695
5.000312965630104
2.002080507449443
4.739539889417802
6.383229529882649
4.1955567609283175
4.834276496318196
2.0093902859931494
5.099502367055877
5.364904659443152
5.21157121190597
2.001951809038259
2.0007235831084946
5.279366944916427
4.717420906188396
5.533073027716456
2.0001084576306707
5.822147627883735
4.790194771777936
6.490644837954498
2.0066292005332826
2.003154368644425
1.9978782020577839
1.9994224043228161
4.22696702942192
2.6937052491417903
5.029739574924304
1.9994224043228161
1.9976068946860246
1.9984638343744958
5.228821169275608
2.0002757969557177
4.949481097550245
5.066898232449394
5.196752026338778
5.520514304273054
5.095141222786804
6.103076874752179
4.329292843341476
1.9970979894348586
6.08936364308815
5.6532069753546
7.440011212452166
4.841504925383607
4.522955544494841
4.330953112718845
5.101519079139104
4.871246660387167
6.182950498459819
5.418005251132764
4.90818193797726
5.90036958502661
6.1801806003645305
4.286968062878733
1.9987747755657224
2.3050697708491916
6.061340148944021
6.057841971224968
5.042039010764887
5.39803251689155
4.592640963020894
4.784014915467221
2.0035802735417962
2.004755792285216
5.243196658195432
4.434005803238847
4.567203762220067
4.587499064222014
4.850670939839621
2.003154368644425
1.997856103360153
2.0050845244765987
4.552432270311657
4.602891601815591
5.397341588494779
5.4848680345783665
5.257930562132209
4.545143809961369
5.505692642310483
5.68344143027157
4.954398933646444
2.001688614137096
4.657446803604559
6.078639782002197
3.7345471157212615
5.118745312546773
4.9592046865512875
4.339953831895641
5.085613683063876
5.248172833583576
5.407137874611571
5.63555770749328
4.98376569695589
4.978219024062517
4.9989888768457895
1.9962876789305146
3.1891363519888376
5.19396795721862
6.077018916756801
5.487031912628781
2.0002757969557177
5.152737374023205
4.929233984250706
1.9981127188568895
4.953848167327545
5.582784379686151
5.195039753395807
5.75077793063182
4.882059597797273
4.667902317809021
5.267556967234803
4.5101981597314875
5.045249509383507
5.470241062748659
4.995674046334785
4.0991363230159426
4.792363536208816
5.058836127260351
2.000000000000004
5.714432136590247
4.772310147035538
4.597273554635373
1.9962876789305146
3.941996126188895
4.882825511038242
5.251333150984118
4.621144007208043
5.318625506206641
2.945719607123383
4.085209221192869
5.159834780989834
3.460584582336865
4.630627883339313
4.5907623392233745
3.6042255660566562
4.775143148180477
4.313430859310559
4.124430804035307
4.357284769678799
2.3213484703181044
4.584855261624845
4.885491011926468
4.528144025237596
5.0690166227605955
4.265689175783661
5.038653156414465
5.019166723127768
3.5587384829939506
3.8016922613166484
4.707919718908684
3.387641573526788
4.726308574815182
4.601390692192762
3.9359534911488225
4.880270931513805
5.1157670892288225
5.612653863777789
5.18960253068444
4.751800653869738
4.500189810227019
5.152065975884307
5.107280008549813
5.063955310096414
5.174513016964472
5.175587416562589
5.315174796739507
5.562060767595176
4.533623171093623
5.223051986021084
4.785631688784998
4.192619643638063
4.830617673006766
5.422231660361663
4.317849113577895
4.915751715995427
4.480510250060155
7.412787854614923
4.178692094256302
6.693105967817324
5.0314036757728156
5.169211930824655
5.715349062596665
4.615969694942577
4.120864089388067
5.266006156879355
4.74484431167637
1.9987747755657224
4.9533724776436285
6.077873606875715
4.376688322157789
6.257993614638324
4.819134022789409
5.745145378568125
5.511850524459675
6.25371043615116
4.970260763013331
5.134319781639618
4.696335447205968
4.519767821941127
5.498440168904211
4.87349713640963
6.595814276529808
5.168294113305222
5.450947842254096
1.9964196536323242
5.66949139800881
5.1778129191245945
4.865599215807562
5.34389523154125
3.8956362101529916
3.644473712492183
3.4329150441303415
5.459954477207785
5.694972945644308
1.9976068946860246
6.499527045534526
4.720227480100917
4.916456084648038
2.0002757969557177
1.9987747755657224
7.111070523471666
4.140719236580545
5.016242548715402
4.939833612326762
4.92321286469205
5.204644864145426
5.33299455898208
3.919854954531673
4.881147042225483
4.551379285052682
3.6225933962896546
4.758824405814608
2.0032368199208874
2.0035802735417962
2.2042933835175194
1.852306818706404
5.967496968075546
5.092369643032331
3.3668560632786146
4.989806401842318
3.5462109794430505
2.820072110229594
2.0050845244765987
5.048181970001718
3.2092077474989527
4.569215368307214
1.882093083552637
5.530871214297189
5.079792803621637
4.623006288368086
4.919674840558984
4.7035929166070325
5.1892721161268325
4.392591038984682
3.5708315047686248
3.634037575887481
4.917314912625146
4.069058125078846
4.414227753743906
3.163098378756449
5.591117773264942
4.52248405666403
4.969090024856371
1.9993360621195029
4.691619521200259
4.867770102763724
4.980241597986465
5.790231055906308
4.580026811135901
4.189191901271782
1.8063582409257948
4.946431382941622
5.547545024171357
1.9997355192112583
4.639893027418434
4.595802231439129
2.6230475887998788
4.923925201512045
5.092886719108057
4.76262183693074
5.055868575084815
5.846611230778269
4.521427418008052
7.416909723352315
1.9993229678568896
2.525735308999371
4.8527969473480725
7.291210219786031
6.208736052242742
5.4912958151430065
4.150962009583354
4.587677361172108
4.581621088257566
5.21942705655172
4.610615914142833
5.038478794478581
4.993810744516707
4.646217934263346
5.762321284616267
2.000000000000004
4.561919254649219
3.6506730610999742
2.0009931624446935
4.620059230086333
5.090540312700562
6.565888316563398
3.6660283904090303
6.492651227914446
7.153439442420717
4.887656634692655
5.703005706847148
4.086293900364647
5.325109188840678
5.094997273954195
5.976527620703207
4.678595935741559
4.882474469173132
5.477943459562187
4.759159093443739
5.25792584200256
4.19112449768646
4.538009919766231
6.135507355196663
6.546880576382124
4.574617089370797
5.093327780760466
4.8911605662945465
2.575860630360581
4.028053715659453
3.956946545660045
4.749346070146757
2.4911645096177484
5.1402899824395325
4.982676292330425
5.5589253489899395
4.461351637281389
4.802687647451395
5.383804766864513
5.2041668848625156
5.048773313007162
4.882813871170405
4.13572141232584
4.992754996184976
5.430954468448158
5.235520833817535
5.193283362320921
4.047148358459854
2.0002757969557177
4.193567122561185
4.021992004717763
2.6013121707840345
4.758279107599616
3.4110364195051024
2.0961156271177073
2.008434285908884
4.821463243016772
4.7748262691562235
6.571100676944052
5.161396918301695
6.3630864982741295
4.436433396071487
4.5312555513783925
4.646308072908443
6.358537637863378
5.257329185498229
4.911381445514085
2.7941017662888012
4.625467147973887
4.615274009714696
2.63006772882766
2.437349577148561
4.930484677655676
4.363551798116203
4.967961056825801
5.817262058340451
6.874888265152981
4.38060713997149
5.256862819771755
1.9989700547378906
4.644837892120644
6.08645161353031
4.8158283718537485
5.490293387321979
4.014811074824153
1.9978483110077025
3.4358552019526405
4.206220753226079
4.939948441868491
6.060172446335725
5.3635075291189285
4.602066914724406
5.126147739503477
5.001087870156041
3.6532798866098846
3.069835526588225
2.004755792285216
5.000549058082814
4.046695895395959
5.7227817200100555
3.766819937841284
4.768970594556728
1.9985533309401329
5.23729889440535
5.038254945041437
5.411748225922062
5.900851769903353
5.311549029349752
5.763018308105042
4.556862015146737
3.102019524609715
2.9030856967009058
3.6793122766861757
5.012239068293242
5.6858852798396375
2.9729228149275
5.4381248771639195
5.97266689668865
5.825348359427316
2.8435052534016316
4.061782608213577
4.688935174232257
1.9973069805262669
2.005244297716694
2.459221700152747
2.697186506137802
3.780211448992939
5.201294288993737
4.26872061794931
1.9991217017153406
2.425700290135089
3.667386315533814
5.715138815551614
5.5899770686981665
4.552669770095055
4.804660368338342
4.966881808100957
5.031374922973237
2.002520226013944
1.9999704964796212
4.227644316794826
4.906532535711286
6.558282146760699
4.557844368614537
5.795603744899432
4.731809944152145
4.419542773633986
2.6573813224468035
5.253028267679975
4.866722454804634
4.884506783210066
4.308540650448769
1.9987747755657224
5.5340437219993985
1.9978483110077025
4.756584586579191
4.372170259307088
5.110905192977955
2.83026524655373
4.345332170211059
5.778562389287204
4.829730307384059
3.7695304241482517
4.423483254265732
5.270485135902289
2.0021987070110687
2.41245975714249
1.9987747755657224
1.9991217017153406
3.493424714677192
4.919571297527181
5.118094279410905
4.880884821688385
4.712153064609457
4.494323108346541
4.7040411370746416
4.5324706568731505
4.636952209761679
6.650733323407837
4.0084225697643765
4.96477592971706
4.559620193989069
4.172554962419801
3.4114539337544656
5.200611612200667
3.9524072721220205
5.841161314862572
5.29059685304519
4.411805715085514
4.991386557413872
2.638828423295225
4.246584838570765
1.8874878940689417
5.246116548282878
5.414128642703584
4.052592697857166
4.3303477203930845
5.495204543126559
4.772468572796134
4.064931463422656
5.03131114779861
4.228990236634443
4.37193984302326
4.057178213624561
2.515319577987899
3.6627433338010125
4.922839971004433
4.448263775250089
6.465886186667808
4.045364923109884
4.876762058527764
4.89241977007247
4.743977149598859
4.743871745475533
5.166917766202417
3.7350082249520904
3.934784600314069
4.491423477319833
3.6396333493426454
4.47952421725033
5.5413095664232115
4.7231491818624995
4.32488068726027
2.7824616420759067
5.398643330143609
3.5527003331079703
4.341973168550521
4.54974584883504
2.9408826961580754
6.008934532899306
4.6327078125058785
4.897351192809572
4.167401767093105
4.576657407105302
2.946297666916244
5.218034308612523
2.7512820076408033
5.358025038035834
4.262378039322708
3.321709836001216
4.441988329148266
4.719946673557345
4.676421019624015
2.8026734753586786
5.134433869808485
3.5307494503897328
4.10952401084103
4.828939729720209
4.857323099960052
4.832938761040944
4.268690044916676
4.165271049403833
5.944945455416798
2.6348400393415483
4.801183297146615
4.180477848667439
2.942494355454158
4.87834134738565
4.96418534455085
4.875177151380139
4.3409416801877985
4.6604169363476435
3.2453962969204495
4.802591657704531
4.9377214217288765
5.872221438817041
4.378582617437849
4.769625389912126
4.6783721584028655
4.008311037753982
5.112827860066864
5.17114003439448
1.7814514576919112
3.223919966674825
4.373423210316715
4.106180578881553
6.3373277511851756
5.076771119460205
5.576598991975894
4.061844798180306
2.8798105767504785
5.554584478640201
5.107788621945385
4.5624267155249525
4.334416806675572
3.8805534916320745
5.089314333394237
5.162932704487716
4.888518143501534
4.468805797870879
4.548236334903419
3.5806580711584264
4.375931478292033
5.528022028636784
4.447104825152482
5.070909899918602
3.539786569885414
4.711435809976557
5.704663059441136
5.013388402434142
3.7790642304724527
4.380834430452323
4.913782174751363
5.629088228625394
4.890080044010699
4.7509845318102375
4.897117899964476
5.100258142850088
4.433641624623457
4.718082914466444
4.135916820877195
2.5793130757061795
4.381530214231835
4.7837871965259255
5.296863961559634
4.839225188768585
4.934635614069471
4.688535595173271
4.8639725204048645
4.058389137249396
3.631100516869787
5.386143723352047
4.848406755965964
4.074506399655407
4.0866230767091425
3.2384494962523354
3.628614699156436
2.7712105495319515
5.244560155928396
5.9738997218760055
3.690005334650401
4.220432557003081
3.9249593241059824
5.21714542743407
2.9441393251568995
4.675246267836849
5.135435914555389
4.813152851791296
4.807585024920575
4.627371582405644
4.4293323371804565
4.846112044704045
4.523372059197323
3.0467089375454313
4.633038340160631
2.709107678965173
5.11708419001829
4.615384158090029
5.032965451433229
3.0680155528184594
5.164851257664646
4.1903530089900904
4.946506629603873
6.422020195208485
5.286962208497791
4.987483936574292
4.463694917360004
4.443078807769003
