2.46
3.44
4.04
2.4
1.5
1.8
1.86
2.38
2.42
1.92
2.6
2.42
2.16
2.6
1.4
1.38
1.62
2.04
2.58
1.58
2.44
2.2
2.4
2.56
1.9
2.14
2.46
3.42
3.1
2.2
1.68
3.18
2.12
2.08
2.4
2.64
2.94
2.68
1.96
2.44
2.78
2.36
2.2
2.14
2.38
2.86
2.24
2.28
2.96
3.04
2.68
1.54
1.74
1.42
2.28
1.64
2.78
2.28
2.28
2.86
3.04
1.36
2.32
1.64
3.04
3.12
1.94
2.46
1.8
1.76
2.28
1.78
2.7
1.84
2.8
2.44
2.28
1.74
1.82
1.84
2.88
2.3
2.62
3.9
4.32
2.08
3.42
1.86
2.82
1.9
2.34
2.26
2.48
1.9
2.64
2.54
2.0
1.92
2.54
3.44
2.12
2.06
2.66
3.56
1.6
3.42
2.02
2.96
2.86
1.78
1.76
1.96
1.74
2.28
1.78
1.76
1.7
1.62
2.08
1.88
2.08
1.9
2.12
1.14
2.04
1.34
1.82
2.1
3.3
4.66
2.66
2.7
1.68
2.1
2.38
3.02
2.72
2.3
2.08
1.72
3.12
1.9
1.56
1.74
1.6
2.34
1.8
2.2
1.74
7.92
2.6
1.42
1.96
2.16
2.76
2.18
2.32
2.5
2.64
3.28
3.9
3.1
2.94
2.1
3.18
3.64
2.74
2.98
1.94
1.92
2.92
1.42
2.88
2.46
2.36
2.04
2.62
3.02
2.5
1.74
1.94
2.0
2.56
4.04
3.7
3.48
2.48
1.8
3.06
2.66
2.22
2.44
1.9
1.74
1.98
2.08
1.98
1.98
3.1
1.82
2.92
2.24
2.12
2.3
2.5
2.1
3.86
2.5
2.6
3.08
2.36
3.12
2.46
1.72
1.5
1.88
1.6
1.74
2.3
2.28
3.22
1.5
1.76
3.3
2.84
2.0
1.68
1.4
2.14
2.02
2.8
1.9
2.38
2.2
2.54
1.56
1.9
4.38
2.08
2.12
1.86
2.56
2.14
1.96
2.5
2.6
1.96
1.82
1.24
2.32
1.84
1.94
2.2
1.66
3.9
2.14
1.8
1.52
1.6
1.96
1.74
1.52
1.44
3.4
3.04
1.86
1.56
2.24
2.18
1.84
1.56
2.4
2.44
1.94
2.1
2.88
1.3
1.76
1.82
2.92
1.62
1.44
1.56
1.64
1.66
2.16
1.74
2.56
2.0
2.26
2.74
3.18
1.68
2.42
2.22
2.96
2.8
1.96
1.64
2.5
2.54
1.66
1.7
1.64
1.18
2.34
2.86
1.46
1.94
1.94
2.12
1.7
1.74
1.84
2.44
3.04
2.94
3.3
2.18
1.7
2.26
2.5
1.44
2.16
1.72
1.9
1.4
2.14
1.94
2.68
2.56
2.54
2.02
2.1
1.76
2.38
1.86
2.56
2.2
2.26
3.36
2.6
2.84
2.28
1.96
2.66
2.26
3.44
1.5
2.6
1.46
2.44
2.84
1.76
1.84
1.8
2.84
1.3
1.98
1.78
2.94
1.64
2.3
1.96
3.04
1.6
1.88
3.04
2.2
1.66
1.44
1.82
1.92
1.58
1.78
1.8
1.9
2.62
2.02
1.78
2.5
1.98
1.42
1.9
1.3
3.06
1.58
1.76
2.58
2.24
1.6
1.58
1.58
1.82
3.46
2.52
2.32
2.08
2.78
1.6
2.42
2.18
2.82
1.78
2.12
2.12
1.76
1.94
1.54
1.74
2.72
2.1
2.16
2.26
1.88
1.92
2.04
2.38
2.38
1.44
1.62
2.54
1.88
1.14
1.58
1.94
1.16
2.06
1.58
3.22
2.4
2.22
2.26
1.42
1.96
1.36
1.72
1.72
1.58
1.66
2.44
1.68
2.92
2.38
2.16
2.18
2.2
2.7
2.82
1.46
2.38
1.74
2.78
2.46
1.32
3.62
2.42
1.52
1.4
1.64
1.94
1.42
2.08
3.24
1.34
1.94
2.18
1.68
2.9
2.82
1.5
2.02
1.54
2.18
2.42
3.32
2.8
2.18
2.38
2.5
1.86
2.26
1.94
1.8
2.0
1.94
1.96
1.6
2.46
1.74
2.36
2.36
2.66
2.58
2.82
2.76
2.2
2.6
3.3
2.54
2.14
2.16
2.18
2.48
1.68
1.72
2.84
2.96
2.92
2.98
3.38
1.88
2.12
2.5
2.24
1.5
2.06
1.38
1.46
1.74
3.24
2.7
1.68
1.5
1.36
2.26
2.2
1.78
1.98
1.8
1.88
2.14
1.96
1.82
2.26
1.76
1.38
2.2
1.16
1.42
1.74
2.42
2.54
2.16
3.18
2.86
3.14
2.88
1.6
1.94
2.24
3.94
2.92
1.42
2.76
3.42
1.7
2.3
2.04
1.24
2.44
2.64
2.78
1.44
2.18
1.34
1.88
2.48
2.58
2.82
1.88
2.62
1.9
2.1
1.94
1.56
1.44
3.66
2.02
2.24
2.72
1.4
1.86
2.82
2.34
1.96
2.24
2.12
3.06
3.26
1.9
2.54
3.94
2.48
2.26
3.08
2.4
2.14
1.96
2.38
1.8
1.68
1.86
1.88
2.22
2.0
2.26
1.7
1.66
2.24
2.46
1.44
1.22
2.8
2.04
1.74
2.66
2.18
2.2
2.16
1.64
2.06
1.7
2.1
2.36
2.64
3.78
2.54
3.1
2.32
3.34
2.48
1.82
2.4
3.44
1.52
1.86
1.96
2.76
1.78
2.56
1.76
1.64
1.62
2.86
1.42
1.52
1.62
2.34
1.3
2.12
1.88
1.36
1.52
1.6
3.5
2.4
1.86
2.82
1.64
1.86
2.46
2.02
1.38
2.02
2.48
2.64
2.64
1.9
1.86
1.96
1.66
2.28
2.24
1.58
3.12
1.82
3.06
1.88
2.14
1.98
1.68
2.26
1.86
2.84
2.0
1.72
2.02
1.82
1.72
2.92
2.0
1.8
3.26
3.22
2.62
2.82
2.92
3.12
2.08
2.2
3.3
2.94
2.46
3.1
2.56
3.2
3.52
2.82
3.22
1.92
1.84
2.18
2.26
3.12
2.6
3.46
3.34
2.4
3.34
1.86
3.26
2.74
2.46
2.26
1.66
2.2
2.48
1.92
4.04
2.42
2.2
2.1
1.98
2.92
1.82
2.0
1.86
2.34
2.24
3.76
3.34
1.34
1.86
2.34
3.62
2.56
3.0
1.6
2.46
1.46
2.66
3.08
2.88
2.48
1.92
2.14
2.14
2.32
1.86
2.44
1.72
2.86
2.0
2.54
2.48
2.56
2.84
2.24
2.26
2.76
2.44
1.6
1.72
2.84
1.4
1.88
2.64
1.92
2.54
1.72
1.78
1.28
1.66
2.7
2.28
2.32
3.06
2.3
2.0
2.04
2.38
2.6
2.7
1.94
2.22
1.42
2.42
1.56
2.26
2.0
1.14
1.7
2.1
2.0
1.42
1.64
2.34
2.1
2.82
1.76
3.2
2.94
2.68
2.44
1.9
3.58
2.4
1.7
2.56
2.38
1.74
2.06
2.78
1.72
2.24
1.34
2.9
1.9
2.08
2.04
2.34
1.9
2.86
1.56
3.34
2.86
2.7
1.76
1.64
2.06
1.58
1.84
2.02
2.18
2.08
1.92
1.68
2.14
1.66
1.32
1.6
2.86
1.82
1.7
1.64
1.78
1.44
1.98
1.96
1.8
2.08
1.78
4.02
1.66
1.14
2.82
1.5
