2.287361402973846
3.062492084309102
2.876773646991117
3.3926617192040203
2.21199464770298
1.9310077219676511
2.825162559418848
2.498066005043231
2.2910874171411595
2.2289328993912125
2.670848590066963
2.937555709085431
3.317004980227604
1.9706067685385413
1.4145063669692863
1.4167951599653874
1.650828919872511
3.037181614641882
3.1040395299423498
2.4356132979080716
2.8234476711915875
3.1546315882683555
2.573222584699659
2.2737615568885365
2.0438694618812763
2.1110907792538236
2.887138977471793
3.2286544121383534
3.6553152667530244
1.67559340837518
2.2703981803085806
2.6416237987230375
1.9137909010443799
1.9442804733209202
3.2548390052842966
2.456908176448578
3.2019360758033826
2.6438443973724657
1.4154685906360744
3.2137425544584395
3.735881395735049
2.7389900853859324
2.0167594292747304
2.4973100352364352
2.566908826510291
1.9333179269670273
2.527403058498767
2.5739264011780625
2.728875361468715
3.2239494967886504
3.444180386354539
2.3573349834115707
1.2012680054096594
1.8202912908857836
2.3747452630742716
1.8845940112233415
2.058042208614574
2.1400355778629327
3.1276392635732644
2.278441127621745
2.0887852830036957
1.2285583781907805
2.316788788142822
1.9648513125608749
3.856068212198258
4.468226360933471
2.462465537713769
1.7630437828026961
1.8817698238600111
1.8020038143545418
1.3991200761569504
1.1077899127622937
1.8557654824744128
1.7289661152539157
2.3399299726445983
2.3155287630861516
1.563544789848547
1.1982208011065862
1.5081150117626696
1.5788810488425367
2.5021961772875017
1.3030034272204314
2.066079043578288
4.413068083711567
3.564835095806866
2.207324055947899
2.844231436433428
2.5434096614312445
1.5120610535527588
1.9101926579196937
2.568355434367697
2.645199077293427
2.672439639111078
2.4393473792213967
2.81116274329943
2.7850332151838377
2.3917992570385067
1.378969168485034
3.235953789210185
3.0052421244567693
2.858229859293317
2.62584513553705
3.360128853239003
3.1988546962420994
1.8956404073167927
3.030328537533883
1.9749022717368758
3.010778662007868
2.5912623488992024
1.2033543363797015
2.2084282545059986
2.147400084915677
2.01241077602188
2.945873120903557
1.6462897077670076
1.545771611951229
1.8719686485979523
1.1932299446847199
2.4343142597442906
1.832482592481547
1.8691538626833872
1.9625915667087561
1.6478472814631375
1.4131327590954263
2.3287884641337184
1.1478489658880275
2.3606148722414053
2.3203073231424094
3.7545826225421757
4.090331386644608
2.6220873349138745
2.6508064339099606
2.155670427698984
2.7171812801389894
2.0739242182122024
2.976221116483194
2.706227041970018
2.3768770177569145
1.445592358265579
1.9777326844648295
2.1443953544942507
2.335093898409839
2.119690916051868
2.3712283735115967
1.8226391233688246
2.8742153645205746
2.1151996518462726
1.9462412932677737
2.34717532082942
1.9084961401452865
1.9266511513146696
1.6519280080888987
1.7402678062127697
2.5618317648281597
3.049887466827494
3.4520062057804854
2.723591037987713
2.3075358613670276
2.6942854353228047
2.830292606863808
3.6168476509269283
3.269493426801933
2.6647055565840745
1.9874130373899672
2.9685838445897836
2.6583133608887204
3.133963691243408
3.5413438206992356
2.29009991955059
1.4146430151482448
1.7200781858299747
1.6916151792488958
2.633963111747192
3.078432464646969
3.4281276952291546
2.0746553781644903
2.7889915788296964
2.0156069861947943
2.9820963369150526
1.8130767773698797
2.6277366823862107
2.1801663045631012
2.3483150503186145
3.0807379664042838
3.4135928018040977
2.76368101997448
3.2254205523808097
1.2906665818513643
3.2799366543168302
2.28402023867897
2.7479790756513323
1.9287691769314188
1.209003164923422
2.1140951170820905
2.589927220773738
1.9711252462578006
2.8103962941310576
1.971005607212224
3.1552626607526846
1.9211774498325092
3.1813818081266887
2.0149050530491674
2.8635301983574273
3.1671972103360844
3.0140089090967583
1.5521309785175004
3.478064919687575
3.1221459037347805
2.5271682629868106
2.5216286845864877
2.1537705751482266
2.440112244812858
2.222921496592973
1.652432509451721
1.6817371792418223
2.161881969620239
1.8178915286015216
2.060485281643514
2.2062915854456766
2.791030949552189
2.8478934672754086
1.4948991117728834
2.419403748689534
3.634155406496394
3.6738582294133573
2.5496468937330956
1.807274101374376
1.540181304652554
2.7101024058329797
1.5923052639786157
2.330441053635014
1.540128183997142
2.3974868393083892
3.074648638176225
3.1524652665955655
2.1726613570887463
2.272376718466925
3.5454447999768894
1.814778971257995
2.2260008179217174
1.0767265573292444
2.840505742387245
2.1988059961134097
1.4109572492365425
2.2204485753520915
1.631897630964171
1.6264237730810087
2.320736219083133
1.1760517647504478
2.047392674571929
2.306542616935159
1.9997151092181602
1.7237630985965489
1.8029274007604137
2.3667726514300145
2.179372221577348
1.900278875239362
1.8097768405990493
2.119888205985534
2.317875647272957
1.9140495312554318
1.236100691154569
1.4240577505868883
2.127932738539
2.0065146394933797
1.6909014720906872
2.019173578504223
1.7912275230080026
2.46560312043319
1.994950764408033
1.7180185318247987
2.644129236684804
2.502274320886852
2.4529360750208915
2.1075677770548986
2.279903449149138
1.6680119744182071
2.376397149737899
1.0392388143757942
1.5069973454768322
2.241612643443488
1.070678384811068
1.025338507952139
1.5677170325560876
1.8773333883156222
2.0651562024975085
1.3201179202501627
2.0987613184952347
1.2867812900422708
2.446457707030874
2.3653933353557446
3.019700178949133
1.9679174903061458
2.7672532863874255
2.6717995359698277
2.7504480006766885
3.131240608799521
1.5046194465415226
2.1798794800512917
2.0220581340979953
2.00560620281273
1.7293662687679747
1.3830053488607397
1.5765223371287027
2.00217227368463
2.2421620697458375
2.5636859863845713
1.7599967860799053
1.7286344895086274
1.6581756434576485
2.090384138524478
2.1291830980263184
1.212803541788971
2.1057865649967624
1.771511737094948
2.274708216591848
1.983278769172483
2.972851534847758
2.0971792973603893
0.779662904392133
1.5305323143349674
1.499501308046792
1.3215472866641638
1.8714414039128116
1.9919332330434354
1.5834368677888264
1.6815959564717438
2.1161432540002845
1.943898935622186
2.415411435319233
2.5282452661583603
2.720160552772191
2.4250910782310884
2.867710882122642
1.8738789332659955
2.5066226094205812
1.8479050263840278
2.5343684631016026
2.108089310283611
2.2674357412438866
3.1415334115658404
2.4424534530489748
2.714765632833
1.9134413491803803
2.588014434923547
3.076638088481373
1.999904939382141
2.700023609343251
1.1565699307547184
2.2485593814058746
1.847437015666239
2.515836680646822
2.7663886869201675
1.1470026799447695
2.2037929287219087
1.581291247535566
1.078329408497456
1.2829045346818329
1.3571478532893948
1.656640691249463
2.8459681378141592
1.5552894124891319
2.7790906526204284
1.367421387679624
3.0975132619072414
1.6097375662991849
2.14106936644652
2.6783676977718507
2.2538231598704885
1.8713645405062065
2.1420726296761665
1.8584906338439382
1.6033900555703953
1.3902994792919847
1.9140176212292417
1.122756146401886
1.272530040357217
1.2425143142091442
1.7350366790762535
2.281802315839611
2.4301492054704266
1.834031810886446
1.4577314429346384
1.6545164358653706
1.3648142203757017
1.8320231474727549
2.154578697819137
1.4261458435517262
2.4345916316525553
2.293152065057881
1.8336713995539076
2.160862997985882
1.5589813926574378
1.4162747308382306
2.876771986655897
2.280756407928675
1.8258950521795634
1.9699902838080872
2.135086644215653
1.8385048409599127
2.736618870532872
2.6159144519562605
2.6793773829279717
1.3483162282055567
2.403979135265698
2.178565850776893
1.3343786267362243
1.8477119330526794
0.9705960414499609
1.3229020106059186
2.123808487126661
2.0329153280864793
2.44589639483469
2.484927678870492
1.6883668902101525
1.6678734624415796
2.081163509140224
1.9809570496701636
2.0154528600070716
0.9003525342006482
1.8036112811023224
2.6294897683316427
2.13507237770649
1.8094209567186923
1.8976233512226375
2.0308530760840595
1.631319690340133
1.8852196943796435
1.4217231653766
3.1568414361594503
1.9200476364564991
1.7149315085239814
2.5117168954538323
1.4109403322661949
1.5553129681352964
1.518827727976802
1.6719509304361222
2.3202941645391104
1.6179712829147528
2.008233468644054
1.7885761592447778
1.852660415335834
2.593623112889981
2.5524684243759093
2.015581951722798
2.09632787646237
3.3987178224633485
2.3527043232416407
3.336306141155238
1.4140037208577674
2.6246660408671842
1.7109089237771304
2.522337533914985
2.717502933499764
1.3987803952240774
2.270143107605415
2.234175350341437
0.9387986961608616
1.119412118920069
2.0914050282615095
2.024392377923899
1.091006446114263
1.4694419284656357
3.753455014402489
1.4247073021404357
1.1452597482663995
1.956969578377457
1.4148543713511927
2.7325383256389015
1.9642462599689605
1.8860579068308578
2.592997532579586
2.4395832959861896
1.5742669296382779
1.5689088973885583
2.8643649295193248
3.1784430780487147
2.385198239675646
2.296783594158359
3.337544727307062
1.4984020208627804
1.0408702752501908
2.6651031960124016
1.7577925144425302
1.090225769427331
2.5244154883477163
1.7708197807077453
1.388411185182804
0.8323256789548302
1.0620602299352682
1.6514973177947634
2.43902760794614
1.6448624979106456
1.5488638753167907
3.109951134163099
3.522746897173342
0.940332019010216
2.318931536890809
3.2896498288444413
2.9745271927452492
2.9639042398056747
2.0246906081113725
2.4941975050676533
2.265780574330338
1.8509557723604022
1.8023109790680425
3.1278718705248494
3.2576450962210157
4.536727842457856
2.7824383132367196
3.0840576981109784
2.338178054262693
2.0613660581901057
2.1711674320484784
2.9400276153474483
1.5051619325409955
1.5175922855306476
1.4119586874525298
1.1399455173278237
1.3194262648980688
2.7233585578001342
2.428521102490775
1.659267404692464
1.008077606240115
0.9426507838089935
1.7938949103807298
2.197994858867533
2.0171344527982455
1.4836968054305175
1.5897585238192447
2.008341496704607
1.84872955437446
1.4359883803841889
1.2892094837421662
1.1032078559077882
1.10393190611642
1.1724850245839666
1.1994824551669372
1.3448630904046892
1.231691762200482
1.7824129470550183
2.552097862759224
2.9794559541521153
2.892353047313893
4.90857903966856
2.472435537139699
3.051785930246046
2.9669252087700984
1.4654486375343219
2.096253517453925
2.4135412166696297
1.1800909221643994
2.3559755686992996
1.9969190956632246
1.4338205943726796
1.4678109340736076
1.5941897819525688
2.2110516940617986
2.251958492124358
2.1585239709622366
2.177369300748093
2.9212004252877453
2.5632501204414933
1.853989797331931
2.907828820451521
1.6213173976176467
1.8430798800030723
2.222696747601574
2.0650930418286335
2.995221514032444
2.3296897187266787
2.7876723363044986
2.638795044334212
2.141198887296918
2.0435791499924854
1.7874493364511381
2.28703965695596
3.132293743732329
2.6668462381310714
0.898794944822302
2.00971253168903
1.4829184708987855
2.035690443573832
2.2754791155353016
2.3216619084800008
2.949907794307664
2.999113732941279
2.7310655136189
2.7201442725292346
2.6714672687918446
2.399457263269637
2.099543213180945
3.0694571121530427
2.397452675579062
2.0503505592912483
3.5364219447663423
2.526274670851368
2.1955759266038033
2.6385691208904696
2.6293137643885016
1.745418651114151
2.0878092404805217
1.6191013356166073
1.180803316839904
2.1797440634812255
1.8576885632532498
2.1617999394312335
1.7655064035535748
1.9970642593328565
2.3979732112582868
1.9273720751845835
1.1891887004146457
1.3191833765492222
1.602162410279527
1.8172063923906587
1.7189155907016032
2.1862645980016784
2.9736976329925184
2.056673400747452
2.1963931972344035
2.102230628129054
1.9743726162760857
1.943236193779603
1.1437233705790768
2.2944030174299157
2.290258624164467
1.7195580278417717
2.9508540304477457
3.6137002571016317
3.8457866007548587
2.55398769765501
2.0773474589907677
1.482119260442409
1.5133352659176462
3.2873450858678455
1.194869389999398
1.9295815305115038
2.2309619920106116
1.869073398115436
2.20254781239716
1.2333444278385923
1.599888642188601
1.5786903846578697
1.6617413800118124
1.8648622466621816
1.6910872382538835
1.5015351642793953
1.7214365574117823
1.7119330119337577
1.1182771175721935
1.8778838857428928
2.4278925261622457
0.9470305881075215
1.4058495043315355
1.664957724823464
3.4594048738353727
1.977426234922873
1.8335116207672775
2.435307209069504
1.2964845932895859
0.8293102009320984
2.368187151462644
2.3098352612537894
1.2370022109946741
1.4749643651773128
2.806208205880828
2.767381397996994
2.530823131874325
1.5422251396459776
2.0850093180575824
1.6444220170650805
1.0869230112601667
2.468016418019165
1.3171000838768063
1.5874604965886565
3.540391305113161
1.0736778394989261
1.9915169199441545
2.1973917400987015
2.0167732108722123
1.3046563726396234
1.8867269475590134
1.2786436619012904
2.3139087913481124
2.1107026441919285
2.040061141258777
1.706635221988202
1.7546818053217401
1.9533742635765783
1.2493532713480426
2.674692518565005
2.090763663855049
1.3307663345564584
2.532933347980571
2.6344208027433607
2.436277909433892
3.2463524316370154
2.303672603283408
2.1561597312623983
2.057328559293342
1.7372429649291035
3.2332180551633
2.8683876277130467
2.3982540673955612
2.706386371076994
2.3344791436838905
2.781691275470079
3.2116280202119594
1.9536388961645677
2.630435248648445
2.000978198428318
1.6043200793114638
2.040145139888642
3.088079440845532
3.688763784628035
2.851310660228469
2.9014669223552687
2.95509143969036
2.071784613929015
2.675641664027579
3.2198623892835974
2.6265493448495665
2.9603411289624786
1.9291859282363726
1.502313596678128
1.1923862641339755
2.6628250786050605
3.0830897809848636
2.0675081263219117
3.153715688537862
2.0058368591949143
1.4807200358889978
1.7539916759740133
1.6727154802215167
2.3545550385295124
1.8999139270365488
2.789051961723631
2.154351977022091
2.5772261652704285
2.639292112060669
3.092032558751123
2.568712335091189
1.4043642106147756
1.5662183553468045
2.148385697555698
3.7038869048538507
2.246861896230972
2.5656765238422516
2.334225615713667
2.955103181359164
2.5806831092066536
2.0812347505717157
2.414331906387205
2.5283138913883034
2.157571826560305
1.665230746678443
1.8922849994472442
2.8160422277052115
1.8029506332643976
1.6316628082102236
1.953625168919654
1.4959301240945975
2.5843226767427327
1.4595055888089157
2.237093384605025
1.7016163017774533
1.7381356953625362
3.6287832305269205
1.9867189876870168
2.4653953321732027
2.7960512213405497
2.4275274204307182
1.8221880557158556
1.3584713344475148
2.6846420666442143
1.3606575795853781
1.7217239610577022
2.7117108267870473
2.283424290401611
2.8200199765602143
2.254795319968036
2.0752105849116913
2.2677049270677543
1.5458666836188484
2.9551260185781927
2.437661924796142
1.394375093899157
2.1186571081436316
1.7427269654391306
1.6152794346790909
1.6555085313208648
2.064199687758598
2.3299718347667975
2.952829690689513
2.1299948857720086
2.5577868043535776
1.510580577103306
2.60532276626009
1.8931070825187009
1.678362127990092
2.1952603813444242
1.7007838298155005
1.6092311449966001
1.9754829367146167
1.765432876994592
1.4663403438077929
2.297810053118805
2.2514391161352374
2.6047058228914035
1.8027975527898914
2.4060559592939206
2.5707902646520226
2.2951130680072582
2.136977001785246
1.1735084723140001
2.5826723365852047
4.177886671351045
2.9817187616534055
2.3443422239387286
2.864048271571155
1.9861917193183707
1.4860632459833079
1.7011324729717547
3.187919029267115
1.7790297138039037
1.4809688733272828
1.1598799687633126
2.7395071055111866
1.9400914598946193
2.2041959401676707
2.1277401361638457
1.7356530971007451
1.8120946016936281
2.02965641866738
2.2808301444648635
2.7261328448731885
3.8303447825339423
1.9442738930605743
1.3317925928816539
1.2057637130940906
1.595376101948682
1.0834933452001803
1.9930224263999585
1.6036918257828283
1.9185585428866525
2.1406801828664266
2.128529933351924
1.0485051121770375
2.3000278965947896
1.508544833706662
1.4811601785908999
1.9175927416349918
2.2757783499171627
1.171561061986556
1.3616407810592563
1.6959418217631228
1.4025915778554725
1.4775024579266232
1.4300353927506948
1.706226630437758
1.6137487981698224
1.678389285984447
2.0414416150967885
2.627362808219117
1.4861212821376732
1.405903947870668
2.1914969804386635
1.1200231879355012
