1.9261505175372935
2.087491957443759
2.085799414267946
2.1822320064838805
1.570630380161558
1.598475141036896
2.0366894094526353
2.347249568355817
2.114073429129006
2.1955730567221963
2.3386425730938782
2.1232159641224113
2.4265995284423605
1.8415107070328367
1.0469719036166598
0.9957675836224629
1.3527539744233563
2.5931235020124026
2.244376233257809
1.9865053397866368
2.439068857153139
2.8932362883818747
2.0037845932551543
1.7965336211419
1.407146231925555
1.7202579929487127
2.5717786640215303
2.414001231763965
3.0239207780378328
1.5117763611664434
2.6237756841108872
2.1705694036257785
1.5451544415191467
1.613769470710632
2.7961085625972983
2.1013792425841595
3.111584799407037
1.928116125755285
1.4423676803846823
2.075040838038186
3.068991349547749
2.333371473663787
1.7800548105421266
2.613776667279969
2.310603149700283
1.9860382029608563
2.180566834622323
2.237883038085106
2.2736312269356858
2.7438008024885194
2.4557356924153835
1.9822894516174898
0.7897782826159494
1.6016303521887518
1.8051597467865457
1.6106447099108885
2.369457730019157
2.054212555668978
2.8411501245091655
2.059218032918798
1.973681851743045
1.3098339171711089
1.5598976012057173
1.5312652953930674
2.7264184804565677
2.7329396124696617
2.1429214279221753
1.3209653054074355
1.4912420338154844
1.6581519342565632
1.4552886254909492
0.9266513272825145
1.5425984677552183
1.6186392316913754
1.9718755818961076
1.872942375821891
1.3233424373620695
1.4574350398814415
1.4069764686062283
1.299563183967353
1.965808768527509
1.4404505560039962
1.737754335959924
3.1471903935155443
2.9975849461851443
2.013266905905091
2.5617420217735645
2.301773043235934
1.2332849794030436
1.4916206917141193
2.03465176769641
1.8687966416410624
2.022459944068407
2.09608647633422
2.0847196051133867
1.9880470054740582
2.1404414437091157
1.2991428841143162
2.377311392445798
2.6649655621874335
2.1612879151719633
2.479558488735144
2.8324623399792
2.724617618085157
1.4192389125657214
2.2639927251182788
1.9330196149391663
2.359732335848438
1.6813637216098702
1.104963562808721
1.7686057228636987
1.8357236582915868
1.540689939820534
1.9947487581756067
1.6367613907923424
1.4270189759574226
1.6000364623847467
1.1640146833916996
2.132296310163188
1.4849468934585628
1.4713376708313488
1.6249284172049059
1.4295431136540064
1.2555439236989168
1.7621128532401107
1.1873467006711134
1.955606394592261
1.9624826828801762
3.0566946789157825
2.83710729720169
2.232485785174948
2.076134638157728
1.8237233345783554
2.06577750576492
1.8076327817163866
2.3466040330400633
2.4703278457988045
2.1504127391800654
1.549011027350418
1.6661441471642005
1.6991097461812297
2.0652153916069786
1.427265096355975
1.608141338545853
1.4950798424928975
1.9480309029725664
1.8407178012455443
1.802082965340609
2.262020946074969
1.6005839932088455
1.5542821026384983
1.6900745121105119
1.502231596741974
1.540273480000591
2.4912698488706084
2.689577515132284
2.3641645519988717
1.9602254924875908
2.365794253486575
2.3122805655794765
2.7650961192124224
2.7535943404522225
2.136153540516973
1.665366732935639
2.040981296717004
2.1501885111178693
2.050794647729314
2.7056518173428383
2.019569709120635
1.332223060450636
1.6242510698743604
1.4098307727702817
2.2133254550967214
2.3565233155854908
2.6860922513100762
1.719720105455381
2.308003503974002
1.829752481586641
2.5573160844651652
1.7129100805525748
2.221446578199975
1.668225176565075
2.064521639398105
2.631662393364767
2.817280698949875
2.328962056944694
2.0944491577387185
1.3409843220235396
2.796300784746208
1.9950736855141715
2.2129300984830147
1.7620171170339725
0.8349418141010426
1.6990740657147023
2.0147879019042407
1.9951205911405696
2.060673910602375
1.6895038714803006
2.6451444265738546
1.708057032436268
2.2724974350002642
1.826204391904146
2.1339943559715344
2.2867491374780666
2.593781928871816
1.535699402732793
2.6350253887951114
2.2442203696921386
2.1681873445430764
1.6087207492739017
2.038843883083454
1.7631343632392207
2.296323056465774
1.8427692413684171
1.42139795489475
1.6721403075838395
1.6103401066446381
1.666116783118607
1.7157479763592625
2.152297147143114
2.468865253310482
1.4970982737510268
2.139296122968797
2.480657925473663
2.8117521492033655
2.1101297562297083
1.4350365867268555
1.3787292964121716
2.2999227288927386
1.410992320147162
2.0147682153849957
1.4980648526961935
2.102983803150428
2.640790000178143
2.6455536054881663
1.772586627724766
2.2143072275840616
2.896553734131345
1.8147682794110933
1.8788184995110377
1.0751176988847368
2.312105204225634
2.0044279381325185
1.3853783757533658
1.974860348096413
1.6233950247657183
1.5381771295621829
1.8696946528038891
1.0681732223966898
2.155807492346707
1.523085990368465
1.5782332201036497
1.4187845432411539
1.7835076008477626
1.7316493062282163
1.8908025495270229
1.6560890822432859
1.3569404235962745
1.5799570991075673
1.8810166460436641
1.6031382301121015
1.0691429512642505
1.3400275066475122
2.093100386387424
2.202779119569846
1.644023414109808
1.690827466937701
1.177938850694957
1.895928058282124
1.8395832229890547
1.5215015621678853
2.05659098786002
2.0437018981137527
2.098096677390692
1.4796765953011886
1.7180386023815237
1.424117919900619
1.9252452783524052
0.9886714257807944
1.5631299605085696
1.7783309937450695
1.068741896990577
0.9325603468306868
1.2999723271001198
1.5912354981723906
1.424384434472099
1.3926322769455894
2.0963851499108386
1.4125428445830714
2.076655057628379
2.1259921792430694
1.790853631246509
1.771058988835554
2.4204664653756174
2.255164397432355
1.8786152870237673
2.292352030859208
1.6590566486061529
1.7657916447363484
1.4477136704029263
1.8363854750807937
1.5050662176446719
1.4736731100834732
1.2762988998999356
1.8646501749671462
1.9835297075456417
2.0400542940881308
1.6253872749365041
1.604162932332443
1.7282582516506915
1.7853744071355464
1.7439506402945533
1.1408153782199006
1.5375166403246414
1.691347351933372
1.6776400105011011
1.6603120181268973
2.4645321469169317
1.4476289815167513
0.8496375984709817
1.398858054212634
1.6214581417600384
1.305149313531843
1.8869510259363331
1.5874441896765425
1.3549019772386839
1.3458564227156933
1.8303728289316084
1.4838645210641728
2.091928390162095
1.8827248983058311
2.29370861107935
2.022989571150407
2.1992345174698524
1.7244761078782578
1.8530582388198376
1.3940257734069967
2.0838590095619978
1.9439325287070794
2.0226815644854614
2.463794354294241
1.8270513679114107
1.6331690998295842
1.6841643960615778
2.2323245535684544
2.4688905750209376
1.5649665742133605
1.987901946178238
0.8832428092756347
2.0893038634737446
1.4374501695720245
2.205569210204348
2.537306249031526
1.1818561178568086
2.1547317986302437
1.3476930933970708
1.3741716521503684
0.7725656306996282
1.5864164588688638
1.4622341117443636
2.2908880392263904
1.4728801482295069
2.4487243653532262
1.33228917892935
2.4256466986662977
1.764657291711516
1.7874376476604135
2.2072637279297367
1.711669454138215
1.6225392963500682
1.6263596972460366
1.4794240658116964
1.523306312708178
1.3518138989031059
1.6916180889372938
0.9279358728454734
1.5624870125062622
1.5506239823114514
1.3384501664707416
1.7042412916757992
2.0461021689274674
1.5843111039672637
1.3958042426585302
1.5418097090835978
1.2688153797031763
1.607813318770556
1.8985937681618965
1.3939882762155977
2.3285298306643742
1.8559991493267947
1.629050925527537
1.621283575858895
1.274950563388062
1.5567074448038245
1.8226860495729715
2.087529364422576
1.8241714874573847
1.7675986135587793
2.005069528803025
1.596377022087024
2.374556099668836
2.2282899273337096
2.013849056426695
1.0690553936479579
2.039092325447273
1.7074191889714985
1.3813750078417222
1.4993906723447565
1.0101628568659833
1.1501241841129248
1.9660655403413592
1.970729528433504
2.0274761890130777
2.035710557662884
1.2967700942928873
1.268943003467529
1.619433618568598
2.0030665517626605
1.5306402396153225
0.8975470630684541
1.6024916335837838
2.3083768528707593
1.9159051669332927
1.484926871763742
1.6927207865546134
1.7744480436277787
1.5105539288615206
1.8954890040961896
1.6749681725474668
2.0930183560289475
1.905762586535813
1.7212756407389782
2.1983013179850013
1.295491837215927
1.5338457230963485
0.9336819045558911
1.4805407553605547
1.8920272479880607
1.422488273259758
1.802312279196875
1.8521040474222181
1.5270805996269012
2.238400456669977
2.089923975383393
1.9335638519097214
1.854401792113417
2.6806843378217446
1.8285324071947557
2.7250530050948405
1.3439910257807155
2.3749138212552996
1.3442375881185824
2.044361852276334
2.5713677189353636
1.4313659763638444
2.0140981203343937
1.8579763227876225
0.7880476570768238
1.081205469280517
1.5724619957370798
2.0786427987487284
0.9094708259157716
1.382448591566185
2.6374493579334226
1.181321807567882
1.1786354394259548
1.4393374550299585
1.0831988031415203
1.9418593691233788
1.5772924170078522
1.5440514720695995
2.2859203419200433
1.9850074360386951
1.3980995455190484
1.593381089870793
2.198785786630942
2.3928173081562685
1.7811200840320232
1.8922700081116033
2.4127614526755865
1.0519609825902885
0.8356040101487424
2.158976528847335
1.491165486616781
1.0860001835197775
1.8820880337066055
1.4602259197459806
1.4927725952951465
1.310761015318093
0.9882503831270241
1.5699662064116
2.0794391730595367
1.3640890884325831
1.5920204897446852
2.3043961456417335
2.6461893877608964
0.8702756013667406
1.7514092848084073
2.403489827027976
2.335119868617993
2.308794431448043
1.853672971964087
1.6712483408763472
2.0970717126611986
1.50348436999345
1.829435486501914
2.7580070025472936
2.6423071997127057
3.494340528251273
2.5041615539189537
2.370901440049992
1.8518064372668694
1.8661702951578618
1.9868192207057258
2.3975398877135303
1.2406990732852976
1.434061905724156
1.2977079202244148
1.4548472062596414
1.007972632635413
2.1733918354973056
1.9324020258387455
1.4700117715080014
1.0223883554832753
0.743566659771099
1.4316297883095583
1.691549479123327
1.7915424794988504
1.3868882239913205
1.463736827167861
1.5841319348399034
1.583500065912777
1.6088390878669203
1.3024040647487158
0.40267650321518356
0.6055918135908644
1.079069169631615
1.1151577001934947
1.0538305579116871
1.279289003960946
1.6888863445892668
1.927940974665641
2.110298758863297
2.0931308706838028
3.3479511669310265
2.086263333529642
2.117250633649369
2.3138203563654556
1.4206403461076451
2.154614362045038
2.1869834301173205
0.9892392894444206
1.9550406137346075
1.6016072052973795
1.4553064367148438
1.498868344049621
1.332110183316301
1.6354209619831432
1.993455700041062
1.6914562357225826
1.7932757274759077
2.1030621870210795
2.137694860490377
1.4519786327004238
2.219719952645909
1.4007522054626114
1.6088462054330734
1.8695943524587069
2.0341637413187303
2.3422138825592542
1.8760160286060337
2.6286869050848645
2.3385959786064126
1.8497010868838304
1.6876214493589976
1.5847700373318414
1.743043840848365
2.467383957253845
2.408100509117854
1.226283862613628
1.6045234568076447
1.4513080222952324
1.4868784956475691
2.166552629236575
1.8217783723331185
2.111243952760261
2.443965684566896
1.869337434419659
2.089188557780326
2.5833462555139084
2.309687659794581
1.855571999003932
2.381121229763031
2.0779554187488225
1.9758785995954853
2.53346781255358
2.037357591300534
1.9888335686055463
2.24078540131718
2.217949638682359
1.6282275899362961
1.7119263539674723
1.4118606830650906
1.12999025136996
1.9332753646635477
2.0996458218083625
2.047882470293934
1.6210641468393152
1.8422549109038004
2.0218591055618784
1.7249454529172619
0.9691509632836687
1.0032284979098578
2.0275465384745237
1.7927026856060877
1.6741672712131197
2.1538997410530243
2.3173663013723735
2.0207053990861548
1.7522274816537646
1.870229895631267
1.7153749804360396
1.6862599550540989
1.01333934644992
1.7800013235772498
1.8605589826418014
1.8860779963654668
2.6938438354210286
2.8230903488557195
2.606173857053143
2.6358621235121773
1.8438014489963843
1.5014025083924762
1.4009638862307614
2.444290246316547
0.9810583720315906
1.7011583948108906
1.908153339619423
1.6949397136943143
2.0837361360859377
1.0237552576061826
1.5326040619350867
1.564160857644618
1.12821891956589
1.714796328097073
1.4961311497369534
1.4048628932717724
1.6008797372294428
1.3567524688272057
1.013046103807299
1.4465307707555137
1.5748048463280764
1.0060859394497639
1.0786010444800815
1.2156343471394524
1.6152581948225637
1.7823623672439999
1.3810041342305457
2.0163845253365005
1.1370846658521558
0.8773554517362913
2.0065770719527554
1.7651727806614281
1.0979833675394493
1.8002262619091502
2.207764038528075
2.4222864357057103
2.156159389300232
1.5795328583236241
1.382922286728003
1.2792935679157225
1.5605786219395397
1.9592393063154112
1.1141092854126695
1.2429316878483445
2.130001350282628
1.2111211952353638
1.583711622762084
1.8537769562398576
1.8063359139737651
1.6933840539547045
1.5146603975061663
2.0003053257938532
2.269348523519095
1.8699399463216664
1.6833510745341236
1.5055734164535348
1.7066261412076016
1.937745968720672
1.2178076674783394
1.8010032613360376
1.7180252452588922
0.9879088060317671
2.1453350298508194
2.307701809110451
2.3957123774852294
2.422340925795694
1.775629912793061
2.2797181287895643
1.6120798680862805
1.6524611301844772
2.781071403048855
2.415633265931085
2.1138411471963514
2.064987747011419
1.9424434368188184
2.2079735463599537
2.5379571304665802
2.260386782325246
2.4553032918133875
2.005403692593733
1.7983554436516356
2.228522395614696
1.9378840128383232
2.5833349078284336
1.9477478941661843
2.02793355246832
2.573611741820587
2.2918527497400247
2.616133076728203
2.5738271105492414
2.2561695389393828
2.355970372435257
1.7983282063316588
1.5004259823156427
1.5226537118940349
2.3281261581408716
2.3345929231560056
1.916168378855025
1.6333294847602216
1.939325502021505
1.3886997327149297
1.7989148151305274
1.888664907473686
1.518759601531377
1.5723483564698
1.7006292802774505
1.3748860302058836
1.9405896536179108
2.059627232070412
2.350717495693439
2.2860676680185055
1.074936347537161
1.806856279814216
1.9028720256651164
2.3561588903274218
1.9506475716856555
2.20979831029451
1.8676333612397769
2.29645172286724
1.823234174879055
1.8054488470319114
2.2592021973724634
2.3173685911952884
2.2435976920836413
1.5673414438313864
1.6553934540789903
1.9898732745860712
1.70882347434708
1.565928629048173
1.2013966888016694
1.5993379242778705
1.7746517883790072
1.5770948223794392
1.8902600937116385
1.8439366880535726
1.3664741272212657
2.394505516562184
1.6540251271862467
2.0661321420469156
1.983903495142576
1.573932390879155
1.8204389178414593
1.5307904593226673
2.21077264579628
1.33721278927672
1.407778192293009
2.223125618741898
1.6547747986598023
1.9953558693802562
1.80634956298776
1.5724383670990716
1.6710709801758625
1.4274725506615127
2.463065041595431
1.9749934999929637
2.0105455241176937
1.7821372496498888
1.7901948087791955
1.6418656744046731
1.721432477565309
1.5488020167513612
1.7779519320043402
2.1779143019953073
1.8455300341897607
1.9224254199670385
1.6201122555017196
2.2522740150394043
1.5083014584593628
1.445212244433517
1.7659517772122875
1.5295214898611997
1.1967552848029044
1.6713721589620287
1.3847262824602646
1.3031470519509378
1.949383740338675
2.182568450337861
2.065978254969836
1.8551648053986358
1.8885802528787738
2.2002893474665273
2.141006813681476
1.9970375764651604
1.99710118501055
2.3804483841512023
3.7070336235147208
2.566779368008312
1.862287165791471
2.3571575294951836
1.7112789283137824
1.5077011133134293
1.8193267289070099
2.589095445253275
1.7380109145221703
1.5935518948686385
0.9068365110942539
1.8274736966640797
1.5623543707422058
1.997607677638442
2.059656845569868
1.5154711984892173
1.5445109962910957
1.765195506036609
1.97262236499714
2.2444060319572463
3.049694422995201
1.690039423192283
1.329066792849218
0.9934813333565223
1.5633286684395413
1.166508488542377
1.5545612043761101
1.4806432526988365
1.7435024697006998
1.839249492280043
1.6948772871911288
1.065404001293017
1.7796548167049622
1.173793612679479
1.011631252535047
1.733317400022791
1.7452825282984934
1.1734423749307683
1.3361560539413928
1.6803383729645636
1.222592230139013
1.3555891512014022
1.1677170401985382
1.5405169991795618
1.2512220806521928
1.6825976734710741
1.6216603790967485
2.2541508108897412
1.462707631871798
1.0011875152319987
1.9733834179954637
0.9861317757783894
