9.281111
14.954488
9.149129
11.968725
8.8913
16.186708
13.015806
14.205904
8.91025
16.066282
27.779406
22.400757
12.091103
10.897633
6.5022707
10.931084
19.9442
18.218132
9.171585
10.389669
10.093408
12.789409
15.268138
7.2875276
8.369558
9.577684
8.608303
6.102507
7.8353605
19.003527
26.717333
8.225025
9.272923
11.927976
6.1787195
21.490387
10.056817
14.237301
11.831906
14.127697
14.896789
24.644964
18.37695
9.97503
12.540263
13.333626
24.650682
7.9334803
14.707302
16.790283
10.907129
11.304027
7.587842
13.148909
16.492802
11.642719
7.8009224
9.430054
10.5051
14.119499
7.6037526
8.014449
10.041183
6.512621
8.313227
7.423329
6.163544
11.165423
14.654272
8.124205
10.252261
9.342323
9.180605
13.319177
21.000738
19.789711
19.50937
10.743499
14.634517
9.708805
10.481551
16.332188
9.671019
16.36856
23.321798
7.5816903
13.426606
11.215991
9.572415
4.961685
13.388551
6.951899
10.979376
10.523364
16.692513
11.9234085
8.177519
12.88902
15.171323
10.488925
20.223007
19.789711
19.50937
10.743499
14.634517
10.254911
10.481551
9.504261
11.175241
7.6231937
8.177519
12.530298
7.616952
21.378407
19.091423
14.755234
20.762287
19.23867
14.315966
16.276669
25.16885
10.736767
11.899489
11.61699
26.36104
15.70506
8.439365
15.329117
7.964123
7.955705
12.274693
8.060577
13.505401
19.04261
9.874068
8.177519
16.825481
24.82837
9.628377
11.625486
12.748244
24.457241
18.905107
8.354221
9.633609
9.53721
7.2628393
15.296565
12.931177
10.227611
18.295586
7.074703
7.593543
5.6097965
9.681842
9.466456
15.785026
10.260935
9.142973
8.715978
16.79797
19.5899
21.119892
22.829596
18.263645
9.425663
14.745386
11.8510065
16.620516
8.230858
13.619904
13.84837
17.421068
12.745427
11.522193
12.999622
19.092457
24.160725
9.3800535
6.9238124
5.0455575
12.568001
21.419079
18.047934
14.131955
18.047934
24.859901
19.10537
8.670119
10.175422
7.8917127
21.07605
13.218183
8.752658
17.799715
15.803171
7.824736
17.325222
11.593725
8.171455
8.24928
16.485165
15.163918
17.542418
14.209857
10.498273
13.622002
8.166281
9.299455
18.376383
6.8847246
17.412745
9.403445
18.3606
11.436787
13.781114
18.315691
15.77634
9.677221
8.05324
8.739947
9.568953
22.76263
19.101583
16.511772
9.542924
10.149493
15.344596
10.171438
7.324046
5.5020356
14.874907
8.508734
9.299069
