5.061140742465439
7.0727850160663746
5.901143687674714
7.853994537052283
5.613681850231463
8.921924588712708
8.511388857196991
7.339945805540756
9.688766270136286
7.578459869449148
7.690785839106976
7.291828418983989
7.2437744298168205
6.0582113606575945
6.309928710884228
8.987367410933764
6.07067389054078
6.7254255146803406
5.214832886654695
6.7351679986047195
7.11294841414208
10.800042728380705
4.206572112619821
12.284118241683482
6.74113574053178
4.009821980421002
6.298390799664096
9.92309594797469
5.612571254304631
7.559842838433539
5.4593790917118685
9.575632540838441
5.807069466597296
4.524472250562983
5.14308282437838
9.480249661669587
5.717543588856227
6.836837321391455
6.071710615256958
6.338652213359713
6.799628769921136
5.184407947105973
7.216530600151918
5.4630135355083755
6.363229166857958
7.95500903054086
3.6783570093414464
7.451811162114469
7.36127903625251
5.254810776144147
2.814758541853285
7.734055657236013
6.950995696011255
7.543255875377934
7.394071820147401
6.035266364665803
7.342577303916048
9.254518876482772
5.3385802274698175
6.741242810203487
8.037505471757033
7.593147731217456
9.455376731047533
7.067334898508738
7.395800476069306
9.377416998687881
6.802439821028959
7.3038479317814335
7.641715650882353
8.204275864485648
3.8525684085097343
5.296578882029165
9.728658179323089
7.822108634448583
6.97284328441704
9.082776336522244
4.28559818548044
9.460394211982313
7.039254428520933
6.665298563839397
9.220780292166939
7.766857031157889
9.20561003875966
7.493820797580311
8.573145634287773
4.9062442970174995
3.559783469133934
3.4870820582870614
5.948783335438722
6.535330660810786
3.8879414733940045
9.463951135634225
6.631044981759583
4.754397849948368
5.467870510655706
10.343776262360018
9.865261401944945
6.990403364606655
4.611672171895904
8.60271304839165
6.0568498180404395
7.236679631527703
7.06849814339356
7.162626422904912
8.073231727211661
8.297422684539683
7.006115915532257
6.858368484866171
8.023308667616613
6.198557100722781
7.630205624158815
8.018591415318207
10.529836070575204
8.583065298578926
3.0598429343052254
7.080899119169417
6.205302011610206
5.132078181857422
7.47981135283789
8.859764689321008
7.520372649145933
9.86302964947583
5.880198439602112
7.527477958537034
11.6295444559145
6.1202285915203625
8.956395951711468
5.466404467738585
5.530973287222991
10.599172978054881
8.222440377477941
8.623070258497792
8.097997753618424
3.4453876648198802
7.632961347304765
7.352245809699039
8.212498943903935
9.047035745683578
2.9028227417578853
13.037499604490923
5.64077267866864
4.980085819219716
4.087364490788773
6.502044505528422
10.10663380489778
7.036884691671331
6.978995947830404
7.45888391220732
5.503699718078479
7.487834435382496
5.63435263964219
9.125935760948224
6.329688019541913
9.98584001304391
7.209346580769676
7.494295888195003
6.715800362279079
5.403246084212405
5.418316832455649
8.863812064693116
7.082488862787828
8.06826695090659
11.543974903729818
5.511255880967359
10.405952211073444
4.601001093828467
7.617476329502401
8.31512317180978
8.304600150898736
6.471516793078239
11.407854592679207
6.675810256382919
6.848808998511624
9.581767665315917
7.946231501421815
9.868011320861399
6.38907767998008
10.357211896523511
10.661122128714586
5.922373868992813
5.219805733993796
6.1537929834536245
6.675103705096886
9.867227746009526
7.265069455921063
6.026974897176524
7.689115461066166
6.775200736764335
9.537824454793611
10.823698074322976
10.641858057623843
8.009657023965927
10.009172247900363
10.181172703506185
8.212957516080905
7.639066933212414
6.479060744723506
6.826197044949745
5.606544918610384
9.24152960296767
5.406011068531315
7.544898050693384
10.441771029553724
6.67858671367986
8.142925968646459
6.6715372687905745
7.125669130481073
7.391433171796285
12.795104838117163
8.606590108620884
12.15733472085148
5.083987634760211
4.710067051243697
5.8474068061681495
5.205789796275942
6.767917189278916
2.125412108380449
2.4363367625849843
2.107088774571105
2.9254783713598256
3.1581116281531934
3.5691342148291048
2.1827786815256705
2.3001655696099057
1.7097826616567648
3.0107776122712635
3.029256887741429
3.1743754120976826
3.5350817115155193
3.4212044333327123
2.9052991320206742
3.64178107203081
2.6333002412980884
3.3012111234368278
3.3850398767293077
2.8169199807552925
2.788864765696939
3.0473727777316677
2.758539957898342
3.0951749685281738
3.453363224977199
2.49354851034619
3.0472666985364953
3.4968580412930517
2.4223960237608657
3.4171587316944625
3.000406921508509
6.615689747803085
11.335917898842867
8.464243183438626
11.54156523695047
2.074337689894508
7.157384162162958
6.872679818644689
8.01323762850753
5.8262942212410165
5.744066266917521
7.642105071689787
5.4228288088977195
6.967818058246785
21.240928931641314
13.232665174644321
9.688017475709678
7.90342688282775
10.573777207219045
8.800136262881196
9.990402773619186
6.338510235082913
6.259937989074659
7.452908764652074
10.037602677406
10.235893801783128
9.872391003830858
7.036021060272591
7.265412398830925
7.064593403448901
7.282946349438953
6.519077886140732
4.37171296440296
6.319300787019524
6.300951074574163
7.921629027277728
5.101597894995245
4.591888834027244
5.7621741637522454
9.931904066513175
6.308284840411439
9.810869225428856
7.924957972783869
10.099144805753376
8.473201198609571
6.778659474712503
8.552236849555635
7.194895234529332
6.989299719693919
9.41870920540007
6.918961272295225
2.792851097899014
4.186602938160015
7.589380826071263
7.708882643499674
5.988320892389615
4.981809803981804
6.867179671391537
6.831887201282939
4.562793779749363
7.708492160553286
6.24264555996706
10.105185912799788
8.41777755296101
5.788699216769162
5.919397715144909
5.356456824255729
2.597167707074462
5.94403388244348
5.318000533975238
6.728023196414696
6.732065197745774
6.9820899014524525
5.660356001297605
6.653261588999866
6.033367426275548
6.893003594641006
6.485276116350663
6.672004057762518
7.0429990588676405
5.522498920187667
5.324822774421531
25.629503436799
6.726565585201618
8.473702983715786
6.563204858230497
6.807977648568787
5.4403871985375085
9.179397176848843
7.2338555092806045
9.15487677172339
5.507400957175064
10.168771292377741
4.287897900765252
6.053115507078784
6.323229493360554
11.207089803931066
7.3857283814417745
7.065529059227812
7.367797356102049
8.555891498135182
10.240753139861223
17.1660446100907
7.219015900865782
7.620288663732022
13.293009396478517
8.60815783573828
7.489460393455746
8.500210427844191
6.544736091142309
7.7876073956147565
6.7615387995279885
4.982146861235215
4.569139713757666
5.202942611039832
8.888809368087486
6.755552613710114
7.703862466748655
7.936704003381654
10.523306426711505
8.964500932091383
6.149954488345413
6.884516941242344
6.0882580959507795
5.298553946359791
6.238696944715933
6.042737292132239
5.491512085897031
9.924887522836942
7.159011333758253
6.930600702855554
6.053877515269766
7.736903789270557
8.133286681885883
7.857862109621754
7.391940977945238
9.469768062277971
6.121077573812807
4.112315049910294
6.388917438704712
5.335407539284874
7.203363752457022
5.744013307167739
10.60097668349421
6.131503328073109
6.295134752645431
10.115789455122073
7.452085533869776
6.025278323295222
4.849716350527811
8.248993695680063
5.348039161170304
4.608071366227622
5.431409999958085
5.4167463308182775
5.671938694792632
12.416803628915504
9.363972414938933
4.952983982552926
7.832425764319508
11.783423991839562
4.755282931326689
6.734726778680651
6.17722519342446
5.398654142436422
5.850056617348703
4.908601045891398
5.738651305328654
9.061474349110025
8.181260572394343
8.230753286510321
8.01952293872441
4.734841682552524
5.413348267407972
6.7410467764337385
7.128951296922468
7.8489327317322655
4.124299972364143
9.071864972414488
4.768176512184382
4.301646265556233
10.514724714649017
4.893333820606675
7.6652104543432635
5.790593259462183
9.757094922855734
6.4011800754754145
8.23348436607688
5.234288937653943
8.648921443138962
6.034438581684386
9.798186705866021
5.972330756993397
7.619276422183477
8.1054795511907
12.072350361488617
-1.9564236197887888
8.144097827291922
7.865097517229865
6.858036617316852
8.816016619100765
9.007658462862356
7.31943023692335
4.985281569031512
6.859925716427016
7.826860372567236
6.347202411719581
6.614766545784125
5.474986076931068
5.407525028128947
7.3820639905410275
7.5048175307246865
7.516460649571061
11.699284514197066
7.535138518670905
7.6751940829028005
7.1050563000039
7.288053984006183
6.764785009208872
8.857124747657128
6.071803079015254
5.086007490956858
6.490793618276009
5.86565119545285
7.940287860461788
4.421540886998284
8.916012050909824
9.455243538964957
7.00701574345699
7.539625346803965
8.696102421916217
9.183188007484777
7.001643160112417
7.352868450483383
7.17781131904716
8.740964828968961
6.9792995462474785
8.44328321518439
5.323037809339348
4.467056244595868
5.9065985283368505
6.9677468330308
11.357996354086772
9.280844347346987
7.735538756014414
9.322803716759672
7.226684839468345
10.179097835440931
8.12432402757889
7.61523730188537
5.7409243255256275
7.12860004991297
7.880703849350558
5.611202227014733
6.117426107858224
6.652881512851009
4.2267838222639496
4.388754887971839
3.2143759933737757
7.070367067960282
6.843323199779327
6.7361511225023625
3.458018758502771
7.3331219503930685
6.1955062857878245
9.111634464644816
4.758579882123527
5.0144547248802045
3.946206910111022
13.167003523612832
6.345905352065326
8.786551577139043
8.108693659263235
5.3590936886519875
6.122345723794476
4.99511999341386
7.482470225395021
6.211009296486788
9.929971575584158
8.629606847125135
12.078924602444099
9.170402092948677
11.773103094795017
7.367448510554658
9.985811645300295
7.8835593372281485
11.216396897583017
6.266908066819495
6.4494884421259115
6.438457569687133
4.275996773240301
5.975544436531607
8.459261271264296
8.44476850142155
7.328505688608032
6.5389146657581
7.107796634029703
7.47034042841387
8.379499789206267
6.501758472279299
5.588070508442096
7.785415240106752
5.695432012971884
10.16516072779657
6.243723285715017
7.673548303367274
6.114536523831994
5.450806673812933
5.916872757620997
10.803336120770718
5.7013445670755045
25.965341415994477
9.720612485924033
16.847566351857246
14.056701631942941
12.06543289921979
8.993438986871912
11.894959097360406
5.932356968893746
4.937542395232157
8.000717781587202
7.0390732621647665
7.238319907206025
10.163858776339339
6.3138963465947455
7.337926231875976
6.013927704699188
2.99050069511227
7.241357224917516
7.18918830153023
7.217671054601748
9.778353182936211
7.201447248868597
6.820286528715487
7.972155074156528
4.862915805891587
9.275368597087152
7.9622965554122835
9.866472897453292
6.855777467832433
4.668052814599942
5.982855282126017
5.33380945891941
6.131493504497716
10.085134386313566
9.75220896564073
4.123494623684592
6.200540624607757
6.392463708938665
6.599819603817157
5.841340233088188
0.3076846678187817
7.114361474494713
7.468057207292867
12.648637777540637
7.275217707992709
7.364938099373669
8.068660127933608
7.7151216763457455
7.106484067552089
7.681144527462418
9.67579575340409
9.10913906125721
6.697920061528036
5.117079493723131
3.0389779300815865
6.522186111629296
11.05815068000729
5.516263347084402
6.101372376073785
6.699377812880755
9.108043003262637
8.601922938728691
6.574170906425135
6.111965566304567
6.503372624353524
6.0169966380328335
6.800753670496853
11.144221506017736
6.453953400555275
7.734518423955118
9.866045366875968
8.665040702773945
0.41244767660989545
5.247464157113863
9.239032821864033
8.702322017805399
6.412947335248701
7.173127804323208
5.768006353386859
6.752876441783414
4.725464187212837
6.901098590027912
8.557985855069987
8.438880096436323
6.876923738650403
6.388612717697749
4.919639055648537
4.092595986584789
6.561683211696631
7.842054948060251
8.764558471925245
3.930223341395617
6.991231804226985
11.095139821135513
6.253542316272018
5.074017122627166
10.449085087055224
11.13147931871507
8.75268442913013
7.619822487357652
11.437741301084134
9.61523244495358
9.230916415385673
7.916472464124234
9.508754599062943
5.81499005232847
5.994860446530927
6.48353887947721
8.495213413054636
7.82141350432159
8.973673073894243
1.8240518635704852
5.624660513484403
6.028853196011748
10.115383604886292
5.854966507934417
7.517079969724223
10.816234252392992
9.178249350902512
3.7257558310502876
7.197966796999481
6.992299121354735
8.954271566218019
9.823825000258307
7.1211068041622525
9.361574727610968
5.983633887153848
10.285452828966191
6.987029444191336
5.294200897833513
4.817656828480045
9.712859859855357
7.62217035323898
4.371286189958095
8.069229856282561
4.840021006764751
8.48210834939564
5.552978084204739
5.994514431738168
6.619472198979698
8.130954767591792
6.31730290025992
10.914451126655042
7.449682423983896
7.636931003535335
5.879217165606876
8.525234236877049
8.129017803165034
7.9259028754748915
7.9869294986246455
7.338818603675701
5.778049843762728
6.1052605159720486
6.946263883308483
8.382492853441102
9.832910508485764
7.828739624082155
6.673205070059907
6.3609662426869376
7.179437215126581
4.250584305903189
5.653499383752379
3.682232856862156
4.019593016167065
4.638190253118331
3.882552979675912
5.817935212786274
13.128445044379129
3.9886492368402786
4.009341568468239
7.164546727625308
6.0784391816356615
6.4960579017519855
4.885383163337557
3.914905486977005
8.533866903035594
7.674122035596578
9.43158356049422
6.567688070460542
3.7375115370372027
8.142237068610328
6.537384078567013
5.782670661223204
5.320589211875971
6.879454066821207
5.775741497426487
6.62192562527509
5.779793894086156
5.883808394817517
5.388774572246438
6.955955518562311
8.294348681929055
7.949493875485976
4.738729207157609
8.005477237895628
7.260256702435284
12.653368611229888
11.52236280636735
10.492796031457225
7.400886592462307
7.280330019279047
10.048710302616009
7.873844784945027
10.362968549195584
9.696660156246441
15.269905422815274
6.3772304860621984
6.413575948184736
6.09829969087396
6.900281469223165
6.561939796254326
5.001670790681972
6.604617097070756
6.162857077562009
18.047204027064343
4.967075228018667
5.734528958872451
6.580958296981414
6.110528805759859
9.742212209750006
7.183815698413412
9.884805179449085
5.578833266566031
5.652552944455582
5.955328964825829
7.702469482490607
6.538741768939095
6.342336300951239
4.65737285062218
7.089167769509921
8.373452902138126
5.419245343541231
6.986009469362875
5.015100780357825
6.905698642191555
6.612266116248592
9.100483137893765
6.232005284166593
4.829511866629797
2.129237430632227
6.30298325853851
8.126440174413712
4.322869360215072
7.871693837470316
7.019979490409996
4.643869819860196
2.9044272747606166
5.587352610715862
9.652991588266662
5.997532897994775
7.638778356193924
4.258583383227502
11.102867193394856
6.674716888196949
5.92143761488779
3.859980991767042
5.827092176339562
7.9404935964145515
5.871267414958927
6.957547594900495
2.6699141807339632
5.4172003294528634
4.691207995832393
7.652407287515791
8.900320261346662
6.3136494978854785
4.504428426071101
6.054647766457055
4.877548106185152
8.430391748820204
7.711904605115897
4.709528076257932
