2.0
1.52
1.94
2.46
2.48
3.3
2.58
4.7
3.32
1.64
2.68
2.4
2.14
3.02
2.88
1.3
2.96
2.62
2.18
1.64
1.82
1.72
2.04
1.5
2.86
2.9
3.12
1.94
3.16
2.0
2.2
1.78
2.92
2.52
2.4
2.54
1.34
1.5
2.22
2.24
1.7
2.74
1.8
3.0
1.3
2.58
2.26
2.3
1.84
2.2
1.32
1.96
3.06
3.4
2.04
2.76
3.4
1.32
2.4
2.04
3.2
2.2
2.88
1.78
1.42
3.46
1.62
2.78
2.62
2.08
3.02
3.34
3.16
2.04
2.88
3.38
3.34
2.42
2.28
3.66
5.58
2.9
1.3
1.66
2.32
2.36
2.1
2.76
3.0
1.76
1.6
2.5
1.56
2.42
4.2
2.6
1.24
1.56
2.38
1.48
1.26
2.3
1.86
1.62
2.06
1.64
1.92
2.1
1.78
1.9
1.8
1.36
2.4
1.94
2.78
4.02
1.78
1.64
1.34
1.66
2.98
3.04
2.76
1.64
3.16
2.52
1.7
1.68
1.24
1.48
3.22
2.08
2.14
1.96
1.42
2.68
3.34
2.06
3.9
2.88
2.26
1.46
1.5
1.54
1.32
1.72
2.2
1.94
1.7
2.2
4.5
4.2
3.56
1.82
2.82
4.04
2.08
1.9
1.5
4.06
1.8
2.12
3.76
1.32
3.2
1.82
2.38
1.94
3.96
1.98
1.72
1.88
1.7
2.22
2.06
2.18
1.7
2.0
2.12
2.88
4.7
5.26
2.14
3.48
3.08
2.68
1.2
1.16
2.68
2.48
2.46
2.2
2.76
4.72
1.86
2.02
3.42
2.34
2.7
3.42
3.14
2.48
1.84
3.0
2.88
3.1
3.14
1.68
1.88
2.22
1.66
1.92
2.78
1.52
1.9
2.32
2.8
3.54
1.52
1.82
2.66
2.6
4.68
2.84
2.76
1.78
2.38
3.72
2.0
1.98
2.0
1.92
2.04
1.58
2.4
4.2
1.98
3.86
3.88
3.12
1.76
2.64
1.84
4.16
3.2
2.42
1.66
2.02
2.2
1.68
1.58
2.34
2.58
1.22
1.96
3.7
3.3
3.68
1.76
3.66
2.86
2.14
1.74
12.06
2.94
1.62
2.92
2.0
1.44
2.4
1.22
1.9
2.42
1.4
2.62
2.24
2.0
2.68
1.42
1.56
2.86
1.78
1.46
1.16
2.02
2.26
1.52
2.3
1.46
1.84
2.04
2.52
3.48
1.68
1.78
2.06
1.86
1.62
1.68
3.06
2.12
1.9
3.24
4.3
2.48
3.56
2.76
2.44
2.02
1.46
3.52
2.18
1.9
5.96
2.34
2.3
2.06
2.04
3.54
2.5
3.08
1.62
2.74
2.94
2.54
2.42
2.24
1.68
1.48
1.94
1.58
2.22
2.96
1.74
2.26
1.68
1.74
1.46
2.92
1.84
1.24
2.0
1.98
1.94
1.46
2.92
3.1
1.92
1.5
1.98
3.6
2.04
5.44
2.92
1.86
1.58
1.66
2.22
1.66
1.7
2.46
2.96
3.14
1.88
2.12
1.28
1.52
2.8
2.58
2.1
1.5
1.42
1.02
2.98
2.0
1.54
1.46
4.8
2.1
1.96
3.4
3.36
2.22
2.24
1.42
1.56
3.52
1.5
1.8
2.78
2.02
1.2
2.26
1.08
1.3
1.7
2.18
2.4
2.42
1.76
1.68
2.62
3.34
2.3
2.52
2.42
4.16
3.02
1.76
3.22
3.64
2.16
4.12
2.42
4.76
2.38
2.42
1.34
1.32
1.62
1.2
1.1
1.94
2.5
1.4
2.3
1.72
1.7
1.84
2.98
2.26
2.88
3.82
1.96
1.98
2.56
2.08
1.78
2.64
5.36
2.62
1.94
2.36
2.7
2.46
1.28
1.54
3.28
3.14
1.38
2.18
1.4
2.22
2.18
2.14
1.86
1.58
2.32
2.1
2.26
2.88
2.62
1.66
3.18
3.8
1.68
1.82
1.82
2.56
2.84
2.36
5.5
2.34
1.96
3.16
1.62
2.64
2.94
3.88
4.08
1.4
2.8
2.22
3.3
1.72
4.34
3.18
1.68
2.58
2.78
1.9
1.78
2.64
3.0
3.04
2.54
2.24
3.34
1.56
4.2
2.22
1.4
2.22
2.28
2.54
2.22
1.34
1.98
2.44
1.86
1.52
3.22
1.82
1.78
2.16
1.12
1.6
2.08
1.9
2.6
1.82
2.04
2.8
3.14
1.9
2.92
1.6
1.8
2.62
2.48
1.34
2.08
2.02
4.56
1.98
2.06
2.16
2.0
1.62
1.8
1.78
1.66
2.38
2.6
2.7
2.76
4.0
2.26
3.42
1.62
1.84
2.24
2.48
4.44
1.38
3.16
1.48
1.94
3.28
2.24
2.62
1.28
2.72
1.98
1.72
1.76
2.82
1.84
2.16
2.72
5.64
2.14
2.1
2.32
3.66
2.28
1.84
3.1
3.4
2.16
2.14
2.24
1.74
1.22
2.22
1.36
1.98
1.88
2.0
2.66
1.9
2.92
2.58
2.72
3.58
2.06
1.28
1.88
1.56
1.56
2.82
4.26
2.68
5.98
2.6
3.52
2.3
1.62
2.52
2.1
2.24
2.74
1.84
4.14
3.0
2.56
1.72
3.88
2.3
2.1
3.7
2.78
1.48
2.82
2.38
1.84
2.34
1.56
1.62
2.42
2.48
3.24
3.16
3.18
1.72
2.42
3.2
1.58
1.84
2.56
1.52
2.22
1.88
2.12
2.66
1.86
1.46
1.7
1.84
3.58
4.68
2.16
2.08
4.24
4.48
3.06
1.78
2.0
2.82
2.14
3.9
2.12
1.3
2.46
2.9
2.46
