10.269568
8.459724
10.204665
11.93593
18.29584
11.224621
15.583536
9.543241
10.179651
8.253231
7.962266
15.485964
11.127816
8.875548
9.60099
17.716928
11.36716
10.322098
12.018117
13.198091
32.448215
14.569782
11.843047
17.124529
9.806866
8.935776
11.193238
11.12856
7.6124754
11.144618
13.286198
7.2603154
8.376528
10.356371
15.9531145
8.567254
13.047894
11.63502
8.811742
8.625787
12.561865
11.856815
10.626966
7.84793
9.257426
23.760609
14.701922
13.981987
9.29137
14.308632
11.2901325
16.281494
9.742302
9.576771
13.486809
17.251776
11.9757805
22.901756
10.561097
9.686448
13.966203
8.399601
14.731643
10.568956
8.953003
16.977798
6.744095
6.8881316
15.658047
10.427696
8.639315
6.516675
9.326931
11.829838
11.7334385
13.360128
12.418399
7.7531486
9.881445
12.8114395
6.8180275
11.609516
9.301214
9.18862
5.7983227
7.9665
7.892118
8.344391
10.560192
9.3041
10.512009
8.344551
18.6016
16.941751
7.9583936
8.281841
6.507647
19.123688
6.788832
19.384123
7.844464
7.643622
7.918623
5.6104426
8.747124
7.2623878
6.936908
10.247525
16.968554
7.0271153
8.176951
6.6724515
18.712044
9.824454
13.998647
18.208595
14.477436
17.103024
13.361157
15.149251
8.366624
14.32488
5.9483466
9.391537
19.31841
14.151466
5.3172655
13.514608
12.432761
10.03699
7.527321
9.046886
7.7437277
18.435776
9.970657
8.885341
6.6911116
7.920827
26.640175
12.377485
8.377869
9.062129
9.679796
17.271177
17.89136
8.132653
17.291523
8.366238
10.47773
12.538916
17.398466
10.740103
8.08715
11.7576
12.630995
7.7542615
9.546452
8.67984
9.459243
10.594686
6.942943
5.307008
8.359009
7.017761
10.20299
7.426927
11.243407
10.367312
7.141581
7.995905
7.5134997
10.496016
8.786022
9.230649
10.933167
8.298241
7.1591735
9.07825
8.121805
8.783595
11.653025
9.517517
8.004101
7.5493455
6.6402836
32.552055
23.08973
16.113045
8.092082
8.11383
9.468499
9.423473
10.717473
7.808849
11.4794
8.267393
13.364968
10.445229
6.9451942
7.0762177
9.142435
11.306196
6.910874
10.805013
9.5809355
7.884629
7.492841
8.9561405
8.507734
8.075899
11.126532
7.137861
8.490055
12.115319
12.233495
8.491442
13.264812
8.409337
6.305032
13.315684
14.444517
8.019111
7.8000016
11.965473
8.910274
18.10378
12.056814
7.7408476
9.990749
7.3628373
11.291347
18.802984
6.5770464
7.859523
19.282005
23.61481
17.105925
6.9199557
13.171522
14.917565
11.37106
24.279474
11.287021
10.402135
9.243419
18.630886
22.612452
25.003027
32.810745
21.687853
25.617311
23.93302
24.887794
21.395325
14.708204
9.7515545
13.392231
6.8744183
7.6790547
9.032793
5.219757
10.631885
13.546201
8.6782055
9.948396
8.1944065
8.538236
7.184147
15.127337
11.340789
5.431049
11.368369
11.436318
10.397932
6.7243137
7.897271
9.245868
16.152786
7.489024
8.759892
8.528307
9.30736
8.614262
8.94939
17.391933
12.010401
8.045413
9.171872
13.01687
8.831586
16.706182
8.646178
6.9207034
8.981502
7.6885824
11.223376
11.5674715
8.504877
11.749474
13.076299
16.547117
8.700301
20.604712
8.951324
8.253231
10.232735
10.323414
8.213256
9.215458
8.200182
6.7765822
7.782669
8.6552925
18.724672
10.34859
15.715465
12.045241
8.997983
6.7716374
8.0651245
7.9496045
8.242336
6.136933
7.182714
22.68582
11.345642
8.605676
5.933786
6.4764576
9.060009
7.877162
11.526129
7.581994
8.118578
5.0537777
8.192582
6.023884
12.518869
6.920443
8.129005
8.642535
8.4421425
7.1816707
8.729612
8.019456
6.109208
8.359047
6.4506598
7.401841
6.6970744
8.803462
9.560486
7.9161673
7.7450423
7.193908
7.3357596
10.386313
15.003119
9.351346
7.857251
7.176919
9.097586
7.5566454
8.890811
6.8843007
7.3919787
6.9559116
6.935546
8.600309
7.6187167
7.5097547
8.553311
8.765341
13.085347
7.25064
16.775606
9.389456
7.037184
8.809993
8.355616
8.840839
6.6960783
7.6085997
8.59952
6.984354
6.265901
5.8645496
10.626163
8.410019
9.829372
8.035461
11.653909
7.323481
9.931134
10.474369
7.855557
10.997913
8.432999
7.9425735
6.00503
8.922442
8.186336
7.0358257
5.170829
9.143668
15.716227
7.90404
11.693298
8.835685
11.708796
9.085655
9.328019
9.701057
7.670505
8.74472
15.390066
9.292648
10.709323
10.414571
8.616547
10.680142
8.750155
9.495782
8.823434
7.115725
7.2397985
9.212059
11.462542
16.119427
7.8714976
10.966514
7.6383367
7.1163106
6.6912365
5.789733
8.289462
6.201381
17.369663
14.083087
7.4410233
7.1128993
7.6790547
9.81431
8.690121
7.6617975
11.11634
9.407021
7.3458996
7.5703936
9.606966
10.1376295
7.805743
6.4506598
7.3979163
7.1942954
6.5161414
11.323958
17.097261
15.762552
13.516754
7.433585
10.523689
13.751498
7.150113
8.253231
18.41602
9.002414
8.603065
5.7718577
6.756578
7.0467033
11.2260475
13.963563
9.197761
6.982818
7.4679255
9.327118
6.8355675
18.99404
7.616581
6.960492
8.655473
6.344232
9.579107
10.402989
8.015431
8.348412
8.053957
8.087358
18.217228
7.7696915
6.5423055
8.452675
6.5336723
5.159967
6.4038863
8.99425
9.152234
7.340586
7.7696915
9.305044
10.990284
6.7979417
10.168242
7.431851
9.339506
10.204665
9.421471
7.456633
5.8276486
9.240914
8.799338
8.766074
8.615254
7.0172524
6.9418874
8.389717
6.9701076
6.7629647
20.759932
9.980931
9.800241
22.007343
9.125304
10.212245
8.858815
8.832107
6.486063
8.259586
5.722829
8.695127
13.34407
7.9020834
8.427641
6.785195
8.912559
7.6932626
8.502055
7.498133
13.562387
8.131292
8.354504
9.7582655
9.335333
18.73897
7.3056426
7.410399
8.655473
17.093561
9.649243
9.830593
7.4255786
12.269389
13.14974
11.864944
9.856327
5.219757
7.4281907
10.902993
18.280323
7.593018
9.178628
9.45499
7.3661537
8.200613
12.503083
8.472712
11.422178
11.22054
10.104885
12.987845
6.797949
11.387108
14.625489
9.167201
8.334621
6.8356814
6.463872
7.6863494
17.866148
8.607155
4.933657
30.517803
7.3892565
10.751743
6.509178
9.163458
6.4200873
9.007732
6.7671556
8.2487755
10.008721
11.800422
9.151335
8.822505
5.372694
6.8677454
8.281841
12.463619
8.324582
12.206778
9.820991
8.45201
15.121024
9.987089
6.0196123
11.386759
21.119986
16.06269
9.947007
6.3181405
6.4917645
6.262383
6.8848324
9.75945
11.259902
13.041723
8.120865
7.480006
11.1368885
9.441451
10.74962
8.39566
6.3517933
9.119895
9.491858
5.678379
10.957282
6.1545906
5.856904
7.29488
9.45499
12.020672
11.2080345
7.221843
16.1436
8.659884
15.923251
7.489024
8.505309
8.054098
9.871566
13.089262
8.320466
5.826291
7.710002
8.756691
6.9997907
8.075587
8.959797
7.5040407
11.551218
7.8809485
5.764511
6.838445
8.31072
12.865186
6.8846107
5.9889975
10.2771845
7.509635
17.143412
7.913647
6.990017
7.573608
8.336448
11.630596
9.994903
6.7080646
7.800012
8.673538
16.296799
6.754063
9.613356
23.473635
9.004116
9.100968
10.995898
8.624053
7.031872
7.611384
15.471734
22.211918
8.707666
7.6652274
5.259887
8.561958
6.4506598
7.480006
11.400615
8.596489
7.4818487
7.4979663
7.401841
7.684718
7.5543985
7.042626
5.10926
7.650708
6.8019013
7.634011
8.180998
9.172697
8.900253
18.10555
15.725485
5.7113166
11.577046
9.439234
7.71197
8.34614
8.947968
7.831137
19.218521
7.4117455
28.58942
11.91602
8.0519905
15.693172
7.566234
7.61282
7.8692403
6.36147
6.9653664
8.958279
8.21875
13.320161
11.414137
7.216227
9.636761
9.2000265
7.93176
9.102318
6.3527675
9.148572
12.533057
9.023478
6.982835
9.633836
7.7696915
9.028582
9.771879
8.970943
8.130872
8.008289
6.3395157
6.8843007
8.619146
6.782586
8.613688
6.678047
7.857251
12.394684
12.8923
10.714932
6.5174675
7.48758
19.566763
13.946282
7.1899567
8.501966
11.396083
7.4658895
27.356005
9.557482
7.4961414
8.706926
6.3103323
8.453939
8.083111
8.819813
9.330226
8.7956085
5.9300265
6.71034
8.596857
7.401841
9.471912
11.363199
6.9658513
9.147389
7.653168
7.9371705
8.380241
7.1888638
11.460682
21.808477
7.6383367
8.441687
6.571231
8.923426
9.0613365
7.011307
7.5775747
8.282003
7.683693
8.977577
13.209993
6.8843007
8.19099
7.7454066
7.6492295
5.1369834
7.1264625
8.212048
7.302835
8.036776
7.0197325
10.837188
9.508507
12.543506
11.39206
6.350192
8.264389
7.4867377
11.920828
8.433622
10.653147
8.501966
13.749374
7.7992997
13.978827
11.987748
15.05019
8.106924
12.508221
13.649795
8.655473
17.407671
11.443019
9.613356
10.363513
5.9582634
12.3057785
11.820098
7.610572
8.63859
8.077357
7.54616
8.276597
11.748053
8.824203
9.664568
8.983148
6.677798
7.662973
7.688433
7.660687
8.602812
15.173897
17.641415
9.8264675
8.318548
6.381381
6.7759066
7.967639
8.132143
14.286476
10.403184
7.706619
6.8463807
8.8303585
9.713061
9.303642
6.464289
7.6818056
11.024099
8.519625
8.908093
11.035188
9.090928
7.84875
7.7432804
9.049171
7.3442
9.969979
7.7727256
13.844352
9.268003
8.879728
8.073245
12.300201
8.48515
10.537268
8.8145685
5.881341
8.227327
10.056646
10.068647
11.768021
7.4371724
7.4981213
6.659907
8.575052
8.848626
7.999088
11.726727
6.167655
7.8782988
6.6817765
8.39061
9.212582
11.00502
8.849685
8.438103
8.463224
16.04218
7.4279695
7.9493647
10.34231
7.2571445
9.072471
8.784807
10.653887
19.103525
9.365051
12.999706
16.251253
21.226318
9.958803
8.598655
15.441231
8.344609
10.465529
9.694336
8.840621
8.99611
10.147523
12.452316
10.469052
7.0719767
11.208242
10.120274
11.177206
9.898349
8.880416
10.518699
8.473661
9.632126
15.564577
6.962743
8.561958
15.886
12.356605
10.804058
11.455658
10.401716
9.221351
13.256435
21.1649
14.442231
10.760563
8.083001
15.262396
6.7330728
6.3869963
11.365183
5.685075
6.052772
8.65922
6.244406
16.000195
9.917654
9.100023
6.6827016
8.388362
8.02385
8.665799
11.0932255
12.041473
12.199244
8.487913
20.30669
17.543253
8.75883
7.604805
7.5867987
8.203289
7.2225223
10.811242
7.6174383
10.085522
13.886583
8.765736
6.379514
11.032503
15.875793
8.0826
7.92388
9.884842
7.723345
11.924403
6.205577
11.002854
12.47307
8.235102
13.884778
9.078076
6.9550734
7.687769
9.584211
9.045491
10.521958
10.150551
7.1850357
6.298295
7.9101596
7.554269
8.986279
9.151857
8.674517
6.1982603
7.598117
10.065392
10.152204
10.121123
14.036647
10.486154
10.746327
11.83511
8.744378
7.537571
10.928568
8.403099
6.8134713
6.15592
9.641388
10.454715
17.095778
6.797179
6.855243
7.2872176
9.673429
6.4511313
9.274343
7.62926
7.506012
16.470142
8.36949
10.6216
10.41602
7.3178763
6.7383585
8.269737
8.156351
6.797179
15.121577
8.453238
6.9109707
9.326197
7.179436
8.53617
9.714178
8.078632
7.3291273
10.325505
8.675348
10.248896
6.7631874
7.3662105
11.527377
5.505878
9.562263
21.520662
10.367653
7.594965
9.118757
11.6076765
5.505463
5.835603
7.1581144
12.38662
6.8406677
4.337645
9.417609
9.657178
15.780819
8.193378
6.2405834
7.099846
8.502986
9.498431
8.798665
8.451824
11.8731785
7.5040236
9.421471
8.563257
11.391599
9.361337
9.425326
8.811742
9.94953
7.560138
4.87679
8.51799
8.783798
9.848529
17.881712
8.277546
7.181411
6.7737923
6.3745008
8.65268
9.694153
11.22204
6.756578
8.621097
9.591927
8.666148
7.681267
7.698383
9.200406
7.6592
6.3067617
8.136858
6.9821453
8.711748
7.140321
7.7218137
8.912559
7.9768453
7.2996044
7.944351
6.56285
8.224705
9.42214
17.609343
8.379061
9.715693
6.8495054
7.8334236
8.70484
7.2056594
8.4121475
15.648398
13.511486
7.937796
7.3256907
10.566862
8.235806
8.217747
7.840006
9.596205
5.6788907
6.7792234
8.676402
9.383125
13.546181
8.543739
6.613497
7.0380826
6.9160905
10.950176
10.83162
11.487889
27.966644
9.364024
6.2228765
13.715259
8.153358
9.555137
8.762339
8.468487
9.590085
7.8962564
