3.6425607798732087
3.593986434495597
3.8518767984448448
5.374240365721198
3.4331469954476934
4.245066178662796
4.0503244643793375
4.188367823920211
3.4774720283215617
2.430161766270011
4.615443927596527
3.39850192293495
4.253531532344913
3.324173031384712
4.925367600747266
3.383827214674669
3.1021337739790775
3.931559402800284
4.971513467371383
4.088253712041905
3.578962691667119
3.9336409824519523
3.433291848592669
4.182413423660247
4.330946413573247
3.820916919829528
5.392541651524982
3.1569364957957657
4.126861356756236
3.561632355771418
3.371311978526225
3.3632186874712535
2.8023736122407437
3.26306913759777
3.3374606157125077
4.705484132632966
4.358494662200032
4.5519364604176245
3.5669730401086803
2.9715099233898137
2.5760182503799016
4.290598800921721
2.5768842848731
4.921851713922487
4.19176106678619
3.4703673067332743
3.0332760367241245
3.108310547000591
3.472175376908024
4.513460976439973
3.5855394048735034
6.0270043730971725
4.147506785672987
3.7336126821716387
2.7342745478117902
3.2582947821852244
3.3919405017310718
3.6706915583435404
2.5291034682685782
4.511702612197174
3.103557987639232
1.955453763265414
2.191967806928603
3.049429762111297
2.9230566518314913
2.315221461195548
2.997650744573048
2.974149480592791
2.085870813577665
2.7272173341084796
3.2447435864145007
1.8937703718186545
5.975738013633048
2.5419854291869286
3.6843337223537187
6.439940659496092
6.932746128640012
3.5400481727763005
2.9337640295938736
9.159945288224595
3.3267146544555573
3.874400065781463
3.870535044904938
2.3850490740317163
3.1009484585658837
2.8194483842328637
3.3802424652846756
3.0057281581936612
2.938976717656555
2.323189982079505
3.861659798586763
3.4250665847899118
2.467861550992024
2.6358603259665623
2.939276557446132
3.5565855547833576
3.549060398514802
2.360567656524998
3.104727360329524
3.907433599161269
4.839477241878851
3.545260060802691
3.1704144762440167
3.300169929670609
2.9977032178712646
3.5937008190776982
3.300103043840723
2.7210327951418996
3.8711497006552396
3.2288864640928394
5.58266993977601
3.761564661309296
2.867711322161522
4.1527528991729685
3.3242693187222203
3.429068780446745
3.3421634581836313
3.5142691007493334
2.6150078738132216
3.7632639795434426
1.7479586503662772
3.671870542816554
3.309084116861524
4.274111925462168
2.4297349086240208
3.609484334445349
4.906427197483272
4.508368748164064
4.160334550198153
4.547518204053654
3.313835702810935
3.702229630433002
2.89858453257834
5.558953012638192
2.09331130077278
2.594233499530819
2.7656188953787875
3.906693188184256
5.3078383292246665
3.5727918581766405
2.81379222800205
4.351378145125204
3.43873531734934
3.308102380210984
3.233607082652013
2.469999162587518
2.0328687426805443
3.7319955849004964
4.847820811611907
5.070660720132793
4.284865911758809
5.440535975362328
3.830918609347937
3.98893449032004
3.8993416160009193
4.94390764320725
5.575074274687704
3.660032555202401
4.342892664528986
4.163894198665381
4.014134774798412
3.9567325744331927
4.219365440839567
3.785413488538658
3.564857305449981
3.0387506584450144
4.928293801387807
3.368323893989944
3.2562870191184716
3.741937490296627
3.290847967122539
3.6370956637087004
2.495742324353153
2.8138604144458945
3.063043006222634
3.4930549559389914
3.0110433025022263
3.2681319985617665
4.246739496367925
2.91969585290785
5.504702315189777
2.782062449042407
2.0169150611451627
2.6699724154567077
3.80892151996731
3.093258974363338
2.1248324966579553
2.853608524253571
3.1281688943247556
3.1810264778921864
3.2941394167268108
3.1780403339880086
3.8267835378150368
4.378124386891405
2.4013585502045913
3.06112171132031
2.9017478968144292
3.214379764292619
3.154124909292681
2.6695104352466013
3.700045025366787
3.158348081474862
3.3316286348954764
1.907301374396987
3.076254513104359
3.2935352688663317
5.059468130556389
3.4324939940423964
3.777813607187369
4.746791930265897
4.461613318646173
3.6906376617573047
4.12116554158483
7.9182776832082675
3.9595230592957615
3.521031572981544
6.328147256988706
5.255926188361338
3.9549111343645946
3.409042409940386
3.434725378092808
4.815883458401781
3.616683289997037
2.7911971333090495
3.781720311330977
3.213731645987379
3.251713806936298
3.652013974062172
3.438552398050822
3.816793310871934
3.588334642678709
2.9194805249676072
1.2540896720627015
4.666392440035873
5.472964875483938
5.4876891825855845
4.575714620260341
3.4607343370038004
4.450537624431173
5.1295937663577345
4.618514182727768
2.516276715225732
3.550124424357054
3.5946780664405793
2.714757226319393
3.1744929522434
4.049219578309594
5.221680987357682
4.848827845293234
3.0873049800221835
5.528456281369533
3.262242305200419
3.5898718694970233
4.657314788854543
3.376263399813066
5.380684612617214
3.5693254916569446
3.905833825042371
3.4738502749093447
2.875534220033988
3.7515959630877114
3.0103977094770102
4.642296745513617
3.521099120924628
4.476639665372574
3.267048001333213
3.210413496997183
3.1065363470026948
3.3959255541603484
3.518886355506715
3.9453748798793313
4.571650961133132
4.405248173075376
5.265935076117315
4.185556923695738
3.9786572021513726
4.4582534386640855
4.152441971097111
2.440211823345919
6.382680622421137
3.8152431473186166
3.244745804013313
1.7454498993137522
3.4210477698971364
3.08615250937832
3.265490040246776
3.4076781479902216
5.625336353342274
6.562277089697684
3.7788929485718477
4.848651751067572
3.832824881275506
3.850868701959327
4.136975711624016
5.94377316063359
4.296122157402794
4.777008616249228
2.847202059173651
4.388921552871191
3.424782280857272
3.210137715967797
4.234404985566044
3.5787055876549574
3.5079791515742644
3.23750528901228
4.349400969030148
4.412170893152109
3.631903631265906
3.5768647901390693
4.676535367717648
3.0627586140719267
3.5344451831953547
3.413774005487711
3.155413936536282
3.5331355515312426
3.921259934923975
2.95589074684789
2.980178392403726
2.6442097499543573
3.1291794784748768
2.8661757416598674
2.9314013517494635
3.1136435040296995
3.6097019548404843
3.759490720350064
3.523469185270377
5.257444729671997
7.114951290290882
3.555849153067828
4.688777802202518
3.4261499978777334
3.7581333080104526
4.8791930495591975
2.8157572448535104
2.815144879862365
3.664014175086105
3.54761091366529
3.6342853214759163
2.647286596021019
3.8908430589862344
2.151296928836099
2.903363533597573
2.8789631212928164
2.4393199496905753
2.127972792911315
2.5783028109915356
2.8041306086479607
2.82431573949086
2.8462624793788365
2.528247883398536
2.9292674705393886
2.83300902029414
2.789037985402283
2.8679998049416486
3.10542470395362
2.675785132033963
3.097072344299678
2.5723544822280284
3.45622986018657
3.487264853132231
3.1714652272591466
2.0906889966213056
1.8821294020965353
1.8474102003208024
4.169310336860273
2.305713874184817
3.2367518588671995
3.1954590760738824
3.935013161335499
3.3737594262380948
3.6776580151704614
8.41102894812922
5.247498201898357
5.204166028652381
6.057016637894426
3.87104238207167
3.7423483188795434
4.543282082971359
3.24311418993649
3.9281079389530076
3.279310691379303
4.041489672609219
5.7536190625704196
3.604576274181028
2.4380899880840428
4.442893820160431
3.4638355145821254
3.493388199325154
3.8772553380843076
3.746924409050967
4.182064549110874
4.50115552174279
3.8776650236131514
4.4959660633046585
4.4133592424899515
3.7717751327189695
4.201034557369466
2.5985147797384567
6.016109922251068
2.162717852152548
2.772640737976077
3.861409119549643
4.886699997627873
3.4516003418422394
2.4980729821770775
3.5904817518011765
4.7247957053116485
3.9351422187701703
2.581190227757462
3.860318455525515
3.618455163166227
3.2852869898491606
4.107926906982028
2.7798683681757845
3.0999210596925235
3.5503543241187634
6.584480002728151
4.009724493944012
3.992677086990564
3.165993221912913
2.7101262718986012
3.4808473162167
3.306865217853011
2.9269461611173186
3.00543218849692
3.750005806422239
2.7966498127389525
3.9834295190506785
3.0738628666026866
3.3408093235314404
3.827634613193126
3.1272664393930647
3.0021213711793746
3.1053733075735463
3.249333159316558
3.7021866521292752
3.2291784083065824
3.179571532727734
3.1568861334309672
2.92661607284814
2.7951684991177794
3.270795135823268
4.132841239740523
3.4237541607727584
3.5729374188130834
2.7394898544744435
2.659961353012438
2.786770057711334
4.6562815080085675
3.2494334585633866
4.1851260732630555
3.221968693968948
3.4862095724855218
1.934658594417702
2.2643546941162205
2.687659376591527
2.5672411045273185
3.2808804486661343
2.7768524066851814
3.8389982194750236
3.3075522524537133
2.764839418272874
3.363857907138936
3.595304223193092
2.7815065735872486
2.838360035364757
2.93490711692881
3.3710831988773333
4.086285262925037
4.797628605790503
1.8165270943066483
3.99348774216415
3.6744793824143698
3.6385868561804187
5.381178435386664
3.6411048840467832
3.566570787662277
3.7975558582214726
3.1641707149815215
3.4470622406001725
4.408187803269101
3.8404173471051553
3.012769239250811
3.645125150251543
3.6526973485839376
2.0313815629809655
4.102045164412804
2.2192885567655067
4.695987989978547
3.2983825496786716
3.1927723578973772
4.026865155520588
4.405008722465404
3.2566925004774028
2.812767473937044
3.3817749644416506
3.0573605530259513
3.159309816889561
2.972153147223671
3.259525922199009
3.2205060102438363
3.449004124333088
3.7250529727406843
2.734685044525712
2.8077941799867827
3.201325472293494
2.134203572286318
3.548619074397859
3.446491110460005
3.8541406856129288
5.703582334232861
2.9249272500521295
2.7267460200285325
4.092818508823971
3.956144674504251
3.476853779737846
2.6443134339416563
3.004508293138625
2.80499910114913
2.559060671994514
5.160478949784218
2.6876853610706095
2.8808540858433442
3.3579619080275487
2.846531502039525
3.9459011474508636
3.733405878914176
2.835945694100139
3.147874685404401
2.883598250666961
3.1606548065884716
2.3460514909950407
4.209692762093405
4.004734198765035
2.268097291882846
2.1616616903116164
3.2104729854385914
2.501731749335263
3.0872096662678454
2.246670277261724
1.585351597360897
2.7389882133462176
3.0766532819082504
3.3635900699218126
4.559678735553829
3.8061393466601947
-0.010333295619438437
0.21310366263692626
3.2851713847432347
2.6712893593961256
2.8762492817597507
1.9710106147774302
4.032338543934722
4.504757037997459
3.0730255346038544
2.03307922686552
4.629337065966372
2.5382281143971768
3.258095193851145
2.6884032118459738
1.7739408768534335
2.6270139636383565
2.7023316025906197
3.7082811289138395
4.878383844661905
5.2057415144098576
3.682324011215812
3.1508692520990307
3.0668811472510766
3.7004851433486308
4.367222213961216
3.6865543294513468
2.563308628240576
3.1848002757778033
2.5093095955266573
5.291473450623226
1.972783832258856
3.763940947743628
1.6637213766448948
5.8671183602165495
2.331317050775316
2.68978719024755
3.3067263916359124
3.213190338472869
4.369517343647116
2.689296483379927
2.6454187867121095
2.447795787004045
2.488013118807098
3.373106462268425
2.743652052897861
3.5207202700876503
7.776596990171242
3.3700928079005585
3.306477018965458
3.5325802796773114
3.552529231725153
4.141292557352634
2.3629428192938566
3.50584593500255
2.79877783206353
4.131671328835966
2.4797354325377396
3.1682078524694104
3.345716024104541
3.8272157816899095
3.0883410707419876
2.0949024613751117
3.0174437226906243
5.3484875425636975
2.281389072546457
3.0151276172531256
3.0650990124840165
2.6508412738490517
3.2863838088101582
3.506477228498834
4.195201186848278
2.4161678662087183
8.0342862781606
3.898417446302693
8.943625324851778
2.417713436788455
3.6283068935693055
5.999180915030225
3.2239133014976655
4.33989850962265
3.16691246333546
3.363806373782109
1.7549016178536443
6.3959993478809745
4.106642958225796
4.311038617508306
3.9437374939996266
3.9163529979061726
4.331129840690402
2.2227107266730717
4.700264095584803
2.771619434348119
4.652431400221049
4.8259580155203246
4.1513981649876275
4.023218694421493
3.497788606714314
2.784852220827094
4.160759059096567
5.061370801905026
3.8610580632939353
4.483124681128498
3.9720951165951863
2.5884765105007435
4.078742854580079
4.606225473660615
2.2443666657929247
10.21182463876804
5.609558265679239
3.0276977139615644
6.5870749646358275
4.098351586721111
4.965604282092315
6.688475834619887
4.706457878122375
6.387719629792144
4.042439617713877
3.145067568977538
2.6311486242386346
3.166953509659687
4.47707547466384
5.29842871463802
3.7616824900910126
3.58755561611282
1.5865491584195497
3.3645414653472887
2.659024052729517
3.388046600174862
4.929326279151631
4.276252158726851
3.6434814668865076
3.221747145695751
3.3010491382221407
2.7535585270458904
2.5196686494138825
2.9618012091976094
3.149192858186036
3.1914907402876143
2.860082020565294
3.925653789182073
3.226992027705738
2.64269825183984
1.9447696349192871
2.1669573641373296
1.968224289308363
2.3835882009852276
5.025286925670033
3.3059662531867064
3.5285925573184262
2.2172994672088477
3.563059922954859
2.461356612908556
3.6134474426180585
3.741658261961063
3.4110990185375702
4.593031098851239
3.5141743874850446
3.3694277329953
3.266322423719048
3.789123932626059
2.825175967218427
5.378102849587566
3.0118861529039846
3.6650695363873527
5.847742977008087
3.6429653752581506
2.5126386311860833
3.372388474967602
4.412359352329257
6.382015069393906
3.583486967730972
3.5193321148682397
3.5500282331065582
3.8297729585213514
4.057761937866699
3.3600182868612882
3.7102349089358273
3.4143391396714806
3.820129319462249
5.551448588697331
2.3954933861023955
5.960004001533857
3.169408873048156
3.7307768299102513
3.8284617560880494
3.7004500420528723
3.8661280968598666
3.4771710058429246
3.5780074686398478
3.171336036793106
3.239549065829623
3.0129339638739356
2.776934111126015
4.123499244027911
3.497150218040835
3.6988924616486374
3.5794555481584185
2.9315963272372887
5.772641027290511
4.2529578630032425
2.061966466885782
3.447261509757934
3.652939630571438
3.1616286636287594
-0.8626385299845819
7.4537952264644725
1.8660296742578728
5.919605022664316
4.0695124649813526
3.710567196452276
3.2087543512834227
3.3751420831783006
3.2474222082060606
3.262749790133318
2.8720062948158054
3.6075540001693716
3.564204604486741
4.017828686628086
2.4612371386985235
4.164264791563755
4.452205058781266
3.0407782809694353
5.795350284441768
5.249480508265067
3.4966800083139704
4.515963990775494
3.5023712728757554
2.7449859745220038
3.235510516253087
5.001702450362703
4.597275816157171
3.05160149385345
3.340719839504909
3.487778434674217
3.1370774769610765
6.199887933138634
6.1836420495398325
2.859633963647463
4.253452814868391
2.290194169869873
2.5213035903565504
3.6824535777575695
3.6825094594988776
3.9134438445844615
1.5871273735945348
3.291901795487076
3.7995074225408074
4.138529268344239
3.70431978123069
4.521427607562564
2.8256793445825843
3.314781312484308
3.366514464843169
5.909848037493923
4.558512089543195
3.692996467998443
2.680066906589393
5.204500119459067
2.9055944732215035
2.6858283656389284
4.583601334162732
2.6596637769167963
2.5013750294533192
3.8918196157193763
4.768012641760334
2.0787356529751677
3.2711078041920865
3.566344656061902
3.242537913069769
4.5495314430023654
3.9928487502996903
3.9027343619247548
2.859125068601918
3.3522279971587
2.9120490515383097
3.681713629530452
4.038655908937384
5.178150580590389
3.581019007826657
3.553660762843818
1.885875833190737
3.287350672398627
3.117922043777872
2.8277512659809343
3.990478666499238
4.696174906476741
3.648659624301854
2.7185867122593113
2.52206715033348
4.232605281104335
3.4095673459078366
3.5424813994310074
3.384427683859449
2.0321965618490454
3.1807652971269578
4.05500834462399
4.089489630614751
4.276225902124547
3.080993382102646
2.4851178151776723
3.599229228808481
4.084144262637529
4.181173759849603
2.4003969946273895
3.4818228643740596
2.9129597014111677
3.857734279044001
3.778883760223284
3.08348489532466
4.966128162150022
4.158080945395701
3.860253512197146
3.382777493500705
10.202028800267575
5.97079693028431
3.419533865673958
4.233283249509121
2.809078849389118
3.642935374795527
4.444755231773256
2.6871437982596476
3.0855189345540324
3.9694902628511453
3.5182569612789285
4.211192126756944
5.0349062512166345
3.574035185746343
7.020034535303128
10.131250923541902
7.845280755444808
5.512645036565707
4.25765133943333
4.798084617794863
5.5138709307108975
8.982360554374932
7.7100310553417275
4.254868320517337
7.330557649902024
3.7356915229646117
3.7740510247099412
4.206866294939562
7.135273127914805
3.149220689006067
3.6845658725553863
5.706179622101289
4.283614297351562
3.5417212448446675
4.0016491732555
3.3799033142434904
4.100329993664049
3.731156145994133
4.128092464025021
3.5738121958556346
4.61250780319219
3.325359732717145
3.3673522413194443
6.093029569536799
4.997668257738287
2.6395454399074874
3.438422073085296
3.5105225870213403
3.499895265615747
2.3134193189235814
3.582357503282222
2.6500313410007115
3.2014399007604353
2.9465893158534553
2.576302043894995
5.906738888616307
3.91441888278755
2.979037228841736
4.822847556763105
2.9900564612242695
2.70356163301024
3.04687511983832
2.405909700307281
4.033400959476125
3.4496526918549604
4.138445334085696
4.062631149641823
4.170977534146466
2.901185415068193
4.243105047531304
4.441637763157181
2.9071682750753367
3.0908499255585826
2.8023189366066275
2.7838895934160104
5.27899890464091
3.92522658423401
5.958874729757701
7.333360253445372
8.183455198750908
9.76936904459499
3.742835568004126
5.85180990721109
3.20270767957593
4.001110858014711
4.093239643924075
6.820813204851138
3.500538288965975
3.4448685740035354
5.001989044086144
6.8158018240780445
5.41695230986118
3.3000110266742646
7.261125944606741
4.662977195643182
2.2431081633337295
4.971565269233831
3.1231007434910607
3.6638663362236765
2.7519559559811326
2.227893532786522
3.638596148955987
3.3280674588195085
4.478687086130526
4.309317542678023
2.8474625454918288
2.4186826970431174
2.718096957012985
3.2576250238007023
3.307418225437709
3.1919046832650246
4.475797564231569
2.417126107743878
4.841831515380437
4.2712609765329
2.9442938439009407
2.687511005228434
2.266873895477586
3.5770364155245136
5.1181341429027
2.7912304893831017
3.3069928058294282
4.795061869974966
4.301913209887388
4.627918486884029
4.227419372311206
4.07944934645017
2.931843383485774
3.3508004683073698
3.924741027973156
3.2673845545846847
4.173367978878031
4.019763117759859
4.755953835597798
3.9422219743108693
4.053218956050866
4.174054795690432
3.5882602682084497
4.1700566258544844
3.653645743624118
2.9913493220331584
3.1184464966696317
6.886668392539622
4.2584375275332755
3.0816658292393475
3.816813150990652
4.193374761653959
5.07046905624788
2.9240568163822602
4.055209800408931
3.1111338476500947
3.9525270945943376
3.5630514080889597
3.0437995500836283
6.895986990368969
5.605534630164485
3.864963008013307
3.4950664986212705
4.703167761861007
4.097887832472895
3.939088879526009
5.580845616336111
4.046089682803823
3.276463832717283
3.566787400514934
2.699586713888405
4.603974395582444
3.020080389651011
3.864538924210495
4.474426991531817
3.9183006736733463
4.051410668050335
5.706246342461093
4.513391257991355
3.8802618966058184
3.3706287343271737
2.5946253369742216
4.517847088599436
3.2120100705325902
4.177009400240858
4.254795398225489
3.365257961473133
5.693734586450563
8.175034059016642
7.213517716734017
3.0191695099341547
4.1666297518941695
5.14480175096574
2.742366044702775
3.1691890531952116
3.742965289374973
3.8218854770340687
3.277607696739308
4.000421866546556
4.400409348606523
2.6012310322620658
3.5723053358545798
3.2536276154394583
3.8064618659453346
5.2241017885397065
2.5081319309236165
2.921685354998057
3.064120851041629
2.968141130122808
6.056724354967236
3.2219498769744006
2.8680388119202984
3.276838663297691
1.5365518343398552
2.7172350224241915
3.814108031587848
2.8986932140760255
3.983086308621261
3.768450082721428
3.8726467143852155
3.003861588203436
5.660387881359027
3.5013885289351165
3.711851594519258
2.963913857300096
2.477187266693421
4.497382745578132
2.6535999050850307
3.319111368533141
4.307509124015737
4.053875955714445
3.757587389443534
1.9397193437135296
0.9744097047525212
2.0063102668305737
2.7435731746719405
3.4387768366133504
3.330898619841852
2.492212572695611
3.125873687406349
3.441219277045563
3.1325387270934892
1.4249981885377243
4.077105059825878
1.9413847636963417
3.791700437289025
3.21471861802698
2.0438355843212856
2.937934885518375
3.2767985382508655
4.054930334274789
3.3843275842408316
3.8251989158711615
2.9492010424104387
3.4272665233510278
3.880545801337483
2.9384168819103302
3.153526432469432
2.8691253805498627
4.546089302856036
2.687008570964242
5.002715841773017
3.3031124205750304
2.8818289501505294
3.7833699264424485
3.116506598898121
2.864754741781656
3.6850361622783985
3.8858554944342787
5.440354888854334
4.020342423123382
4.651391497569732
5.6029840354660285
5.561773541461313
3.799996796511787
4.043450502894747
2.7572098609761797
3.375387230489376
2.655410327704484
3.245393755494014
3.1824459440441615
3.9467570870660476
4.60088396828961
4.244501045186371
3.979384405552787
3.9307642936571066
5.044381680977701
2.9256517070931154
4.723503217911584
4.3797825286312735
3.0217240923237845
3.0413547841341178
2.937920196969742
2.904111273857269
2.7994258755288666
3.1171276849124334
1.9289593577876776
3.709688311575318
3.9875853607303022
4.698147497484411
3.7214096090794277
2.875019900621254
7.10969601990348
4.126682555591341
2.376742904745459
2.5622269575222907
3.246291980206937
4.638319393528829
3.4616262494545227
6.364757179908996
2.517363180611829
2.2006317250907323
2.5862278004711228
3.0515579766828997
4.046306198382881
5.978212028874153
4.904540525750163
3.1622915996008247
3.3538307384542287
3.200984604322676
2.9547909083127966
5.9961571196067815
5.723362462247357
2.692075347079432
3.753187416643105
2.677328756826208
2.9978727480067495
3.8425427551772957
1.5805925192563788
2.259015107139634
5.844902110623043
4.013660316359638
4.392274690539354
3.2019856139287755
1.532110357284661
4.58461807326837
2.318654074226565
3.87958147442179
6.063108957678307
4.200730913280071
2.993397188698327
4.101231236686471
4.235963913991791
2.6124977166378356
4.751807550868526
4.116893950625939
2.6904758985666164
4.128837533976555
3.7254331383033885
2.858514605616567
3.3661563203827574
4.058409886856919
3.5258251611795717
2.615517610248085
0.30644068107306455
7.19331169571548
5.109189516382169
5.352623199161742
3.6295703018604124
3.773517686335902
3.6252363460649053
2.7081735233702084
2.8884840798583915
4.157078930449155
3.690516158508677
6.0778442099242875
2.6204331594350974
5.243336120479518
3.806798869879514
4.6174401283108555
2.4664799960589328
4.7926819331727115
8.96045129380962
6.3991461018499
4.068239567428164
4.416572174693452
2.8896085662824578
3.696341234876467
5.810070065689179
3.2106552125330277
2.9808861069634567
5.502309183041423
4.173349931785243
3.070027056898432
4.061857400387607
3.5160960840568523
4.547775315334005
3.850597099959123
3.7239534056940298
2.22435694243511
3.2391961824409767
3.364814117023034
4.66280998409504
3.0509885285001
4.182180496084796
4.857177654457045
3.9109847536529228
3.0137604293051194
4.0800204041063
2.4473895592643466
4.734479814274547
3.0638905979444844
3.588092567305251
3.5605719354780097
4.764449834977228
3.5000893624131755
4.156993434887104
2.282975228918462
2.730614025586856
3.8076380840429396
2.7538177215893236
3.8109381498940764
0.15047419943734044
3.105139760321774
3.9968774917350616
4.152475795240144
3.3139831065497427
3.593306595803765
5.301695900592127
3.096131850989604
4.238636491349004
3.971195195832411
3.5494220441035997
3.439859712490868
0.13944114132486374
3.126203751373329
4.611198293368253
5.345531532819978
2.7949396981757917
3.163089553115673
2.3079057683485993
3.067640814901383
4.911746584113809
5.095007715704452
4.853016515993478
4.0549268691774465
4.995382107925195
4.73819957117581
3.4008898360539197
3.762023058759155
1.5749463530484475
3.971884149268903
4.648065767207126
3.591435331390857
3.386644541341819
5.9961899146829305
4.605604621152696
3.4300789821468
4.485523153045029
6.185033204010657
3.494624063358638
7.468066508310319
4.581114881902327
8.801899414834427
4.18075468720106
5.954105785170705
4.131407443766369
4.863616141668999
5.307136053752756
3.5740910157796435
3.313579672046206
5.429336139834704
3.277450029703209
4.818060349536793
3.1402542630865162
3.368000128873769
4.243569270220168
4.670154450939541
3.858758071675411
2.8566013018984493
2.9364063402974514
3.9938333336571485
3.703459437685964
3.0910480538423584
3.036628853444125
3.291826863530167
3.508796701330601
3.7192100756565774
3.211929266940945
3.5856094884867615
3.1751435427104298
3.800301456831135
3.1285633830955133
3.1026630837422173
4.126909424866288
1.784504827667785
5.21393315236691
4.7141252879734
3.660837783725067
3.6800738793908065
2.7271624798911764
3.5272936377161117
3.204625743800225
2.9923621532076994
2.8029523859506664
3.070652335045038
2.4174422510191844
3.4835926305791096
3.903988618941496
2.5526796435907007
4.790647319360518
2.8118301562468253
5.334155303304151
3.384867103196534
5.366481316624971
5.773115305137261
9.272459341363763
6.820563670395215
5.222667335078173
4.1697304898354215
2.728185497073878
3.1670459657301766
4.560046054605649
3.4998415829984726
3.777106075056516
3.1161798084141488
4.786380272907473
2.873268402470662
4.006942882236029
2.5256671639677437
2.739682851235018
2.647457276729586
4.048191197099471
4.431919237502981
1.8246630390406318
1.9509483331523527
2.9987674455708366
-0.4791584443201454
2.333569745998901
3.2302309650815326
3.641450865611267
6.5366331686091765
4.231786578087436
3.421506445326961
4.533258075551633
3.694088826118285
2.9906266601182265
3.044388180969897
3.020229339312887
3.818220016683104
3.136249268947687
2.7543190093817866
3.2522004180357347
3.380720653191332
2.304963212809403
3.2434685818100575
3.212596077463163
4.962245845793401
2.4679970324037477
3.2870385451917277
3.112738505801624
2.644908166353953
5.247526198579979
3.668768436425152
3.930886613446478
2.9593314337116814
2.476371539664581
3.8531741133935804
3.1563586471108454
3.60171861366556
3.1810769826006777
3.3069962984757946
3.0996100918993155
2.220816766512874
2.5106980741787743
4.189101438083173
4.056110726460566
3.440466070038055
2.767145184332458
2.7269744485291882
2.2577488689880227
3.965421489607718
3.437026184201537
2.9762470664411618
3.993552493118789
4.356517665932621
4.8343928304584844
5.250407834065688
4.317908418595741
4.067643979750653
4.260770358085927
2.2245019887383135
2.365531935917514
2.5156269115237926
2.924752775382379
2.5758839785756487
3.779221932309604
4.028841386178933
3.9709308509294727
3.6267477650501947
3.3714763704800244
3.337349608923028
4.002594732012551
3.9166683226433636
3.543071048531545
3.7637569318609323
2.838429721237356
2.9547706065451527
2.129772957300283
3.4634150647282196
4.020963619447197
3.125590507506414
4.871385938309795
3.308600142319353
4.020268855073033
3.791336478988794
3.318789881820364
3.249336931653783
3.041409752455344
5.518590199733647
2.9193439759242104
3.1544861404260125
4.725664875294888
6.702698603509598
3.680215927947396
3.109069227297221
3.602903640444828
3.4852862990625506
4.167247458167252
4.640297513771069
4.908259375359411
2.9599460033376905
2.970048904339606
4.607459697438826
3.0725731964965837
2.164498686551291
4.560682330984741
1.7473816032260183
4.231739077365561
3.1211871191014158
3.1238992914695913
3.804385850285569
4.754245622127033
3.4791441952608646
3.2969103739063783
3.8769570019685684
4.536772482004829
4.377870581599005
4.150701117456738
4.173082169313797
3.7346440977465676
3.8959502268644504
4.375425346093317
3.6752015438976984
4.997191008195914
3.246895941636864
6.553398608088765
4.859196152043933
3.2711310418360644
3.226908380237243
3.4626370051287774
2.740886528375013
4.236416302804257
3.0146548834451865
3.562643782723711
0.935436152531931
2.023973491591562
3.955015910997925
10.377362841274778
8.304999683153412
4.817844516500627
3.9166158859692453
3.717635803276202
6.575185092685095
3.4360392956944987
3.919762252018588
3.3449734117699315
4.135643623430514
4.58114463362536
3.4914363976890113
3.2208052810786927
2.437942183272819
1.9669820747778297
3.5239682642751995
3.950485972247804
3.069222653885662
3.1499677848342893
3.0646220541466564
3.7588394736268826
3.5319562126434265
2.6599887975828618
3.845073676195367
2.6490760905725517
2.968450872808343
3.5473466788500527
3.9365198904013954
5.3129923613379635
3.404849293061334
3.6223938547002725
4.382703606034408
3.220117172283161
4.217070946631235
2.6339799542847917
3.420431670506462
3.3922592365615816
2.3925616570383763
5.2844467795597705
2.3477287981731787
3.5425482741473733
4.204108124893926
2.933303151804757
4.4075256752482295
2.943403066909763
3.3769951370044526
5.123456107089758
2.4851235612849214
7.142146629724097
6.695427650452529
6.047284802596625
5.825573189261394
5.336501902273592
7.711278385841889
3.236961172535532
7.877545264304362
3.079616620468832
3.8664250833799163
4.740475427172554
3.302676591777414
2.0533699278136286
3.3721464460733754
2.5637162082403244
3.5904089287069456
3.8109549351983474
3.9319122682424936
4.349894163960097
3.032462578374657
5.415394946336142
3.6155915235009797
2.6730431987647667
3.1813359186907664
3.4506285092686957
3.4592095691498828
4.622771712351795
4.512125983008226
5.047192556480646
2.32238381561884
3.95787964699966
3.775746526195815
3.5346798437482128
4.602234580335571
2.6666866644302107
3.2395612253099157
4.102345866870166
1.9156487553414587
3.417692483521797
2.6344766575207696
3.5049681046535652
4.606002899070367
2.796458114068553
2.8291230129600065
5.255640779946341
3.0462021123242717
3.242252265096145
4.29702282053839
3.502240354440356
4.740396707521206
3.7300367764855378
4.393660423044074
2.579541024681716
1.555920546019642
2.999226198616639
4.5773736088778145
4.051099710161318
2.988538148090117
2.9121671122740054
2.8079042178552296
2.6627189961191244
2.7541145136607907
3.957678629252054
3.3754479386174085
3.740811101702866
6.449867955749014
3.8689141506164235
2.353176149450577
3.5106934343792164
3.062187444629919
3.133099034060935
7.876794604079929
3.5543031046340747
2.4151945544541102
3.4516279813402826
3.295387654059278
3.4423100524354244
2.4797007287160775
2.4964873862771717
3.065688119449071
2.9860947261299016
4.277697530883975
3.9576386310708966
4.870302763276843
3.141612235648797
2.902276488507048
2.8042238368491197
5.4887488191863945
5.7981273343134285
1.1463260058354898
5.42042069858081
2.844781805078004
2.480544898863085
3.5958535912633085
4.227617040059935
3.2161461565458813
3.185483928208019
3.9957034864448446
3.4687982939664117
3.3182028689090197
4.9763293646717806
2.9834477859654918
3.3553063685488325
1.590146585716956
4.18169477141713
3.3289244363597756
5.244018687826277
5.496375967539389
3.3356328287331247
1.950867822686383
-1.0554189887156131
3.1981790671359733
4.711332970367389
4.714543866631262
3.721738283565546
5.715810257298104
3.8382791157192546
2.8483231626723455
3.776441271643381
3.8192450667678557
4.74983584377255
4.95421113259119
3.0945764767672728
3.355900108622896
3.1598227396193073
4.722267348375579
3.855437009835272
4.147518130553378
4.03886247686224
4.313025072961422
4.590833931140624
4.153810515336921
4.442114505304435
3.30161590483695
3.653873891961817
4.200053351109936
3.401538748716523
3.2723526543827552
5.103749620961837
3.480147085908852
1.1651720393685325
3.5087321652498007
2.439203194844266
3.4903431550148882
1.4553003150330344
4.9380550145006445
4.9022550292438405
3.857492439852875
4.24380197995302
2.246995434718415
3.486183994105289
5.9585748021964875
3.6624524548006026
3.471458376143136
4.530533959318675
3.2907906090371863
3.1635456624525244
3.706637787697513
3.3742366483607036
4.9737550042743
1.548971905212353
4.88580498303745
2.483324994541983
2.5316983935990045
3.7826856762204044
2.4798614687435685
3.25300845819838
2.71969597157036
3.5302445150375354
4.131436887173433
4.067692082463245
4.030450188400971
3.372269414668996
5.006930927608923
3.894909738386918
3.3961831322316702
2.4764421231457407
3.1605465303888605
2.2438741081158784
3.7314263148456885
3.513827406186714
2.2503121187877966
3.345739280508244
3.1648591145905423
3.192705384692985
2.874238866458546
3.443748320617958
4.952166391447044
3.724706930815427
3.704788521790818
5.570703495114157
3.3637632951235243
4.8684845182604075
2.9146065497002867
8.624754049105732
4.318091533525593
3.2217397042648397
3.042494958788153
3.4231826193193506
3.7508807763420378
4.02111521880342
3.303657941752809
5.239999010717179
0.5519450576375697
3.6840934300365955
3.5863989904764177
3.3534459130670937
4.644360159855957
3.5012209922677915
3.550843730336194
4.291152156625004
6.055212709366649
3.363824834949806
2.892168042045993
3.0264930796276865
3.062919090754771
3.316938805748136
3.40118634363361
3.5307270992458224
3.7501501910707513
3.2440553571555664
2.486487132420624
3.2662830809835586
3.354789450100077
2.412053727599425
0.6201174370102289
6.826120014565153
2.790215656152346
2.3537748971630195
4.968739853138447
2.315898329058653
4.567954452511961
3.1646881406783463
3.01533229597932
2.6417523582182008
3.5231434258817873
3.01347872036282
3.743806857291072
2.9148686452096992
2.7904226155640974
2.7545769823375554
3.406059032293985
3.1822837263426265
3.172299399313412
2.0498099141568304
3.668585558250246
2.9474706570256655
4.14264977803841
3.7056832837229527
3.2742018215093203
2.593911293038413
3.0619632552924196
3.1613741403318496
0.833506482725449
3.265487870730445
2.8108116707824555
3.2171647963835284
3.126922813425009
3.213124900224968
2.557747346702561
2.9518230233519858
5.24236936588569
2.5648915625733726
5.142676636236617
2.9739584007933875
3.428422993023978
2.7518057377609373
3.048292532634671
3.674406596241784
2.4534183184622638
4.412210751584522
3.00620218015102
2.68578198198931
9.596836999428977
3.0432721206577775
2.4329577839572725
3.9594184174061238
2.0906498399242537
3.9833522368032197
3.5082369796647135
2.946143134900063
2.562124526709694
3.1143751177407277
3.307936078867549
5.1555742555750355
4.661003891167203
6.404175947955567
2.5106910468164076
2.4801560176332833
3.57140470283182
2.9645601835482602
3.004631296486348
2.741165168948208
3.3841082283264856
2.808659265241765
3.1412724542148993
2.620446280383439
1.544357094609856
3.866877782760426
3.154592505749694
3.0637434672460886
2.5655739709405783
3.6197271223783933
3.0213521437497595
2.908328017591611
4.268856418506014
4.348748896599388
5.765067006032315
3.680127255717135
2.2921393886733847
4.5184632432101255
2.6730809306366843
3.860800272566841
3.2871565678554173
3.6816719651603895
4.386580453949022
4.4349203978366685
6.288336285960232
2.261544752102119
2.2614927991908615
3.6086810330197854
3.7953659848530914
2.7366192958047595
3.959830745043869
2.7937662575569537
3.358995125634195
3.3318300776772305
2.339098667274474
2.073389263747276
2.8130247436078157
2.6107982040776316
2.4318616747138413
5.063510489345289
0.7294490228079353
2.5079982642887706
3.3456087636603606
1.4219845605620363
3.7795557423683688
2.864548612508996
2.7431785620704945
3.255387982790769
3.0532383213590997
2.022287400983485
1.9060950519667847
4.761336449673483
4.016433059753118
2.8216075593986374
3.3597154420064674
6.047765520783191
2.885018307540634
3.6944645286910984
3.836495394330728
6.523871620144471
7.720442942979018
5.454590158062142
4.560739005286672
3.7144191063306065
4.452505351534342
2.9485674929520833
3.1084150398916206
3.4352220814678325
6.708520862448043
4.286256418523249
2.6318845853368735
2.5761001046215917
3.3614235096970755
4.205324432140325
5.565156486927164
2.093883690521823
3.517123317238495
3.2704563453778923
3.066991116145745
3.2475721999912857
3.2260008241783185
3.2897097276011964
3.81471439893958
2.6918717147986713
2.857672177231243
1.5429580438452504
5.156589021008328
4.124522996151337
5.42059370687989
3.561939214660942
4.15763517695617
4.709594414400855
4.091909994137441
5.018040017415631
3.0550296611223304
5.860597233176754
4.123560878882568
4.920779665485418
4.809876489559253
4.326001880892135
3.618168251141954
3.682778804161178
3.1377059216312113
4.830585122895026
3.041860568096381
7.613847744914303
2.7443943638851316
4.024278209945723
4.049424233474848
2.214305501628017
5.4128557207920736
3.9285180819073386
3.5139119885362144
3.12808693792711
3.7898078368956654
5.63520556144347
4.34106942590777
3.2118429452084274
4.254996741099803
4.142564379419978
3.47471171999037
4.066367047907633
3.8904025953343786
5.84641987455558
3.68243823674427
3.786520177757297
5.130619030051285
6.757139239729033
4.251074830632357
3.59252915419353
2.9359626447310716
6.107955568750747
5.447589235943232
4.5613198902999725
4.586825644994207
3.7616212777800127
3.7489620520037583
3.0255458564615694
4.5973626454664185
3.263387353804361
5.3399527687144275
4.237151098991235
5.531190018828064
2.708721504800571
4.322109438731892
3.7241578783580516
3.118373081161383
4.534027180367907
4.142808712639211
3.310858460040227
3.54148405153931
3.483108764283631
3.248142835959744
3.560064386911797
2.6243950061243373
4.386203793378066
4.157507753370092
6.924052235213551
2.9733887402769157
4.267990006947003
4.1438908203556855
4.36209896832255
4.220707139587129
3.0908966537765377
4.309404614434683
3.6963800941034965
4.614838828774424
3.698999844930487
3.52439138448438
3.097916716825677
3.5733283284986546
3.097427079321941
4.000550752113395
6.870564952490064
3.7315229879312293
3.7762111957903177
5.34721700580199
4.898001982669306
4.918843145112669
2.8096181537572953
3.994627492378622
3.4990139086024903
4.382294843539288
3.9731432000404583
3.842867360298011
3.802688409132496
3.6871591860280164
3.0329462598313546
3.7849447703092785
2.3124662666531974
3.7132179539938286
3.0419122947512367
3.3933125277113363
2.5722739122197638
3.9522340116131938
3.84356059918105
5.876527688860361
4.8688375277106255
5.563025695236561
2.801572112139291
3.947117084313385
3.0680055719234143
4.926933807527489
5.805843012440955
4.357497631748952
2.9795260197190485
4.121084647672661
4.784919233124183
3.270948033982851
2.4659349559174353
4.160138140531602
1.363432417295429
2.9741373787490737
3.609109550558537
2.2359198497396613
5.2320541904256945
4.86289504795747
3.336000550278884
2.8461073979934577
3.3029610600826547
3.6381164135060526
2.8652272090561333
3.5040852086536307
3.3596404321170756
2.750768125222216
4.119768115876289
3.9987649007268704
3.6811877747135515
10.46027157267571
3.48406541892473
4.903359245956709
2.8033907659242727
4.581808564969607
6.476229852638532
2.618117090014745
3.569665028254939
1.2853150711085404
4.438191670283515
0.691614735361916
3.1239952307722536
3.8491804099017517
3.456349483805172
3.9639588600430806
4.2595632157481855
3.060420433796069
1.3715089967495222
4.8295435030828235
4.26417520985003
3.997497964994259
3.5272856810800213
3.223328096335708
4.791303891725271
3.308807323569108
3.391735939515279
4.1132700262852655
5.144768689041555
3.4609271395986623
3.3528185996276614
4.781359282647393
4.119566382135335
2.2169967461872986
3.426475455339156
3.411521930442693
3.452077920417463
3.8925466916954297
2.1000737983603077
2.7081598802227114
1.1872352927933563
3.6332279276852186
2.6503039199103458
-0.649458257680798
2.9140373634492476
2.4019669113738575
2.6650559160519087
3.721046668262228
2.942311448941077
4.469666163171231
6.23477032691545
3.3564907787212745
3.4419176088201207
4.9756069966560945
3.8597983676280205
2.580321224718769
3.2246956601264487
3.7123150664198916
3.5891486143175335
7.746669381269133
4.50763626908485
5.65558382034858
3.47901809402315
4.103805946150252
2.563061685923218
2.8718343971594242
7.096982093991499
4.803019535938157
3.1055532619052677
5.23249575851386
3.7830938352884664
5.109527137708285
2.729009220654118
4.2360558182317565
2.843459874180133
5.352510877850463
3.266319718350054
4.8158433534942064
2.4559431072213815
6.027613016731604
5.340132394529872
3.5144576972989334
4.151487063506385
4.259822569875286
3.685176781127211
4.87721987979306
3.271804453734848
3.2233975072153545
2.2219988714675436
3.2595373881044445
3.618187692550227
4.346086569012732
4.8404635293476925
5.327845625810949
3.6758170232937477
3.750810297204768
4.0668437602994905
2.821795425909047
3.7272641795066463
5.787225631663308
1.877694069040996
6.754797973351978
1.8038153609732281
4.274917266124403
3.3573558794747247
4.146158778680948
4.2248908623812635
3.818925932627968
3.4339290828613844
2.605950266737685
3.526673942378786
5.638596221383565
6.6359399078942465
4.568526264475783
4.249071650729336
4.583703292185778
3.946054912954813
2.4627971556433232
1.8897473756467822
1.6635056334594636
3.1499623898147306
5.416219940122845
1.5780006763559273
3.0626569249252644
7.026637702419291
2.9277686951672623
3.4881403521770307
6.05837492931336
5.078495240849814
3.143916067195109
4.24694429679358
3.4412760220210687
2.840075747522091
3.6696292346912056
4.094814467465871
3.31223871371746
4.384468841597806
5.414096445021567
3.566095482988104
3.0086935282116625
3.6480463760631445
2.994744511365895
2.106920286991714
3.0989430730027863
6.55843409239556
4.255391861466908
5.8976364419085545
3.445395709273011
4.04709977610184
5.654801526243548
2.7378051330726305
6.599633868504601
3.946132383712269
3.177167076915213
5.486767778916409
3.6620991477501805
2.5737009901847543
2.253857208768452
3.1587260506834607
4.187373856335328
2.56459842126513
5.716452437815336
3.17201862231494
2.6991847876021065
3.3966167055637007
3.011513720871549
1.6567310811972293
2.629697751025557
4.475095267529497
4.286603866104771
3.1373354320364646
2.548719871659423
3.204707661096087
2.097805911432015
3.352230160132327
3.7897077296815604
3.9524459222960995
5.086347192967142
2.0401315716374753
3.6376034657934553
4.522741819402923
4.064801079056102
4.427141437391931
4.428204363299582
2.867107530484351
3.0086766998713212
4.169338182008805
3.3547437716107606
3.6412725509008714
3.100738146467006
4.136681765252044
3.5407072020861565
3.9639016854018325
3.6154319338145884
3.8060481006152562
4.40626580370437
4.214434417991011
3.351400574800646
3.9570508979848995
4.157617188919198
3.5996309646784903
4.380011655975603
2.8694132857238697
4.09798318151323
3.3954563525834622
2.9661130460766896
2.8936394493625297
4.104420197726866
2.4789066483916353
4.361012526189461
3.3552748440543163
4.712822187616635
3.3011706829923555
5.766848757971505
3.9222454211308277
9.36984076722026
3.3574576363200683
4.5106212287096294
3.8341244753846233
3.4292344774256875
4.304135159732334
3.8508792534191136
5.595828082725529
3.8175724387609997
4.720411725803751
5.753611786609716
2.421949385747247
4.094761654044615
2.6012831062928354
3.076611704824471
3.926296740433811
4.714127807119253
5.647733289446982
3.974244723317521
4.423286802201983
2.8219540898107947
2.1455981719056325
4.476774441651751
3.263044317937099
4.855536158483005
3.4453517670631326
1.5618236772432132
3.4513825535578015
3.461128582272888
1.3954126970711067
4.075237458553578
4.513560266698142
4.470567763539496
2.8876136326523847
3.8394581900048816
3.7368283927388326
3.5348473281382193
2.953755676600193
6.117821818849503
2.5625827497968467
2.234275069791218
4.752592355883518
2.9149679651954004
3.5425010122957175
5.477320515675414
3.4070368520456604
3.104297878756112
4.570103074083593
3.798109787575473
3.6918320376545695
2.9052572988618928
4.721552687991302
1.6608354467352964
3.8710828711861853
3.4496620150219757
3.381252371409337
4.181045619857627
4.325672312372076
3.349969777259276
6.44834186358117
4.4971143569558425
3.0873238434745676
2.7038524936959
4.800613263163783
2.3019145232824076
5.723688540864621
4.293765732331954
7.41503375911107
3.361625215687998
3.8927150216292383
3.378683571908067
5.823349050933513
4.936435455128862
3.9898895790964506
3.905066147631018
3.798822918049576
3.9874194393254125
3.3213682655667185
4.720270711096412
5.605454686358576
3.6078470906710227
3.194653072871659
2.8196750027456954
3.712987200716475
4.340042994350336
4.743330020999385
3.643555963692169
3.357166733846929
5.276535194137608
3.7211695346557407
4.53746474288915
2.7346150894645724
3.7923348334428484
3.538504744004982
4.828296276765599
3.430465464024191
2.6529037090306837
2.7881207843886626
8.372866720307082
3.2052854849222303
2.3818458751178166
2.5365664652616142
3.4222987086302448
2.6762068813294966
1.6721346055287927
3.765046504545196
4.713808548449861
2.3485221236808527
1.7479249465381528
3.2924900825261885
2.2431606787066936
3.235816105679672
4.230281636735579
2.9739397954006215
3.0954490649569677
2.856870180846444
2.423481606270017
2.5735046048818164
2.2424880674733405
2.9680980999853936
5.325310437314097
4.873551649096028
2.6367877195687117
2.5899660921025967
5.994091515401192
3.2834765152763397
2.146037495314138
3.9443259190564883
3.2702670394715025
3.4024849973105695
3.4707266943175794
2.0591978825310324
2.7054737574078103
3.562432356064371
3.2591525015072422
4.24517319095242
5.738393665712951
3.80309786854578
3.6635541134670517
3.532642908407219
3.0250300516603734
3.307104280073212
3.4907770419678057
3.076359788083296
3.1665795706857285
3.350496374950704
4.501474359581526
3.440836123638174
2.9445954554340705
3.402493511217459
4.323035565375065
2.809683427280711
2.59596009531024
3.8680731106537527
3.90151304523751
3.5869129854007755
2.949339019680373
3.1270542236534267
6.908855683262128
3.666392857877508
3.1761098714219407
3.9097638200928535
4.029520894495862
4.954366809728935
3.4046441468975
2.689966442618217
3.926517422401412
2.824667090115854
3.435604549524275
3.0571351057753646
4.757245285623181
5.7931648978875625
4.466457985192149
2.7459558341060517
3.433434038866169
4.924295643952947
2.8176380923140045
3.3006602785794996
3.659223527939186
4.591655679194384
4.981184419058701
5.279184328968579
3.113524751787071
2.7043228441708984
2.411532365984092
3.343732083116054
3.9206997030461177
2.805812622777051
5.087776790890148
3.8739427038490444
3.946331064943855
3.0627080162222278
3.1289359286688496
4.234234992288736
1.4707783615364982
4.057233507762581
3.5813239512554467
3.4288647687067795
3.1788631112480834
1.8372273430350174
2.8023953169083398
2.8514129627966125
-0.01667554956466999
3.3803036314265027
2.757965703295151
4.077077373700786
2.9096482157143293
3.66691243981457
3.1009386463120436
3.1904445220990785
2.584484722336591
3.7596685258514935
3.554332638653336
3.6190514594676886
3.5359130084133916
1.9578637773301835
4.735573536891281
4.844798483400326
7.757322915283864
5.205383700544315
3.3938835770290328
3.316418022972467
3.1277007928118183
4.314990733343353
4.202375108782408
2.3485547772982542
3.036690812333482
3.7829771922344326
4.873326071921634
4.907394235538122
5.207441743507562
4.857450675704324
4.206622597591257
3.4523196057033254
4.732722943190444
2.976917112580706
4.615824891122437
2.9766642672463686
3.6812334925894263
3.475421106537856
3.2747895046318307
2.6794025479029266
2.993921417550193
4.336106529496164
3.9930075691787894
4.0539634294204925
2.7380701772640714
3.1396991052642953
5.097968109586358
5.692854067758594
5.580927115855042
2.9851111876460985
3.403870840008938
4.078767607837697
2.950581717595757
4.013348873847476
5.630915735684894
3.7039406881029375
6.492206248652685
3.8396749191711237
3.0557308106224337
3.06853456295609
2.7710882739354514
4.410994634411488
3.65453974215414
3.560455259946679
3.224431300032034
2.014107143263713
3.8776482023087673
9.293529401214174
3.70883213791163
5.575696445476819
3.8171436641553362
3.39202783200805
5.1545955133811345
4.250607823627988
1.9001976563432208
5.04427177835516
3.5791789474749756
6.100263679681099
2.3384095689964113
6.8867474162647735
4.325722822089949
2.0318328509551695
2.0421758064036863
4.891127620364482
2.3387843990349664
3.6507189094939303
3.7275338246948895
2.463875334827572
5.570857920936756
3.1885396383978826
5.859975570753491
3.3252395174399845
2.5087632153559842
3.1409694944019004
2.889985065800196
2.8703865840145806
2.3737230150376067
2.4086195640730956
4.352614165014873
3.90382188855854
3.7546550356112367
5.052944826972863
4.252481469473531
0.24165278250919517
2.0753746088760963
4.092146871750473
3.954965219467331
3.1200049640264647
4.343302384674928
4.941177338280896
4.826244355214647
5.619846580860139
2.56785697254501
3.7423868662197286
4.139688370759253
2.834047859556501
3.8297163088667263
3.157613285156349
2.4333820838582865
4.174124078187252
2.30516169625141
3.7755143742205015
2.526138036611895
3.005517024844558
3.28661492764572
4.66890819913669
2.74524711960752
5.287971154272675
1.4444486736578923
4.108865204926325
3.3563642087042247
2.6040615093019084
3.0917862696873706
1.9882902321699776
4.340488337408958
5.854232758163064
4.422996088952279
2.7832128035291643
3.8635340716459012
4.285760322982532
4.160754182473393
4.569784891984359
3.069229704265244
2.3652282154792523
3.24692857309407
4.7650550613204565
3.7430539614312814
3.396135048893076
2.896760802076349
6.2229951494675895
3.8753875511035742
4.660931792512924
2.856236336093675
4.078592508234156
4.491123538382514
3.5187301569654035
4.088173976801555
4.340027944622732
5.681859328687596
4.1632947531533615
3.20802190652642
3.9750043313874195
5.694283227240693
5.920434083495691
5.776041122654385
3.777346153485353
3.867336220650486
4.244300752058318
5.464531665135243
1.2995316945110338
2.98410838229866
4.001777618011669
3.5988239286684265
2.514007211900036
3.5645776539716465
5.880050735728619
3.3936963254546906
2.8607258690533444
3.4775651803160814
3.478597821736537
2.829763818416016
-6.648280199294486
4.346974477990371
3.1394146413904873
3.674108942796004
5.067156459656171
3.4834146149901177
4.094269279391316
2.5293536440058033
3.391653596198353
3.946278014034005
3.9309101821902273
3.3384155843009196
3.4980891789135344
3.6875675571276254
3.4603004083202076
4.761037449989497
4.428284378032435
3.2449519944426677
3.2999736335147998
4.000831949157686
3.579509111932458
3.207969652567679
3.5224875860837632
3.2054239175015957
3.683408541625225
5.807197661346473
4.058431647807643
4.105790935270435
3.0512864108389466
3.2807503402739044
4.815812661536084
3.3618693472520453
3.3675480368429778
5.385857049592756
5.404463332611795
3.515278299878929
3.5283202894557975
1.2728733134881582
4.437991602598778
3.073716365090186
5.970139954287662
5.023730299375678
3.620161785920515
4.2872801663424935
3.147444272228739
3.210306263638006
5.604651495396606
3.9056088758088032
4.37309573947126
3.6946533877570222
5.242201197482178
4.3219245978149985
2.657320210084406
1.7012169025360788
5.0842384797572775
5.256970243345379
3.957276209259194
3.2955485983216577
3.5164703214643165
2.6060597110955306
5.602700104395296
2.636965115708818
2.788782841278243
2.671194531585194
3.6486339507668366
3.9520582105582864
4.218197388958273
3.5445761811850005
1.3592123383275103
4.996045588704259
2.6614262773385597
2.453494479761885
3.986574598840166
3.6831871412214148
-4.274717719967089
4.134615364750336
3.514411392258008
3.378456366970046
2.9180874334316336
1.8472291532145075
3.197040559855269
3.814669087231176
3.5042783757810168
2.861272358125206
3.762440207639028
4.384425603139354
4.731741948482421
3.5212991129193387
4.356058975264886
4.62828061085578
3.4563982052704847
5.052292285949434
6.204629675372826
5.635286095239661
4.6458370481641085
5.088716324834327
3.754839775493195
5.598640196339506
1.7116657555085903
3.3820349733359114
4.099295885654325
4.2228457712548275
3.7059376515910967
4.085507712665891
4.01096496362781
2.825218824686336
4.083863325602908
4.310976420019136
4.388887955977169
3.0192014100447198
4.908129852697653
4.0217274044538245
2.579325160718732
4.018940755165038
3.062048690556096
2.818989380079508
4.429042836911893
4.396006930787036
3.5664062911296046
4.907837322517239
4.992719739306822
4.11825908560033
11.018061483339405
5.225745233217926
3.6405443817377594
4.3772100425930764
2.794728729077493
4.619511578822338
4.328949697575294
4.1937873300983295
4.735042022147737
5.343012528072744
3.053375804978996
3.4464212229890294
3.431506942863579
2.864358351889817
2.4664915690958273
3.36831834313492
4.537819295684436
4.3861690834815
3.823491720270888
2.3004828422339934
3.3864230464956595
3.0262642194635947
3.4918565686453125
4.74611717220119
3.284101399347469
3.0416240449551175
3.097503864573287
3.3412571461217606
3.8287584013491625
2.2588769926648817
5.52041290140162
2.7490518162032727
1.6294127654220403
1.6255989729695879
3.563134603785536
3.295540886325634
2.852880910584272
3.489049445021089
0.5002549619284774
3.9286704384143856
1.789805889446298
2.899670607255225
3.6139803353497206
4.177812337542439
4.598793980319619
2.6615562860411823
4.794265333009964
5.352340351366657
4.008168322631969
3.0979335909798738
3.5252127500147554
2.3807126726712458
4.410817532001646
5.36924962590298
3.0046170525940505
4.801194533848394
5.549475714683886
3.4422077733895766
2.7705919319723007
5.468847596532258
5.017646551692525
3.1555755685199918
5.124708373313637
3.974854207851496
3.7075801538115467
2.678202990870186
2.925085733984956
2.9568184434840674
3.3724106326290646
2.985343882628967
4.286176865606669
4.786180897203866
6.424022984109326
4.862480748392518
4.649023532947285
3.788532524465717
3.471717432486509
3.1087296579041976
3.4754131183003407
3.7512693136904858
6.529606562938919
4.547383983057917
5.079130550064995
3.766484887584257
2.9083138825130206
3.6031373477959847
2.3587928814290122
3.1983777924183676
2.721189934363432
4.016919694535207
2.835920637396962
2.9744640516234186
4.2352450765650484
3.7198556897371944
4.410702656374918
3.238756450118135
5.215089721577249
1.8164714510781064
4.325222924741238
6.934497473617916
6.91443550798666
2.6201395629824513
4.269985904268199
4.732447207250059
3.3418614940548226
2.7644757422061326
3.3328413592537283
3.551154994153429
3.7671657204730145
4.045293481560905
2.774360858439248
3.0700007962051643
5.106618124511564
2.258422331087581
3.542131726333162
3.2931068861257495
2.859767033714481
3.9535964211880126
3.357205575325067
5.44158886873264
2.2578904640508894
0.8750893923546341
2.958482211428046
3.145125137986419
3.196328069966324
5.561905965783439
4.776740052523137
4.393192490774674
2.2122708147335106
3.084723446086389
3.122900346673323
-1.6720598539789284
3.451955536948089
4.3118688658639295
2.8316390998443906
4.710512570465406
2.515627666622017
3.520196181993107
3.9486886319007226
5.356827858889117
2.1991416683774916
2.439752365376326
4.534176006904826
0.6224839418944897
7.328456919356031
5.431798719656572
8.540984229784618
2.776211846656143
3.52530124446637
3.595157819689884
3.3295326653841872
4.119854265262737
3.3737255798745966
4.71303844972018
3.4759425740534873
5.430819442855512
3.0436047723500756
4.2869041370068155
3.5886099563460663
2.4372630078852726
3.137786481099932
5.071760672691571
2.3729487623420096
4.330540608402782
4.630916927963135
4.937826861836178
2.946195280443568
5.853998174421871
4.1445333429301074
2.8729449150590463
3.3657101700133634
2.8327386436834767
4.319826490143328
3.107953942690278
4.605350314116088
3.6230843805207105
1.7777470541967009
2.607081537530211
4.225825285289555
4.045996580483751
2.3286983242099155
3.000013890558249
3.503000805801713
4.446340305458965
4.331669899648717
5.526804097814426
3.066895168530252
4.423480336024132
4.099273854746535
5.945159092917284
4.675901548045712
3.7865055852970833
2.6089814481994344
3.393755568483026
4.3951370758096155
5.096876621534393
3.1658139471302182
2.2021640299955973
3.1017288698915273
3.363701946342141
4.945089443516417
4.149110656093829
4.6720416193120275
1.8258995605546444
1.1664013197805847
3.695962805848114
1.0120508668662995
2.0045829912117243
3.1615754267687377
3.1688485299385785
4.694971342401345
3.6010974916442833
4.5086669845215095
2.7184260541555014
3.0994061801709143
5.828719210924945
2.128770891285024
2.844893679875109
0.844776527578942
3.679060627409116
3.139984296080612
4.30096735908042
4.623139904064977
3.56350413177251
5.394304350164331
6.451193375701238
5.271370201380934
2.873693974381149
3.8534227467757534
4.075813729199914
5.291828617855318
2.9876310433148094
3.729630449097704
3.3412303691823295
4.545193348878807
3.659381070016652
3.567573729235444
3.2986908225433913
3.5465482541733286
3.5529505368323098
3.2183958903624448
4.731135783943362
5.958530538183508
7.545593811473794
3.154240649534689
3.39568596828858
4.9324286602198475
4.355725882487298
4.943671772406865
2.8133352328509447
2.4775247529232036
4.415376494717392
3.613969977479004
2.6090787584196637
4.558521531880012
2.3554109942360673
3.8722778507467965
3.4676289287029145
3.5841429189575154
3.848288414567736
2.8997177281237856
6.251992550895181
3.1305028057158184
4.147685808796771
4.228349840892576
5.04344846713466
5.433099198900094
4.649840864642261
4.33860649395557
3.2039218484918695
3.0569341917067687
2.636022600397367
4.724663815613938
5.220219812991263
3.8380464155188516
2.6646236673241757
4.711754753546488
3.672024661701693
5.604829382930898
3.628820478849955
3.7391987431850477
5.439639094473807
5.8653192723771275
4.343665922855388
2.527377584460605
8.202430125098513
12.584497770249113
8.595878304169634
4.791246560196872
5.414807923323248
5.108500290695045
2.8748709499386838
3.162685212852289
4.197385229083356
3.3327429026088544
2.95143805092368
3.587966444103848
2.8619939552581095
5.37198117987728
4.341102652950633
3.2641225047776463
4.415785825260403
3.5002191597817993
3.402308650648554
4.531791810841579
5.479642457227452
3.3117383922143624
4.74393918156117
5.263971905016364
1.697195516079428
4.139214326610188
3.8590774364052054
3.0421293121774795
2.643810309379015
3.8280389434039104
3.207527253361777
4.07254660650139
3.2507027948462452
3.0317821437307884
4.726606066574371
2.5873052992995653
4.799543159138677
2.757893793855205
2.8886959307025393
3.837667249332927
3.636214997727605
4.850089165354672
3.452250334350144
5.484833616986375
2.9239045409900255
3.28373085731437
2.7770957418022086
3.6798823500226048
4.202326969050364
4.213160837309114
4.039245758737561
3.727765202741345
3.3563624267778565
3.995441473776436
5.734562052067255
3.586417338414764
3.0089429606284446
7.122899043054512
3.963643710917204
3.7660788326292196
3.365225119528485
3.3108999266357952
3.8388836103543373
3.0852296015398393
3.330173459479184
3.43024691730935
2.361490768015892
2.6867994964426543
3.6481772447633194
2.653715593120587
3.0857249746852036
3.036434108169061
3.252865065064688
5.41541672000272
5.068726656611968
3.9593867071776736
6.3150360224778375
4.811495498824589
1.730140653471528
4.401792099886323
-3.9049449161137444
2.3128219386465867
4.545615631642433
4.429278218512941
4.3098588083378795
3.718535593949933
3.4104678371803274
3.8282118670375627
3.902718371110341
4.037581818938601
3.43226835000396
3.879390198600658
3.50836347280908
3.517873558383885
4.683631430943021
5.157630367561191
3.8534537991191615
5.48168432175321
4.0566154218190675
4.312271182591757
3.9829809307452284
4.397539424170373
3.9389250007225445
2.722244681214501
4.040446293359383
3.2794312144790307
4.622452751328768
4.795780722122063
8.583178685498094
4.5818641346147775
3.079894663329521
3.41777691697008
3.962162390915756
3.4166850485028335
3.7598052003117304
2.966242326235792
4.685063110805543
4.685026834812736
3.017903238079418
3.602951932531422
3.38530448739481
2.3836413989342256
3.4283202285541052
5.473765715718439
3.026471275965683
3.201341512411119
5.7199628773515885
2.972165957282399
4.305990351553724
3.413754192236006
3.61165407610496
5.44628684406179
3.026836317209479
5.8039708353397845
3.7579759541675455
2.8366671960344254
4.208024324144957
3.755930576481997
2.4238911724421794
4.281162735012953
4.1766792146256355
4.107838317086092
4.758526480014577
3.5164940898084973
4.343852610001357
4.253685668637665
3.7582249280557436
4.121315875262354
3.6615582727140694
2.2868663778384533
2.9875556558550307
3.8906332608656946
2.5506497022519143
1.9080650866771471
2.8813312023984294
3.112893814218468
3.789356447531593
1.9443519488031855
4.1682981121856395
4.4266645861608085
3.6721514595193123
4.51667846681226
2.4227741250870793
3.0758278077262884
3.5453219657069615
3.0773666255198013
5.7519954731521885
6.745714034801406
3.074464069931794
6.534901988454998
4.569438932513848
3.6496397466451693
4.632622828711372
3.0396974013438873
3.2434674824122314
3.027332553660978
2.409505121850009
3.5176938976422005
3.8201804773431953
4.581670969441374
4.144968325880264
3.562352500404048
3.7585275795466595
3.5799399145439526
2.775578907192252
4.419059916392168
4.657266599158621
5.2396825415271016
5.748626389328159
4.786536819043154
5.069178579287634
3.727024265397964
2.1659880380931
3.546369486244215
4.244501280404408
3.7635887631965312
3.312971032008744
2.7396282227839386
4.54678932647918
3.159370951722205
3.5490901896892826
3.821004573344994
5.152952916190144
4.796329111161584
4.028705411257478
3.5205976713006506
4.906756297760552
3.2594932642337158
3.114546262404599
3.9422051742841
4.341939169776389
3.942542562765459
3.660412078661945
3.600117792154154
3.5890980501824763
3.705033100896428
4.547319460041998
3.665741230049184
2.817826415718461
3.898535245667064
3.854702969545468
3.4278102061174023
3.3543046988596976
3.737322871996603
3.261915882602664
2.7994255428186237
3.667594875622165
3.5285570185260138
3.6595836867538
3.208500023922048
4.377223972548835
2.561314372995522
2.863592179841298
3.5239860022802665
2.6905591576742145
3.371178158029327
2.7835744508034597
3.287689231586973
3.0477132870611063
3.704218577114657
4.033134722944812
4.61569088273466
5.108608831524738
5.986476593085709
3.6988599821391017
4.680809052459782
3.9686423334730376
5.2732304450089265
3.4667517807985906
3.047724979742224
3.630464378706468
3.4192043691159677
2.911956218140989
2.5222397852710357
4.0164483201439465
2.871341307573111
3.0954592802087926
3.146154160272313
3.302751546016531
4.638011697217037
3.420787652388697
3.9976327939174103
4.18975722298655
4.213369233954519
5.334098546122472
4.595453737892488
4.066447096399195
3.588983293469982
3.5979260935883834
3.1157316892635545
3.7582333794463656
3.7222688083908353
3.0927284764706413
5.66286369891846
2.727107809650257
3.149051717790741
3.593232835513134
3.8640815239160826
4.37963715596031
4.116405165493747
4.083500533281793
4.0663760367776645
2.386502065042613
3.66760606934329
2.825031563572635
3.7458396890584686
2.708786352295934
4.665455804417872
3.096110847189841
2.6263556555260466
2.958160279154668
4.19544901044442
6.148131361307793
3.2852821103352667
2.435794415516942
5.214942253519058
3.298474800614654
4.115725709712221
5.052335299973209
3.6370962953135053
2.4294131493224973
2.8299832733876435
5.975286762272627
2.766852022918039
2.6946496987568067
2.747661390376881
3.0969750485805005
4.478762487508025
2.5657606274770752
3.535394677344997
2.384535575610386
2.286088691202554
3.5322476593523118
3.8632076646420686
4.049506327236927
3.6662189827974587
3.926581082554933
6.040905288719225
3.07883113746164
2.7831472508036623
2.6246888508563093
3.7955653396291984
2.4457277332812835
3.409994674091652
1.0700041919917254
5.065574241383822
4.46982834780136
1.0774121758358914
7.849447586590215
3.2611280635639774
3.500195228329118
4.329467528797495
4.673486035576686
3.232853389832833
3.3022354626423653
4.129693546144888
3.36323375110704
2.705320300769851
4.686657536159504
4.301628418645608
3.5656866409959873
4.494454796512692
3.21713228256827
4.545358521101017
2.5991125728372055
3.5946025510520934
3.4783125114233733
4.1679599196137085
2.340372142683102
2.2716697980972156
5.868538253609729
4.708767891582353
4.799122261250919
4.691860797184172
3.886288814924643
4.342949709080868
4.543029741509438
4.49816989376741
4.214667007160881
3.12730064522541
3.495882762993719
4.998243805885463
3.57133005712029
3.5071120066666253
2.9046587037547016
5.092563906895836
2.801218522121222
2.590615902114268
4.400876318870095
2.801152104689817
4.091428039418973
2.7940266137093954
2.5049597164935533
4.370611108575982
3.8122362522363944
2.684243457819867
3.130923212223755
4.016233005073852
2.8827761990170897
2.4895722722913507
3.0511312436019162
4.337471304808792
4.313566679011081
4.476775247178819
0.9948982756855578
3.557760004447446
3.7459420642307157
2.840438723811511
3.083210807020301
4.650455398018221
2.8534518139387863
3.966300666488119
2.698494298027187
4.468381795146135
3.5915291062432715
3.9016148186924458
3.963181232999278
3.22468282045787
3.6732584129997323
4.3270898075225785
3.350112762408159
3.9286380643776417
4.078427577597593
3.1094795988894317
6.495791596866083
4.383834897322115
2.9280344670064062
3.480960922914109
2.041002596621028
3.843115169115576
5.544804068594387
2.9674249826044594
2.7380764827511315
1.7083573166264479
3.8504803189356167
2.834945652846478
4.411240325499588
2.416730295161783
3.149715061777396
3.020608418699372
3.506846637735447
0.9823276946257068
2.67916378490873
3.0794614825355118
3.0457685849483824
2.3232959281330494
3.307317085992061
2.69787250739422
3.1231003508021957
1.9953108207800498
3.0184270935124933
4.101225780192522
4.50326922254274
2.6909169121485315
2.625823598253253
4.026404645305339
4.343302988218738
3.5629244831530222
4.052175087943634
3.694961530370556
3.760550525421024
