3.9775602464502153
3.1783691889732144
3.0046929894697274
3.287967609305794
2.7170078688378823
3.3576203134232205
2.9062189842186568
3.021048347663281
2.7003883185233652
3.830734350775117
2.8209814232820074
2.3868932704438586
2.7299490853914494
2.9790123684608774
2.1372428531884853
2.868952739614712
2.9578640178996025
2.978336599517537
2.864939078524647
3.1429230651717726
2.896064323790347
3.0311956514468776
2.6112299943744453
2.957005525035856
3.5684325548519924
2.759214074077205
2.7972170439570174
2.817828065458382
3.2916629808995634
3.145217931410851
2.5920682785904474
3.2190377960143057
2.797547855206614
3.0146230106050393
2.7651315926321907
3.644372587894282
3.2579411122535484
3.2639766309330303
3.331562998738316
3.3861808713511237
2.8325985149084696
3.052607477696163
3.0411536759678124
2.8599275416085828
3.099527627962293
5.630050412784508
2.770506394860673
2.743759399949801
2.6338464308189486
2.531066472789505
2.65197180705328
2.7691662088205202
2.667233258985543
2.6519890872181224
2.718190360570744
2.76530222728351
2.64165706819054
2.7442899987535583
2.5677965364428195
2.4221811239108577
2.7237989161544505
4.514440180630263
2.5374267681355787
2.712629295301465
3.0681257735232372
2.893641511563225
2.598671322590622
2.7165396792067806
2.9570093348356696
2.396173137201688
2.8848861338954177
2.9390319578727224
2.694619308689928
2.6214074708664645
2.3176454740979375
3.6124287050587687
2.9056489814599678
2.8734982552351336
2.439733823338655
3.8474409891171506
2.2954039042349708
2.8094684377703265
2.5546940670500105
2.722459603127954
2.6616935759555496
2.616952007659468
3.0997566894108886
4.250499840730811
4.0163491156458395
2.8277875169165974
2.532696176311294
3.6522977011538633
3.2869570009114457
3.1455032503797113
2.5563291263384635
2.9674206779219316
3.1761596789942868
2.6794172785367847
3.172343676360473
3.135460825373985
1.4350092860981938
2.376223573234761
3.0261137678663803
2.715931310257513
3.0085742988399904
3.240880929405706
3.1920435367622826
3.1445533345547814
3.1322616844642193
3.738919418646242
2.790251202529449
3.1369968543920344
3.222458899180591
2.7803326811767746
2.9330467945449645
3.56944225080869
2.731504501870186
2.9742899821684494
2.4553478255233974
3.5515868918378164
2.844988265617538
2.7174567175768427
2.4574141645229823
2.839824703748834
3.5129158476897473
2.396630343223928
2.805114151160536
3.167119144131207
4.49802991287142
2.499333326298252
2.9476095291803945
2.872669342383562
2.674352372594998
3.133860741626809
2.943809896689886
3.4717148215134186
2.9542808131237526
2.7665200634087235
3.4724770405322136
2.908469342320032
2.812036264360982
2.457867898234267
2.573199936802512
3.26307286059388
2.7710376841151176
3.0420233543383506
4.362564444496217
2.9212055897208087
3.4347933228117133
2.816832293708212
3.0411255247438933
3.0753529288573946
3.1442123706259495
2.81917057560841
2.681851578274131
2.591035624870279
2.92129661692667
3.2524049357152434
3.2897196975217255
3.042335251511956
3.179912369714728
2.6074731474321364
2.747968308780303
2.5113318541389336
3.1284476923948032
4.281550108107213
2.4009508274299742
3.390502370411917
2.7647188992308265
3.0530781066353008
2.938003414493346
2.8538023294437407
3.2044761553061814
3.1958354644439773
3.237733128520992
2.3350611109803387
2.855395007644982
2.3489273465188534
2.803595107158403
3.0716185944410332
3.3707194364770334
2.649097425319933
3.137142082731922
3.240758913596723
2.531480378413074
2.832295348686713
2.749328178982869
3.0043637677281527
2.8084239467038246
2.8185099519819454
2.568485720552143
2.58739490514358
2.535974440712547
2.7837403072902296
2.6691079922753143
3.1580467845375018
2.679886032666601
1.4370515364432428
2.6253451218344077
2.5910852520012275
2.6419737390381686
2.8249162290309515
2.4167562920394756
2.718638586383285
2.3842312745325653
2.499938343822449
3.043340872604307
3.1982050794765913
3.0779327721328196
3.0660526639266483
3.0240864588518703
2.441378812469963
2.693781817912055
2.092301739948202
2.331647966154577
2.3528224304747103
2.284623889660069
2.8836149218204197
2.9791418163919703
2.6942615170619137
2.6235221314107715
2.8147903102459013
3.5091861173170953
2.9150791532953524
2.6456591815364354
2.4196634671583412
2.7324911642132044
2.4778947477075417
2.719250068416423
2.4669610786233505
2.6251883452859834
2.6472299432798145
2.3806827364898706
2.595580347890401
2.5295058301745654
2.0005936887089026
2.6166587185299712
2.392725468147476
2.621455708768424
2.6718019089170943
2.3491348511733583
2.573986229541112
2.948785967962008
2.660816079516579
2.6623000219526727
2.800790893356362
2.81167442277095
3.1955796927101887
2.9947091820690814
4.3905975160387385
2.0073062723449846
3.0348530121568666
3.064661334474321
2.2416016259059313
2.476953687353891
2.650321053782512
2.6017568265115223
2.361221025330547
2.3216456068487563
2.3845200863720706
2.536500637857348
2.5299050179068368
3.0078038119944983
3.081636016058817
2.7910070436332357
2.916257962448814
2.8576236804419186
3.0901266317444636
2.6536465097651964
3.0089408021135644
2.6539088483446
3.1304604587098877
2.7084276631301023
2.6926763876104145
2.340818958375861
2.8231594255174968
2.9504929627693013
2.70075391420311
2.6330192693099925
2.667788487852983
2.769587710356783
2.634658487935704
2.698494104644702
2.7100017064633133
2.2890342905158345
2.8072703052060795
3.097733491759217
2.5499003420003605
3.460581591242545
2.4532807236384855
2.731909897303869
2.652967882539941
2.6971194724704297
3.2348039774016493
2.557302079366346
2.833104612301542
2.3910331630691934
2.4063969759385495
2.680775652782295
2.7613618636808934
2.8738284944150734
2.021396152330278
2.8103512237985386
2.961941161601758
2.841383808006553
2.8420856285892255
2.54106100870261
3.181335464176525
3.0451299049244582
2.8535965222331847
2.7325973813956423
2.6845352777597213
2.864621892742482
3.1468120224495295
3.538477025252329
2.485005664487824
2.1316880426317
2.5994118941357325
2.5807140023946125
2.662340618122284
2.6210921911217313
3.013263743417506
4.235294588273916
2.7431327560672507
3.073337273715796
2.7826791795738157
2.6967142422401857
2.7710809240755383
2.872797340487134
2.885293450943535
2.61330793189978
3.2097658532240607
2.5369251921728244
2.6595572489285613
3.0160759467235305
3.5153035319380495
2.8818805024414713
2.661986888019739
2.7636242160662157
2.845200831913993
3.0583077015943223
2.5540828904566033
2.8791873457031736
2.581598160425884
3.5947963257297526
2.4433961895570273
3.0691358706962966
3.7615001925624947
3.4180830235940647
3.1698032297984193
2.830398381799871
2.9583879149015138
2.844644180915599
2.680020966037215
2.858414779084889
2.653237784069254
3.283887299065988
2.466527480145068
3.384577287683398
3.1416069979264885
2.731659834033349
2.2940991342210806
2.861591930806809
3.016425179216114
2.6109155566849864
2.7001473258785254
2.535614474832212
2.725728969574262
2.626924655978203
2.7378713017087026
3.0324168155395115
2.7168522733230973
2.9076459939756245
2.8207582154440556
2.494790074735387
2.3215089572033416
2.6912446189402455
2.621921817393489
2.6049073164953307
2.571788009130858
2.693736764990253
2.4798110994553477
2.445342056266371
2.6414063008623905
2.6698687366932954
2.4966645263891807
3.2116567781727277
2.7547495181039925
2.7673750063363616
2.864187289027115
3.01747653284059
2.9531280570552574
2.5850004478113626
4.787607253022251
2.8080136343139763
2.6378612081900674
3.039153786152806
2.7598647880249745
2.7410549931516934
2.6916425886936657
2.4732358232593024
3.286559500811309
2.7788573004112895
2.9966424149676563
2.6332251011537693
2.67802506304884
2.84474420789895
2.7150557360344876
2.965810724475546
2.7794130834220616
3.274794042209151
2.6319016744327475
2.827820746800078
2.975244458630187
2.115610830574674
2.5922503808529886
4.221563736265167
2.484347391776424
2.3970224246194527
3.09160544660887
2.9139036117929966
2.9259872106969675
2.576797195705262
2.4816308988112747
2.8187122937996554
2.27875583465753
2.6579772661715393
2.8872998840658557
2.6712824619177646
2.5770085695017193
2.7418042508953633
2.9110877989727544
2.9162466405094984
2.5510070688931843
3.077421727668784
2.894856350197128
2.810319611582062
3.1681128578984783
3.273346425144716
2.9316541170378043
2.8658775629673388
3.059611951555863
2.5761978412439452
2.787079743422863
2.6570609085148478
2.527432263178743
2.621282852973647
3.287465582639139
3.502064854590051
3.2750287723655642
2.994733825596879
2.2024382947987307
2.700678899682841
3.1590617406956003
2.822211009627175
2.3227631847745513
3.3089614234160964
2.4381150784877623
2.965816027591412
2.8673184811028776
2.9886761243701514
2.7988219337920297
2.552809396980536
2.5383634129309582
3.249730544979943
2.658247022218118
2.7469401065524104
3.0687079053929476
2.9623633589130987
2.8196212931035367
2.2947124175271254
2.3980522811362452
2.7480777190586907
2.7126692206539325
2.9848462268490485
2.904547393444428
3.625903764223245
2.6690972175650773
2.613533950305607
3.2062373133573163
2.4994066107627795
2.7628649673107346
