1.7669578949284301
3.4210931644183518
2.131261702651688
2.768469769183098
2.1635544061479925
2.0295374593282145
2.820641504241215
2.0286046692290203
2.9213292542016447
4.287734480641299
2.410668206171446
3.575805144487621
2.328433361888217
2.021358661897937
7.695004309424907
4.270573021916751
2.1586589474034414
3.0098665682373755
2.768784116476577
2.1667737047216424
1.558813911789867
2.6652622738689518
2.6309640925492195
2.0515253871555643
2.6654492060440926
2.7235629157952324
3.062507936666268
1.8292219906718574
2.8240804831591113
2.9619161948854207
2.780594201761112
1.8264205284979569
5.3638823356759735
2.130559940396403
2.5405647436699144
2.4239351231401747
10.63472790819745
3.356625467388358
4.101068998659028
2.230393660814411
2.3006129079417414
3.7324488473703243
3.929567538607778
3.0940243513336694
2.685762260331744
6.104978996672351
2.9877823682166356
3.631187228194618
2.1789899482024446
2.020515771587592
2.5120075541818
2.536500904831241
2.7771021391068706
1.9543072349071238
3.4251930413732703
2.8027604278493143
2.10479296581185
1.7798236073298521
2.0866068753987923
3.3258410891280517
1.8569785475438316
2.7315560485837325
2.3080907653314644
3.2483479113039544
13.512538055037206
1.6532564162860584
3.0087842651456462
3.02247661280894
2.402765753547681
3.443979507570466
2.5034500351944153
1.6376889783604984
2.158673193317611
1.9911900890920065
2.851696339012742
2.737746979079316
3.2692405634616244
2.293149726390939
2.336255397218972
2.9122088206090324
3.025468660262211
2.090584770005624
2.6869853745123535
2.534385320781316
2.00743185588202
3.210631164365746
2.208960537956513
2.6935142403683363
2.4746366557018016
2.9139671706721044
2.2473494880636387
1.9748804434000375
2.549602954973511
1.9857831977477791
2.34041007252246
4.54648386996536
2.7791993202261653
2.4654969703631315
2.333254970510089
1.9858326450769404
2.4666290845349983
3.9764331871404606
2.165733438159118
3.222327419156072
2.7859640082458794
2.572825476088173
5.602436631517718
3.06068572772606
2.620766381009807
2.0724493051437007
2.3612195372929126
2.407363052463401
2.118493242358642
2.7852871295217367
2.9855262639535596
1.6803422765812246
2.332517240823294
2.829041322649493
2.283583999876041
2.4699408685084907
1.901259238931646
1.8724458986004693
2.407573817391377
1.9085576814079102
2.093363558016521
2.5046940674928377
1.826921401926014
2.0678742755515587
3.4946654381738944
2.6549223328304428
2.1571476448190636
1.880575693755444
1.9357455480863597
1.8406578202698227
2.836975680661398
2.340876523774104
1.9340952159765843
1.896548604587305
1.7876389920931268
2.632383488517605
1.8672962856672997
1.6311414426673363
1.8296086114137373
2.092426528440004
2.337531329830765
2.140793720877095
1.877742149164347
1.6927770165056766
2.3009870636777174
1.832921365417473
1.8791975096088154
1.973323866363432
2.047298745003809
2.0144884047611518
2.0128085021823794
2.5315418578658764
1.9547373751964487
6.477897025283603
2.583143159350129
1.5033195948418174
2.657429150266012
3.276857560306899
1.5838680931556246
1.8466852783992298
1.9395802085361835
1.5175860957918375
2.5391087062384345
4.320112048403539
17.202423505239448
1.9721617747172042
3.3941436046793223
3.1485665919723727
4.335063907823938
2.5223982616974916
6.373057980384024
1.6406595179665857
3.055863969015003
2.0581068577926747
2.177369759446022
3.435818192710286
1.9346939616348608
1.681950689329452
2.2634262661499256
3.552683867012064
2.867080255440329
1.9528682460403188
2.69598236023912
1.8897998205480422
3.2858193451586066
2.0028917497502987
2.753885460629573
2.0453090379772547
2.9800429247072366
3.5250222396443673
2.1170664833676134
2.703137209393777
2.8917478725938284
2.5680445923333957
1.9658218122036557
1.884976645178523
1.8957359873926825
2.0409852163601165
3.3824957088212413
2.2395659411359996
2.92257937227477
3.3816130975321097
5.152965989786165
3.130895593837601
1.7864884803294134
1.9829841648378321
1.845639399745641
2.6280340212398823
1.7606718469274139
4.953659969332176
2.2250688998976753
1.5581367728278623
1.7377416181352427
1.6132924060538387
1.3995917870699983
2.7129177629780634
1.867952754099294
2.687609421380849
1.9447093701433804
3.03339930918795
2.8049380411543456
4.174895859191905
1.6171532614390867
1.7488921948921343
2.302780053709885
2.1634266779601714
2.126752309871636
1.3387565829512857
2.1661062644876696
2.214711968531224
2.5778266959445455
2.8672378107991947
1.541350973262885
1.4459768861940825
2.1417939226356237
1.8855855227522509
2.2192562101888966
2.356537911656548
1.3623776230160647
2.4140911852468627
1.6466927364976642
2.5058098894159215
1.9670212134709077
1.4903450562786527
1.8980349457028396
2.146234941437252
2.0342026888953217
3.1125516919290903
2.67536487727822
2.0482076811047922
2.0604125108188165
3.1209714031273177
1.1484906487150817
2.1631006814907145
4.01636365265716
2.8846813367021973
4.159089355561299
1.4641800452496927
2.4655639636897826
1.6610940709684145
3.20287056737664
2.421115767540163
4.0527162581930005
3.178213353013587
2.5078798738692862
2.385482140294686
2.4511386915830378
1.9674674196766746
3.308799508358667
2.1813062687104527
1.8835807547787322
1.8862132903425084
2.308934646025202
1.5126940339690478
3.607020118429099
2.4706360738918236
2.1177752678423003
2.0930113916100326
2.16680072469232
2.104832349225276
2.0854214897693932
2.3340291164048925
1.9262070527067388
1.6244612904939835
1.9027211179317762
2.4531755704079408
1.2626572944913381
2.0927508051615615
2.0102281904086747
2.1041666829790455
2.63610539267879
2.547842089415251
2.445997860649791
2.0252669672782586
2.1297620987863004
2.075867390912857
2.4945390661382607
2.359966197597646
2.138354376569574
1.661536278147997
1.559173454150973
1.1939454417456523
1.886384736068204
2.1569338675416714
2.9926494280287605
2.0793363670272815
2.334246071985927
1.7206326483439607
2.1288899123335927
2.296038095681397
1.921118104713368
2.504823798879221
2.6335087255023466
3.9988435646004965
2.9566002336989565
2.132851240276639
1.852893992120705
5.447606460422284
2.3154124745268265
1.9809401718931006
2.880853571352624
2.717281293598494
1.9476359400867307
2.4356000168669745
2.5553632629567113
2.0000463623740403
3.352073340704337
3.3140867500777222
2.339998944689558
2.8976464104003163
1.7937906943515225
2.7659552718709035
2.9280538647456886
1.185282574673805
1.9951285507919818
2.288929968932741
2.668971239135463
1.825207132041721
4.813640321895258
2.5291929634700727
2.435744245759903
1.3699651125936168
1.5841544031473518
2.4189914399776473
2.2171766531151373
1.7926949085206785
2.0356926147023766
1.5749244841169225
1.2604566405113482
2.909671644277515
1.720112954546406
2.490771801020355
2.189970509846114
2.487713182522801
6.532802909517324
1.5061432001213857
2.2040541542089516
2.0542537109705767
1.8342039064381033
1.9354324907374747
2.541858723267166
2.5730990316520765
3.025517440973978
2.7249740021454385
2.59792367804899
2.069679003410409
1.9825436880388891
1.7533447909087039
1.4766074249285093
2.0707498507400763
1.0458543217169167
2.292316736194382
1.6267837715806925
1.2692450948686156
2.200770069697919
1.7500806172888748
2.089218926035808
2.122180979713658
2.1319482456342596
2.508506481838985
2.4053105220999798
1.948718553274202
2.464395387991712
2.1197666136017923
2.378082985417189
1.9612060421587092
2.6039277960157636
1.9953520586947848
1.9543391745508356
1.660602386409236
1.80270474923762
2.2960223753161206
1.8290459242364003
1.1043640163998276
1.4966263808490847
1.9277822311203898
1.4356962478077986
1.6947062918089228
1.7726112658674231
3.024203211314627
2.3959152260678365
2.2026993945408506
2.1938959893416587
1.8157935804482117
2.282058853569906
3.0360547574870496
1.9634857209268746
2.0708659461159256
2.6931655109267303
5.322963956581379
1.6907628227841143
1.7973605100605925
2.386835414690406
2.0445616270513156
2.130530012446247
2.323866744021735
2.514738468169052
2.9143055022582796
2.953540055846263
1.6030470338362608
1.7454240361953954
1.223942368591302
2.383688448662303
1.5755223539263392
2.7656083947339174
1.8433369957265777
1.960380621745187
2.0861274777362375
2.8373271727034677
1.7661210504233456
2.7391919552673247
3.5690062702171916
2.3388964986144267
1.969989316655893
2.612067053740466
4.150517436666462
2.1555809298231394
3.0248116892433785
3.9201261113091883
1.8406069664164282
6.131542186616395
1.8569459150752607
3.6561592345085763
2.2281247128684853
1.8860152889260748
2.580088870011614
2.786113711780366
2.6299176798274275
2.331455360714575
2.3750614225522333
2.5503287747600654
2.143917631645589
3.077893033579159
1.8676484137166296
1.8986309277013336
5.790917026751202
2.2918658417768363
3.791125402171077
3.6855807805118945
1.9641020884447453
1.9603240406216424
3.799203670309494
2.1489589688735062
3.2982200387941045
2.6377786430013135
2.858306882002634
1.9553509151400494
2.323264560271912
1.6769348435827602
2.8220336067515146
4.790244177575535
2.3096277277203385
2.5591750363978414
2.753969096337475
2.651451172234338
2.3989199724064094
1.898834354992302
1.9827870552268052
1.915461921212298
1.9772308665005158
2.3071022746008163
4.273651709458136
5.210421856558444
2.3847420313034156
2.6058471884297236
3.0620442749138728
2.406319932628756
1.9469697432061233
1.858263906196554
1.6515911081836416
2.710082223300501
2.0700905393602262
1.9696718682870789
1.067279209203687
1.0308671001964074
1.5581821347237912
2.094719120694845
2.2582058109353778
1.015838213190714
1.0384981013033596
1.8970393747449665
2.319971937368756
2.496820421052667
1.5072104063333869
2.073714728656162
1.7001285162511839
2.5599327157979386
1.7734533945586906
1.7067286238795023
1.6365550224354857
2.1409044279400233
1.539265126416022
3.3412086283699947
2.601247360130018
2.1471603215185944
2.5615774786614467
3.3086464907516757
