1.8
2.3
1.6
2.26
1.96
2.36
2.46
2.18
6.06
3.38
1.92
4.04
2.28
2.52
7.04
3.7
2.26
2.26
2.2
2.48
1.98
2.32
2.46
2.2
2.64
2.68
2.64
2.44
2.16
2.9
2.34
2.14
3.54
1.98
2.56
4.44
8.6
3.3
4.28
2.76
2.46
7.84
3.76
3.48
2.76
6.16
3.48
4.76
3.68
2.18
1.98
2.56
2.78
2.14
2.42
3.14
1.58
1.76
2.16
3.6
1.84
4.3
2.62
2.04
7.84
1.98
2.3
3.36
3.28
2.82
3.16
2.02
3.14
3.32
3.14
3.12
3.06
3.12
3.34
2.6
2.34
2.48
3.62
3.96
2.58
2.8
2.62
3.72
2.6
2.16
2.16
1.7
2.74
2.22
2.72
6.42
2.9
3.26
2.8
2.1
2.38
4.14
4.0
2.52
3.54
2.72
3.62
5.58
2.52
2.16
2.26
2.0
2.0
2.22
1.9
2.24
1.9
2.8
2.12
1.9
2.12
2.22
2.26
2.02
2.76
2.5
1.76
2.96
2.34
2.62
2.32
1.98
2.12
2.16
3.12
2.48
2.5
2.6
1.42
2.26
1.7
1.84
1.96
2.02
2.6
1.68
2.0
2.1
2.54
2.4
2.42
1.78
2.14
2.16
1.62
6.2
1.68
9.3
1.9
2.38
2.16
3.96
1.84
4.98
2.08
1.86
2.82
3.36
4.44
1.98
2.38
2.28
5.16
2.34
7.82
2.34
2.2
2.18
1.86
3.28
2.28
2.0
4.12
3.48
2.5
2.3
1.88
2.14
2.66
2.64
3.78
3.38
2.26
2.48
2.44
2.48
2.5
2.88
2.42
1.8
3.88
2.2
3.28
2.74
3.36
2.76
3.14
3.3
1.9
1.72
1.82
2.02
1.74
3.52
1.72
1.76
2.22
2.28
1.82
3.12
1.76
2.22
2.24
2.44
1.92
3.8
1.78
1.54
2.84
1.94
2.54
1.8
2.8
2.82
2.06
2.62
1.86
1.48
2.9
1.66
2.08
2.76
1.44
1.72
2.4
2.0
2.12
2.28
2.42
1.9
1.88
3.72
2.02
1.8
2.1
1.74
1.68
2.0
2.82
2.86
3.96
2.3
2.1
2.0
2.5
2.68
3.36
3.34
1.9
2.62
1.6
2.32
2.82
1.84
1.78
1.88
2.12
2.06
7.18
2.1
2.54
1.92
1.8
1.92
1.92
2.5
1.94
1.84
1.62
2.16
2.62
1.94
1.84
2.26
2.16
2.24
2.0
2.34
2.18
2.42
2.84
1.92
1.96
2.22
1.8
1.76
2.46
2.22
3.4
2.1
2.08
2.22
2.48
2.24
2.04
2.44
3.68
4.66
4.62
1.38
2.2
3.56
2.12
2.54
2.7
2.86
1.88
2.32
2.8
2.76
4.5
3.52
2.94
1.98
1.6
2.5
2.6
2.16
1.92
2.0
1.84
1.82
2.1
2.0
2.12
1.78
1.88
2.48
2.2
2.12
1.96
1.96
1.8
1.98
1.78
2.72
2.8
2.2
3.4
1.66
2.18
2.14
2.06
2.4
2.58
2.32
3.64
2.24
2.7
2.06
1.52
2.26
1.54
1.86
1.86
1.98
2.08
1.74
1.72
1.92
1.86
1.94
2.92
2.26
1.94
1.9
2.24
6.02
2.8
2.4
2.46
1.94
2.44
1.9
1.8
2.02
1.62
4.96
1.64
2.08
1.64
1.54
2.22
3.86
2.52
2.74
2.0
1.74
1.8
3.64
2.48
1.98
2.5
2.96
2.32
2.5
1.96
3.14
2.44
3.0
3.0
3.26
3.0
2.16
1.96
1.74
1.92
1.84
2.34
1.86
1.6
2.32
3.34
2.0
2.8
3.2
2.34
2.58
2.6
2.86
2.46
4.58
4.5
2.86
5.52
2.04
4.58
3.34
2.22
5.54
6.36
3.58
3.98
2.3
2.48
2.62
2.34
2.08
1.9
7.0
1.64
2.3
3.68
2.16
2.04
2.52
3.46
2.08
2.44
2.62
2.56
2.82
1.64
2.22
4.06
2.14
3.54
2.86
2.22
3.3
3.5
2.58
2.12
2.1
2.54
3.18
2.98
2.98
2.16
3.34
2.46
2.84
1.98
1.72
3.34
2.3
1.74
1.54
1.24
2.3
1.78
1.74
1.62
1.86
1.82
1.64
2.08
2.54
2.38
2.32
1.84
2.44
1.9
1.58
1.56
1.78
3.78
2.08
2.14
4.06
2.34
