18.390937680578336
28.821774532109675
20.721018482907585
26.45807884066785
13.224565215387372
20.722883490885273
21.319375029789914
22.244066764881737
18.415720503312762
34.557389009265776
21.609986220329173
23.757582397244292
37.12399908794053
20.190109939536626
21.502883965735077
22.619366180121624
15.460015831179684
27.099622923783908
22.28404206986078
22.50794602582356
19.184889932603692
22.2518626943864
19.836611834343397
14.751112380131774
17.924446668158264
21.124852812693113
8.623313058059011
29.611960330574604
14.386102130722207
18.530256113035566
31.226583901500724
13.47508059361811
13.497018416024906
12.171183662189963
14.299410840489028
5.339485831883973
22.909295874215783
24.294899878531005
24.752326829552445
16.865532354217127
15.282161187047535
24.033356570409204
21.029122052235007
5.866406480338748
30.05837940747803
14.489484145345003
11.231954308291098
28.145510309244887
28.692104340809887
20.65189791207757
24.06099059519501
30.097730480253865
14.29477496515136
26.432090830173255
18.131285658207833
19.71951833433799
12.182971624857311
19.79022418938419
23.88886423552004
22.32366512328022
15.983007542848497
15.410218988880763
19.169027585890536
10.220647217477294
7.8182163432174345
14.18662302190059
29.138293826450006
26.216031536146932
10.997520186961115
14.540962456565007
15.08891831807421
23.788156473791947
20.37790087603845
22.931402453405273
17.174439258659397
18.629179934505604
16.391282034321694
16.563990199198205
14.010283117464144
19.571943292584205
23.483929337900516
17.947136563363546
14.270166692952355
2.56890906479195
-25.31917990970703
22.44251072879017
9.043474795594953
6.7591480303810485
17.15633990226244
8.994313637552684
13.888073094560225
23.76239262811738
13.12286895123863
7.566164071010178
9.5383618178469
10.4969061384675
6.192410922993087
11.882483464251811
4.9464181117130925
11.769060749403708
7.68810153067108
12.965107748370526
8.98405241418372
3.7791542914055714
16.931760313552395
8.242806247686573
13.601756698068526
3.582890735122006
16.828011073528092
23.913749395520508
25.772201254291332
16.48783137252516
22.920567622953005
10.783378453247089
24.365830850430424
24.45541790564303
22.569936860702498
21.171985678155064
13.575040345284645
12.29946944281499
22.201755321491955
17.435801820734525
4.609688335196553
16.732567038239072
19.399137837018138
19.75792244110786
14.11422801201822
23.545834496708075
18.306075050819736
9.166010110709646
12.140646295111665
26.027068845488817
22.881713753743426
14.783756915062105
12.904861443905519
8.369446340799717
-1.0931859876911398
11.162788428136947
18.64417111407798
8.74592454740667
16.1486841025331
23.9944037354936
14.44912813788378
20.294281648154307
21.618745477485202
6.840707377291063
21.270174070872592
10.18554006229117
15.174987314542305
18.33716348800413
18.773348779576043
13.010678437135013
7.408199424385869
12.1531169414525
24.239948413977377
10.095248959631526
12.299036702883937
18.194078077284804
17.725073411026756
27.77477844278616
-9.642498181787545
15.416685765160242
7.4019633622556915
6.078447107363453
23.07788955717405
21.421425176333205
29.076095238484143
1.3415766119780215
2.99893638593061
8.225205431486712
15.548223575072724
9.426637487324376
20.36219008607359
10.074370707646345
25.25100632525002
15.734496240292176
12.109077720660999
3.731253447047964
19.51538724530808
12.227845769088495
21.13699913098448
32.68007088244665
9.488854589773196
10.947439909225702
21.47171007759332
21.5318149048672
22.36350280888132
22.667996697876852
28.175289892556847
16.41317225834378
10.43808152951779
21.226627652807018
35.19995082934023
17.9694627693661
17.427280935629586
35.9677809220055
29.310954481544535
23.762610407735686
33.993636163444236
14.066409227932624
29.00675020988902
17.27179148908373
9.851037878471681
12.754783023238662
17.884311578309394
11.0098640802522
17.91521849577054
27.365581343387
16.10017623804797
7.494905808254954
23.384953846026868
33.73957077910331
32.003972034849504
13.124611884052245
15.828672901060557
39.56832535954137
23.167911979461355
32.93713335666066
16.720695383426154
21.56857002477977
27.552270993263225
25.284515561687346
21.896854704903685
23.959787235813177
25.054213633080725
13.696627144031845
10.299912366646343
12.099515543755405
25.818961903159387
7.186188230067018
22.898468578789792
23.92355210872975
16.139700583427214
23.94889871451194
24.92432565577882
24.685272552831126
23.37913100342556
21.23517131865806
27.541067714103992
28.01436046102639
23.181709208486875
20.189316648090234
18.001683572828973
27.556881697810987
22.845061649716353
28.211279292135096
31.484173001571982
26.21728456421242
29.487133933081292
25.0282807551489
22.475904712425468
28.3898533752905
22.371266447640686
24.179214407004135
21.378982304522317
15.593871455709225
12.607493330611552
20.266694926000806
28.9544833173777
13.48947776232734
17.99054771644882
24.181824370020106
19.18555918694291
22.902127317200264
18.71949970322593
29.8184600740723
15.7953672097764
-27.48487095168485
18.530412299701688
20.5203549758471
5.6702305746858235
16.326003367025976
15.317701108377266
19.69616488797613
30.56736008466532
23.082359904054165
20.42047467412333
15.787242241456935
5.775954680366112
16.522393799197346
12.284741346574517
22.103720011371003
7.933119106693338
8.160297584927912
3.9882446900930457
18.48928274215759
12.269488926252377
18.637356506296005
23.478545482333338
18.23939574034449
20.593091834892086
27.53557826815119
7.5576594623509195
23.923420525673105
18.54880953624961
21.956455456572197
21.581758022453307
21.74758443200067
21.23517131865806
21.913871385124853
26.79240815325599
21.74758443200067
39.30965263936931
24.197571463805442
21.997633522738436
1.8508367063092555
16.613061373619853
18.71563165835565
10.55642783020873
29.179536558684667
14.477259191774094
16.227532175670362
16.88051464319146
13.498012322078587
16.624745863278772
19.535091654155536
29.751589026393834
25.693020995902092
22.066794682924844
9.032249040671397
6.839969354231611
18.011380564518717
19.193190312693773
-9.060191654051547
27.505371575052862
9.026928379509247
16.917421436685604
5.463586344652156
6.9552354375377154
21.79384823017535
33.3065989866941
18.726688593036826
11.798197257617417
-0.707949345607998
8.755697000649455
6.072385119900933
11.55224701902605
12.984858276082454
18.843641096485587
15.810987638335831
15.264677626396049
6.23926930715207
18.631598947741896
21.86346254728203
9.413818065414159
5.852589225253426
6.574713003586939
11.75534222847047
24.817978614698088
9.644686886681349
17.025030338835872
12.237157589924074
36.25764252798521
19.508812961337554
22.511591648973937
2.4657857894298494
27.302769532198194
27.946574051042294
16.544675730864235
1.7349427227190022
15.23773789859241
15.60884296144024
7.466703229753994
14.05907592745628
16.620867443623556
17.74265412590636
8.297595185333124
18.779918852828807
22.82510501669483
17.838975379308877
20.86674043347125
27.575824453696647
24.39428471016463
24.788853264678707
10.989740964358608
14.68123854695524
14.785633653511443
5.575086611858996
6.953656966292038
5.27207615405665
14.929415904317114
5.624382401684062
15.935670259152491
10.705996718177461
27.904404093027416
6.602122528378495
9.074236415624181
12.85216329819375
16.75406306769131
21.378111206334793
17.374122862396696
19.62128091451616
12.985264515427978
22.00723310477383
17.11758987551664
19.48658649952987
20.214712669379455
9.39844989835473
4.241148772331175
10.286087954464257
20.681676311557467
14.624447191961098
24.996036453670996
2.0592514899699865
20.70326474619267
-0.15980615966317535
6.097861329993891
19.017818132339013
20.84521629561427
8.003090154636556
15.417042576063281
21.205480171628878
13.07623866849631
12.504963325800658
10.722589339711172
17.4556856703905
17.159541442945198
18.284596735872388
16.642274733029126
28.667489735744947
7.563630380222768
14.725454401774956
25.366151201917763
12.082641560684662
24.998045204696165
17.074963991724353
22.008550585931804
26.002331630752593
10.645326591189974
1.1613002976565725
5.54645555455169
16.795980351538244
21.258160480504532
24.021782645186708
8.764728728117698
13.521748896764166
8.69574171897793
20.351286032154245
7.490966084804278
14.585862983558563
15.944356067719227
0.22481934718589558
14.879041745542539
20.71727336353127
19.035093594548137
15.683669646823562
18.54086384960669
21.034004898243293
12.469900923450073
9.87849163933373
5.527431025181977
19.95142699348094
5.629083756988014
17.4393686649024
19.230943551234805
6.131907095783978
18.56855356903799
17.625431824028503
11.981549008652369
5.57171122876624
2.1349245055738764
10.406675988316833
16.587686285957457
12.199759765193678
26.67213489708218
10.804775808381995
5.936138920449411
6.84170961763321
10.483230498844632
16.43574464985958
12.619248684184864
14.667826436566532
18.796043354050745
13.922775856335598
15.362226208484662
15.186851958114056
7.38066245680205
27.042685612668866
18.4449935392383
28.773112820424895
-2.536351291908006
18.32254623183461
0.6669569465979903
21.376401491473224
14.074875177400012
14.697396702985808
7.3809270446929025
8.137607501762071
18.217167978810547
20.658475876445475
12.316501214503688
19.001321477568847
22.92002659073633
14.833032646370555
1.872957012556077
5.123769858946443
25.956157330631957
7.973548560605321
11.711107036082417
11.812596293175213
26.350661526021174
14.397891529073943
17.71155958715562
8.228393817616029
24.651715426992197
27.106820502116182
24.174189840466298
32.59059927162804
-0.32922884579687783
6.117199730853668
17.414133438369454
14.766246959641377
19.62386583300957
15.93810821838341
20.186838474900927
17.86733946179129
2.1065999693921618
2.9844396177758723
19.98751525557124
20.477886671721663
13.410610553857714
17.8891461548091
13.183577182770142
15.597230791219056
10.90316175727721
17.832207271410727
1.8830965798285169
4.285004110424262
-2.8268522822995
16.790400065913538
9.391009998149901
16.524880482765692
25.70089088021387
18.068721807415873
6.93778818259196
11.800512414527581
13.660863544375621
12.848065194997304
13.758200960217076
11.783360575019021
2.168566659411247
10.99501008779733
-1.7985545929392215
21.380456244210368
12.370821862414676
26.446197550415636
21.661944442400635
15.789125698842746
19.51555823794021
15.242628127722746
11.645810148925502
29.31284550321918
18.367407017749166
11.999692532703612
17.514196536494808
14.764654441872327
15.422015620206539
12.223626725300269
20.53130930097215
15.174028944243878
8.595666549498308
2.5770200333955793
28.25301459258056
33.38015474566488
36.3793442478841
31.746579535625283
16.5803435350334
23.82269717113048
24.557333530215132
17.27890479923549
10.211003270186783
7.809811318901404
24.30737618698592
16.15051349090762
17.2208728955299
7.158756845259335
8.723581849195966
22.467543314740148
13.552722668235461
10.229891939795255
11.126165259445552
13.427134949736152
6.080195352674425
14.043481500614439
31.328770435491503
11.041163792716375
21.314778545538395
2.211976539713115
19.350682081089893
13.711260680239345
6.176186840343168
7.677467620417438
24.201824162664447
16.06215488257691
12.154540322155277
8.56466044652948
18.895957271738485
9.33642627547446
14.644417697470406
9.964941973522759
12.465251468953133
6.430807233980109
14.823301686945717
21.8738893020253
15.28169904281421
8.778107411101589
14.64967752075719
20.645073948971767
12.129881815435713
12.077586122737207
8.655136917875272
6.301173520804867
4.124091537940272
4.26393964370643
4.39360883010211
13.481347218759879
6.530363281506728
14.979627999877735
26.313899188605173
25.16306875260008
19.38175774354384
13.31017541808499
22.581059163834855
21.431309610303238
2.4853211394398347
11.117565366335356
3.145232153720689
18.857158469042975
15.594551727091634
17.556315458116423
8.419213929371093
8.606908217359734
12.344316084151515
26.149826357422818
12.236572426166681
24.387909596479936
11.677990959764411
13.229509748609788
12.157854124172829
5.9982208803071
11.116821913308373
18.902804014724506
10.276244685473518
7.5396289917669845
19.45368803212328
16.005747639895024
4.9353232473447415
6.057246198024306
18.97832946751913
16.915087889664214
6.9571205603904005
22.300881641117037
27.25276394659323
8.603530057319386
11.016096731917493
4.00808541719022
16.01291443825396
6.752641863878788
10.70154501532565
16.720950257073074
17.06193088766676
15.499570162825522
9.507352594289534
17.3232590097333
7.15675117024015
9.505199997218453
11.315909658668268
14.785301690316668
18.286337709187006
12.34522312568594
11.492743122474383
16.41337669192165
1.4353990957291471
25.544732307158014
24.468684875125753
19.55949613006619
16.56203732415912
14.860247105018193
11.115020191117502
15.394800128739886
7.951117128083741
20.55661783240125
18.834253381101117
24.278172501911662
8.704733143142814
2.6846875513827437
8.781501263520195
13.992624260283785
12.570681611120621
25.395458887748358
16.613901039502466
6.602769853646861
24.990027556275802
11.782348559606275
22.377137701774107
15.152004281560355
14.977366617380582
5.790926426150263
16.672706190499245
17.861217480665616
9.348016769074524
16.600194522751035
11.272965401456325
0.7738576048274445
12.508323615361629
17.21732808942648
12.099150673996755
21.24117328652296
29.3588530672844
15.171360425302503
19.707499549131835
-4.121490632088933
0.748055830078543
5.096079412684798
14.525208829449102
24.635196974751793
12.97734941292199
9.635372886559564
2.4843223479071406
20.162039490477003
18.381943753948725
13.738125606509383
8.805870120311017
17.306607649183906
5.179330482179043
21.701936976550925
16.036654016146255
12.333088842308333
-1.6920404329074707
10.546450440798356
14.579040248900071
22.37194526970107
19.682788862196716
-15.093997403060865
20.1749814662701
19.960075951838714
12.324639494985341
12.858782576508796
13.140754853847412
11.554003945909914
17.416119702858953
-0.8742064817440008
8.214117792251802
11.502967678032253
7.723518253710271
-0.5533877745214083
27.24235366680081
8.15310697953924
22.342526520811436
27.8246232148918
27.39671544564798
2.8016884717799355
16.953635157218915
22.85189166898466
15.467663265628616
11.07173307496548
31.02514645319496
14.991579451286393
15.357803659674095
19.94807672844069
13.59825595282675
21.655748751729853
30.325345403957765
21.64798352588083
17.19052301943009
4.655103811335637
12.640106901691269
15.14968080489101
26.81451013117277
23.094388402924434
10.403696958659475
22.926945665578224
17.179209385705498
18.012284966669384
11.017019145856242
18.051122592203047
19.914133223424393
7.934072393221252
10.95799472984116
-1.0890601399879358
8.90591158151538
21.027908945231744
1.6372786294061
8.54817236377023
9.421868003601894
14.590788863930339
20.34946661463411
13.904910924019397
12.773264712204892
2.421652089276185
3.755421163644661
15.236562186205946
5.9754513911374065
9.934293322709213
6.068915762442858
16.420151690817868
18.951751171658564
8.501874300567728
-1.3872144842622351
26.41546389653554
8.808919534324884
7.719968967038525
18.32398475505228
21.782584177590998
10.353644760609587
11.608450734021835
13.37307854052764
14.825110978491667
26.370921031750363
26.78145657184073
6.634269980700496
9.451733084242385
19.377400138819883
13.58614929344351
14.880775852452073
19.207138465901917
24.236584373501884
15.696167328162938
13.765010664803983
18.13431107576838
20.07595325392735
27.597834070987275
16.370255360758218
18.031199933565613
6.041102343081364
17.473621464452997
17.267688114660306
22.902021345004574
8.81170361502551
13.976099139927658
10.227002271216229
16.22448867953249
17.136944206167513
15.996328099971214
18.687439614537833
15.216078376982994
7.860608290344802
3.090893939254944
15.119254806807383
23.326450339716416
13.754944692231675
21.481675986967044
11.573471787905998
24.077131243737348
16.943857269656192
1.108898369661724
15.935419413915758
20.9474564802693
25.46922841045878
19.04786473311463
16.164031730469716
20.349175192730048
27.264115076587185
23.408686155669894
7.333515752154958
28.20293787845329
22.202861391492004
23.99062438775369
16.80602230695501
20.965567701043092
19.153124048016995
13.619133365508901
18.63184342783979
2.683276362545295
11.028536272057949
19.219888579257894
13.854837218944185
29.312031681073176
12.609643361750106
27.315301042420565
32.3896646412223
39.26976496810418
17.461447767748762
29.2123777436559
19.512698321712364
21.373925029434883
21.232570292927768
14.07136430898247
30.583507640193464
22.606483779808183
29.992260162776752
8.25686458744663
11.748508499739906
24.621218555739897
8.809160648856135
6.084914529689847
1.7119200986397283
9.320937674628611
3.7355899751069828
18.52253915485229
7.248028214546198
18.99098397457336
9.110131161915017
19.203371854828465
17.668584298199246
30.56689723856919
28.754213653762616
10.333530991868313
14.534380907196661
19.823654686801756
17.99150787655256
31.448896403507565
38.66040604862603
26.60311877005346
16.211998483657847
23.86009738446589
23.257193988616788
21.026864175071427
7.861649696618175
24.361567802965343
13.813477937248637
15.745989820076636
12.740359046175518
16.413112933188533
29.90373208081071
12.55006030611893
14.535196982726191
28.240093000551763
30.877305102947055
15.934380847672616
17.569567398409333
19.74016746435427
21.761224802979573
27.645984577758213
14.740948460109447
22.979981741498356
25.72192583268327
21.08517758098155
20.887580550131844
12.714589167470168
19.982668135492595
29.263304465054095
26.000062135626358
20.041210478385484
12.121867340236712
20.674886793520468
29.05224126743626
26.03070036467396
24.07506730406716
11.615264675122209
24.146994068393763
15.03393170567809
19.206270821147847
22.603330488013913
23.937435019793348
7.564773139706934
11.84342551159892
21.685878059034184
21.528887753743838
16.317117221394884
32.72814809542753
17.170112667617804
29.95190775773628
18.25566024864263
13.888932775553517
24.791596895585084
7.832946444917843
15.402762497866547
13.96793737710803
14.133146550524046
-4.77485316050887
12.308622035438761
20.52270707440162
20.596453499497805
9.624396829378155
6.421533799344024
17.640165848596784
16.384778661653492
20.499119450920734
20.595672358411036
15.976499436800431
19.66539852018566
13.683311263759238
21.342438958119608
12.91367010483138
16.90531204814104
23.6100085170186
13.741046514796734
16.631581691131014
21.74504696877264
16.602761775847277
27.2203191590056
19.25375358067949
24.264214892681853
13.904824218646674
14.270959322717585
13.779030760154122
15.037512780058961
33.743749069538566
22.195448528995115
10.147172305605814
20.222458719461915
16.760929879943124
17.29219143837813
18.424791411807373
5.415294067933146
18.200873397483235
22.181307935464243
12.616412988826132
25.22432783208398
8.359361947728896
13.054157007036256
16.34611598042054
19.189005897044456
6.995371450525403
48.17762102553584
7.232563012498558
13.79565022549542
11.910671485300984
11.808594414543236
7.141015601501164
8.901474626802239
4.337918334907464
24.510515514166865
20.10229859444387
17.327681303087203
21.691656796711182
16.210920436214533
26.269863875630072
7.065409960494305
5.782421140864697
-1.4107208438476557
18.279205677449713
15.90333294711
9.127521190198895
8.740981126191393
17.093485085578404
26.354372485828087
14.407787427523372
5.083514833765387
9.873462396918827
-1.506160129721581
7.4773415911869066
13.819947863964902
10.371395766893215
11.845663798368964
7.141015601501164
9.615928766757802
2.1290065434488503
10.024139318669777
24.215793541842075
20.352413728475806
16.448431182931795
14.807267893424433
1.587095385450396
3.983007868940697
15.178284563136732
8.199970894728622
9.993501289595592
13.519575199774275
9.184113206700964
14.439256930192617
-1.9646331700374065
17.811951033050004
9.435430911290082
3.650356768844306
12.834004375886392
7.975456649558573
8.294241864673792
10.75709714457005
7.397284853858151
9.178541453993379
8.735495912401307
21.54011673850237
14.662379621962884
8.791327192806683
14.755626031974343
16.284073114609676
7.9572947056078505
6.605833084124581
4.964371859561945
13.358812572714642
8.695965602540209
10.847436241241972
12.633500322381229
18.691332549748683
14.054458614967203
19.519692953683336
5.839438386121488
14.005028481494449
16.39772293666411
-2.384106575870697
8.220445257512795
19.968183699474928
6.752121759705416
19.668501184689358
10.249635021611633
13.19085371883249
15.928625169785033
9.040423924258848
13.41565141197185
16.049219688090915
10.070704171569513
8.655396026416073
7.970142293272889
6.562339418829954
11.647438761251426
9.72385918973581
9.09237011165387
7.821368796199071
0.1095665491463092
9.786094521944598
12.687855170236762
8.652705976173781
5.142128405575149
6.4558290152429745
5.426555604441234
6.674501887838594
7.943488679744654
1.6143348803046282
1.0102457458795344
-13.830846964504872
2.387850149344731
0.4461833205275285
15.756554346251932
10.240260061424143
15.416665021694671
9.453446754051106
9.95835405373911
8.202821589329641
1.41902430054542
26.56389512838998
13.105946707061872
3.939469193124519
9.004355789022307
6.955686238884397
6.114473325250468
12.634650711269808
14.449821568001934
10.064316391847058
-0.29389061616145556
-3.9931612980303908
10.720640209738837
-5.597939751408805
8.140181096854592
10.29694236382912
15.945715501613847
7.597363687668255
9.238417032004916
13.804550395688317
5.713195127237546
-5.810095700809956
6.819101258061002
5.3354076519789935
18.41889659816347
8.610336495443148
4.777846667132418
13.29137952519926
3.3413719294661655
8.043702817269489
14.735748934890307
4.632897001316282
5.412381340371979
1.2228096827951185
11.878505850832802
10.619564259417093
18.197063031622726
6.3289455956126695
14.18584583029774
17.692427273516465
9.555910155708906
13.153519464561171
9.277757124317793
11.117283475806007
7.133797627189709
26.579335185141147
