15.085714285714285
38.98342541436464
15.074626865671641
21.008403361344538
17.25531914893617
33.691275167785236
62.50828729281768
16.929054054054053
26.524064171122994
31.559322033898304
56.77606177606177
59.52052785923754
23.04
46.59053497942387
30.36649214659686
31.90728476821192
36.75268817204301
28.791970802919707
25.053763440860216
25.2619926199262
30.464912280701753
63.49486049926578
38.78388278388278
17.594736842105263
20.594594594594593
46.67619047619048
13.769709543568466
18.47926267281106
20.88235294117647
14.52280701754386
61.854354354354356
15.828947368421053
15.094240837696335
17.7816091954023
17.8125
11.715596330275229
22.9251968503937
18.58093525179856
43.53846153846154
17.303030303030305
16.40414507772021
43.927350427350426
27.357142857142858
19.61764705882353
30.583333333333332
22.15909090909091
14.52280701754386
37.85572139303483
65.8078431372549
31.188630490956072
21.20954907161804
59.78482972136223
52.54582484725051
66.79916897506925
62.41826923076923
25.206611570247933
14.3671875
62.50828729281768
18.02139037433155
18.606349206349208
27.106666666666666
20.64423076923077
46.87644787644788
17.055837563451778
19.07906976744186
22.309941520467838
17.594736842105263
27.603603603603602
19.11814345991561
16.727272727272727
44.747252747252745
28.899280575539567
38.143884892086334
28.791970802919707
23.919148936170213
28.066666666666666
18.668539325842698
20.1
15.28158844765343
40.691964285714285
40.0
20.64423076923077
14.847222222222221
13.0
13.857142857142858
39.97402597402598
12.169230769230769
15.49546827794562
35.47080291970803
13.566878980891719
26.814814814814813
22.75657894736842
20.079545454545453
15.582914572864322
20.144329896907216
16.186206896551724
14.547101449275363
18.2
23.63963963963964
16.763513513513512
20.205405405405404
25.2619926199262
14.720364741641337
15.047619047619047
36.9375
15.49546827794562
18.75
20.535211267605632
19.223529411764705
27.019704433497537
53.14485981308411
22.28125
42.47507331378299
27.019704433497537
56.80652173913043
18.658536585365855
36.75268817204301
23.199074074074073
39.83257918552036
14.0
37.41358024691358
27.357142857142858
16.48110831234257
16.87027027027027
52.6797583081571
40.09375
14.738095238095237
22.99630996309963
19.467532467532468
16.83419689119171
14.93
21.387755102040817
64.39968152866243
12.32128514056225
14.738095238095237
15.28158844765343
19.428571428571427
20.0
65.49586776859505
21.463414634146343
20.5188679245283
39.795180722891565
17.712707182320443
22.07857142857143
17.8359375
18.289473684210527
41.68493150684932
22.75657894736842
37.2421875
38.80110497237569
36.95266272189349
25.99290780141844
40.691964285714285
17.303030303030305
35.93370165745856
11.097560975609756
21.20954907161804
20.88235294117647
18.96969696969697
23.261682242990656
16.605187319884728
25.257731958762886
15.085714285714285
10.759036144578314
61.343839541547275
25.257731958762886
14.002463054187192
12.64423076923077
15.339483394833948
14.618421052631579
18.83132530120482
16.603448275862068
18.75
12.152610441767068
64.87755102040816
21.463414634146343
14.170454545454545
14.553846153846154
23.066666666666666
24.097744360902254
45.330708661417326
53.14485981308411
16.922437673130194
17.8359375
23.875432525951556
35.5472972972973
63.20551724137931
40.96739130434783
25.244897959183675
17.22641509433962
15.337579617834395
21.865671641791046
33.56277056277056
36.95266272189349
61.50375939849624
32.57627118644068
42.197841726618705
18.834355828220858
62.266666666666666
17.8359375
20.51923076923077
31.29156626506024
15.619565217391305
25.244897959183675
23.563636363636363
12.748175182481752
13.074074074074074
31.090604026845636
21.288888888888888
13.266666666666667
60.84180790960452
11.291666666666666
13.52914798206278
35.47080291970803
53.30434782608695
37.31666666666667
26.666666666666668
33.691275167785236
15.074626865671641
16.605187319884728
21.416058394160583
23.81512605042017
18.58093525179856
23.0
55.57427258805513
33.635714285714286
17.574660633484164
18.47926267281106
64.62200282087447
22.9251968503937
16.727272727272727
50.79012345679013
33.956862745098036
28.36842105263158
23.0
38.19565217391305
16.192389006342495
15.49546827794562
28.887323943661972
24.493023255813952
23.919148936170213
23.563636363636363
22.75657894736842
22.246153846153845
23.011396011396013
38.19565217391305
21.416058394160583
25.934959349593495
40.083333333333336
23.77241379310345
28.887323943661972
38.389380530973455
16.192389006342495
23.77241379310345
18.114754098360656
13.038461538461538
19.53181818181818
22.046153846153846
17.156593406593405
15.514705882352942
29.91780821917808
17.069767441860463
17.23793103448276
57.74786324786325
29.02314814814815
56.6025641025641
27.246753246753247
16.192389006342495
26.504
23.011396011396013
26.45762711864407
18.927835051546392
21.387755102040817
20.0
26.1864406779661
57.430913348946135
45.425925925925924
55.98381294964029
16.83419689119171
15.085714285714285
23.77241379310345
17.712707182320443
14.720364741641337
14.720364741641337
18.375
21.008403361344538
15.514705882352942
27.019704433497537
19.61764705882353
15.577777777777778
13.397394136807817
25.257731958762886
14.939622641509434
28.32
28.32
15.577777777777778
39.37638376383764
14.785310734463277
33.89351851851852
23.563636363636363
37.26431718061674
33.89351851851852
39.37638376383764
16.192389006342495
22.9251968503937
22.75657894736842
52.6797583081571
24.1375
15.891566265060241
23.806451612903224
15.866071428571429
15.119469026548673
15.014492753623188
16.922437673130194
23.8130081300813
55.57427258805513
40.72043010752688
24.714285714285715
25.934959349593495
13.074074074074074
17.574660633484164
38.78388278388278
13.20353982300885
13.67557251908397
59.97516930022574
15.28158844765343
18.58093525179856
19.795454545454547
22.99630996309963
37.26431718061674
28.76243093922652
44.065625
13.784615384615385
13.5260663507109
20.633093525179856
23.38390092879257
27.785046728971963
15.074626865671641
14.24056603773585
21.053571428571427
19.20769230769231
15.085714285714285
13.397394136807817
23.066666666666666
15.074626865671641
17.055837563451778
18.83132530120482
18.83132530120482
37.521929824561404
20.397590361445783
46.67619047619048
66.35640648011783
56.695238095238096
23.15867158671587
18.47926267281106
32.0
17.96031746031746
21.387755102040817
18.14189189189189
11.64935064935065
10.901408450704226
10.901408450704226
16.48110831234257
17.22641509433962
21.288888888888888
15.074626865671641
15.85897435897436
21.647058823529413
24.736263736263737
14.52280701754386
11.566265060240964
35.51282051282051
15.679012345679013
65.8078431372549
31.400990099009903
15.727272727272727
14.738095238095237
19.562326869806093
12.834586466165414
42.15023474178404
20.69736842105263
17.156593406593405
38.98342541436464
16.83419689119171
22.2125
27.104166666666668
14.738095238095237
18.96969696969697
26.617511520737327
25.147727272727273
21.865671641791046
25.257731958762886
20.633093525179856
61.003937007874015
54.97173144876325
22.353790613718413
28.068181818181817
15.727272727272727
12.32128514056225
15.683544303797468
18.83132530120482
15.047619047619047
51.63333333333333
15.372822299651569
20.844444444444445
16.272251308900522
18.289473684210527
20.88235294117647
15.582914572864322
15.924242424242424
14.720364741641337
55.52173913043478
26.580952380952382
15.074626865671641
24.98854961832061
15.679012345679013
38.08173076923077
17.8359375
25.244897959183675
55.57427258805513
17.8359375
14.669603524229075
15.503355704697986
40.691964285714285
26.617511520737327
20.11111111111111
64.58395245170877
20.91747572815534
42.47507331378299
15.679012345679013
17.8359375
39.69798657718121
38.96521739130435
19.07906976744186
18.7
18.58093525179856
19.53181818181818
35.28395061728395
13.5260663507109
19.53181818181818
29.043010752688172
22.17808219178082
15.222222222222221
14.906976744186046
26.617511520737327
23.919148936170213
20.23611111111111
30.458333333333332
23.77241379310345
16.613636363636363
17.0
12.922651933701658
12.748175182481752
24.98854961832061
16.929054054054053
21.20954907161804
20.31081081081081
40.22222222222222
18.14189189189189
29.68888888888889
15.339483394833948
13.038461538461538
53.7
16.48110831234257
40.007936507936506
15.085714285714285
11.864406779661017
15.402439024390244
22.9251968503937
18.14189189189189
28.83625730994152
32.36543909348442
28.791970802919707
16.48110831234257
20.51923076923077
20.54736842105263
15.951219512195122
12.581818181818182
18.58093525179856
26.617511520737327
13.342281879194632
28.066666666666666
15.22397476340694
23.199074074074073
15.28158844765343
17.594736842105263
14.055793991416309
21.853211009174313
13.725321888412017
31.90728476821192
17.23793103448276
59.97516930022574
22.12684365781711
15.49546827794562
18.606349206349208
14.3671875
28.921259842519685
14.278195488721805
23.563636363636363
31.755905511811022
24.097744360902254
14.170454545454545
28.068181818181817
26.504
26.617511520737327
41.68852459016394
47.78421052631579
62.82251908396947
16.081911262798634
17.25531914893617
15.619565217391305
16.333333333333332
16.5
16.107142857142858
30.56896551724138
19.583333333333332
26.125
17.0
13.566878980891719
17.574660633484164
33.42176870748299
15.877022653721683
22.17808219178082
56.056277056277054
17.574660633484164
23.919148936170213
13.0
15.085714285714285
14.2890625
32.098765432098766
15.047619047619047
25.753968253968253
32.36543909348442
23.673684210526314
20.54736842105263
14.6
36.75268817204301
18.41176470588235
18.834355828220858
10.901408450704226
11.429319371727749
14.735849056603774
14.002463054187192
20.64423076923077
20.705357142857142
62.35294117647059
16.613636363636363
19.583333333333332
62.82251908396947
21.865671641791046
15.28158844765343
21.20954907161804
25.753968253968253
16.081911262798634
22.57278481012658
22.40740740740741
18.658536585365855
26.617511520737327
57.45990566037736
18.801724137931036
14.407894736842104
15.0
17.11842105263158
18.16589861751152
20.0
28.216923076923077
14.567164179104477
37.31666666666667
27.019704433497537
26.1864406779661
28.216923076923077
16.923809523809524
23.285
16.081911262798634
40.0
14.939622641509434
13.105610561056105
36.333333333333336
19.098039215686274
39.83257918552036
25.96875
32.098765432098766
14.3671875
22.99630996309963
37.521929824561404
15.582914572864322
23.673684210526314
19.223529411764705
26.814814814814813
18.834355828220858
27.104166666666668
13.863309352517986
39.53658536585366
30.458333333333332
26.45762711864407
14.380681818181818
19.562326869806093
13.25
21.20954907161804
13.148148148148149
21.870535714285715
14.553846153846154
19.440677966101696
54.12786885245902
25.013513513513512
17.156593406593405
21.387755102040817
17.303030303030305
14.847222222222221
30.458333333333332
17.348958333333332
19.562326869806093
21.008403361344538
16.0
15.337579617834395
16.48110831234257
16.54373522458629
38.143884892086334
55.57427258805513
56.6025641025641
15.619565217391305
23.011396011396013
18.16589861751152
22.15909090909091
15.48
23.199074074074073
18.02139037433155
23.919148936170213
22.12684365781711
16.23404255319149
13.160278745644598
15.514705882352942
23.011396011396013
62.50828729281768
14.478181818181818
39.53658536585366
15.582914572864322
61.343839541547275
19.223529411764705
14.738095238095237
20.91747572815534
32.612612612612615
19.562326869806093
26.524064171122994
20.032894736842106
26.324324324324323
14.907407407407407
18.203389830508474
27.019704433497537
19.562326869806093
35.5472972972973
35.93370165745856
23.52238805970149
20.535211267605632
14.738095238095237
18.83132530120482
52.6797583081571
15.047619047619047
14.478181818181818
22.790123456790123
50.45945945945946
23.0989010989011
14.24056603773585
18.47926267281106
15.28158844765343
23.011396011396013
19.376373626373628
13.576642335766424
43.927350427350426
18.203389830508474
22.246153846153845
14.52
14.625
23.38390092879257
29.247524752475247
54.00990099009901
20.804878048780488
20.205405405405404
23.011396011396013
21.294117647058822
17.156593406593405
37.31666666666667
44.38988095238095
23.199074074074073
13.769709543568466
13.69281045751634
13.038461538461538
12.902985074626866
11.893333333333333
13.18421052631579
38.73232323232323
12.575510204081633
23.63963963963964
15.415584415584416
35.5472972972973
28.35820895522388
23.919148936170213
11.63679245283019
15.683544303797468
13.769709543568466
18.114754098360656
22.022222222222222
23.806451612903224
20.397590361445783
15.339483394833948
60.44489247311828
15.222222222222221
18.203389830508474
20.27710843373494
40.613839285714285
19.223529411764705
9.53076923076923
14.24056603773585
13.429577464788732
26.45762711864407
65.49586776859505
29.466101694915253
39.166666666666664
16.645569620253166
28.532467532467532
17.144278606965173
18.658536585365855
26.814814814814813
33.89351851851852
19.89873417721519
53.73770491803279
38.389380530973455
28.068181818181817
18.203389830508474
17.23793103448276
46.06395348837209
62.50828729281768
18.97536945812808
14.60427807486631
60.950980392156865
58.75433526011561
23.77241379310345
13.627177700348431
12.758620689655173
20.0
13.67557251908397
11.893333333333333
38.389380530973455
15.310344827586206
18.47926267281106
21.373563218390803
16.48110831234257
17.25925925925926
22.75657894736842
21.666666666666668
17.156593406593405
16.616666666666667
27.603603603603602
52.6797583081571
22.9251968503937
17.303030303030305
31.29156626506024
38.19565217391305
52.54582484725051
15.679012345679013
32.138728323699425
40.86224489795919
13.5260663507109
46.87644787644788
31.29156626506024
12.129032258064516
16.48110831234257
19.47826086956522
20.91747572815534
22.07857142857143
24.590747330960856
53.14485981308411
19.376373626373628
18.16589861751152
14.478181818181818
16.48110831234257
22.790123456790123
15.582914572864322
14.934010152284264
18.97536945812808
15.085714285714285
32.26845637583892
13.627177700348431
14.170454545454545
23.199074074074073
11.884615384615385
19.436363636363637
16.83419689119171
21.39080459770115
13.160278745644598
15.877022653721683
33.924050632911396
14.738095238095237
20.31081081081081
15.074626865671641
14.547101449275363
12.859154929577464
14.93
11.71304347826087
40.091872791519435
15.369942196531792
21.227272727272727
17.22641509433962
29.466101694915253
18.801724137931036
22.75657894736842
20.431818181818183
12.73913043478261
31.29156626506024
18.79326923076923
12.419847328244275
19.428571428571427
13.472222222222221
21.373563218390803
16.472972972972972
32.612612612612615
23.38390092879257
29.116104868913858
18.834355828220858
53.14485981308411
31.188630490956072
52.08661417322835
25.003333333333334
17.594736842105263
16.922437673130194
24.98854961832061
22.920529801324502
17.982658959537574
14.567164179104477
14.738095238095237
16.081911262798634
23.011396011396013
21.09090909090909
15.877022653721683
17.156593406593405
36.75268817204301
21.809045226130653
11.094170403587444
17.25
55.85757575757576
27.357142857142858
18.47926267281106
14.5
26.125
57.159203980099505
18.801724137931036
31.29156626506024
40.083333333333336
31.400990099009903
32.510989010989015
30.458333333333332
23.011396011396013
52.67857142857143
14.054054054054054
27.357142857142858
26.814814814814813
18.289473684210527
23.199074074074073
19.562326869806093
21.6
30.36649214659686
28.791970802919707
30.156028368794328
15.877022653721683
13.76086956521739
35.717948717948715
16.763513513513512
24.98854961832061
11.996062992125983
15.369942196531792
39.69798657718121
23.38390092879257
18.02139037433155
18.02139037433155
25.257731958762886
25.244897959183675
18.45762711864407
12.164285714285715
51.9020979020979
57.695035460992905
25.003333333333334
14.002463054187192
25.476635514018692
18.16589861751152
14.478181818181818
18.834355828220858
16.83419689119171
11.970479704797048
15.310344827586206
27.019704433497537
25.496062992125985
27.104166666666668
22.99630996309963
60.4079822616408
29.02314814814815
26.1
33.56277056277056
15.372822299651569
20.43103448275862
19.223529411764705
23.261682242990656
63.22646657571624
55.85757575757576
47.85957446808511
18.14189189189189
26.814814814814813
59.90126050420168
17.156593406593405
25.476635514018692
16.0
20.507042253521128
18.203389830508474
13.784615384615385
15.22397476340694
61.89875173370319
18.375
29.466101694915253
66.36065573770492
27.776859504132233
35.80473372781065
15.679012345679013
33.030150753768844
26.324324324324323
60.44489247311828
16.842105263157894
62.926928281461436
24.714285714285715
42.197841726618705
51.271929824561404
18.58093525179856
38.19565217391305
60.44489247311828
30.202898550724637
21.20954907161804
9.347457627118644
43.844339622641506
19.132075471698112
25.96875
18.114754098360656
25.244897959183675
35.47080291970803
30.202898550724637
43.118589743589745
21.176744186046513
17.7816091954023
12.359430604982206
13.728476821192054
26.125
30.205479452054796
16.83419689119171
40.083333333333336
14.478181818181818
64.12230215827338
15.372822299651569
38.78388278388278
20.517241379310345
18.02139037433155
20.032894736842106
15.503355704697986
26.125
12.74698795180723
17.055837563451778
17.594736842105263
14.25
10.955384615384615
10.217391304347826
16.186206896551724
16.48110831234257
31.188630490956072
12.04026845637584
38.19565217391305
41.68493150684932
20.506493506493506
66.78338762214983
14.25
22.12684365781711
66.11398176291793
21.853211009174313
14.97019867549669
23.15867158671587
16.186206896551724
26.1
17.055837563451778
18.801724137931036
13.566878980891719
13.784615384615385
12.831967213114755
14.504178272980502
60.4079822616408
31.0
15.094240837696335
15.175
14.278195488721805
12.537037037037036
23.261682242990656
14.478181818181818
15.369942196531792
32.26845637583892
12.359430604982206
55.85757575757576
11.512096774193548
15.877022653721683
27.019704433497537
23.0
15.094240837696335
31.724137931034484
14.553846153846154
15.014492753623188
15.828947368421053
20.138157894736842
15.085714285714285
13.784615384615385
11.291666666666666
16.23404255319149
21.908163265306122
17.96153846153846
20.51923076923077
11.814814814814815
19.098039215686274
19.795454545454547
18.83132530120482
13.769709543568466
13.2
22.40740740740741
15.28158844765343
15.503355704697986
15.679012345679013
33.31623931623932
17.055837563451778
15.047619047619047
16.922437673130194
11.553299492385786
14.380681818181818
15.014492753623188
13.074074074074074
13.769709543568466
15.014492753623188
15.085714285714285
12.359430604982206
27.019704433497537
18.58093525179856
25.99290780141844
14.504178272980502
17.156593406593405
35.47080291970803
14.55813953488372
21.647058823529413
19.900552486187845
36.95266272189349
18.688524590163933
14.055793991416309
23.0989010989011
15.372822299651569
21.416058394160583
14.547101449275363
16.83419689119171
14.934010152284264
20.704918032786885
22.353790613718413
15.619565217391305
13.342281879194632
12.748175182481752
13.105610561056105
23.0989010989011
14.75
15.119469026548673
40.98376623376623
26.324324324324323
15.924242424242424
15.619565217391305
24.1375
29.466101694915253
17.186274509803923
16.186206896551724
45.0
24.1858407079646
23.8130081300813
65.21875
16.272727272727273
14.934010152284264
20.471698113207548
12.97841726618705
13.342281879194632
39.83257918552036
24.7672131147541
19.428571428571427
12.129032258064516
20.64423076923077
32.510989010989015
16.48110831234257
13.262172284644194
17.982658959537574
13.057142857142857
35.28395061728395
15.503355704697986
15.866071428571429
32.96491228070175
21.373563218390803
15.28158844765343
13.105610561056105
14.054054054054054
10.825
13.955882352941176
14.478181818181818
16.192389006342495
13.429577464788732
26.694545454545455
14.547101449275363
12.04026845637584
12.226519337016574
12.838028169014084
11.827205882352942
11.63679245283019
15.28
11.864406779661017
19.729468599033815
15.582914572864322
16.48110831234257
15.503355704697986
28.76243093922652
12.531531531531531
15.085714285714285
17.186274509803923
15.85897435897436
13.52914798206278
20.205405405405404
15.866071428571429
64.12230215827338
11.814814814814815
15.5
16.5
17.156593406593405
14.8375
14.55813953488372
22.12684365781711
19.376373626373628
60.48870056497175
13.52914798206278
17.0
16.87027027027027
11.970479704797048
16.948453608247423
13.769709543568466
16.54373522458629
60.0
16.727272727272727
31.093023255813954
14.042857142857143
14.25974025974026
19.795454545454547
21.008403361344538
13.944444444444445
10.62135922330097
12.34375
17.594736842105263
18.02139037433155
29.19
32.098765432098766
19.11814345991561
24.98854961832061
18.0188679245283
11.893333333333333
12.34375
18.83132530120482
14.24056603773585
14.93
