4.881140876212931
7.576835329660465
5.945528459071445
3.527349516673621
7.655340528623172
4.302280896806457
4.228877544747804
5.7420548899558455
5.37238445608876
7.7601226745309955
4.361050675582351
7.025348491221424
4.820283882340011
3.938118866952578
5.439287347111868
5.407780890227778
3.989529780803944
3.9732983883372412
7.207051079443511
7.478577575525756
10.069762889562577
4.1938416449117994
6.824914257394731
5.254817190570519
5.5586973503084085
8.74038144563013
3.8897124806121965
4.671208610375817
4.67039647965361
7.908205032826013
11.609245636625566
10.709519617290193
3.611911019241207
7.020643203575461
5.643306439994727
5.910278899777413
4.887387418337919
4.187991306392888
4.0931805652842375
4.455645778573999
6.253731299357669
4.062626911039133
5.1547149130511
5.348115460077649
3.383267616220771
4.197667535590252
3.81346718261259
4.916768523858702
4.484993804379189
4.61501491941815
4.773413183873645
3.5721919413570142
5.26940178021798
4.835137089100647
4.8620105167094465
7.562430368244436
3.538598468363123
4.551589010965146
4.9921521148557515
3.5004624278377827
5.840426366328352
7.721118232126196
3.8876267458375584
6.738666519644705
5.193796578230507
5.057947616240022
7.392632383413306
3.490797459655601
4.825025481441528
9.050145510876838
4.169195869191124
5.787935433774898
3.188891923915339
5.169980117767433
4.620446948766521
3.9811201386202075
5.3169522722941895
7.562237439786086
4.613024895262225
4.417656211793449
3.686010206990935
4.650520876377519
5.079575478488959
4.220298021397444
6.880122033891763
3.2871277295535744
6.651398764505075
7.1159833797480365
5.906965391666392
4.04976774657854
4.344531460616896
5.220334614779833
3.826972018038396
7.543177348693844
4.707740464522654
6.171498745798371
5.4900315615911675
6.689110470224878
7.3373975607672834
4.733475880682041
4.930940982576296
7.016282378540796
4.266797138139611
5.152116796814147
7.220516861616754
6.648135507607293
9.49164771888902
6.8881453303166476
6.404564057469211
4.01325675240567
6.73260139109617
4.626030111431389
4.724787764505643
7.201275916973174
6.181558651203016
3.4631946141544905
8.814876919655793
1.5217756597294403
3.992653596344457
4.1242802362133855
2.965007762040677
3.801493538549545
5.067880875288657
2.8479643237088657
5.408236827833185
5.675198425422393
5.185486669250823
4.254379189701233
5.22626228021227
5.8841219408089005
3.6530942574674037
5.852336026371865
8.141528975368944
4.469237432807523
4.0391544196054285
3.7781116217535775
1.4847409059720982
4.138724445904932
4.6088415235847355
6.944361499892549
4.6457709470748725
6.581404076297951
4.111774001633669
5.770596912467253
7.762529179144203
6.68938880017251
4.048498102752646
6.526971724136794
7.483640672133193
4.914545686759625
7.32107147970402
4.897313227198116
6.898095109595984
4.454699626679874
2.540735013618552
4.812272646299077
5.598969053501347
4.204960888594064
7.2069552114440105
6.653091203304691
4.606582056142053
4.143685269100333
3.780719692234353
5.814293553072767
5.484163486831411
5.121788056938625
4.807847956532833
6.934380637936637
4.668210673612143
4.768170022745879
5.753912174628902
7.769290892169982
4.9760869087114115
5.119885058597482
4.417282667576026
5.1104212561926
2.46903042827963
5.300196681079063
4.733058502937231
3.3087625113923202
3.8222210256416904
5.200409958135155
3.717425654001453
5.548657864183719
5.099948844827674
3.196589325481588
7.616106402053951
3.5065617028187317
5.881899514469886
4.809708409472078
5.697237093362042
5.830571875215347
6.797485713050563
3.948440996772384
2.9978005739090605
5.033308680018752
4.798938623386513
5.929527414106967
3.296500145122558
4.244027913135301
4.1375860529339015
7.37204149090377
4.841621419612603
4.909035064462351
4.440846209713538
2.8296419785328633
6.175717283737191
7.0042519523220745
4.962764490933876
4.5973001082767855
4.910990331039776
4.87367694904706
3.677035055681787
3.744479143044994
4.605526982613767
3.5339918691241174
4.155206184389963
6.323605664716687
3.3603901672078225
2.984788807520449
6.777264135961657
3.0094625781957367
1.7080320045507038
4.130213225060051
3.774308443602179
4.440872617690233
5.015236074389113
7.192843265093445
5.509571555044882
6.023678419281123
4.09198121833276
4.5984413573978875
2.7804297873253536
5.571549217569287
4.680381586147108
3.486089972511838
1.3568604007512934
4.905221667712656
6.018125436482991
7.292212268886818
7.133121011625982
6.297105724469263
7.455041598201897
5.212476187622214
13.399816163860107
4.906879153798837
6.320711976700165
6.611028700218195
4.600671412748951
4.4932149989314825
3.9225477033186427
4.259731710574257
2.775228963438761
5.0644330787368865
3.1214667201461466
4.344904108840435
7.308261042919769
2.607722583973934
4.7782554670928565
6.6696997389683546
2.7391457611921592
3.043108235436642
6.543693640020652
5.89249797938004
4.907808648211449
3.622893212173542
5.777547461353867
4.952537912872818
2.3531474816771345
4.136774160005736
2.9247256733265647
4.270697669128514
6.169530971102593
5.768444868083144
6.56949435548962
5.187788090833424
2.7660720462868986
3.968516336059062
5.11173307538421
5.701716223046035
6.4117461332381565
4.090162419399829
6.287392176551539
3.217259025485118
5.747790421624682
3.7173198208570697
7.344898185025507
4.711339543259361
4.833764361744933
7.465899184474506
7.27138084834137
1.9505372322816947
5.803806892209517
4.965295959310365
6.532967166367475
7.730505661025067
4.159367856446065
6.345632886651404
4.020822627091767
5.082130210489516
1.9860054642989913
6.88684833287689
8.280360925777961
4.211465343325198
4.712957734229696
6.493564596300474
6.067351526838674
2.941294791951808
2.7504448338336074
5.286962614684577
5.252290429947321
4.572301001318065
4.446319038833991
4.266146685986007
5.22601936900615
6.953961282582796
5.834691563504265
2.717781137187428
7.05715652379281
3.660858472994245
5.652505486166323
6.285474810878923
6.761827168587158
5.446169862285723
5.366430311618723
5.662831699188392
3.7008623630915913
3.228587498042063
3.93531167750057
3.7938304454574405
6.994061620998323
6.313731724596298
5.394196257130998
5.224947516139726
6.527725453828841
3.3378040830217706
8.849440194137012
4.704816439535289
3.566107762816689
8.810394722811413
6.483092238533986
7.042056694579559
3.8342594045113505
3.897720311464337
7.8183948856263505
4.655202512304557
3.5876690092155594
4.059268050261047
4.440548631761098
6.414778327286094
4.2903080198415475
6.429827359045068
5.352621060898169
4.95454458986966
6.2313571192471
6.149045603285194
3.3715110038157214
3.149300353394809
5.2933454105644575
6.675134507765307
4.62618096720416
7.312307225503217
6.957009084593919
5.7535263186360215
3.7134643810353527
8.6697916852624
8.856002528158044
2.6364850575471146
4.98739055492473
4.071596273547029
5.830778544353217
6.50467747362249
4.731139901104897
4.046670850249277
6.200618695129878
6.497772025030836
6.398989221105874
4.156887588032028
5.2597746363644005
5.337793584835653
5.164066226697148
5.2593733530305915
5.527209173093767
7.807172070743457
6.723499335191855
6.998891157672931
7.5901465672240995
5.898859631692153
7.250720730270497
6.398003209235462
7.98813654264278
3.0495326487208154
6.009062557317458
4.037525882401232
10.78428727622293
7.5287460620102875
6.072704684048256
3.672044334295723
4.982425049508602
4.622373604328032
4.257126349151454
4.317886132082517
5.582581509682835
6.540088466080122
7.488651109354921
3.087234942071553
3.3732539235363683
5.499216511144958
4.632867502609705
6.105326916985312
4.063631495953071
5.80256399847499
6.837356189688113
2.14368506725228
6.135989382924403
5.868364213190925
12.7224635138527
7.032232440602354
5.038751476405086
6.137783984083396
3.9085811103173955
3.746538983812842
5.60691440500972
7.377233218547716
8.276763107424575
7.4587565372711815
6.545775302230036
6.828742238457611
9.685910013654745
7.063334445189414
5.330915541974148
7.616804900278442
8.26016808449841
5.4986680995645205
7.072242849903131
5.108483858436972
7.7056107703493035
19.00160933325008
5.625017214409322
4.257864742022741
7.599713853857205
4.434121029312554
4.3063506128183
7.47764749021992
9.333844410891158
6.844157443343771
8.689355806237998
4.083644327807537
4.960278558574668
5.266473668404967
4.003707088596395
5.791080057273252
5.7257275189645815
9.080163509338988
7.681133237130099
7.859012660064393
7.8800233823928965
8.009416627578974
4.689996204565091
5.252382669792348
6.618297189483407
5.882115581054201
6.503103213427707
6.704790599865132
3.9517568903626286
7.241158565904852
5.239116145800692
5.175239420932443
5.122102020096328
3.1828693700440156
5.580732673982386
5.2824366256738156
5.2907205132002115
7.593850193163552
6.259645842203958
9.545167241270873
4.990463452431159
6.6110936951094965
5.451661456841039
5.578050503271081
5.160692684565091
7.980276618482446
5.844681827776903
7.149646435770094
8.195693043501485
6.424976097306542
6.224549246319045
7.2957043419557985
5.796498293730205
4.3487231838893114
5.775607771852542
4.763089079221561
5.450034103158247
7.9485737954760625
5.535110465114836
6.582471476662013
4.359587604844199
3.9683805612859624
5.054253714952759
4.998047560763256
4.127453878929108
8.168275639603554
7.225754626987744
5.853486028991273
3.4842946484689774
4.386212440377067
2.1068935876345445
6.30406642616443
5.719862053997772
4.017131959466726
6.197353005897895
5.721483544974793
4.796105031539101
4.457104848621344
5.93205590224681
4.23473762318296
5.017936769147447
5.539647945262938
7.501259836147984
4.836547806336881
6.427311247675878
5.630666717864859
4.79979291621942
7.4002953456526805
7.201245043457815
6.135338839067998
3.839255309987288
8.073225576050053
4.126960230703151
7.420940317192784
4.0813018167634025
4.319065934678886
6.849427653361211
7.039044657158963
4.520417226619903
1.8273213527290282
1.1203947594694337
5.014545011890628
7.250659038836998
2.4458551093640355
3.7791779630023337
3.57633393005842
5.664475640239355
6.991024028538807
6.471936245860531
2.7715123027684623
5.433670386736137
3.3529079540536335
6.653032513654445
5.082705896681095
6.15697024123238
4.141309277283067
2.9663413823726996
3.1466930887794273
6.702861338029378
5.297203566719475
7.065137756689175
5.494925892399071
5.081204597774475
4.260090680774021
5.469046542912819
6.492359500280122
6.091700634656987
7.2257055989903805
6.733179936077609
7.76474048438105
4.665891387206543
4.5176832532160445
7.061509516198576
4.5225420912831735
4.799255135913874
7.883114470688471
5.392930475215096
6.409469022969109
5.875263515932804
8.380077086507187
5.273765214566022
6.557461329653971
7.10636714807692
4.154859826106509
5.528462803786883
4.55376847737456
6.126037296533386
4.866509864468721
4.562261510554168
4.355248309311827
2.8096928333074036
4.080734050784875
5.708496124987549
2.1718093094417728
3.324170442052583
5.728772695188486
5.0213808131573545
5.035454455559392
4.9246520174172845
4.577692811158098
2.676603877793021
3.597734823096042
5.8392272658400115
4.7268228945436155
4.995327638521549
4.880507369560746
5.4416189363926195
7.322776826676984
5.044725749446718
5.618726445844215
6.73135667168077
4.688810899345098
5.474262042743746
4.881032605452764
6.782324986154098
5.012147403038296
5.614826194210112
5.281383862334749
3.987526376021865
5.7650983959468745
5.156202412370487
7.000001789673217
6.827742801144371
4.717330967279089
9.30600060639142
6.398684056105362
4.562218632980254
6.251707524318113
4.209289679988874
4.016300313358616
4.950798026548113
3.6352762317648764
3.8652419987210025
7.227177929833692
4.5207037956814045
5.441402982416802
6.275249974235619
5.2547856317036
7.497678948488434
10.277430992905138
5.6626077925788225
6.600646423154697
4.469463444113826
5.308383981102424
5.658449817129675
6.11080946521472
6.277252112929702
8.786946764129652
5.663596463945838
5.528036393134087
6.4496439605221765
3.946778165571307
5.052583941466279
4.900554710854963
3.921787557005311
6.67311707194875
3.556262104142871
5.0263974988858635
3.7539162371184385
6.269651953650309
4.404467538931295
4.238945675517282
5.2938166154449
5.2371995868417915
3.945067012942216
5.3488496977628355
4.665773469573729
4.219920881056456
8.586646985910924
4.049708039442385
4.1750700695648755
4.549676728475512
5.682588892438023
3.787261164816307
8.506355929002355
7.143485956238666
6.527579149362531
3.708088955134908
6.72543661814911
3.5906455054568966
4.35941835003016
2.6242507334346414
4.291890903444054
1.3427347465607817
4.855222906465317
6.160255679288738
5.343585380946941
6.752096416691098
7.03130544512122
6.382805965106948
5.822674950842459
4.30825676122243
2.3796022799412664
5.9612601825602045
3.885202092651709
4.7194808533204755
5.461771518223303
5.966055140148426
3.15513184813768
6.43219617586223
4.172564208071936
4.300638191391982
5.001945205647549
3.5564228874478263
5.730084241068287
4.046593447124242
5.887438959380871
3.63481238768961
5.246007136657675
4.652491229680361
3.375246580639935
5.290937355348566
4.8929618165184054
12.321012118411435
5.095340840659075
4.640751930065822
4.253017776376044
3.641726774062694
4.984091283794555
6.9517673191548885
4.081139339713016
6.755240332103179
3.476155683649853
4.781953284358127
5.363416337010739
3.859644200361309
5.492760649466508
4.794419952237528
4.217207894858299
4.421324825415177
3.107216027900886
5.857438516612229
4.1281601687409255
4.333988911423314
5.296557443793016
5.898573738999039
3.459899269427531
4.2310940203612155
4.614351733672041
4.530928106287584
4.6701008831552375
6.30104403034651
3.0614803585427
5.253531527971601
4.348324864780741
3.8660559262628875
4.015598163400554
4.525943199977735
3.141928063322089
4.144719887210274
8.350776865841976
5.064845832556467
4.145004086049025
5.956447447415678
6.204372750737766
6.289182905561194
4.282550858977892
4.463829523212758
2.2957182641807354
4.854913975749465
7.6679379448630876
3.5947837344147984
4.376032331668755
3.7554590609951624
4.4620701020389015
4.477162160229553
4.291071546983263
6.111422642796134
4.76319926466112
5.147272922520842
3.254457238795406
6.2391316031971575
4.150981394720824
3.7360383961357333
4.017797880752464
9.6019862874648
4.635443734798286
5.257256773365559
6.62811149126254
5.35816826139155
5.245234693967573
5.541966923006482
6.006793327898502
5.870519205268331
3.710142607721618
4.7441933722771195
7.848180802178873
2.2775452700719674
3.3356420184651787
4.97790073617142
5.3943128142956205
6.222547550443497
2.7391126405455326
6.191339159168217
4.598656552573996
5.078980605010927
5.62641943443522
5.219618105133746
4.069302662757356
5.189114132546479
4.030964308492772
3.1602491035702966
5.983938389227264
2.3294836134761034
6.996140552460181
6.288514781388232
5.126300153756023
4.846323993437512
5.4572428060366835
6.520780671321258
5.597736030664596
3.290159187531795
4.96695313096277
5.057595397013605
4.117795136127566
4.919560260651114
6.565878058940601
5.322777255782101
4.010968066124084
3.9261320357055225
5.220044159087191
5.706129408556411
5.6695211533128775
4.673171405092602
4.994358508258905
2.933553797318628
5.405076714645139
7.209715977862072
5.210933125178114
5.649348520137543
4.702358569983489
7.676156337864405
7.0020855989562545
4.650052389002681
4.791389323508464
5.503894431430775
4.667318739632893
5.979455553307808
5.624347285602738
7.722466067259034
5.945832065448654
7.700076687230145
6.251052621863072
5.662216346463075
3.1235437696748765
4.002682406679848
3.2748865183108786
5.691276663452802
6.813787061725159
3.592566910011314
3.7520362273159455
10.621637519417776
3.565048324874187
4.776177699699595
5.156400153914434
3.782793751884072
6.429203688791131
5.504820625907932
3.5728107508419513
5.909726215686512
5.386839323711716
5.602937067240158
8.417570345116747
6.899766933295953
7.465940077710422
4.395248582340389
4.291776350004791
6.3845193234190765
4.774118086678188
5.620460055284784
3.0690107481563285
5.738645172623578
5.371951675413796
6.981994107131575
5.088510097169265
7.4548106659300375
7.3524709694110735
4.625656363626687
7.082196639049653
4.82091834014078
5.930747895147949
4.454160770834826
4.263005686337232
4.969322172805088
4.150936429177071
4.046840718546761
4.991970131206932
7.063641125825162
5.724709533347245
4.1621041111636075
4.964886317650086
4.363340091061656
3.650344515978152
