4.96
6.66
7.2
3.92
6.02
4.18
4.54
5.66
6.74
7.0
3.88
5.8
5.18
4.88
5.02
5.52
4.28
4.16
7.2
6.12
6.76
4.98
6.3
5.46
5.76
7.66
4.7
4.48
5.16
7.12
8.36
10.34
6.36
8.92
5.86
5.08
6.0
4.08
4.02
5.96
6.28
5.06
4.42
6.3
5.72
4.2
5.4
5.46
5.68
4.32
4.28
4.66
6.8
6.56
4.94
7.58
3.48
4.5
5.14
4.1
5.38
9.18
4.94
5.32
5.72
4.86
8.46
5.86
8.56
5.7
6.34
6.5
4.02
4.5
5.86
4.7
4.96
6.68
4.72
4.6
3.54
5.66
5.56
4.66
5.38
4.0
5.4
7.16
7.08
4.04
5.36
3.88
5.0
6.96
5.5
6.12
5.14
4.7
6.64
6.58
5.54
7.62
3.52
5.94
5.76
4.96
7.68
6.5
5.8
4.16
5.96
4.84
5.06
8.08
6.74
4.66
8.38
3.66
5.7
4.2
3.32
4.68
4.8
3.72
5.6
5.04
5.52
5.4
5.3
7.18
3.34
7.08
8.16
4.12
4.14
4.28
3.96
5.32
6.96
5.76
3.7
6.3
4.18
6.54
5.28
6.866666666666667
4.84
7.3
8.4
5.98
4.92
5.5
7.48
3.58
4.24
4.74
4.44
4.7
6.46
6.2
4.64
5.24
4.56
5.32
6.696000000000001
4.94
5.08
6.28
5.94
6.12
4.52
5.56
6.113333333333332
3.74
4.3
4.62
4.28
4.68
4.34
4.5
6.96
4.44
5.08
4.94
6.44
3.76
5.86
3.98
5.54
4.7
4.08
5.56
5.34
4.14
5.16
3.74
4.666666666666667
6.52
2.86
4.1
4.12
6.36
4.64
4.48
4.76
5.513333333333333
5.32
6.02
4.14
5.68
5.32
3.88
4.64
4.58
4.68
4.82
3.9
5.38
3.22
3.74
5.94
3.62
4.36
5.06
5.76
5.14
5.74
4.84
4.8
5.42
4.54
4.5
3.78
6.14
4.82
4.2
3.36
5.48
5.44
4.7
6.12
5.88
5.4
4.84
7.4
4.72
5.36
4.72
6.36
4.36
4.34
5.7
4.0
5.12
4.88
4.86
6.38
4.26
4.44
5.76
5.3
4.02
6.0
6.36
6.9
3.18
6.04
4.0
3.48
4.3
4.74
4.92
5.42
5.64
6.26
5.58
4.64
3.76
3.86
4.2
5.3
4.58
7.0
3.42
5.56
4.32
6.24
5.9
4.54
6.54
6.6
4.6
5.62
5.1
6.02
6.92
3.98
6.38
4.02
4.48
4.04
6.3
11.62
4.46
4.28
7.64
5.46
5.74
4.56
5.28
5.02
3.36
4.24
4.42
5.14
6.14
5.14
4.22
4.52
3.38
5.5
5.74
6.46
5.14
7.56
7.78
4.22
4.16
4.4
3.86
8.58
6.4
4.82
4.5
5.82
4.5
7.22
5.98
6.26
5.94
6.8
6.8
5.14
4.6
6.96
4.46
3.32
5.28
6.0
7.3
5.14
5.28
7.04
3.38
4.44
6.36
4.02
4.8
4.76
6.66
5.16
6.4
3.94
6.06
4.96
6.68
8.26
4.52
5.78
4.74
5.74
6.64
5.18
4.28
6.36
5.62
7.4
5.38
6.04
5.94
4.68
5.28
5.6
5.76
6.88
6.38
8.04
4.92
6.5
6.86
7.66
4.58
6.12
4.72
8.08
8.28
5.56
4.5
5.54
5.34
5.14
4.86
5.48
5.58
5.38
4.12
4.32
4.58
4.82
4.52
5.32
6.52
6.7
3.9
5.72
6.68
13.3
5.34
4.56
5.64
5.86
3.32
4.88
6.62
7.64
6.14
6.5
6.42
7.46
7.1
6.36
6.64
6.58
6.64
7.58
5.68
8.24
13.166666666666664
4.54
4.44
5.72
4.76
6.44
6.38
6.68
7.92
6.18
3.12
5.6933333333333325
4.48
4.5
5.48
5.84
6.72
6.14
6.8
6.62
5.62
5.36
5.66
5.48
5.48
7.1
7.1
3.48
6.16
4.783333333333334
5.9
6.2
3.54
5.36
4.78
6.98
6.26
5.68
7.66
5.94
5.16
6.26
5.8
4.7
6.38
8.1
5.78
6.62
6.9
6.52
5.42
5.28
4.5
6.1
4.76
4.52
6.0
5.553333333333333
6.02
5.08
3.26
3.88
4.6
5.48
6.64
5.64
5.82
4.08
5.12
3.42
7.36
6.64
4.66
6.7
5.42
6.16
4.08
5.92
3.96
3.86
4.98
5.34
4.84
5.82
5.46
4.88
8.32
6.44
5.28
4.94
5.74
5.16
3.52
4.173333333333333
4.52
5.0
6.78
5.56
5.4
1.54
5.54
5.6
3.58
4.84
4.82
5.92
6.52
6.34
3.94
4.8
4.9
5.8
4.48
5.4
4.52
4.44
4.2
5.22
4.88
3.62
4.86
4.72
5.04
5.32
7.06
8.74
7.38
4.5
8.06
5.8
5.1
7.2
4.4
4.48
7.7
7.0
6.2
5.52
5.06
4.56
5.88
7.96
4.24
5.4
4.22
5.74
5.64
4.64
3.94
4.42
5.4
6.84
4.6
4.12
5.0
4.72
4.4
5.14
3.82
5.5
4.72
8.28
3.96
4.6
4.66
5.44
7.2
7.0
6.12
4.0360000000000005
5.12
4.2
5.64
5.36
5.88
6.76
5.04
4.02
6.48
5.44
6.36
6.04
5.34
7.42
5.4
4.6
6.68
5.52
4.66
5.7
3.86
5.5
5.56
5.0
5.22
6.846666666666668
5.74
6.86
6.88
4.74
6.22
4.94
5.12
4.88
4.98
7.94
7.94
4.7
5.58
5.68
5.6
4.58
4.82
5.1
5.4
3.98
4.34
3.34
5.44
4.72
4.42
7.18
4.26
4.6
5.04
4.98
4.26
8.7
4.76
4.08
5.16
4.96
5.0
8.68
7.16
4.32
4.66
5.52
4.58
3.48
3.5
4.1
2.38
5.26
5.92
3.88
6.06
6.14
5.54
6.26
3.88
3.46
5.08
5.18
4.3
4.86
4.64
3.14
4.86
3.74
4.86
5.702857142857142
5.04
4.9
4.12
4.28
4.24
4.44
4.9
3.92
4.32
3.76
9.433333333333334
4.58
4.64
4.24
3.56
5.62
5.28
4.66
6.32
4.0
5.7
5.3
6.28
4.52
4.86
5.64
5.44
3.38
6.28
5.04
4.4
7.66
5.66
3.7
4.86
6.0
4.76
4.04
5.52
6.72
5.38
5.38
3.94
4.88
5.86
3.88
3.32
6.8
3.58
4.58
7.04
4.82
5.94
5.12
4.68
5.66
5.52
7.48
5.34
4.64
4.14
4.98
4.94
4.3
5.66
3.92
4.54
3.56
5.8
4.88
4.76
5.82
6.16
6.46
4.82
6.7
4.7
6.74
5.44
6.06
5.62
4.48
3.72
6.4
2.5
6.68
5.76
5.8
5.02
5.02
5.78
5.26
6.06
5.94
4.98
3.26
4.88
4.94
4.84
4.46
4.4
5.54
4.86
5.04
5.5
6.64
6.38
4.96
4.26
4.48
5.4
5.34
5.02
4.68
4.96
4.52
3.66
5.82
4.66
5.72
4.96
3.68
4.62
5.46
6.6
5.76
4.68
3.9
7.12
6.8
4.74
4.9
5.18
3.52
5.76
5.22
7.08
5.34
7.26
5.66
4.5
4.1
3.74
4.4
4.84
5.28
3.16
5.74
8.14
3.2
4.26
5.88
4.42
5.86
6.0
5.02
4.86
4.94
5.5
7.76
7.6
6.72
6.34
5.6
6.18
4.5
4.32
3.94
6.42
4.1
5.26
4.24
6.64
4.86
4.76
5.84
5.76
5.7
4.9
3.74
6.26
4.0
4.32
5.64
5.42
5.3
4.24
6.2
5.05
4.04
