2.2108994
2.2698717
2.0757096
1.8816267
2.083801
2.1831572
1.9383255
2.0438313
2.2537088
2.261064
2.1750076
2.261064
2.2698717
2.278324
1.7929513
1.9292766
2.1279159
2.3162138
1.9022367
2.147935
2.2026823
2.0340161
1.9844339
2.2971785
2.1389458
1.631057
1.9957407
2.278324
1.7606776
2.278324
2.2079618
2.1617074
2.1819737
2.1498952
2.019466
2.2435243
2.0915127
2.110052
2.2227
2.2698717
2.0359159
1.6620011
1.6470091
1.3782489
2.3162138
2.2583306
1.7652469
1.8626807
1.6293443
1.4759305
1.8626807
2.1939082
1.9224174
1.7652469
1.9171357
1.6293443
1.8371212
1.9171357
1.6293443
1.879137
1.8371212
2.2402759
1.7480117
1.8303921
2.261064
2.2583306
1.7189357
2.2464328
2.278324
2.0443552
2.056727
1.6597623
2.056727
1.8311669
1.7257688
1.948825
2.2537088
2.2537088
1.2558722
2.278324
2.261064
1.8359314
2.0681896
1.7627927
1.6368892
1.9735572
1.676227
2.3451989
2.132996
2.3451989
2.0943398
2.2010372
2.2145395
2.261064
1.026228
2.2464328
2.2435243
2.1328225
2.3451989
2.2010372
2.0655715
1.602038
2.2971785
2.065676
2.3496728
2.2583306
2.3451989
2.2971785
2.11413
2.1939082
2.1958296
2.1819737
2.2464328
1.8358927
2.3496728
2.2583306
2.2464328
1.803301
1.4017502
2.3451989
1.2019917
2.2698717
1.8857294
1.9337556
2.2360291
2.1939082
2.1828027
2.2464328
1.4767462
1.8508629
2.2698717
1.7426302
2.0710618
2.2698717
2.1831572
2.3451989
2.1197348
2.106773
2.2258334
1.8844084
1.8255677
1.4227852
1.5864972
1.943513
2.2079618
2.1320128
2.1071424
2.110052
2.2698717
2.2035346
2.2435243
1.9997243
2.3162138
1.2819213
1.8551984
2.1750913
2.3496728
2.2464328
2.0533228
1.6147959
1.9156892
1.8910465
2.1130028
1.5667633
2.2191167
2.3162138
2.2402759
2.2971785
1.4878733
2.2537088
2.1958296
1.5951861
2.199871
2.076892
2.2698717
1.806057
1.603126
2.1335568
1.8740054
2.2971785
2.2537088
1.5702932
2.0859046
2.2464328
1.9105546
2.0638728
2.1070294
2.2010372
2.3162138
1.9666388
2.3496728
2.186551
1.7930808
2.2464328
1.4866725
2.2332792
1.910502
2.0664873
1.8736525
1.9352107
1.2498806
1.6762949
1.6106858
1.5266147
1.6536623
1.7839879
2.0778613
2.1320128
2.261064
2.2035346
2.2971785
1.7616405
2.2435243
1.3264538
1.8469629
1.9375464
1.8235234
2.119756
2.3162138
1.5679078
1.3968382
2.0340161
2.0785503
2.0408244
1.9364498
1.3927801
1.4094785
1.4094785
1.3995339
1.4593828
1.4593828
1.4276419
1.3995339
1.3948843
1.4276419
1.3609443
1.4276419
1.4593828
1.4593828
1.4094785
1.4370153
1.815728
2.2971785
1.9710679
1.9259753
1.2555954
2.0729659
1.5930928
2.0562828
2.2464328
2.2435243
2.066105
2.1130028
1.3392503
1.550299
1.4370153
1.4759305
1.4593828
1.4593828
1.7403511
1.5179498
1.0984805
2.1554055
1.8876574
2.1831572
2.2583306
2.1905034
2.261064
1.495804
1.7393885
1.789388
1.6198903
1.9826596
1.4276419
2.206098
2.1178832
2.1293852
1.151969
1.3995339
1.8486216
1.3250792
1.0181915
1.5520824
1.858083
1.4276419
1.3968382
2.1726437
2.2464328
2.127571
1.8208266
1.3946519
1.5933344
2.0857954
2.3162138
1.6982472
1.9150032
1.8070978
2.1750076
2.147935
2.0711381
2.147935
2.0408244
2.019466
2.3496728
1.9719553
2.147935
2.1123
2.2079618
1.7854133
1.9537456
1.9451499
1.8767968
2.2698717
2.110052
1.938057
1.4759305
1.4276419
1.770353
2.2360291
2.1468973
2.1939082
2.2010372
2.1939082
1.8297334
1.9115317
1.9764998
2.3162138
1.5921147
2.206098
2.2971785
2.28868
2.0107708
2.0224223
1.2521089
2.2537088
2.0381036
2.1958296
2.1750076
2.119756
2.2537088
1.9702775
1.259242
2.2537088
1.9527322
2.1655476
2.0260277
2.060289
1.5598187
1.845029
2.2537088
2.2191167
2.28868
2.1952357
1.7622896
1.9945436
2.0713863
2.2971785
2.0784297
2.0911374
2.2537088
1.7028501
2.2066162
2.2160802
2.261064
2.0409775
1.835612
2.2583306
2.1309018
2.2464328
1.5590641
1.9948897
1.7313803
1.456275
2.2010372
1.9012468
1.8193715
1.9986966
2.0085616
2.1343184
1.7743264
1.9106408
1.964301
1.9264812
1.6902946
1.8422798
2.1617074
2.3451989
2.1197348
1.7319163
2.110052
2.3162138
2.1939082
1.7050874
2.1831572
1.6682864
1.7499796
2.199871
1.9224274
1.8891803
1.8998331
2.127571
2.0057378
2.0155647
2.0853262
2.0638728
2.100574
1.2550331
2.1958296
2.2698717
1.4749167
2.1819737
1.8195913
1.4358957
2.1828027
1.2213466
1.5536692
2.2537088
1.8998331
1.870813
2.2306743
1.8311669
1.9504364
1.590207
1.9183061
1.7851104
2.3162138
1.9310708
1.8971726
1.5028464
1.2610323
1.9496708
1.8290153
2.2698717
1.5390822
2.2464328
2.2537088
2.1615186
2.2537088
2.1831572
1.8820671
2.186551
1.9176862
1.9254233
1.1869386
1.0127614
1.6917574
1.9952731
2.2698717
2.1831572
2.2971785
2.261064
1.6222625
1.9357601
2.0311418
2.2971785
1.4655857
1.7999989
2.1059225
2.0923846
2.1967585
2.2010372
2.186551
1.9684639
1.6293443
2.2464328
1.4308741
2.1320128
2.2698717
2.0863688
1.8684013
2.186551
2.072917
1.7412616
1.7369807
2.2971785
2.186551
2.2079618
1.8174448
2.1617074
2.1389458
1.5405647
2.0729244
