7.592668024439918
8.511415525114156
7.5834464043419265
7.067640918580376
5.4
9.832190214906264
7.788699690402477
9.884122069880585
8.103302881236823
7.465691788526434
7.015671325709445
6.894736842105263
9.056245912361021
7.6967592592592595
6.856489945155393
7.572898799313894
7.928189457601222
8.025732666190136
8.034507042253521
6.478011472275335
4.793103448275862
6.925096525096525
8.208387942332896
7.245432883240667
6.993273542600897
6.303425774877651
7.11973018549747
9.217702034084661
8.25171939477304
8.747404844290658
8.047138047138047
8.664470794905577
7.788699690402477
9.622710622710622
9.555261999119331
9.293282876064334
8.25171939477304
9.511683357176919
6.925096525096525
8.170313424009462
10.462399283795882
8.770768547312306
7.337028824833703
8.473454545454546
7.723214285714286
6.856489945155393
7.21084864391951
8.358717434869739
9.35177304964539
5.763458401305057
6.245430809399478
6.750174947515745
8.911715713492503
7.05718954248366
7.592668024439918
7.804363636363636
9.889084507042254
9.743577767398412
7.956521739130435
9.897237033446437
7.542725173210162
9.483259911894272
9.35177304964539
8.365013774104684
5.378698224852071
9.475496688741721
9.065764925373134
8.684116597263534
8.770768547312306
8.278523489932885
6.405633802816902
7.147918511957484
8.456140350877194
11.3717277486911
7.321428571428571
8.319872476089266
9.931723176962379
6.665594855305466
7.2889733840304185
9.826782449725776
10.902617163724894
6.184210526315789
10.856877323420074
9.91812865497076
8.998388829215896
10.125222024866785
8.473454545454546
7.111504424778761
8.550860719874805
7.714821763602251
8.25171939477304
8.037878787878787
9.475496688741721
9.876680574872507
8.025732666190136
8.208387942332896
7.656417112299465
7.812202852614897
7.390613718411553
8.810578105781058
10.246038732394366
7.2162828947368425
9.55473781048758
7.42326909350464
8.103302881236823
7.542725173210162
10.383047707271885
7.11973018549747
8.312544294826365
7.717125382262997
8.473454545454546
9.056245912361021
7.355011933174224
8.034507042253521
8.25171939477304
7.647977288857346
7.390613718411553
7.390613718411553
8.25171939477304
8.365013774104684
8.473454545454546
8.238283828382839
9.154086413326393
7.7008227374719525
6.5
11.475273295158772
8.684116597263534
7.3223082336382825
7.355011933174224
8.684116597263534
8.473454545454546
10.165677772706527
7.971383147853736
8.56631989596879
9.483259911894272
10.019846639603067
8.025732666190136
8.090575275397796
11.240588235294117
7.355011933174224
8.170313424009462
10.25556586270872
9.91812865497076
7.067640918580376
7.355011933174224
34.0
8.998388829215896
7.812202852614897
5.991295938104448
9.826782449725776
8.427597955706984
7.819233550253073
8.025732666190136
7.098373983739838
10.447345517841601
11.633663366336634
7.310577644411103
10.25396163469558
7.4584206848357795
8.670668058455115
10.25556586270872
7.804363636363636
8.613709160794363
9.511683357176919
7.812202852614897
6.8563829787234045
9.34045393858478
11.380347907851434
7.355011933174224
10.383225806451613
9.577777777777778
10.25556586270872
9.828234265734265
8.025732666190136
7.2162828947368425
6.435897435897436
8.511415525114156
9.138252756573367
10.120213713268033
8.42426187419769
11.28883495145631
8.034507042253521
8.865853658536585
9.91812865497076
5.991295938104448
7.6841339155749635
7.7008227374719525
7.22211808809747
9.622710622710622
9.832190214906264
7.6841339155749635
10.272727272727273
9.014797136038187
7.572898799313894
8.998388829215896
10.165677772706527
7.015671325709445
7.812202852614897
8.170313424009462
7.6841339155749635
8.456140350877194
7.570219966159052
8.370322580645162
9.577777777777778
8.445054945054945
8.365013774104684
9.55473781048758
8.44717607973422
8.103302881236823
9.576375711574952
10.401229148375768
6.856796116504855
8.684242424242424
9.065764925373134
7.562015503875969
7.570219966159052
7.060175511909737
8.037037037037036
5.572916666666667
8.684116597263534
7.015671325709445
9.889084507042254
4.923076923076923
5.815455594002307
8.511415525114156
6.405633802816902
11.146930884485258
8.914819136522754
9.709302325581396
9.63013698630137
10.06413612565445
7.971383147853736
6.928452579034942
6.450099800399202
8.664470794905577
8.569377990430622
7.819233550253073
10.401229148375768
18.365107913669064
10.107015457788346
8.365013774104684
10.876602564102564
10.11144193960017
9.73936408419167
8.208387942332896
7.22211808809747
6.99837925445705
6.856489945155393
8.034507042253521
9.828234265734265
10.462399283795882
8.48643216080402
9.081371545547595
9.876680574872507
11.380347907851434
10.902617163724894
10.250812819321876
7.007281553398058
6.510860820595334
9.34045393858478
6.574742268041237
9.61276595744681
7.800978792822186
8.48643216080402
8.810578105781058
7.592668024439918
8.025732666190136
6.8143063583815024
7.592668024439918
8.44717607973422
10.69471799462847
8.684116597263534
9.734553775743708
7.592668024439918
10.902617163724894
11.246469833119384
9.056245912361021
9.376344086021506
7.971383147853736
8.238283828382839
6.320675105485232
9.73936408419167
9.584871679423683
8.103302881236823
8.664470794905577
7.21084864391951
7.849914965986395
9.164285714285715
7.971383147853736
8.914819136522754
7.971383147853736
9.660830415207604
10.042114695340501
8.664470794905577
8.770768547312306
8.473454545454546
9.897237033446437
8.208387942332896
8.358717434869739
9.734553775743708
7.465691788526434
5.787926926131851
9.931723176962379
7.570219966159052
9.475496688741721
8.643236074270558
8.119736842105263
8.473454545454546
9.816964285714286
9.339756592292089
8.238283828382839
8.427597955706984
9.555261999119331
8.670668058455115
9.154086413326393
9.743577767398412
9.828234265734265
7.83872322553549
8.684116597263534
10.042114695340501
10.120213713268033
7.5834464043419265
10.246038732394366
8.25171939477304
10.876602564102564
9.014797136038187
9.339756592292089
8.710863509749304
8.4688489968321
8.48643216080402
8.427597955706984
6.336301369863014
7.562345169281586
7.2889733840304185
9.293282876064334
9.91812865497076
5.663551401869159
8.238283828382839
8.390279823269514
9.660830415207604
8.473454545454546
10.06413612565445
7.677200902934537
9.138252756573367
8.238283828382839
9.73936408419167
8.770768547312306
9.555261999119331
9.692708333333334
7.060185185185185
10.120213713268033
10.527953890489913
10.019846639603067
5.5
10.401229148375768
8.208387942332896
7.592668024439918
8.034507042253521
8.104712041884817
7.739102564102564
6.589707927677329
7.971383147853736
7.2162828947368425
9.138252756573367
7.971383147853736
9.622710622710622
7.545454545454546
11.3717277486911
7.5834464043419265
7.469289164941339
10.11144193960017
10.00731812311666
8.473454545454546
8.664470794905577
9.065764925373134
9.734553775743708
7.592668024439918
8.243992606284658
8.770768547312306
11.146930884485258
9.838014981273409
10.110421286031043
7.060175511909737
7.060175511909737
7.245432883240667
9.217702034084661
9.884122069880585
9.34045393858478
8.445054945054945
12.277620396600566
9.065764925373134
9.884122069880585
10.462399283795882
8.034507042253521
8.810578105781058
7.562345169281586
6.897880539499036
9.555261999119331
9.622710622710622
9.828234265734265
8.121685927940177
8.684116597263534
9.056245912361021
8.103302881236823
7.980154355016538
9.752243270189432
10.383047707271885
7.592668024439918
9.132075471698114
7.971383147853736
7.6841339155749635
9.293282876064334
8.473454545454546
8.670668058455115
8.103302881236823
7.067640918580376
8.312544294826365
9.832190214906264
11.380347907851434
9.35177304964539
7.980154355016538
7.514563106796117
11.380347907851434
7.310577644411103
8.550860719874805
8.684116597263534
10.527953890489913
8.090575275397796
7.753794266441822
6.928452579034942
9.734553775743708
5.986436498150431
7.42326909350464
8.456140350877194
11.092084006462036
7.677200902934537
7.4584206848357795
9.35177304964539
7.696125084976207
8.208387942332896
8.208053691275168
6.856489945155393
10.085771276595745
11.605108055009824
7.310577644411103
8.42426187419769
7.563291139240507
6.039708265802269
8.358717434869739
7.570219966159052
9.812227074235809
7.804363636363636
10.165677772706527
9.475496688741721
9.838014981273409
8.56631989596879
8.427597955706984
10.856877323420074
7.086956521739131
8.053841103086015
7.060175511909737
8.770768547312306
6.8563829787234045
8.48643216080402
7.83872322553549
7.788699690402477
11.476389719067543
8.243992606284658
8.312544294826365
7.758269720101781
9.889084507042254
7.677200902934537
8.6189111747851
9.584871679423683
7.2162828947368425
10.805128205128206
9.576375711574952
8.35515873015873
8.998388829215896
9.55473781048758
9.584871679423683
9.065764925373134
9.065764925373134
10.185294117647059
8.6189111747851
7.788699690402477
8.107508532423209
6.336301369863014
6.76986301369863
8.104712041884817
9.138252756573367
7.677200902934537
9.339756592292089
9.222841225626741
8.35515873015873
7.8
8.243992606284658
9.339756592292089
8.037878787878787
10.200470588235294
9.511683357176919
10.085771276595745
8.670668058455115
10.250812819321876
8.643236074270558
5.307065217391305
9.056245912361021
8.238283828382839
9.826782449725776
10.142721217887726
5.787926926131851
9.065764925373134
8.3
9.576375711574952
8.103302881236823
8.358717434869739
10.11144193960017
9.542483660130719
8.810578105781058
9.056245912361021
8.427597955706984
9.154086413326393
7.3223082336382825
6.478011472275335
7.015671325709445
7.562345169281586
8.427597955706984
7.007281553398058
10.246038732394366
8.103302881236823
9.61276595744681
8.208387942332896
7.42326909350464
8.107508532423209
9.576375711574952
7.572898799313894
9.884122069880585
6.478011472275335
7.971383147853736
7.147918511957484
8.107508532423209
10.125222024866785
8.911715713492503
6.316587677725119
10.346239430351579
7.804363636363636
7.572898799313894
8.278523489932885
10.346239430351579
8.107508532423209
10.165677772706527
9.660830415207604
9.3109243697479
11.240588235294117
10.2
9.622710622710622
8.511415525114156
10.902617163724894
7.147918511957484
7.812202852614897
8.569377990430622
7.819233550253073
8.998388829215896
9.576375711574952
8.170313424009462
8.42426187419769
8.445054945054945
9.752243270189432
9.35177304964539
8.427597955706984
7.060175511909737
8.107508532423209
7.83872322553549
7.592668024439918
9.35
9.339756592292089
10.083333333333334
9.217702034084661
9.056245912361021
8.427597955706984
7.62227602905569
10.125222024866785
7.572898799313894
7.804363636363636
8.06058282208589
8.390279823269514
8.427597955706984
6.336301369863014
8.053841103086015
6.0
7.060175511909737
10.462399283795882
10.110421286031043
8.170313424009462
7.570219966159052
7.11973018549747
9.34045393858478
9.511683357176919
10.69471799462847
8.770768547312306
5.785714285714286
9.217702034084661
10.06413612565445
8.569377990430622
7.562345169281586
9.884122069880585
8.770768547312306
9.138252756573367
8.911715713492503
10.805097451274364
9.876680574872507
8.034507042253521
8.121685927940177
9.73936408419167
8.358717434869739
8.312544294826365
10.25396163469558
9.743577767398412
11.520695860827834
9.55473781048758
8.664470794905577
8.511415525114156
8.170313424009462
8.6189111747851
8.427597955706984
7.819233550253073
8.511415525114156
6.320675105485232
8.833333333333334
9.743577767398412
7.2162828947368425
9.056245912361021
8.333333333333334
10.383047707271885
7.245432883240667
10.401229148375768
9.55473781048758
6.506060606060606
6.105263157894737
7.245432883240667
6.856796116504855
9.154086413326393
7.83872322553549
8.810578105781058
9.764530551415797
7.6841339155749635
7.111504424778761
9.542483660130719
7.928189457601222
10.00731812311666
6.964285714285714
8.107508532423209
11.052173913043479
11.80489260143198
7.980154355016538
10.085771276595745
10.25556586270872
8.103302881236823
7.098373983739838
8.090575275397796
8.238283828382839
7.6841339155749635
8.319872476089266
6.659119496855346
7.562345169281586
9.828234265734265
10.381252627154266
7.3223082336382825
10.608993902439025
8.090575275397796
8.370322580645162
9.660830415207604
8.208387942332896
10.27593537414966
7.812202852614897
7.753794266441822
11.3717277486911
8.034507042253521
7.5834464043419265
7.015671325709445
8.770768547312306
7.928189457601222
9.217702034084661
11.380347907851434
8.090575275397796
7.42326909350464
7.739102564102564
7.060185185185185
6.659119496855346
9.931723176962379
9.622710622710622
8.48643216080402
10.383225806451613
7.971383147853736
8.664470794905577
9.217702034084661
9.622710622710622
9.832190214906264
8.170313424009462
8.370322580645162
8.550860719874805
8.047138047138047
8.56631989596879
7.804363636363636
7.948497854077253
8.35515873015873
6.8072837632776935
6.8072837632776935
8.170313424009462
10.076958525345622
8.473454545454546
10.29763986013986
10.250812819321876
8.107508532423209
8.025732666190136
7.677200902934537
8.6189111747851
5.583333333333333
5.769230769230769
8.107508532423209
10.32739328636552
7.321428571428571
10.019846639603067
10.69471799462847
9.828234265734265
7.12214983713355
7.7008227374719525
8.6189111747851
8.998388829215896
7.42326909350464
8.238283828382839
7.321428571428571
7.592668024439918
10.00731812311666
9.217702034084661
8.243992606284658
8.365013774104684
8.025732666190136
10.346239430351579
9.889084507042254
9.576375711574952
9.483259911894272
7.563368055555555
9.660830415207604
9.34045393858478
10.32739328636552
9.339756592292089
6.525442477876106
10.142721217887726
5.873142857142857
8.511415525114156
9.217702034084661
7.928189457601222
8.427597955706984
8.047138047138047
7.717125382262997
8.025732666190136
7.563291139240507
7.469289164941339
8.550860719874805
8.911715713492503
10.383047707271885
8.770768547312306
8.025732666190136
8.4688489968321
9.734553775743708
9.622710622710622
9.622710622710622
9.584871679423683
8.643236074270558
8.208387942332896
7.592668024439918
8.56631989596879
6.303425774877651
8.56631989596879
6.8563829787234045
9.743577767398412
8.037878787878787
8.037878787878787
8.48643216080402
7.849914965986395
9.014797136038187
8.710863509749304
9.55473781048758
6.7348901098901095
8.56631989596879
9.014797136038187
7.83872322553549
7.788699690402477
6.856489945155393
9.734553775743708
8.25171939477304
9.138252756573367
7.717125382262997
8.107508532423209
8.319872476089266
8.511415525114156
7.5834464043419265
10.33275713050994
8.731891891891891
8.243992606284658
8.770768547312306
9.584871679423683
9.826782449725776
8.121685927940177
7.804363636363636
9.164285714285715
8.170313424009462
9.622710622710622
7.717125382262997
10.125222024866785
9.660830415207604
8.998388829215896
8.119736842105263
7.2889733840304185
8.48643216080402
8.48643216080402
8.427597955706984
7.928189457601222
8.427597955706984
7.849914965986395
6.437150837988827
7.098373983739838
8.14538745387454
8.664470794905577
9.884122069880585
10.25
10.165677772706527
9.91812865497076
9.376344086021506
9.056245912361021
5.952060221870047
7.007281553398058
10.462399283795882
9.37468030690537
8.731891891891891
8.710863509749304
9.752243270189432
9.217702034084661
9.511683357176919
7.592668024439918
8.090575275397796
9.154086413326393
8.44717607973422
9.832190214906264
7.739102564102564
9.622710622710622
9.884122069880585
6.744628099173553
7.647977288857346
7.570219966159052
8.047138047138047
8.550860719874805
7.849914965986395
8.770768547312306
9.511683357176919
7.528174936921783
7.753794266441822
8.243992606284658
7.83872322553549
7.563368055555555
8.770768547312306
8.569377990430622
7.7008227374719525
8.358717434869739
7.007281553398058
8.121685927940177
5.75
8.911715713492503
7.656417112299465
9.138252756573367
7.819233550253073
7.015671325709445
7.849914965986395
10.5
8.358717434869739
7.917989417989418
8.208053691275168
9.752243270189432
6.925096525096525
7.971383147853736
7.592668024439918
8.664470794905577
9.812227074235809
8.664470794905577
9.132075471698114
8.312544294826365
7.849914965986395
8.664470794905577
7.22211808809747
6.8072837632776935
10.076958525345622
8.42426187419769
8.664470794905577
10.608993902439025
8.427597955706984
9.35
8.511415525114156
9.483259911894272
10.29763986013986
7.015671325709445
8.56631989596879
8.24191866527633
9.056245912361021
7.948497854077253
7.514563106796117
9.138252756573367
8.25171939477304
10.227198697068404
9.931723176962379
7.572898799313894
5.634117647058823
7.21084864391951
7.928189457601222
8.664470794905577
10.085771276595745
7.717125382262997
8.6189111747851
6.659119496855346
8.48643216080402
6.252032520325203
9.931723176962379
6.89873417721519
7.717125382262997
6.1689419795221845
7.753794266441822
7.7008227374719525
9.376344086021506
7.804363636363636
7.2889733840304185
7.060175511909737
8.4688489968321
7.067640918580376
8.107508532423209
5.835654596100278
6.786885245901639
7.647977288857346
7.015671325709445
7.572898799313894
8.025732666190136
6.52014652014652
8.103302881236823
8.731891891891891
5.956521739130435
6.897880539499036
8.103302881236823
10.165677772706527
8.370322580645162
9.475496688741721
8.35515873015873
7.812202852614897
10.227198697068404
7.514563106796117
9.339756592292089
8.25171939477304
8.48643216080402
9.483259911894272
7.849914965986395
9.483259911894272
7.570219966159052
6.99837925445705
8.710863509749304
5.971052631578948
9.587757651467832
9.339756592292089
9.37468030690537
7.22211808809747
9.660830415207604
9.065764925373134
6.8072837632776935
8.238283828382839
8.312544294826365
10.00731812311666
8.06058282208589
9.293282876064334
8.48643216080402
7.62227602905569
7.4584206848357795
7.812202852614897
8.278523489932885
9.376344086021506
7.008230452674897
6.696709585121602
7.563368055555555
8.021428571428572
7.12214983713355
8.370322580645162
8.090575275397796
8.047138047138047
7.6841339155749635
9.91812865497076
7.188888888888889
9.511683357176919
7.800978792822186
8.710863509749304
10.051568543188655
8.42426187419769
7.562345169281586
7.714821763602251
11.683319903303786
7.753794266441822
8.053841103086015
8.170313424009462
7.717125382262997
8.914819136522754
10.165677772706527
8.427597955706984
9.37468030690537
7.717125382262997
8.428571428571429
7.563368055555555
8.427597955706984
8.456140350877194
8.914819136522754
8.911715713492503
10.27593537414966
10.250812819321876
10.120213713268033
9.743577767398412
10.25396163469558
10.019846639603067
9.743577767398412
11.28883495145631
11.818840579710145
10.051568543188655
7.572898799313894
8.053841103086015
7.2162828947368425
7.696125084976207
8.243992606284658
9.734553775743708
8.684116597263534
7.528174936921783
9.826782449725776
8.427597955706984
7.819233550253073
7.739102564102564
7.758269720101781
8.090575275397796
8.664470794905577
8.24191866527633
8.747404844290658
6.76986301369863
7.11973018549747
7.12214983713355
7.819233550253073
8.208387942332896
9.622710622710622
11.559284116331096
8.770768547312306
10.00731812311666
10.346239430351579
6.750174947515745
8.998388829215896
9.622710622710622
9.34045393858478
7.804363636363636
10.25396163469558
9.37468030690537
9.838014981273409
8.550860719874805
9.293282876064334
8.684116597263534
8.370322580645162
8.243992606284658
7.971383147853736
10.200470588235294
7.067640918580376
10.805128205128206
11.246469833119384
9.660830415207604
8.44717607973422
8.427597955706984
9.743577767398412
8.090575275397796
8.770768547312306
10.06413612565445
7.6967592592592595
9.817885421518397
8.569377990430622
9.217702034084661
8.243992606284658
7.060185185185185
9.35177304964539
8.911715713492503
8.243992606284658
9.34045393858478
8.473454545454546
8.914819136522754
8.25171939477304
7.717125382262997
9.660830415207604
8.56631989596879
7.2889733840304185
9.065764925373134
8.06058282208589
8.684116597263534
9.376344086021506
7.812202852614897
8.034507042253521
7.592668024439918
7.015671325709445
7.147918511957484
7.3223082336382825
7.321428571428571
7.015671325709445
7.3223082336382825
8.121685927940177
9.61276595744681
8.358717434869739
8.238283828382839
8.312544294826365
8.104712041884817
6.99837925445705
8.770768547312306
6.76986301369863
9.217702034084661
8.238283828382839
9.734553775743708
6.501067008109262
6.928452579034942
7.015671325709445
8.07843137254902
10.69471799462847
8.06058282208589
7.337028824833703
9.138252756573367
7.572898799313894
7.7008227374719525
9.73936408419167
9.37468030690537
11.146930884485258
9.483259911894272
7.2162828947368425
6.510989010989011
10.447345517841601
7.562015503875969
9.522222222222222
6.48626817447496
10.200470588235294
9.339756592292089
9.889084507042254
7.572898799313894
10.462399283795882
8.684116597263534
7.416666666666667
8.670668058455115
6.750174947515745
9.014797136038187
8.25171939477304
10.019846639603067
8.25171939477304
7.22211808809747
7.067640918580376
9.743577767398412
9.584871679423683
7.562345169281586
9.73936408419167
7.928189457601222
8.427597955706984
9.014797136038187
9.660830415207604
7.007281553398058
9.587757651467832
7.788699690402477
7.42326909350464
6.875
10.00731812311666
7.067640918580376
7.819233550253073
11.3717277486911
7.572898799313894
9.91812865497076
8.770768547312306
8.312544294826365
7.067640918580376
10.227198697068404
10.25396163469558
9.34045393858478
7.788699690402477
8.06058282208589
7.2889733840304185
8.684116597263534
10.142721217887726
8.670668058455115
9.734553775743708
10.11144193960017
6.121212121212121
5.916666666666667
9.555261999119331
10.250812819321876
10.246038732394366
9.889084507042254
8.911715713492503
8.56631989596879
8.25171939477304
7.355011933174224
10.722222222222221
8.103302881236823
8.684242424242424
6.1689419795221845
8.025732666190136
8.238283828382839
8.770768547312306
9.483259911894272
5.713554987212277
6.68033946251768
5.871794871794871
9.73936408419167
9.816964285714286
7.647977288857346
7.570219966159052
8.104712041884817
6.856489945155393
11.314122862571248
7.592668024439918
11.207600950118765
9.37468030690537
5.8
7.563291139240507
7.739102564102564
8.25171939477304
9.828234265734265
9.34045393858478
10.019846639603067
9.056245912361021
9.37468030690537
10.876602564102564
8.25171939477304
8.319872476089266
8.312544294826365
7.067640918580376
9.376344086021506
8.053841103086015
7.373684210526315
8.243992606284658
8.06058282208589
8.643236074270558
8.208387942332896
8.664470794905577
8.370322580645162
10.462399283795882
7.562345169281586
9.222841225626741
10.876602564102564
9.931723176962379
11.520695860827834
9.103225806451613
6.056050955414013
8.48643216080402
8.170313424009462
6.856796116504855
7.562345169281586
9.339756592292089
8.42426187419769
7.812202852614897
8.4688489968321
8.770768547312306
9.660830415207604
7.819233550253073
8.42426187419769
8.939024390243903
9.897237033446437
11.603065134099618
8.090575275397796
8.208387942332896
8.810578105781058
9.056245912361021
9.61276595744681
9.11111111111111
6.52014652014652
8.613709160794363
7.368421052631579
6.478011472275335
8.770768547312306
6.711111111111111
7.245432883240667
7.83872322553549
9.832190214906264
9.660830415207604
8.358717434869739
10.042114695340501
9.222841225626741
8.643236074270558
7.245432883240667
7.245432883240667
9.339756592292089
7.42326909350464
9.743577767398412
10.32739328636552
8.238283828382839
9.622710622710622
7.819233550253073
9.014797136038187
9.73936408419167
8.911715713492503
8.208387942332896
8.4688489968321
6.744628099173553
9.817885421518397
7.5834464043419265
9.73936408419167
9.743577767398412
8.6189111747851
7.4584206848357795
10.085771276595745
8.427597955706984
8.684116597263534
7.928189457601222
8.121685927940177
9.826782449725776
10.142857142857142
11.683319903303786
8.208387942332896
9.812227074235809
7.62227602905569
10.33275713050994
8.710863509749304
10.401229148375768
8.731891891891891
8.025732666190136
9.931723176962379
7.067640918580376
8.06058282208589
9.138252756573367
7.83872322553549
7.647977288857346
8.939024390243903
11.246469833119384
7.714821763602251
10.110421286031043
8.238283828382839
10.042114695340501
10.11144193960017
7.83872322553549
10.185294117647059
6.1688311688311686
8.473454545454546
8.998388829215896
7.971383147853736
7.570219966159052
8.710863509749304
9.73936408419167
6.18503937007874
9.217702034084661
7.2162828947368425
8.4688489968321
8.747404844290658
8.208387942332896
7.647977288857346
10.29763986013986
8.684116597263534
8.473454545454546
8.24191866527633
8.684116597263534
7.804363636363636
8.456140350877194
7.971383147853736
7.4584206848357795
7.542725173210162
7.3223082336382825
7.060175511909737
8.25171939477304
8.684242424242424
9.73936408419167
9.587757651467832
7.656417112299465
7.528174936921783
9.511683357176919
8.25171939477304
7.562345169281586
7.570219966159052
8.208387942332896
8.047138047138047
8.25171939477304
7.971383147853736
8.25171939477304
9.91812865497076
8.664470794905577
9.542483660130719
6.8563829787234045
9.555261999119331
8.034507042253521
8.25171939477304
8.456140350877194
10.902617163724894
7.812202852614897
8.664470794905577
7.21084864391951
8.025732666190136
8.208387942332896
7.3223082336382825
7.562015503875969
7.563368055555555
8.170313424009462
9.576375711574952
8.445054945054945
8.511415525114156
7.015671325709445
6.696709585121602
7.12214983713355
6.253038194444445
8.445054945054945
7.62227602905569
8.664470794905577
9.293282876064334
6.7348901098901095
7.245432883240667
7.528174936921783
9.222841225626741
9.734553775743708
9.752243270189432
8.053841103086015
9.817885421518397
6.8072837632776935
8.025732666190136
10.25396163469558
7.647977288857346
6.856489945155393
5.986436498150431
7.562015503875969
6.336301369863014
5.991295938104448
7.849914965986395
8.511415525114156
6.99837925445705
8.047138047138047
6.897880539499036
7.373684210526315
9.293282876064334
6.0
6.897880539499036
8.121685927940177
8.770768547312306
9.764530551415797
8.998388829215896
7.098373983739838
9.065764925373134
10.177168949771689
7.753794266441822
8.664470794905577
7.2889733840304185
6.750174947515745
9.660830415207604
8.684116597263534
7.812202852614897
7.4584206848357795
8.710863509749304
7.111504424778761
8.473454545454546
8.24191866527633
7.980154355016538
8.684116597263534
10.00731812311666
9.154086413326393
10.77264883520276
7.819233550253073
8.445054945054945
8.664470794905577
8.684116597263534
8.44717607973422
9.584871679423683
9.138252756573367
9.154086413326393
8.238283828382839
8.358717434869739
8.4688489968321
10.200470588235294
7.067640918580376
7.83872322553549
8.104712041884817
10.902617163724894
8.365013774104684
7.355011933174224
6.750174947515745
6.925096525096525
8.914819136522754
6.52014652014652
10.142721217887726
7.12214983713355
10.142721217887726
10.346239430351579
8.090575275397796
8.48643216080402
8.238283828382839
8.370322580645162
9.555261999119331
9.812227074235809
7.12214983713355
9.73936408419167
7.788699690402477
7.563368055555555
8.684242424242424
10.227198697068404
7.5834464043419265
6.76986301369863
6.846153846153846
7.4584206848357795
9.816964285714286
8.365013774104684
9.734553775743708
8.107508532423209
10.856877323420074
7.971383147853736
10.981012658227849
9.483259911894272
9.931723176962379
7.788699690402477
9.743577767398412
9.817885421518397
7.2889733840304185
9.734553775743708
6.8072837632776935
7.739102564102564
8.312544294826365
8.208053691275168
7.571428571428571
9.339756592292089
7.060185185185185
7.7008227374719525
8.170313424009462
9.34045393858478
10.051568543188655
9.91812865497076
7.21084864391951
8.208387942332896
7.849914965986395
9.752243270189432
8.312544294826365
7.592668024439918
9.577777777777778
9.37468030690537
8.664470794905577
8.427597955706984
9.576375711574952
7.652061855670103
8.06058282208589
8.125
8.770768547312306
10.019846639603067
8.456140350877194
7.11973018549747
7.21084864391951
9.217702034084661
10.085771276595745
7.647977288857346
9.3109243697479
8.121685927940177
7.245432883240667
9.889084507042254
8.613709160794363
11.27564825253664
7.758673862760216
7.563368055555555
10.200470588235294
10.383047707271885
9.931723176962379
7.355011933174224
8.238283828382839
7.739102564102564
8.998388829215896
8.370322580645162
8.208387942332896
8.24191866527633
7.563368055555555
7.570219966159052
8.731891891891891
9.056245912361021
7.562345169281586
10.339622641509434
7.563291139240507
9.817885421518397
7.819233550253073
8.747404844290658
7.5834464043419265
8.104712041884817
10.250812819321876
8.14538745387454
8.14538745387454
7.05718954248366
7.83872322553549
8.034507042253521
7.514563106796117
9.743577767398412
9.876680574872507
8.107508532423209
10.401229148375768
8.770768547312306
8.104712041884817
8.911715713492503
7.563368055555555
8.319872476089266
5.787926926131851
7.971383147853736
8.56631989596879
6.478011472275335
10.085771276595745
7.007281553398058
8.684242424242424
8.25171939477304
7.696125084976207
7.83872322553549
9.828234265734265
7.321428571428571
7.592668024439918
7.060175511909737
7.562345169281586
8.684242424242424
8.710863509749304
7.696125084976207
9.576375711574952
7.098373983739838
9.154086413326393
7.42326909350464
7.83872322553549
8.44717607973422
10.527953890489913
9.483259911894272
8.243992606284658
7.098373983739838
9.832190214906264
9.511683357176919
7.647977288857346
6.928452579034942
7.3223082336382825
7.804363636363636
7.067640918580376
6.925096525096525
5.682539682539683
11.646527385657821
9.511683357176919
7.563291139240507
9.081371545547595
10.401229148375768
7.21084864391951
8.710863509749304
5.913388955105284
8.090575275397796
9.884122069880585
7.971383147853736
9.826782449725776
9.014797136038187
7.542725173210162
8.037878787878787
7.067640918580376
10.177168949771689
9.475496688741721
7.147918511957484
8.047138047138047
8.104712041884817
9.511683357176919
9.828234265734265
6.117647058823529
5.473340587595212
9.483259911894272
7.758673862760216
9.817885421518397
7.6967592592592595
10.076958525345622
9.35177304964539
8.731891891891891
8.104712041884817
9.339756592292089
8.390279823269514
8.25171939477304
9.511683357176919
7.4584206848357795
7.2162828947368425
7.2889733840304185
8.370322580645162
8.684242424242424
6.501067008109262
9.576375711574952
9.217702034084661
6.435897435897436
8.770768547312306
9.35177304964539
8.664470794905577
9.576375711574952
8.4688489968321
9.817885421518397
8.390279823269514
8.511415525114156
10.125222024866785
9.91812865497076
9.584871679423683
8.243992606284658
9.154086413326393
7.849914965986395
7.849914965986395
10.805128205128206
9.217702034084661
8.684116597263534
10.227198697068404
10.527953890489913
6.68033946251768
6.925096525096525
8.445054945054945
7.739102564102564
8.710863509749304
8.56631989596879
9.73936408419167
8.456140350877194
7.592668024439918
8.243992606284658
10.107015457788346
9.73936408419167
8.390279823269514
8.511415525114156
8.473454545454546
9.55473781048758
6.336301369863014
9.483259911894272
8.56631989596879
9.61276595744681
8.914819136522754
9.576375711574952
7.739102564102564
5.833170731707317
10.462399283795882
7.11973018549747
8.664470794905577
9.103225806451613
9.576375711574952
9.138252756573367
8.911715713492503
9.483259911894272
8.243992606284658
8.42426187419769
7.804363636363636
8.104712041884817
8.810578105781058
10.246038732394366
8.107508532423209
7.928189457601222
9.832190214906264
10.11144193960017
10.77264883520276
9.734553775743708
9.692708333333334
8.56631989596879
8.613709160794363
7.5834464043419265
8.170313424009462
8.238283828382839
8.56631989596879
5.893834218048183
7.5834464043419265
9.0
7.7008227374719525
9.587757651467832
8.613709160794363
8.034507042253521
9.73936408419167
7.015671325709445
8.48643216080402
7.5834464043419265
8.48643216080402
7.6841339155749635
9.376344086021506
8.034507042253521
9.065764925373134
8.56631989596879
9.660830415207604
9.154086413326393
10.00731812311666
7.717125382262997
8.208053691275168
8.090575275397796
9.931723176962379
9.832190214906264
5.723076923076923
10.462399283795882
8.427597955706984
8.445054945054945
7.098373983739838
10.16161616161616
6.525442477876106
7.696125084976207
7.656417112299465
6.02869757174393
6.757126567844926
8.390279823269514
9.293282876064334
6.744628099173553
6.589707927677329
6.7348901098901095
6.6328125
5.152086137281292
7.571428571428571
9.897237033446437
6.244415243101183
9.081371545547595
6.165847665847666
7.05718954248366
8.034507042253521
7.83872322553549
8.104712041884817
5.837536171971889
7.310577644411103
6.501067008109262
7.717125382262997
8.44717607973422
8.025732666190136
7.656417112299465
8.427597955706984
8.025732666190136
8.053841103086015
8.06058282208589
9.34045393858478
6.099431818181818
7.563368055555555
7.528174936921783
6.744628099173553
9.339756592292089
8.569377990430622
7.6967592592592595
8.370322580645162
6.925096525096525
8.312544294826365
8.053841103086015
8.370322580645162
9.376344086021506
6.320675105485232
6.750174947515745
5.890080428954423
7.849914965986395
5.787926926131851
8.06058282208589
7.067640918580376
7.469289164941339
5.787926926131851
7.5834464043419265
8.047138047138047
7.060175511909737
7.015671325709445
8.06058282208589
11.240588235294117
10.400881057268723
9.576375711574952
6.964285714285714
7.42326909350464
8.121685927940177
7.563368055555555
8.48643216080402
7.015671325709445
9.511683357176919
6.8072837632776935
10.00731812311666
5.986436498150431
9.293282876064334
9.91812865497076
9.483259911894272
7.928189457601222
8.613709160794363
8.664470794905577
8.48643216080402
9.483259911894272
9.154086413326393
9.752243270189432
6.52014652014652
8.613709160794363
6.8563829787234045
9.817885421518397
8.511415525114156
7.3223082336382825
9.884122069880585
9.584871679423683
8.243992606284658
7.22211808809747
7.008230452674897
6.604095563139932
7.008230452674897
8.107508532423209
9.339756592292089
7.971383147853736
9.154086413326393
7.2889733840304185
7.980154355016538
8.48643216080402
7.4584206848357795
9.576375711574952
6.036363636363636
9.91812865497076
7.849914965986395
5.787926926131851
9.817885421518397
8.119736842105263
7.015671325709445
9.511683357176919
8.119736842105263
8.643236074270558
7.849914965986395
8.243992606284658
9.014797136038187
10.184848484848485
10.177168949771689
8.48643216080402
8.445054945054945
9.931723176962379
9.752243270189432
6.405633802816902
10.00731812311666
8.25171939477304
4.114285714285714
10.200470588235294
9.889084507042254
8.511415525114156
9.154086413326393
9.73936408419167
7.656417112299465
7.656417112299465
9.622710622710622
8.358717434869739
9.138252756573367
8.278523489932885
9.622710622710622
7.6841339155749635
9.138252756573367
8.25171939477304
8.25171939477304
6.52014652014652
10.527953890489913
7.542725173210162
7.948497854077253
7.060175511909737
8.710863509749304
9.138252756573367
8.0
7.717125382262997
6.856796116504855
7.62227602905569
6.856489945155393
8.643236074270558
6.52014652014652
7.337028824833703
7.015671325709445
9.812227074235809
8.550860719874805
7.008230452674897
10.736
9.832190214906264
6.99837925445705
9.876680574872507
7.812202852614897
8.238283828382839
8.445054945054945
7.83872322553549
8.370322580645162
9.884122069880585
6.52014652014652
8.243992606284658
7.3223082336382825
8.14538745387454
7.42326909350464
7.777777777777778
7.4584206848357795
9.828234265734265
8.48643216080402
9.014797136038187
7.717125382262997
7.05718954248366
5.516304347826087
9.884122069880585
8.025732666190136
9.61276595744681
7.7008227374719525
8.370322580645162
9.376344086021506
6.165847665847666
10.27593537414966
8.643236074270558
10.06413612565445
6.8563829787234045
7.355011933174224
8.208053691275168
8.025732666190136
7.739102564102564
7.4584206848357795
9.931723176962379
8.914819136522754
9.483259911894272
9.154086413326393
7.804363636363636
8.365013774104684
9.817885421518397
9.576375711574952
9.931723176962379
9.752243270189432
7.015671325709445
6.253038194444445
9.014797136038187
5.873142857142857
7.758673862760216
6.928452579034942
8.42426187419769
8.090575275397796
6.8563829787234045
7.015671325709445
9.817885421518397
7.971383147853736
8.684116597263534
9.483259911894272
6.665594855305466
9.734553775743708
7.05718954248366
6.856489945155393
8.103302881236823
8.121685927940177
7.652061855670103
8.103302881236823
7.849914965986395
10.184848484848485
8.684242424242424
7.015671325709445
10.447345517841601
8.35515873015873
8.090575275397796
7.572898799313894
9.764530551415797
9.828234265734265
8.670668058455115
9.734553775743708
6.081632653061225
8.208387942332896
10.527953890489913
9.014797136038187
7.7008227374719525
9.576375711574952
7.015671325709445
8.42426187419769
6.897880539499036
8.312544294826365
8.44717607973422
8.243992606284658
7.111504424778761
7.321428571428571
8.710863509749304
8.473454545454546
8.643236074270558
8.684116597263534
8.312544294826365
9.475496688741721
8.312544294826365
9.73936408419167
7.067640918580376
8.48643216080402
7.677200902934537
7.2889733840304185
8.56631989596879
8.121685927940177
10.11144193960017
10.736
8.35515873015873
8.4688489968321
7.570219966159052
6.750174947515745
5.516304347826087
8.053841103086015
7.971383147853736
8.103302881236823
9.217702034084661
7.83872322553549
10.165677772706527
7.717125382262997
7.62227602905569
8.664470794905577
7.049382716049383
7.948497854077253
8.684242424242424
7.849914965986395
10.250812819321876
7.12214983713355
8.56631989596879
8.24191866527633
8.710863509749304
9.376344086021506
8.44717607973422
10.33275713050994
8.670668058455115
9.081371545547595
8.119736842105263
10.06413612565445
7.5834464043419265
8.090575275397796
8.770768547312306
9.014797136038187
8.569377990430622
8.047138047138047
8.370322580645162
8.103302881236823
9.828234265734265
9.056245912361021
4.909090909090909
8.911715713492503
7.469289164941339
8.034507042253521
7.652061855670103
7.849914965986395
8.550860719874805
5.723076923076923
8.243992606284658
6.510860820595334
7.788699690402477
9.35177304964539
7.7008227374719525
9.99090909090909
8.208053691275168
9.138252756573367
9.752243270189432
8.42426187419769
9.065764925373134
8.6189111747851
10.107015457788346
8.44717607973422
9.584871679423683
7.542725173210162
7.355011933174224
7.563368055555555
9.483259911894272
7.05718954248366
9.154086413326393
9.752243270189432
8.56631989596879
9.752243270189432
7.647977288857346
9.817885421518397
7.717125382262997
8.107508532423209
7.469289164941339
7.111504424778761
6.165847665847666
9.217702034084661
7.563368055555555
8.090575275397796
9.812227074235809
9.826782449725776
11.3717277486911
8.170313424009462
7.368421052631579
8.034507042253521
10.11144193960017
8.25171939477304
9.73936408419167
7.6967592592592595
9.812227074235809
10.462399283795882
9.34045393858478
9.931723176962379
9.660830415207604
8.208387942332896
8.44717607973422
6.925096525096525
8.370322580645162
9.734553775743708
11.27564825253664
8.810578105781058
11.345193035579106
9.584871679423683
9.483259911894272
8.238283828382839
8.613709160794363
9.056245912361021
12.277620396600566
6.750174947515745
5.913388955105284
9.339756592292089
9.587757651467832
10.383047707271885
9.622710622710622
10.107015457788346
8.710863509749304
8.473454545454546
10.902617163724894
10.00731812311666
8.238283828382839
10.250812819321876
8.613709160794363
8.6189111747851
7.739102564102564
7.714821763602251
8.462264150943396
6.72972972972973
7.849914965986395
7.11973018549747
6.122347066167291
6.897880539499036
6.574742268041237
7.819233550253073
5.991295938104448
7.7008227374719525
7.980154355016538
7.528174936921783
8.664470794905577
9.91812865497076
10.085771276595745
10.200470588235294
9.475496688741721
8.613709160794363
8.25171939477304
8.714285714285714
9.889084507042254
8.473454545454546
9.838014981273409
11.146930884485258
8.911715713492503
6.52014652014652
7.572898799313894
8.911715713492503
8.034507042253521
9.622710622710622
5.787926926131851
8.365013774104684
6.604095563139932
9.832190214906264
8.670668058455115
8.473454545454546
9.222841225626741
8.053841103086015
6.450099800399202
8.42426187419769
7.11973018549747
7.469289164941339
7.2889733840304185
8.550860719874805
9.622710622710622
9.014797136038187
9.217702034084661
7.572898799313894
9.752243270189432
6.750174947515745
7.42326909350464
7.4584206848357795
11.240588235294117
8.911715713492503
9.752243270189432
7.570219966159052
7.25
8.243992606284658
8.365013774104684
11.28883495145631
8.664470794905577
8.670668058455115
9.37468030690537
6.535152151101784
9.511683357176919
7.592668024439918
7.12214983713355
7.928189457601222
10.00731812311666
8.25171939477304
6.343283582089552
8.684116597263534
8.48643216080402
8.025732666190136
7.562345169281586
7.83872322553549
7.526881720430108
9.660830415207604
6.536231884057971
7.819233550253073
8.914819136522754
10.902617163724894
9.014797136038187
7.563368055555555
11.28883495145631
10.184848484848485
10.06413612565445
11.27564825253664
7.83872322553549
10.11144193960017
6.039708265802269
6.8072837632776935
9.138252756573367
7.2162828947368425
8.25171939477304
9.222841225626741
8.25171939477304
8.208387942332896
9.876680574872507
8.025732666190136
6.510860820595334
7.067640918580376
7.570219966159052
7.528174936921783
6.054028436018958
9.73936408419167
8.090575275397796
8.48643216080402
8.44717607973422
8.034507042253521
7.656417112299465
4.713178294573644
9.065764925373134
10.064516129032258
8.053841103086015
7.812202852614897
4.972972972972973
10.250812819321876
8.7
7.6841339155749635
7.819233550253073
7.007281553398058
8.42426187419769
6.925096525096525
8.6189111747851
9.511683357176919
8.025732666190136
9.339756592292089
7.195652173913044
9.081371545547595
11.146930884485258
6.928452579034942
6.0191815856777495
7.469289164941339
6.501067008109262
5.625
6.506060606060606
7.2
7.572898799313894
7.321428571428571
8.445054945054945
7.015671325709445
7.067640918580376
8.427597955706984
9.73936408419167
9.511683357176919
6.293316304810558
6.620474406991261
9.752243270189432
6.8563829787234045
5.307065217391305
7.6967592592592595
9.660830415207604
7.355011933174224
5.971052631578948
8.4688489968321
7.5834464043419265
6.856489945155393
8.047138047138047
8.208053691275168
8.107508532423209
8.550860719874805
7.05718954248366
10.185294117647059
6.8563829787234045
8.770768547312306
11.146930884485258
10.25556586270872
7.007281553398058
7.592668024439918
7.008230452674897
6.8143063583815024
9.511683357176919
7.355011933174224
8.121685927940177
8.550860719874805
9.743577767398412
10.981012658227849
7.528174936921783
10.250812819321876
6.435897435897436
7.980154355016538
8.42426187419769
9.483259911894272
11.3717277486911
7.717125382262997
9.056245912361021
8.664470794905577
7.563291139240507
7.310577644411103
8.664470794905577
9.34045393858478
9.483259911894272
5.511627906976744
8.56631989596879
9.555261999119331
10.401229148375768
6.744628099173553
7.5834464043419265
7.83872322553549
8.208387942332896
6.744628099173553
7.060175511909737
7.337028824833703
8.48643216080402
10.042114695340501
9.35177304964539
7.804363636363636
6.76986301369863
7.717125382262997
8.48643216080402
10.902617163724894
9.622710622710622
8.034507042253521
9.889084507042254
10.227198697068404
8.56631989596879
8.710863509749304
7.42326909350464
7.12214983713355
7.562345169281586
9.475496688741721
8.473454545454546
10.165677772706527
9.483259911894272
9.339756592292089
9.752243270189432
5.833170731707317
9.832190214906264
9.816964285714286
6.897880539499036
9.154086413326393
7.104651162790698
8.25171939477304
8.511415525114156
9.889084507042254
8.684242424242424
9.889084507042254
9.734553775743708
7.21084864391951
8.684116597263534
7.315789473684211
8.44717607973422
8.170313424009462
8.047138047138047
9.511683357176919
8.42426187419769
8.104712041884817
9.817885421518397
9.138252756573367
7.928189457601222
7.812202852614897
7.677200902934537
9.376344086021506
7.147918511957484
9.483259911894272
8.427597955706984
8.119736842105263
8.365013774104684
9.660830415207604
9.73936408419167
7.526881720430108
7.11973018549747
10.00731812311666
9.897237033446437
11.380347907851434
9.475496688741721
7.868852459016393
7.3241616509028376
7.83872322553549
8.998388829215896
9.884122069880585
8.56631989596879
9.743577767398412
7.321428571428571
5.1927162367223065
9.37468030690537
7.572898799313894
7.868852459016393
9.542483660130719
9.61276595744681
9.339756592292089
9.154086413326393
9.138252756573367
8.670668058455115
8.731891891891891
9.34045393858478
8.208387942332896
7.05718954248366
10.227198697068404
11.146930884485258
8.312544294826365
8.613709160794363
9.081371545547595
9.3109243697479
7.3241616509028376
6.744628099173553
7.739102564102564
9.889084507042254
8.427597955706984
7.015671325709445
9.828234265734265
7.812202852614897
10.00731812311666
9.832190214906264
7.956521739130435
7.2889733840304185
9.154086413326393
7.015671325709445
10.00731812311666
9.138252756573367
10.876602564102564
9.34045393858478
10.77264883520276
9.138252756573367
7.067640918580376
9.056245912361021
10.11144193960017
7.857142857142857
7.563368055555555
7.6841339155749635
10.383047707271885
9.555261999119331
8.090575275397796
6.696709585121602
7.739102564102564
7.83872322553549
8.6189111747851
8.104712041884817
5.981308411214953
8.106382978723405
8.42426187419769
7.592668024439918
8.613709160794363
9.217702034084661
8.445054945054945
7.563368055555555
6.039708265802269
9.065764925373134
8.911715713492503
10.33275713050994
8.090575275397796
6.1689419795221845
8.312544294826365
7.5834464043419265
7.542725173210162
7.804363636363636
10.27593537414966
6.589707927677329
7.2162828947368425
6.620474406991261
8.14538745387454
7.928189457601222
6.52014652014652
7.592668024439918
6.501067008109262
9.55473781048758
6.757126567844926
7.067640918580376
9.752243270189432
7.62227602905569
8.747404844290658
8.664470794905577
10.107015457788346
9.483259911894272
7.355011933174224
6.928452579034942
10.396811337466785
6.1688311688311686
8.25171939477304
9.91812865497076
6.76986301369863
8.358717434869739
8.090575275397796
9.154086413326393
10.77264883520276
10.085771276595745
7.12214983713355
9.812227074235809
8.025732666190136
7.5834464043419265
6.76986301369863
8.670668058455115
9.483259911894272
7.060175511909737
8.121685927940177
10.352941176470589
9.889084507042254
9.0
9.55473781048758
6.856489945155393
8.24191866527633
8.998388829215896
6.636363636363637
7.147918511957484
8.511415525114156
9.584871679423683
9.138252756573367
8.090575275397796
9.056245912361021
7.701570680628272
8.312544294826365
10.32739328636552
11.345193035579106
8.370322580645162
8.037878787878787
10.085771276595745
7.3241616509028376
8.911715713492503
7.067640918580376
7.7008227374719525
7.11973018549747
10.11144193960017
8.025732666190136
6.897880539499036
10.064516129032258
10.076958525345622
8.810578105781058
7.83872322553549
8.107508532423209
9.752243270189432
6.184210526315789
9.73936408419167
9.660830415207604
8.208387942332896
6.252032520325203
5.787926926131851
8.427597955706984
9.542483660130719
7.526881720430108
7.647977288857346
8.14538745387454
7.563368055555555
6.925096525096525
7.542725173210162
8.319872476089266
9.511683357176919
8.125
9.752243270189432
8.770768547312306
9.138252756573367
9.832190214906264
7.717125382262997
7.7008227374719525
8.06058282208589
9.475496688741721
9.576375711574952
9.817885421518397
7.62227602905569
10.200470588235294
9.889084507042254
8.312544294826365
7.788699690402477
9.3109243697479
7.647977288857346
8.470588235294118
9.293282876064334
7.788699690402477
6.750174947515745
9.138252756573367
8.427597955706984
8.998388829215896
7.015671325709445
8.365013774104684
9.056245912361021
8.243992606284658
8.643236074270558
7.469289164941339
7.677200902934537
9.660830415207604
9.555261999119331
9.138252756573367
8.06058282208589
9.743577767398412
7.849914965986395
7.355011933174224
6.52014652014652
9.832190214906264
8.106382978723405
7.572898799313894
8.090575275397796
10.051568543188655
10.120213713268033
8.047138047138047
8.14538745387454
9.889084507042254
7.819233550253073
7.5834464043419265
10.125222024866785
7.337028824833703
8.42426187419769
7.526881720430108
7.696125084976207
8.42426187419769
8.445054945054945
10.165677772706527
8.710863509749304
9.293282876064334
8.511415525114156
7.804363636363636
8.427597955706984
10.00731812311666
8.121685927940177
8.034507042253521
9.483259911894272
8.121685927940177
9.73936408419167
8.319872476089266
9.339756592292089
7.2889733840304185
9.138252756573367
8.278523489932885
7.948497854077253
6.1689419795221845
8.243992606284658
8.664470794905577
9.931723176962379
8.643236074270558
8.684116597263534
8.710863509749304
7.390613718411553
7.05718954248366
9.014797136038187
8.121685927940177
8.121685927940177
7.390613718411553
8.35515873015873
9.817885421518397
7.363636363636363
9.376344086021506
9.056245912361021
7.6841339155749635
8.06058282208589
7.647977288857346
7.739102564102564
8.998388829215896
9.743577767398412
6.316587677725119
8.103302881236823
7.758269720101781
6.99837925445705
8.025732666190136
7.6841339155749635
7.05718954248366
5.723076923076923
6.510989010989011
8.35515873015873
8.48643216080402
6.928452579034942
7.971383147853736
8.664470794905577
10.107015457788346
8.208387942332896
7.656417112299465
9.065764925373134
8.278523489932885
6.856489945155393
9.555261999119331
11.380347907851434
6.744628099173553
7.542725173210162
10.085771276595745
8.684242424242424
8.243992606284658
6.928452579034942
11.18859649122807
9.217702034084661
7.310577644411103
9.138252756573367
7.717125382262997
10.06413612565445
6.510860820595334
7.696125084976207
7.4584206848357795
6.620474406991261
6.897880539499036
8.025732666190136
7.390613718411553
8.319872476089266
8.911715713492503
8.370322580645162
8.238283828382839
6.750174947515745
7.788699690402477
6.8143063583815024
9.55473781048758
9.576375711574952
8.090575275397796
8.025732666190136
5.971052631578948
9.660830415207604
8.047138047138047
7.849914965986395
7.758269720101781
6.52014652014652
9.475496688741721
8.365013774104684
10.165677772706527
9.217702034084661
6.510989010989011
7.111504424778761
9.734553775743708
8.104712041884817
8.047138047138047
9.55473781048758
9.931723176962379
7.758673862760216
8.56631989596879
5.205128205128205
6.52014652014652
8.243992606284658
9.660830415207604
8.550860719874805
8.103302881236823
8.684116597263534
8.025732666190136
10.805128205128206
9.73936408419167
6.52014652014652
6.510860820595334
6.293316304810558
6.76986301369863
6.039708265802269
8.053841103086015
9.511683357176919
7.62227602905569
10.346239430351579
8.706422018348624
9.014797136038187
9.660830415207604
9.832190214906264
8.208387942332896
9.817885421518397
7.753794266441822
5.723076923076923
6.253038194444445
8.047138047138047
8.090575275397796
8.090575275397796
8.121685927940177
7.592668024439918
6.4
9.014797136038187
7.2162828947368425
10.076958525345622
8.208387942332896
7.136150234741784
8.613709160794363
9.056245912361021
8.243992606284658
9.138252756573367
8.44717607973422
9.339756592292089
9.743577767398412
9.35177304964539
9.828234265734265
7.656417112299465
7.147918511957484
7.677200902934537
9.222841225626741
7.677200902934537
6.856489945155393
7.647977288857346
7.5834464043419265
9.555261999119331
9.014797136038187
6.478011472275335
7.572898799313894
8.208387942332896
5.991295938104448
6.165847665847666
9.576375711574952
6.02869757174393
9.931723176962379
11.27564825253664
5.056134723336006
7.83872322553549
8.569377990430622
6.7348901098901095
9.884122069880585
5.663551401869159
8.208387942332896
7.355011933174224
8.664470794905577
5.473154362416107
5.5707472178060415
8.42426187419769
7.390613718411553
9.660830415207604
7.753794266441822
5.853801169590644
7.355011933174224
7.008230452674897
5.979695431472082
6.928452579034942
8.684116597263534
8.998388829215896
7.5834464043419265
9.931723176962379
9.752243270189432
7.758673862760216
8.243992606284658
9.154086413326393
8.664470794905577
9.734553775743708
8.710863509749304
9.293282876064334
5.893834218048183
8.684116597263534
7.2889733840304185
9.014797136038187
9.889084507042254
10.165677772706527
8.710863509749304
6.478011472275335
8.710863509749304
7.647977288857346
7.6967592592592595
7.83872322553549
8.390279823269514
6.52014652014652
10.227198697068404
9.154086413326393
7.570219966159052
7.677200902934537
7.12214983713355
9.660830415207604
8.643236074270558
9.584871679423683
7.4584206848357795
9.734553775743708
8.370322580645162
7.147918511957484
10.33275713050994
8.025732666190136
8.312544294826365
8.48643216080402
5.991295938104448
