4.34
3.0
5.64
3.64
7.32
5.42
3.02
4.94
3.6
4.78
4.28
4.14
4.74
3.74
3.68
3.0
1.9
6.16
5.28
2.5
4.5
4.94
3.68
1.96
2.22
2.84
2.26
6.84
4.54
5.58
5.92
5.7
4.6
6.08
4.96
6.06
4.72
5.58
4.08
5.14
5.8
7.84
4.04
5.08
7.1
4.04
4.52
5.38
5.84
8.68
8.68
4.72
4.68
3.52
4.94
4.62
8.02
6.44
5.94
5.02
4.6
5.76
5.76
5.26
6.24
5.74
5.24
6.48
4.4
6.16
4.68
4.76
5.38
5.62
4.16
4.9
6.62
6.08
3.74
5.1
7.76
6.26
6.54
6.5
4.64
5.54
4.92
5.9
4.56
8.26
4.96
5.56
6.24
5.94
6.06
5.98
4.2
4.42
3.02
4.64
6.18
5.0
6.86
5.04
5.32
6.82
6.34
5.12
4.62
3.94
6.62
7.34
5.5
2.44
1.14
1.24
1.04
1.8
2.02
2.74
5.38
4.94
6.64
6.1
5.56
8.64
5.76
5.62
5.08
4.78
5.34
2.8
6.26
5.6
5.04
7.1
5.14
4.44
4.92
6.1
5.26
7.6
6.5
5.16
7.22
19.28
6.16
6.0
4.58
5.64
6.5
4.98
5.1
5.36
9.7
16.8
6.0
6.2
5.12
4.58
5.28
6.64
5.58
5.06
5.34
6.26
6.32
5.76
5.66
6.94
6.8
6.72
5.86
5.94
4.64
3.72
5.76
5.96
6.38
5.28
5.28
4.94
6.96
5.56
4.5
5.28
5.62
4.92
5.38
7.26
4.44
8.22
6.82
3.92
6.1
4.48
6.12
6.24
9.52
6.74
8.54
5.42
7.52
7.22
3.54
5.42
6.28
5.68
5.5
3.98
5.0
6.28
5.48
5.46
4.56
7.68
6.22
4.98
5.2
4.04
5.22
5.86
7.34
6.7
7.02
7.52
5.8
5.08
7.48
6.62
7.3
6.16
5.78
5.4
7.2
6.7
4.44
5.52
14.64
4.84
6.96
7.2
5.94
6.18
5.98
5.5
6.64
4.14
5.66
7.26
7.0
4.06
5.84
7.22
11.22
9.26
7.16
5.42
5.16
6.42
5.04
5.78
8.76
6.84
5.44
4.94
4.2
4.18
4.28
4.26
6.86
5.38
6.66
6.62
5.6
8.86
4.94
6.18
4.04
5.96
5.5
5.9
6.66
5.62
6.14
5.72
5.94
5.7
4.18
6.92
4.62
7.32
8.54
6.0
10.62
5.4
6.08
8.24
7.58
6.14
6.16
6.86
5.32
5.02
5.8
6.96
6.62
7.14
7.16
4.94
5.94
5.14
6.42
5.26
7.24
6.56
6.0
7.0
5.96
4.6
5.08
7.22
8.36
10.58
9.28
6.46
7.74
6.14
5.72
3.72
4.66
4.16
7.04
4.8
5.42
6.64
6.4
5.58
5.02
6.34
5.26
5.32
4.54
6.24
5.76
6.46
6.18
7.94
5.72
5.88
4.64
6.36
5.5
7.06
5.22
6.94
5.16
5.3
5.82
5.8
4.64
6.56
6.02
4.92
8.6
6.32
9.56
5.08
4.94
5.64
6.14
6.86
6.44
5.3
5.54
5.26
4.82
6.38
6.74
7.18
5.48
5.24
8.56
4.74
6.74
6.44
5.76
5.48
5.54
9.94
5.46
6.86
6.56
6.88
6.62
5.84
6.2
7.12
5.5
5.0
5.2
4.76
7.04
6.0
6.8
6.15
5.66
6.6
6.82
4.76
4.98
5.82
5.82
4.74
6.46
5.26
4.94
5.46
4.84
6.72
5.72
6.76
6.68
5.14
6.08
5.96
6.54
5.7
5.12
5.66
4.42
6.1
5.7
4.98
5.42
5.4
4.56
6.26
4.74
5.46
6.68
4.44
5.28
8.14
4.46
4.88
5.28
5.28
5.34
4.82
5.88
4.3
5.7
5.08
8.56
7.4
6.8
5.22
4.58
7.24
7.12
5.54
6.54
5.5
5.44
6.84
8.06
4.72
5.7
6.54
6.68
5.4
6.14
6.74
6.02
5.82
6.1
4.44
5.82
6.0
7.8
7.8
6.96
5.48
7.18
6.44
6.48
4.94
5.8
5.76
5.12
7.82
7.52
6.3
6.14
6.16
5.38
6.74
6.14
6.72
5.36
6.36
6.98
7.44
8.02
6.36
5.22
5.98
6.3
4.98
5.74
6.96
7.48
6.98
7.92
7.94
6.06
6.5
5.24
4.48
6.22
6.34
6.4
7.06
6.46
5.4
5.08
5.08
6.58
5.68
5.58
6.32
5.04
3.64
5.16
4.58
6.5
4.52
6.5
5.94
4.5
6.38
5.52
5.76
18.7
6.24
4.8
4.3
4.84
5.9
6.9
6.12
6.42
5.52
5.74
6.66
6.02
6.96
5.34
8.94
5.62
5.28
5.38
5.2
5.62
4.06
5.74
5.6
5.22
4.42
5.64
4.76
5.78
5.76
5.66
6.82
6.96
6.18
7.52
6.96
6.32
6.8
4.92
5.5
4.82
5.54
4.44
6.58
6.08
7.44
5.86
5.68
5.56
3.92
6.14
6.38
5.96
5.52
7.7
5.56
6.4
5.2
6.98
6.24
5.56
8.58
5.72
8.94
6.44
6.4
5.14
8.36
8.08
8.02
7.92
7.56
9.1
7.7
8.64
7.2
5.64
6.88
6.66
6.28
5.9
6.7
6.04
7.88
8.2
10.88
7.16
7.94
9.84
7.86
5.88
9.98
6.92
7.88
7.04
7.34
7.34
5.72
4.54
5.18
4.98
5.8
5.2
5.54
6.24
6.66
6.58
5.42
6.8
6.6
5.78
6.38
6.22
5.26
5.56
5.86
4.92
6.06
4.72
4.94
4.52
4.36
5.64
5.4
4.74
4.58
4.72
5.8
4.36
5.68
4.98
4.52
5.42
4.88
6.56
6.52
5.64
5.18
6.0
5.3
6.98
6.92
6.18
6.06
5.94
5.74
4.26
5.1
5.36
4.84
4.24
3.96
7.38
5.34
3.98
4.84
4.76
5.52
11.32
8.62
5.62
4.96
5.64
9.68
10.12
6.16
5.92
7.26
9.32
6.52
4.78
4.98
7.46
5.26
5.38
6.1
17.52
4.44
6.22
6.66
7.64
3.5
5.86
6.54
5.66
4.18
5.9
6.16
7.48
7.7
4.5
5.78
5.5
6.38
6.86
7.72
7.3
6.3
4.6
5.2
6.3
11.78
4.9
4.48
6.54
7.68
6.76
4.74
4.2
5.0
8.08
6.06
10.92
5.64
4.22
6.16
5.36
6.64
6.28
5.76
5.68
7.78
5.3
10.34
5.2
7.4
5.72
6.12
5.66
5.64
6.0
8.12
7.12
9.88
9.72
5.92
5.26
5.62
6.88
6.74
5.76
3.96
4.38
5.92
5.2
8.32
5.94
5.16
5.76
5.5
5.62
8.94
5.92
7.26
5.24
5.86
5.42
6.58
6.04
6.06
5.32
5.96
7.22
5.94
5.56
5.06
8.0
6.56
7.16
5.5
6.08
6.88
4.64
5.86
6.04
5.88
6.06
7.44
5.76
6.04
12.92
6.28
10.56
7.06
6.02
5.9
6.24
5.68
5.28
4.46
5.56
5.86
4.86
7.14
4.96
6.0
5.1
4.46
6.56
7.86
7.32
4.94
5.2
7.84
4.42
6.4
4.98
4.88
6.1
6.86
5.66
5.56
5.04
5.78
3.72
5.76
6.2
4.78
6.96
4.78
5.52
5.58
5.22
6.04
5.4
4.22
5.9
5.64
4.42
4.88
10.6
5.86
6.06
6.7
5.84
4.58
6.02
6.9
4.82
6.2
4.82
4.32
6.24
5.86
7.34
7.22
5.1
10.92
5.62
6.46
6.06
6.46
5.2
6.58
5.22
7.92
4.88
4.62
4.98
6.52
5.76
6.24
6.22
5.4
5.86
5.68
6.14
5.16
6.98
5.32
6.26
7.0
6.18
5.84
5.26
5.44
4.36
5.9
6.12
7.88
5.9
6.1
4.48
5.72
5.92
5.52
5.42
4.46
7.0
5.24
5.92
7.14
3.88
6.06
8.68
4.46
5.5
5.84
5.38
11.16
4.18
5.3
5.38
5.22
5.0
5.58
6.2
6.64
6.1
6.18
5.44
5.48
4.98
4.7
5.42
5.22
4.82
4.8
5.46
7.3
7.06
8.22
5.64
6.7
6.1
5.34
6.1
6.0
5.34
5.44
5.16
6.74
5.92
6.32
7.46
5.1
10.3
4.44
4.92
6.12
6.46
5.3
4.92
4.58
5.08
5.7
6.9
5.56
8.24
4.8
4.02
7.12
5.52
6.18
7.38
6.9
5.74
4.1
5.22
4.68
5.14
6.84
4.72
5.9
5.66
5.34
5.32
4.42
4.78
8.92
9.3
10.94
9.78
10.0
6.64
7.58
6.02
7.42
7.74
8.76
10.1
5.54
5.42
4.96
4.72
7.36
5.5
6.78
4.36
6.54
6.58
5.94
4.5
4.42
5.58
6.6
6.52
5.7
5.46
3.96
3.48
5.06
5.8
7.76
11.28
8.36
5.78
6.7
5.5
5.96
5.14
6.12
5.6
6.48
5.16
5.98
5.96
6.08
5.66
4.64
4.78
7.5
6.556
4.42
5.56
8.68
7.84
5.08
5.1
7.34
5.26
5.86
5.0
5.38
5.9
5.66
5.72
5.44
5.12
5.26
7.08
5.4
5.02
6.58
6.1
5.32
5.08
5.3
5.54
4.72
6.68
4.98
5.24
6.22
6.7
4.82
4.96
5.54
5.9
6.16
5.48
5.88
4.2
5.68
7.12
5.42
4.3
4.14
6.04
5.0
5.84
4.8
5.52
5.62
7.62
8.42
6.42
5.44
5.84
7.2
4.7
6.62
8.48
4.38
6.5
5.9
7.36
5.58
4.76
5.02
5.36
8.68
6.84
7.46
5.52
6.56
5.28
5.9
4.72
7.66
5.04
5.02
6.7
7.26
6.64
5.5
4.24
5.02
5.68
5.6
6.0
6.1
5.02
4.3
4.08
5.72
7.42
6.02
4.62
7.96
5.94
5.02
6.88
7.14
4.54
5.44
5.5
5.88
7.66
4.42
5.9
4.8
6.62
5.68
7.0
6.54
6.52
5.68
3.56
5.96
7.78
7.24
6.3
7.94
7.2
8.32
5.8
6.52
7.86
5.44
6.0
5.48
6.16
8.04
4.48
6.32
3.7
8.56
5.5
6.28
5.88
8.48
7.32
4.6
5.42
5.72
4.42
4.38
5.78
6.24
7.72
7.56
7.18
5.96
8.06
8.54
6.48
10.04
5.44
6.84
8.82
7.02
9.02
6.98
6.26
6.96
7.06
6.54
5.68
4.56
6.72
7.4
5.88
5.02
4.9
6.54
5.72
6.3
5.68
5.58
7.8
4.8
5.74
6.62
5.52
4.94
4.92
4.92
4.24
5.24
6.78
4.48
6.68
5.7
5.42
4.58
5.04
6.2
4.8
6.8
7.2
6.02
6.64
6.8
6.24
6.98
4.6
5.42
6.04
5.24
5.2
7.02
4.68
5.74
5.56
5.52
6.52
4.08
6.02
5.48
4.92
4.88
4.34
4.16
5.92
5.28
6.0
4.78
5.44
7.58
9.5
6.0
9.68
7.18
5.1
6.5
5.78
6.56
5.5
5.6
4.0
6.14
6.24
5.96
5.42
5.2
7.44
8.84
7.1
4.4
6.6
5.44
5.74
5.74
6.36
7.3
5.6
6.1
4.86
3.2
6.16
5.08
6.3
7.38
9.9
6.4
8.84
7.06
6.76
7.46
8.04
9.0
7.52
7.32
6.34
4.24
4.52
4.14
6.44
4.66
7.94
5.94
5.56
5.2
4.76
4.76
6.26
7.12
6.56
8.74
5.92
5.62
5.66
5.86
4.46
4.54
3.86
5.46
5.96
4.62
5.26
5.46
7.5
5.42
8.92
9.02
4.92
5.3
5.26
4.88
4.34
4.62
6.36
5.38
6.3
7.06
5.4
5.72
4.9
6.2
5.18
5.32
5.3
6.16
4.8
5.5
3.74
5.24
3.62
5.12
4.9
5.66
6.06
5.4
5.14
6.42
5.4
5.44
7.34
6.6
6.0
4.94
4.68
3.4
4.7
7.2
5.04
7.26
4.64
6.72
5.3
4.26
5.34
4.82
4.7
4.28
5.6
4.78
4.94
4.18
4.36
6.02
6.4
4.02
5.18
5.64
5.28
5.46
5.58
5.22
4.24
5.92
5.44
5.88
5.5
6.16
7.34
5.4
4.64
6.26
5.36
6.48
5.88
5.7
5.58
10.52
6.18
7.2
6.64
6.54
6.48
10.5
8.14
8.9
6.0
7.14
6.94
6.42
6.68
9.54
6.99
4.56
5.94
6.04
5.96
5.68
5.36
7.18
6.28
4.84
4.12
7.46
5.12
5.36
6.62
5.62
5.66
6.24
6.24
6.08
6.52
6.24
5.7
5.14
5.86
5.86
7.14
4.86
6.94
5.22
6.56
6.0
5.24
4.56
4.86
5.44
5.74
5.2
5.8
5.4
5.82
6.42
6.74
5.02
5.76
5.48
4.2
5.66
4.66
4.76
5.1
4.76
6.5
5.14
5.46
4.14
3.4
5.12
3.78
3.36
6.7
7.6
6.06
3.42
6.28
6.78
5.74
3.86
6.18
4.58
4.16
4.1
2.94
5.92
5.38
4.94
5.5
4.98
4.58
5.62
5.9
4.92
7.78
5.14
4.06
6.16
5.88
5.86
5.2
5.78
8.8
8.7
7.68
4.76
4.56
4.46
7.52
6.6
3.42
4.16
4.36
5.14
6.0
6.5
4.86
7.68
4.92
5.5
5.42
4.3
6.12
5.1
6.82
4.3
5.86
4.6
5.58
5.28
5.52
4.9
7.38
4.98
7.74
5.06
5.14
6.64
5.94
6.62
5.36
6.04
6.66
4.12
7.16
4.68
4.62
7.6
5.1
3.92
4.68
6.44
4.54
4.28
5.14
6.16
4.68
4.82
5.9
7.86
4.2
4.38
4.06
5.06
6.02
5.56
4.68
4.18
6.16
6.36
4.0
5.24
5.34
5.1
5.96
4.88
6.22
6.94
7.38
5.58
5.18
6.86
4.38
5.1
6.36
5.28
5.1
5.04
5.5
5.86
6.1
6.16
4.48
6.38
6.16
3.16
4.8
5.8
4.76
5.02
5.56
7.08
5.56
5.36
4.38
5.92
6.48
5.76
5.54
4.88
6.14
5.8
5.08
5.28
4.3
6.12
5.3
5.18
6.48
5.74
4.46
4.6
4.34
5.58
5.52
6.2
6.3
5.7
4.98
4.46
4.62
4.82
6.1
5.88
6.24
6.36
5.84
4.86
6.24
6.2
5.6
6.8
7.32
8.4
4.6
4.74
5.16
5.28
5.4
4.3
4.8
4.92
5.0
5.08
4.8
4.9
8.62
6.62
6.72
5.84
7.92
7.5
6.44
6.52
6.5
5.84
4.08
4.44
5.22
6.06
5.7
6.14
5.68
5.42
4.76
4.82
4.28
7.72
4.46
5.76
5.5
6.12
5.46
5.14
6.52
4.42
6.5
6.18
4.58
6.14
6.06
4.94
4.86
4.96
8.34
7.38
8.48
9.16
6.26
4.2
5.32
4.74
4.98
4.04
3.66
4.5
5.62
5.0
5.28
7.22
6.66
6.74
5.26
4.56
6.18
7.38
5.3
6.72
5.42
5.52
5.7
7.76
6.52
5.84
6.0
4.44
4.3
3.84
5.24
4.4
6.3
4.52
3.98
5.32
6.4
4.02
4.12
8.12
4.1
3.46
5.38
4.8
4.5
6.58
5.42
3.82
3.68
7.14
6.02
5.3
5.84
5.94
4.54
6.92
4.7
5.64
4.9
7.36
4.32
5.3
4.84
4.42
5.12
5.3
5.06
4.94
5.26
4.56
4.4
5.68
5.22
3.74
3.0
3.84
4.54
3.7
4.72
4.54
4.68
6.44
4.24
6.1
5.42
4.52
5.62
7.36
7.02
5.3
6.72
4.5
5.0
4.3
3.4
4.82
6.82
6.26
6.64
5.02
5.52
5.64
4.8
5.24
7.48
7.28
5.08
4.46
6.48
6.9
5.44
4.74
4.34
5.16
5.18
4.76
5.4
7.36
6.38
5.38
5.04
5.96
5.3
5.5
4.36
5.0
5.12
4.3
4.92
4.32
4.78
6.78
5.92
5.58
4.54
6.3
6.64
4.94
5.74
5.68
5.22
6.46
5.86
4.9
6.34
5.56
5.64
5.22
5.3
5.14
8.64
3.44
5.86
4.18
7.0
4.94
7.28
5.78
5.38
4.96
4.96
5.78
5.16
8.14
8.14
4.0
5.12
5.24
8.56
5.72
5.94
5.3
5.1
4.64
4.66
6.08
4.92
5.92
7.42
6.64
4.9
7.74
6.34
5.44
5.04
5.04
6.2
4.72
5.42
5.62
8.62
7.76
4.64
5.34
6.48
6.0
5.54
4.62
4.96
5.56
5.52
5.66
7.66
5.06
5.94
5.46
5.6
6.32
5.84
4.82
6.12
5.34
8.02
4.46
4.72
6.5
7.8
5.18
5.04
5.22
5.54
5.84
6.04
3.92
4.48
5.6
5.36
4.3
4.66
4.92
5.16
5.64
6.44
4.66
5.48
5.26
5.56
5.5
5.4
4.34
5.0
6.25
6.22
6.08
4.8
5.36
4.32
5.54
5.44
6.82
5.46
4.58
6.14
6.12
4.68
4.6
4.64
5.14
5.84
5.32
4.96
5.32
5.94
5.16
5.18
6.64
5.26
4.7
5.24
5.1
4.66
5.16
6.54
4.42
4.96
6.14
4.42
4.74
5.62
5.3
5.6
7.6
6.0
5.26
5.16
5.04
5.72
4.44
4.74
6.04
5.96
5.6
3.66
6.02
6.54
4.64
4.2
5.36
5.34
5.66
4.7
6.78
6.16
6.16
5.62
4.34
5.44
4.92
4.86
5.06
4.74
8.0
5.2
5.08
5.1
4.72
6.26
5.84
5.24
6.58
5.4
6.56
4.4
5.02
5.46
5.5
4.46
5.34
5.92
8.72
7.06
7.64
6.18
5.04
4.06
6.72
6.92
5.82
6.58
5.34
4.84
6.38
5.92
6.48
6.06
4.84
4.68
5.36
5.76
7.08
4.54
5.2
5.72
5.5
5.78
4.4
6.34
6.38
7.48
5.36
5.26
4.64
5.34
7.54
4.36
6.36
5.26
4.78
5.52
5.24
4.78
5.04
7.64
5.54
4.26
7.1
6.04
5.04
5.32
3.84
4.58
5.88
5.24
5.1
5.54
4.68
5.04
4.9
5.04
5.56
6.58
8.0
5.62
5.4
6.84
5.3
5.64
6.0
8.22
8.72
4.74
5.28
5.08
5.4
4.56
6.32
5.82
5.74
6.58
4.8
6.26
4.9
5.74
5.74
5.56
4.78
4.82
5.32
4.82
6.3
4.96
5.32
6.72
8.96
7.68
6.7
8.94
5.08
5.52
5.58
7.2
4.3
5.68
6.16
5.98
8.3
5.42
5.48
7.54
6.44
5.48
5.16
5.54
5.22
7.88
7.44
6.1
5.86
5.32
4.78
5.84
7.64
8.68
7.12
7.12
5.26
4.7
6.48
5.82
6.14
5.68
4.7
5.5
5.3
5.52
5.08
5.8
7.62
4.6
3.62
5.66
5.32
7.02
5.56
8.22
5.28
6.54
5.74
7.66
6.4
6.38
4.78
6.34
7.52
5.8
6.3
6.74
5.64
6.2
5.26
6.86
5.26
7.88
6.52
7.3
5.5
3.92
5.2
5.72
4.58
5.52
6.04
5.72
5.92
6.14
4.9
6.38
6.36
5.66
4.28
4.92
5.18
5.84
4.3
5.46
5.68
6.1
4.38
7.5
5.64
4.68
4.66
6.38
4.74
4.52
5.4
7.6
7.62
5.46
5.56
6.38
3.38
2.86
3.84
3.36
3.4
5.84
4.58
4.8
4.8
6.04
7.82
7.36
3.68
5.3
4.84
4.56
4.92
5.84
5.84
4.86
6.82
5.56
4.56
5.0
5.58
5.36
5.5
4.1
6.84
6.96
5.72
5.04
5.04
5.24
5.34
4.74
4.94
5.9
4.96
5.06
4.88
6.62
5.56
6.16
5.64
7.42
4.84
4.84
5.36
8.64
5.9
5.22
3.86
5.02
4.54
7.16
6.62
4.46
6.88
6.98
6.62
5.5
3.36
6.76
4.9
7.38
6.34
5.16
4.62
5.48
4.48
6.82
5.06
5.14
5.32
5.54
4.96
7.14
6.58
5.96
5.72
4.08
4.98
5.4
5.66
4.02
4.6
5.34
4.3
4.22
5.14
5.38
5.46
4.52
5.28
6.42
5.5
4.84
5.28
4.1
6.4
4.68
5.06
6.98
5.62
6.18
5.68
5.04
5.84
5.7
5.0
8.24
7.18
5.76
6.6
9.0
6.9
4.6
3.72
6.16
4.3
5.64
6.48
6.02
5.0
8.52
6.9
4.64
7.36
7.48
5.14
5.58
5.84
5.92
6.04
5.44
4.44
5.4
5.64
5.48
9.04
12.4
5.2
5.72
6.2
5.82
6.44
6.82
7.44
6.78
7.56
5.1
5.0
6.6
4.42
5.56
7.4
6.06
5.4
6.12
6.44
5.46
6.1
4.52
9.38
8.86
4.56
4.72
5.26
6.56
5.22
6.04
5.36
5.5
4.48
4.68
4.92
4.94
5.62
6.62
6.06
4.98
4.8
5.72
5.6
6.12
5.4
5.68
3.9
5.64
4.52
5.32
5.68
5.82
4.24
4.24
4.36
5.16
6.42
4.34
5.02
4.96
4.42
5.86
5.74
6.18
5.26
5.08
4.42
6.38
5.12
7.92
6.92
6.04
7.48
4.58
6.7
6.24
6.88
3.62
6.54
7.48
7.62
4.74
5.1
5.32
4.22
4.94
5.7
5.9
5.1
5.28
5.78
5.58
6.32
5.8
5.8
5.08
7.1
6.16
7.1
6.54
5.62
5.92
4.7
3.84
5.82
6.36
5.14
5.92
5.68
5.42
6.08
5.96
4.2
5.26
6.14
5.92
4.74
4.92
6.14
4.58
4.66
6.0
7.0
4.66
4.64
5.76
5.68
6.06
6.16
4.6
6.08
5.0
4.32
7.24
6.64
5.46
6.74
6.78
8.24
6.86
5.72
5.08
4.82
5.26
7.3
8.08
7.66
8.38
5.26
5.6
7.068
7.1
4.68
5.78
6.28
4.94
6.26
5.58
4.54
6.3
6.8
7.22
5.38
6.3
4.88
4.2
5.3
4.62
5.42
5.8
7.46
6.0
6.36
6.06
5.36
5.9
5.22
5.9
4.36
11.18
7.6
5.72
4.72
4.56
4.96
6.26
5.4
5.62
4.76
5.16
4.78
6.48
4.62
4.96
5.42
7.82
5.78
5.78
4.66
5.0
6.2
6.98
5.88
7.24
5.34
4.96
6.62
5.12
5.28
5.82
4.6
5.7
7.06
4.98
6.66
5.14
6.2
4.64
5.58
4.4
5.16
4.78
5.98
5.42
5.64
4.58
4.78
5.38
5.54
4.7
5.36
5.54
5.86
5.3
6.34
4.82
5.46
5.38
5.92
7.18
5.28
5.36
5.04
5.66
4.52
7.16
7.06
6.18
3.76
5.42
4.7
6.0
6.92
5.52
4.98
5.36
4.94
6.64
4.34
5.2
5.08
4.84
4.76
4.6
6.38
5.72
5.72
5.84
5.6
5.82
5.32
4.68
4.88
5.36
7.82
4.76
4.74
5.54
6.14
5.88
5.58
4.68
4.88
5.42
6.54
5.34
8.46
5.66
7.78
4.26
4.08
5.02
4.74
5.82
5.42
7.86
6.78
4.68
5.42
5.26
5.9
5.16
4.28
5.16
7.58
5.98
4.44
5.16
4.6
5.28
4.66
5.98
4.68
4.28
4.36
5.66
5.32
4.66
4.42
4.54
4.26
6.34
5.98
7.62
6.18
5.52
5.0
4.84
5.9
4.92
4.96
5.24
4.84
5.1
5.98
5.22
5.84
6.7
4.54
4.46
6.22
5.5
4.98
6.56
5.48
4.68
5.3
7.3
5.42
5.14
5.62
5.06
4.38
5.48
6.52
6.08
5.56
4.6
4.0
6.3
5.34
5.82
5.4
7.12
5.32
5.96
5.22
4.7
5.0
5.48
4.78
4.26
4.52
4.74
5.0
4.82
5.24
5.62
4.38
5.22
5.04
5.46
5.14
5.3
6.2
5.32
5.14
4.88
5.08
4.76
7.08
5.06
6.78
5.66
4.48
5.12
4.68
4.6
4.34
5.6
5.4
5.56
5.68
5.58
5.76
5.16
4.44
4.58
5.42
5.5
5.42
6.24
4.98
6.62
4.76
4.92
4.98
4.66
4.96
5.18
4.52
5.26
5.68
5.06
6.06
5.14
4.58
4.76
4.7
5.7
4.68
9.42
7.92
5.14
5.8
4.84
4.76
4.86
6.3
4.56
5.3
5.1
4.72
4.96
5.76
5.16
4.7
5.26
5.88
5.36
6.18
5.14
4.9
5.6
5.7
6.88
4.1
5.48
5.78
5.82
5.06
5.7
4.84
5.36
5.6
4.36
5.56
4.8
5.48
5.52
4.76
3.92
7.92
4.42
4.5
4.28
5.36
6.66
5.68
6.7
4.62
5.02
6.06
4.74
6.74
4.96
6.64
4.98
4.98
4.66
4.6
7.82
6.0
4.9
4.34
4.76
