1.6904321
2.9626622
1.250607
2.7692597
1.7299017
2.093577
3.4997966
2.1657004
2.2816648
1.612527
3.7650952
2.0479136
2.486347
2.0309734
5.001929
1.9104413
1.9153159
2.5106273
1.8045739
1.484667
2.0600367
1.8397228
2.4463742
1.3996555
1.8912551
1.9256749
2.2060032
3.3884037
2.4347606
2.3331697
2.0519636
1.9126517
1.5032415
1.5527911
1.7262086
2.0062757
3.2966685
2.681204
3.2211816
2.6786954
2.657989
1.8348658
2.0647297
4.0009565
3.7705255
3.7545269
3.267165
2.7227135
1.723234
2.3506935
3.23144
3.6614797
2.3179736
2.6947105
2.1054914
1.5380843
2.8928094
1.7632208
3.5818439
1.686891
2.5692694
5.055987
2.1349688
1.9648601
1.893537
2.2643583
2.7278118
2.8634968
1.5976444
2.001275
1.4458392
2.1508303
1.9116205
2.0025296
3.6390994
2.8671966
2.2838266
2.5918949
2.9884448
1.9809551
3.9226882
2.260502
4.869095
3.0654886
2.5949552
2.108654
1.8272505
1.9125973
1.73707
3.8239763
2.393772
2.2579265
2.2323384
2.8982987
3.6429358
1.6839879
2.2991197
2.9643824
2.3283792
3.6886294
2.51481
2.1988945
2.8147392
3.5510104
2.3592296
4.0158234
2.6046066
2.9860966
5.6891637
1.7052939
1.7052939
2.1617837
2.5288813
14.683355
4.658864
2.12802
4.7691636
2.93775
2.2737327
2.042944
2.3158696
3.3827496
3.6171863
2.231158
1.3758101
1.7089015
1.5958793
2.245609
2.1219032
5.2570405
5.6764474
6.126614
4.449895
4.3552456
3.991606
2.4701643
2.693664
3.3359914
1.8779047
3.093738
1.8630778
1.9174668
4.4437666
2.3091638
2.0939088
2.6385422
2.9162867
3.0508573
3.179869
8.26026
1.6220961
2.2096784
1.8642168
1.6588576
1.8368491
2.3474684
2.2936726
2.8048372
7.5147696
7.4179387
1.4312339
1.5933081
3.0472133
3.6904178
2.768612
1.8451076
3.3326936
2.7567353
4.3363495
2.4239151
4.351781
2.6062098
6.0521426
2.3811233
3.4536757
3.1294699
2.88316
4.74251
2.5371876
2.2984447
3.6481762
3.0511298
3.6740756
4.982171
2.3460913
2.1713161
1.6509721
2.8339026
2.6587093
8.074072
5.495607
3.9965124
2.3217351
7.4312553
2.4016223
2.2172868
1.9887233
3.2546597
2.3842115
2.5239763
2.1493645
2.8146951
2.2912843
3.4087389
2.879941
2.5244966
2.4375696
2.245926
1.5306191
3.7765326
11.126108
1.71585
1.2489284
2.365983
1.6302701
1.8113056
1.5956897
1.7691586
1.7878801
2.2489502
4.70815
3.0531437
3.2418187
4.159433
2.2172868
3.564844
4.343383
1.5744449
2.1026578
4.060422
4.51017
2.1517806
3.3540769
2.9284048
1.7997303
2.011345
2.7899997
3.1645234
1.8989607
1.8113413
2.3679514
2.210526
8.158942
1.6636927
2.4573612
2.5669637
3.7931485
1.6988218
1.9233088
5.029203
2.032547
3.2187345
2.1493237
3.4072633
1.920814
2.3690336
2.1637645
1.978376
1.5993781
1.6082735
2.5702643
3.8571706
2.8625593
4.202417
2.1912909
2.4517145
1.6339546
3.3689582
5.3827863
2.2507021
2.863236
3.3837054
2.1700892
5.225686
4.5777144
2.122251
2.1306443
2.6702523
2.1008322
2.3789659
2.3122222
2.3549702
2.1331058
1.731706
2.1837382
2.2789655
3.4008746
3.33945
4.82623
2.4845507
1.6029264
1.6276584
2.2018757
1.5193166
2.600713
1.5470772
2.892063
2.1171002
2.128892
2.6835184
3.740103
4.1697946
1.6297243
1.3793198
1.7450938
2.3223832
2.5593789
1.8737799
1.9074914
1.9949976
1.8354903
4.9901433
5.058092
3.087644
5.835074
5.744127
5.779119
5.875729
10.743426
18.172304
3.861551
11.463124
3.1212802
2.5033338
1.9827316
3.5920813
2.034722
2.00536
3.130288
1.5441715
2.4412582
3.5280123
2.2809372
3.6078966
1.9200525
2.0345354
2.0828533
3.387246
2.3999937
1.8455065
2.319227
4.498885
2.3144085
3.3061123
4.0283046
1.8880314
1.9419217
1.3789175
1.7074758
2.3722484
2.2370842
3.4300923
2.9849176
4.100729
1.968058
1.5948708
1.8826151
3.0021498
1.6682914
1.3971443
2.8764987
4.2903504
2.9158845
2.3621929
2.419112
2.0470178
1.5834656
2.9782407
1.9535807
2.3265517
2.395395
3.573719
2.4540582
2.434798
2.7509947
2.257307
2.25945
1.7271857
1.9225628
3.3248687
1.5425204
2.4652953
1.715743
2.4880075
