17.329119272135618
16.318748764329182
18.169268926703598
17.572229436566293
17.83387502790516
26.44499093001326
29.35529434386023
29.362152277008008
24.864217210742126
13.42638653987421
30.740765021044254
17.010449216625883
33.02841114771427
17.959458171981375
22.494358351217404
28.22764660177258
43.12553712778526
21.947876574035288
14.819124641616664
21.90905728473472
13.03674011581223
17.90233280414597
22.493213434742483
26.226441665645474
13.079275853027793
16.92795960031982
14.416382730994117
11.95157249343674
14.380998956365376
18.691911936650715
32.39900843712493
10.862585000665343
20.669695698465432
2.4379160276759833
11.019310564621824
10.116620992553074
6.574793423314927
11.203461172715318
14.17312434004919
21.557550997487116
19.600841503380586
7.242327576849144
20.027896315962806
11.490799045113134
27.76090950756732
20.530154756045754
16.015260235227608
31.507754492759247
28.4472232725655
23.269983881841394
17.63607419738942
11.794573186797981
24.671204278499555
25.925470603048744
25.26069782279326
10.895514797428365
10.78837481701617
33.4334230173305
25.251469915165046
17.307429052917023
7.427653278303492
12.473597600254717
20.905495818538263
4.592110869055158
21.330811663003182
22.455863229404855
19.768701984985388
26.560607382575274
9.600911342508706
11.326280620812547
11.2444145339142
23.17878753525497
24.754453522497997
30.96040159877233
13.544199445608193
21.056824867029754
16.126754903017535
12.045918898331303
25.311132738294802
12.948009859043554
22.853438931992557
23.618390474798968
16.054722416437308
4.555225418877235
8.922188550753374
18.515330342370593
12.141887273650077
7.613505786505257
21.602528196894827
10.470871780341268
36.47541336127253
19.47497643802738
12.366331985053046
23.392604385464363
22.35742535470576
10.420414316885287
5.22016500142318
11.741145166526774
4.477091507045205
10.426079737058783
2.7734011039791167
13.142583260373039
9.588309161305224
-0.7606613747692759
24.01247724422117
3.3246324568286107
23.416197466468944
17.51338426949468
29.284818326577998
39.304583172660834
36.19543340657244
34.125609484902135
36.5746709516057
26.608811412587794
19.551918837967843
22.073516761022095
22.141527244170877
25.30529291118715
19.434155734042914
15.770454212760306
37.80360211175558
14.722863932225113
-1.2204567980959382
17.2537784286771
9.725676234572923
22.10791271192414
16.104944979157533
16.809652640944982
19.267058603802308
2.4040731437529557
14.593624833591566
23.419478498114888
20.065185129764284
18.629712264469806
17.542287424417914
15.263138832956496
17.513510641576904
22.177453704283852
33.58911072948119
9.365729198234579
23.766614087614506
23.99604190093914
9.084802674298954
24.236511322891737
24.259387690871364
9.919787612307072
25.15474996077612
17.554918384202473
23.799832693849257
30.18560431664856
15.113742022123612
27.872871183642438
6.582422808851613
10.020712965923831
23.545790961583034
18.003065354013124
6.176023267299592
8.36552434728732
35.88020804100635
26.51629812428164
0.22925930393344995
4.91698209395791
17.48562125893688
22.760727995360853
15.35311951190482
10.48294648715268
28.057331578023074
5.301877783182528
14.437221578486763
8.699072297249478
6.967836599737114
15.55688537035888
20.315101316144418
8.159165617561717
14.185561868279494
9.24502900079209
21.52544650020556
0.6257157244486233
13.130665841537343
18.65593799999474
23.895814066504023
15.240463315226162
10.430159075221727
8.023671909308277
18.28983074609778
28.676851423546122
29.72212358189347
31.169944842981458
23.284969010327636
17.97347546849986
10.217549531015433
16.912934060297435
24.178407043030788
15.982867028485556
16.110883603088613
12.51943659164292
8.741041774252643
16.573045293890342
33.44662918311718
24.17448613854959
18.527166902314853
20.514203782826577
21.601683567960677
24.949015073971257
23.578149349180652
26.102924079244605
19.53286880950806
32.91534327444268
11.752875467499814
17.726286661489894
14.025274377419066
15.533387592630751
24.612899649217784
27.939793532072528
34.58359873254937
33.732589672021945
24.504629792381166
30.361833130304387
15.067137896967003
16.369264329821657
15.975807036306032
27.717322062535622
23.187171119076236
11.963127973589684
31.426646368434774
17.128396906180132
6.615678902631953
12.621556330537887
21.221704093257962
12.64742904638401
7.099431377738074
23.761187426530185
15.558109366421847
25.966601257163006
21.753421767899923
14.789328852556737
24.181990958449553
26.44874977565883
27.079086876875948
27.986632318149653
31.257832539876162
12.470679152762381
9.131072178468536
25.860100621559656
12.72259048784687
28.0736630723201
24.650986739429307
30.405526475380604
19.04371998486951
18.577684154342784
26.46893545058393
28.350379471834597
33.54483826152168
28.50126954859573
29.726710389294297
12.93944128960507
13.86867146284958
22.18559155804374
13.671691558902857
8.815793454225933
15.439769440489853
21.36271307664919
31.217507278764735
29.168975409287082
7.816508449817194
20.8821932429165
18.565410862039222
1.5354555698686516
9.250566846660533
22.287061725381854
9.484662487836397
20.002541369341706
19.60467759087756
27.135428406109458
30.94549327598986
12.76864980120543
9.197270896503857
17.182012073634066
5.479512503258192
20.49250138380826
13.33840746327062
24.10123452560942
4.6939168083832925
-1.8785285610212281
6.84247016981665
15.752669221445561
9.352430332585051
20.21250646798397
21.432132698816783
18.848366051661674
14.468287059227205
23.631447211337218
10.898337043271539
18.934656884773233
14.521478065848909
22.34043587146067
22.107193464742878
26.815358813737692
28.294101106484796
24.85619203596058
30.068329360521293
26.378512108963886
22.62460154145172
28.49672452405944
18.043080689052402
6.514228281903834
17.57328527179883
15.010458536931683
5.118077629546129
31.340668600355865
15.431780711233607
15.610516008248599
1.3463264741884902
6.36546588623754
9.452406662646947
27.81044900770509
19.997832312520483
15.642811992124187
23.49889724120751
14.741515843152312
16.430418605424922
21.687031405218757
17.633531612096274
9.063037293913192
29.560931952473677
4.74672335420841
11.04724887735445
2.7923413185826567
2.6237480866151177
15.265124488100335
27.942031320951003
18.122411725660083
24.017809206352453
13.806449060416126
10.982538817322071
17.144600764779653
16.87096121219615
9.653807329316844
21.247225068426015
7.416075718351179
10.849237637689725
10.890360521533024
8.087562135808135
19.612697135263975
24.462400158276225
7.6661347827744954
14.582332621447962
8.856763778052619
21.170213288334843
14.033478413264012
17.210728846008145
18.03781192035042
20.266220257622322
11.224287018545258
26.73250857857291
28.35461906869003
33.63575984183216
35.50381209279206
33.37998369964605
8.250985919531848
16.60104778175038
18.528496744057954
10.902077563672217
10.250469089727359
11.21140918334311
10.577790420807066
7.6025716463637245
12.78036947941895
34.11578050973629
32.00017052471041
28.906555529788236
31.660282842426252
25.893875867757707
34.321802933405806
6.43859227830917
12.638441872828022
14.61652915485437
16.493325333061698
9.611871096376573
12.288993851124904
28.06309221318845
7.693890656994516
16.799900255079052
5.89306932935364
10.16032346951161
8.960482886312043
-3.5461951361039836
12.731349300619335
14.876624079515604
23.385184132274887
6.957035576471539
35.252602612560224
9.649906519909866
23.011086999715015
26.081943796226618
20.51593078003698
12.168826091862245
24.36657552203432
5.731845579449655
5.5107772784679145
10.548349565874723
11.292727500272708
23.924778880800293
14.519028680012134
14.19746482663156
7.984654229017133
9.184672256948044
24.59084674655156
19.170091136638728
6.744587643313231
9.31334278158975
24.22966775555703
19.22663015136211
11.853616391187536
15.263104958059344
14.720430768436911
22.55518782336039
7.728762956892222
22.20730173807508
23.229851528267684
3.586669949981387
6.369564077628548
12.882819152885773
7.026741593284134
22.343165156208098
9.708362893270424
33.981057003850324
12.503132081405916
5.873103031956052
8.833301979961279
9.648403992471383
14.41874888857584
26.88293288286281
23.343290646893347
2.006863336298503
11.563271831922735
18.231082013169445
22.82735271865452
2.9870289159371923
19.082040684744406
24.36677981499453
12.890167202002154
19.807544217271076
15.343034249684088
1.9729541483127917
29.875906827153784
6.966727567879123
4.805065947182106
5.367608020804307
4.2170659273836
2.991329497775933
15.282013368653688
15.741237294821655
27.318172141848713
10.095953711272966
14.868646905093465
-2.113811226728105
22.791636405445914
11.440207192152547
11.153040934154022
3.1500540579158183
20.44463548207388
10.551959855003005
8.598717831711832
22.060380868647115
5.40389179279882
7.28269899692365
10.123024034602729
1.0728990826502325
6.380460659188152
21.254175626542647
18.28606879000573
19.51063748111062
19.406727011521024
13.250406659883588
14.752835917194725
2.6673672287169925
15.70845974532052
25.120075072054338
25.540436389400085
6.8947040348675
15.166764031855504
2.2873379154886613
16.622171701795775
2.52722096273562
21.697290741142155
10.297628143073686
10.344736958202585
8.20160232721342
23.173737783985764
11.272070599370547
13.013333922539017
16.05529522966986
11.00071346886893
2.7344807899375705
3.4056558084345054
16.17523792792541
20.05879180912855
21.01063714385534
24.424255453776905
23.23009924877093
5.459823887845939
7.590069913501631
15.521704532588297
9.452724471089745
12.881091689416431
17.591733844220368
6.8878956117301255
0.7460835753593092
11.300027754436124
17.620045154316546
4.7931742371756885
11.18379472941187
14.556240646196386
13.847128710032871
9.403739524089392
9.949540050358445
6.449644336148728
15.053282702862617
4.177903231049168
6.903345104666969
23.739603180683684
26.859556643703623
10.276701552900537
8.900725105456935
23.119575887447787
7.894251640815382
4.64677364853672
6.404360400287525
21.296337846948493
10.501253092913164
22.008462689685846
12.344121927577996
8.514437412770121
8.754487220154667
5.839002355405433
5.1126004333568735
5.236975273543485
16.797080732259815
2.992923612079054
3.706982261752353
8.708094368561335
10.812387426267204
12.44413302675289
21.91451930507669
18.221109638721927
19.155006218097927
7.561183866331981
34.330712985516364
31.30187742936215
13.23305594240853
13.70854546401579
19.504553786323
14.79848803920598
29.294376126556248
5.505750671892835
7.353211901076604
17.60939420475212
27.64545103178119
11.056727603428875
1.896292799802524
2.4773285563721466
21.91567450808228
18.410612818515716
19.42223053239301
20.467516034276706
32.499752116082725
16.403796781282434
22.911516354189025
17.783767518092176
21.98142880891973
8.397614965631652
23.524322175751983
14.06482083297459
5.559545125785661
12.576848634928941
13.784295917850592
12.201879444382916
8.337223810210357
18.31169267447919
14.351594175064509
14.701092248153014
8.399262061615808
11.235622654384088
29.355614101602207
11.788126817347575
2.99521988667026
10.840888312869499
13.88960250119298
8.633978038373609
10.138601593367335
8.775533343294398
21.295868721120353
28.166351080799913
20.563743903624513
5.049096316363434
14.184638188137232
8.686213579139052
27.73953413961767
6.568008096578003
11.595991268858869
11.589949989364898
1.3121993373631746
17.921278127857576
15.249119125996986
0.04600496644690727
15.418027480121653
23.400946292054424
19.153579448120283
13.34098515707021
21.36012317458176
7.121235104655577
8.195594285328982
8.228651702726431
8.78493815044033
27.95305396385333
14.395168239304056
16.95630068175057
30.394925213778592
24.005614744940306
28.71931797885999
18.49380476368339
30.691182407233946
15.845336344292836
11.51212647499677
10.089718120256867
8.97114533329659
10.847070072407622
14.524805596847429
15.119297247578867
16.94210091243019
23.558078715327728
10.252448084157926
21.755938938700307
17.679640169441733
33.10236739006927
12.862806683918771
18.630069410711247
11.051364040833155
1.5381783210653948
16.364339802504595
6.012006784670028
0.4194807189467571
15.205694756665054
9.644695802023676
14.33731871095619
-0.31799086413430916
9.57818512778307
10.851022543100584
7.9980016417293855
15.615332151758397
19.933283493184828
25.08675154364624
7.179005901696683
10.915578380067085
11.487792313139469
2.9151395912920317
17.42929527419098
17.587652101977195
24.411485037466058
14.831370977191499
17.530054700948263
14.762601807330679
13.653446963498151
12.731833626880084
14.950515891323048
18.323581315354375
5.195552432961605
24.523673837607298
15.091000834700727
20.095409886245655
29.77523336381533
10.156609215870711
17.02508839006182
31.540088131822362
16.16790576644481
14.89816793464902
23.21832328233866
9.418774673925979
16.220367653191644
21.238505730235545
13.40731327648337
19.076303279568506
22.939454864001732
6.878632185380752
5.501206637575618
7.6378428066794735
9.87739019523752
10.914764552732157
11.658719028171653
14.202762678032482
8.390137428531169
14.311322236288735
9.884187004735034
19.681718198571648
16.27892968125962
12.730791792276044
13.056320902134017
11.068426264410645
12.806082377071514
5.741282868344637
13.72449863803533
21.03606584232371
13.426038338000758
18.977622424410505
20.121548748743386
28.823509828396254
29.988555108298776
23.09946586338995
15.08765803149801
20.27228638542464
7.93167530900912
12.152613149934743
5.734876342715089
6.461815139936662
34.2970563047743
13.87244297547337
22.605260529269877
12.788470956012558
14.407259270489737
18.248635629108126
13.66984414844154
9.47077701817591
15.558492017952819
13.13566412290033
15.749405729845083
33.167090069815
18.508518443194426
16.717461019798247
18.654524129531758
14.025223577781718
-1.9732337639526702
13.747629542919798
14.016172508386731
26.727876090158553
21.88778319880941
10.198123877644733
12.442710607809847
19.046417655596173
17.157258613535504
22.130663650881246
5.837536838963108
-1.5410264495533952
8.052578256092458
2.2875033829529032
5.161740470104124
13.986139022910178
7.501580196157534
20.101224672775018
18.542724260335387
11.088213467995057
9.12671344146913
22.614205468689484
23.420324083555013
17.235689657247228
23.21852021834089
19.11163538816417
16.22519499791686
24.4838802965356
24.319491082917576
16.28033406502608
17.219339958576025
13.089412075011362
22.99730444243712
15.331582768774338
12.313769898732401
10.318590217781042
30.937572623917635
19.207565134774033
12.969562857056257
15.556786991573766
20.342796877809995
6.4410478149288375
26.063246631768457
11.674780725111622
7.883803597351065
13.05608238393567
5.251149689569036
-2.415743717080746
13.835270240041154
17.39388088731485
20.381080885329645
1.1755715749113163
16.58539734905481
6.2884546705751605
8.953316849009557
18.21444299552248
15.516819982137307
8.612951588227446
1.7599929170557056
3.8660216149893816
14.87433084235447
11.761626002884668
6.301617210056947
13.816031069034812
16.240665825161066
14.459548987028413
3.366151226438964
3.4557348795795915
2.0456302178804173
3.6841069487705873
-4.160853801769331
-2.374207425954867
11.422497248103488
9.49036241440556
4.107583336894408
10.731401220958977
16.499141610258278
26.53980252606715
18.184262445014905
13.262049962775919
10.711987814375249
11.720084088039073
14.329136809583725
13.53802640549735
24.477734332499995
12.045844986222663
16.28625745994036
10.151971401011973
21.19915312924568
18.274912725383842
26.355468282975565
19.302214741208424
23.07147812323697
-1.405247703365509
27.216812074619988
18.428499176425074
21.612328822327008
12.670055260084599
12.379639664901628
11.145349917627907
13.807052591310002
5.057649685151857
17.412303297935125
16.050098996604085
27.898065819313892
18.519238569951256
12.94478206429641
22.54677436799403
13.520531145552505
25.564427018453987
15.504937118244362
3.4744700281597654
21.73093601182112
13.857325578176546
9.255283600823732
17.216456288574527
24.28704985459165
22.968498403027567
31.23191276531872
28.830241357344114
21.50524170436504
22.027304024589327
14.652936812815165
11.672322369413207
10.354933938304505
27.27490174626271
23.89478048288756
15.070601426058085
21.96510588584094
16.084017461268356
19.587496766569817
30.455297229323136
3.1561309798426245
11.171454865400975
26.480462070237294
8.75736020449559
19.7471671895553
28.143908617640527
23.3958528506449
20.530596740769322
20.715290164237636
21.208927721652053
9.72925198262221
18.56863521763826
25.40068104299369
18.498188939501848
16.80842039234147
25.820187594995705
33.05174870238245
20.631958865384647
13.381157286672684
14.033924463592037
12.862351361122414
16.733159075957314
4.694879626509116
3.0897455015445043
17.513938069086727
22.84088044579824
13.618064005948494
16.25077520786646
16.487342862271802
8.845150847797072
31.26292642603616
24.456206578832266
28.31375341488828
29.86168420270598
18.54277695273763
9.693140368295259
15.161551226405948
24.09244101503104
33.19235934588503
38.02129724532672
13.806275954489108
15.619241478493969
14.653015048149012
22.959474479988923
18.788726020269657
23.388814032936583
22.834224874019228
20.076568288980898
16.228985519669322
17.743004159965736
37.13865878795981
21.609078132140585
40.4257364954468
24.090661399868143
24.41916465954342
20.095334941052936
19.358846996639134
23.130385939561716
24.707200743586167
21.727201106791377
16.98154752878724
19.78067207386953
18.65311523927481
19.757547528746763
15.599013368698802
19.205273095152787
12.410921336827867
31.260327787687313
19.808311735137437
19.17423456604563
17.704774217871694
16.78581441845149
16.240467190938407
30.279155603636774
34.3921943985366
22.963956088980723
12.947023929761135
17.873197338628792
23.508748886338502
35.49289894576896
30.79585654586339
21.86052202994213
22.665266463760354
8.137958075996883
20.447365078493064
34.23811453009536
19.477116100831655
23.08449849585868
24.980908420717018
15.526129320130298
19.95641466489097
23.709626793422853
12.992935895284676
6.12010274845133
20.757021858777502
22.174005322563026
9.13816720521416
7.069245552480784
8.246005023075954
30.96745112804447
23.556738596133762
6.991859209605644
18.941321523370828
13.471431075358694
19.849126390912325
23.603982673597933
20.270986253093074
16.962880803651856
38.90479111908147
18.934036955820662
31.22949930694088
24.116108052750835
15.945097153746893
26.53295794581722
26.323592844395456
22.524388603916954
9.709968711243505
23.727474403289797
26.488431908680383
34.561296525195004
20.74770608043282
15.425093360177863
13.687269888817465
10.887845084522011
21.37084492808152
14.568382349894014
9.161251707816804
14.55715592359804
19.12442002600982
16.551390323227253
18.790169763497733
15.324824209761156
8.2943228548706
8.44590595967677
9.95617572952615
3.8267032978883395
3.4025421124972497
11.62397239235225
14.718021248691858
18.14582477183217
11.03923489247491
13.0699941255425
20.276287892988353
2.7657214017642358
4.525518043275276
2.3615086817450948
13.886473646092112
5.053116503321665
7.09986472397286
-3.3505115921203528
12.959021309774185
19.32051164432216
25.067650770469246
21.108010089315933
3.29978817238495
21.78345679871805
11.372724438660548
0.4038729602299268
0.8981525264249045
26.97501543053369
16.588425305864313
19.94447165164985
16.152736746437345
13.44876192484999
28.811815526640363
12.860179663238553
-5.539484966594612
16.54012591525252
-1.955554947914513
2.507741994144891
4.264766001331314
2.9700379028776362
11.578978188362365
5.497922460007792
9.74059404348864
-3.3505115921203528
13.63800474638576
16.722069224149156
0.5977008593236751
12.78213011357307
27.081210180463305
0.2417925201992245
13.41055281826118
14.626247425767174
8.025213098939169
16.875185196481294
9.203455877352514
11.592638592947788
14.94096499126829
9.451038514709454
9.2282118738858
6.573008327357222
-0.8775350763533134
11.788439895883187
12.186736989809715
7.204832345787058
7.212015886640843
3.5902273713500685
14.439918058914953
14.106142399699444
18.472031686592597
15.412594470072664
8.784899153833544
9.394359266408644
12.864563967975268
10.877648192315378
7.895662438616875
-2.276140312588676
4.401594519340109
10.113626787671599
4.253516566582089
3.1360049214814807
15.960464908212325
15.026631455026255
13.750019935868716
5.643210780800961
5.071677537745193
5.277869937975716
3.7390307442515223
10.438315364605025
17.494134471739134
9.792267570976879
6.775724329640015
5.6116797865140615
14.73450073982297
7.985913436052826
15.747172687506025
12.912321278940135
10.528913389040039
7.165794376502291
7.51272197462049
16.554359296744497
4.968281065607398
9.203984010870121
-1.9511950993260434
-5.495097273363704
7.589411327137659
5.430567082904976
2.8105090602323113
9.950156037923442
-1.2388196816528052
-1.7932293706890126
5.444344786139152
5.093610191816235
6.835092498413705
2.8620305483025787
5.861559476794616
4.589374490604839
-3.0491315997454196
3.5661531183763415
8.657542048263924
19.4882551260883
-1.4263777938140638
19.129523133570096
-2.3367194432737746
6.86534365602028
12.68085651968287
-3.5838376531838145
9.157071085875465
3.9459303162781834
-1.1326578726740746
-1.5175656769973913
3.651100549872925
-5.724064513720819
4.252069826899637
6.0300554847707435
17.593785561239397
-6.397550044639306
-3.1356564397301048
8.475051688094988
0.539212983438806
-4.788172436891677
6.709547835855429
19.77411428816796
1.5854021681391142
-5.667599977146767
14.676603961397143
1.4772546173526588
-0.8034323546577868
9.659727523234091
4.22230488440454
18.175290175234878
2.807425488946705
4.527666916476706
7.68814201163097
-2.9809430631780467
1.213230757763469
16.580112742392448
1.5783787135038336
2.9370151240581617
0.35095750009484483
13.68111450754139
17.450762401270833
30.33559786308613
14.080984523453733
18.20005224314601
26.127916366247486
9.34511992818033
-3.20160808860871
5.4457581482126365
16.03121477532922
12.314604199485082
13.189980809337719
