4.140136649102031
7.137009519230111
5.884916009540505
5.967588033229213
5.873407064226487
5.753088632764652
3.4108872623010855
5.793091358840026
4.3395016637230155
6.729185818854757
7.145747686091034
5.123358021604553
3.8202141762211137
3.7147773753025044
4.851608134642383
4.0983592421931485
6.280619282153164
5.339195214177308
7.152301976619132
8.4062108304799
7.566147424484105
4.152548425885387
5.08668407208209
6.803522357135536
6.784762686993014
8.560058056355684
3.6075150474757405
4.677606423790186
4.545031151041347
9.456452600822173
3.107857304214092
2.4514687689551224
4.677788390676248
4.619987881092806
4.9164024965726565
6.250550851948119
4.641106430490612
6.39050373073083
3.9071244818450923
4.698708613938313
3.462283022845484
4.673215988479506
4.41763634696895
9.141594694153287
9.609831957754961
3.3254919103877274
4.797832391616404
6.8305794424110955
4.4732578186694205
4.548850363888447
7.335106958504247
5.859031479354756
6.504146654548806
6.392597553177601
3.6394087365366428
4.931956188947451
2.420346332071386
3.660446306744459
4.526614534164043
5.983968976049664
5.015906641674646
6.480385567095064
6.170417881717097
4.5314737057573735
5.631993119746686
3.9691674123189213
4.780716124337047
6.243401632913491
6.0766324854346045
3.1974264961950944
4.110159005679213
3.5641743955436844
4.491297002237888
6.013781015307617
5.011054992891195
1.9814487764336344
2.931082601078966
5.315480977470003
5.897433484656966
5.550466880355071
5.060162064223094
5.030317127257051
5.718497000508451
4.587773815516748
5.8208972947041
4.051826818452662
5.163740282200825
5.11888487100424
4.343317922347493
2.877661242735363
6.50905730780032
5.5013204567685206
2.6519849132908133
4.223667653485874
8.827453800872947
7.505248806506663
6.699849118197373
4.602920276171392
2.7918916967293974
5.50688023337059
7.004243828609889
4.661725429874386
6.388763138341249
4.090316015549794
5.159016787091636
6.452787308209532
6.1183033387124865
5.651358416866194
5.609593063568099
4.992516512493782
6.092788243465213
6.0019433812818574
3.9270165556941032
5.54081059160867
4.157571050347228
3.5086933346749474
6.620178593993053
4.485299910469412
6.354762802600244
3.5350006494651893
3.2292847551689503
3.2765341197462647
4.6051071641196035
3.280216824708694
5.027576388653613
6.0748681683595045
5.260648700363809
3.4763180384995866
5.864209547477818
6.651955230222446
6.231704183102673
2.5199596295503217
4.962208597540278
2.1874382139663244
5.169328761990677
2.841155643631327
3.4489593139398274
4.048898125655331
3.8723028140993385
4.201218045586213
5.49491020341743
4.455181029542226
7.710374649683205
3.4806681919361413
4.486849572429391
8.069002393914362
5.092010906734268
7.334926432682962
4.630906428007351
4.8601183288029
4.041075155709904
4.05112897717454
6.131263994906741
4.358687447956713
4.3066851829910755
4.460872447116428
3.992676877208058
5.186197400313497
5.503970416881086
4.560802683129805
5.8565829811116235
7.029643297740022
6.380514587453655
2.646384738541567
6.876062316881849
5.83783510873691
8.046484032329039
6.350772620977322
4.535980116743491
6.850091068002739
4.788708007629043
5.087432311285576
8.913941965253972
6.041009664917386
4.180251999327784
4.83797202783568
5.5263275860422345
6.984804034945452
2.911694474928617
2.4015057848326626
3.9654639473884483
4.893600837630631
5.480572582232753
4.8256847073635205
5.83656140837478
2.3654624022275135
4.113908320935933
5.770423443836798
4.867444171259955
7.13319853172798
5.988496614885928
3.5921026387342123
5.3196497050098435
3.6874610788354483
6.932235437964952
3.8719875554841923
4.556034484306318
5.22729174416147
3.611625810532232
5.107844418443927
3.33734104476062
9.314018523031312
2.8177217202519236
2.807952563552642
5.564826795192886
4.573283412283097
6.455304964726498
7.650434181761932
3.801101517500448
4.967291559094726
6.642071312723847
2.8087084985878525
5.5841689196413435
5.537982798054749
4.877783436490846
5.860218642481562
7.290541121219118
2.5677297717513747
3.166436714358667
4.011254655394752
4.048708225963845
0.7824243821671181
2.614306341025707
3.4038952842706234
3.8699928814321796
3.213405030015548
5.376322449059802
4.777569573491661
3.646648465194973
4.3899563319398
3.2688830172463765
4.7698030313014534
5.161659183698134
7.052710833906422
5.705836878874343
4.256472580936514
3.262416497892883
4.7364416115161
5.159181917341351
5.222940371827919
4.687486501777606
6.044311177972994
3.4865211920725305
4.302745676061307
3.9973384992391634
2.4365923948707406
5.8613835223761255
4.524633197436307
4.274221708070792
4.263029586638373
3.622449566004847
6.781875804769654
2.493630612740703
2.1722433641301984
3.982792241087114
1.8588374923195001
4.363894856655243
2.135486836586482
4.190014357031222
6.439505106786136
1.8985368893909027
3.5343968459887725
7.283214902860831
6.764059897135924
4.429482474918919
4.505721355398838
3.8405536731252696
6.58091094378815
3.795632773530715
2.0278818744417655
3.091717875371716
4.341107451218253
2.299642085575084
5.114646467635666
4.095791159623221
9.588462726937887
4.138113355092902
5.8289890142230245
2.1294619179327894
5.0325017011415625
4.441888077054847
5.138962167076494
3.0058155068347325
3.549287357906723
4.322534166059548
4.682954825818559
6.312366960825329
7.773117276117047
4.647608123208716
4.728516435642422
6.246714562685838
4.474635812132907
4.83385778907485
3.658516666978766
4.968806321749239
4.1112916352731395
6.227345352249951
3.8103051834773827
3.954261057302027
5.680555168943899
3.7040914600910244
5.390802493497474
6.005319102627309
5.278590200869513
3.039429572276116
5.008456898498359
5.979497169638883
2.9320289989717994
3.254486955103929
4.5260943923490276
3.3429121137747635
4.2152303340733015
3.390565393998952
4.141702956447894
3.799677433405228
4.398524245439267
9.994055753421128
6.428940828720583
5.043431454760028
4.792506134402536
3.600593195309766
6.818745740073294
4.329446214819353
3.3259820491113206
3.319779213891299
6.563516376545531
4.833855543468524
4.226990434356713
2.4872386015331
5.1611251887267136
7.4175156200472125
8.974959802576084
4.116050734756778
5.108133514447024
5.634677241023785
4.365494663283976
11.029098811362369
4.368845239842908
4.946463004023469
7.274434420294352
5.9948778399306955
5.600962125841521
6.040071402428373
4.163171110011551
7.262840490114989
4.9829517666700545
4.637131429324488
3.3473602393376973
2.6493009293754377
5.291198635684325
3.012097209720309
5.269600836509545
4.388424611785852
4.578795413461251
7.611251726213892
4.43945157750136
5.217023364809401
4.17136783259074
5.234327205451338
6.8825157729164035
5.728875489554047
5.727521608555297
7.376199830876175
5.372593757585839
3.9714631358625985
5.442444990774259
8.514210446015282
4.446938620115146
3.6820860121632655
4.970189440987644
6.656133032935578
4.5428484486855325
5.223485687705998
5.721720113766357
4.634544415013997
4.6614043181731875
4.78186350942049
6.6366480050726775
4.952041073285592
4.372501601971001
5.116441534588953
4.992797918907606
8.466230472675411
6.100026609841929
8.395829158235065
5.751634064412671
7.40676584611085
8.21434867633972
7.941324440685889
6.614963191175282
5.422098115261577
3.6132487647763245
2.0202272934642673
4.3478188350242135
9.712018218966552
4.4964556038047325
5.168740567400999
3.9571469652963067
3.950791330002418
4.495770131446975
4.448401182410218
3.6707274519966515
4.248437164774598
5.3719354451001164
6.120361938307282
2.9518502430895994
5.494428178501826
4.7214714982845765
3.512260434537361
4.979565910901863
4.574545808358888
5.247303947681678
5.450591603076122
5.725176957145894
6.063813499714336
6.59894936811931
20.029549070767107
4.523290579433232
6.320502118476606
3.634653291463782
5.4377014579157255
3.941034452704574
5.736180649458433
6.582249004026985
10.28141741144649
7.719903197055149
8.464677512442266
8.103601513048243
8.460803527172152
4.900799412873563
4.824226154568202
7.698018862125014
8.593850614527005
7.312205029484423
5.340922579937986
7.4893509817451225
5.336811419247184
19.830315887570567
3.0637417219715726
2.7994839960069657
4.690542768158676
3.885276920569835
3.1250258466922642
6.251794467807647
6.4544922456341824
6.786041314972025
2.8186426460660194
7.3663641768255665
3.6161819161072306
4.179771908459738
4.819400349839426
4.57292386855248
4.921364307942139
10.16259089757001
6.60172237344574
8.25087887207994
7.846243405180811
9.501902720949108
4.485398718222589
5.571943752443707
4.518816095516771
4.4644860622163165
4.209283009850714
4.849908749538502
6.883579271182206
7.313752563060834
4.9902731695843885
7.374973441476145
6.295504088521125
4.228909816848363
9.808538873801146
9.296698512178526
7.521326194392661
7.058815483810743
5.867397160166124
6.770764508111437
5.3871410484428885
4.946914934563536
5.8075001098587355
3.7472784314822745
6.309370596803691
6.407833644228911
5.604666831798433
4.41618849093443
7.598936204392386
4.861644889299577
6.3031337652612045
5.616170202169946
4.657309489338041
6.84251185947364
10.334952688914289
4.62229495176617
2.133484794318846
2.7332314391709622
5.542639416073964
6.427858116119947
4.643935396698727
4.3598087079137855
4.531205419789987
6.200888506384676
5.50320811826368
8.04172603485173
5.201045072062407
5.074694099143767
5.6753233103990945
6.367349130876386
4.609561551181893
7.06458414720643
10.697517014078427
1.5792186997037343
4.854046642496072
4.723501952917288
8.765714921614203
6.362288182381664
4.78315190638356
2.0119319799441304
3.843326660867186
3.196089633759033
5.223586776827602
2.9999961950598273
6.9877839570004285
6.477511444367675
7.543450255007818
6.900179214159892
9.719882777990895
6.492234668646553
3.5296276191454603
8.281201118251904
5.347879173808229
4.110759565710193
5.126962734624208
5.793840726198538
5.1201062406476066
6.147418655222515
6.393878331385151
7.517341773329332
1.6775586256922328
6.2403680232147245
3.134639871094498
2.344684561944696
5.875786456697659
1.5187579981483044
4.493903269152067
8.705156276318577
7.5447167294626905
5.7576051626720774
4.99165269763802
5.204299035835428
4.8779337698099186
4.985263905657697
5.926184063986366
6.108799168494972
4.188796118102998
3.0531856210035064
4.448457899057135
3.0724828499256667
5.38213391058507
8.594652056216459
6.874330661006173
5.178719363792479
5.651290398859171
8.067050477866594
6.955246478269446
7.9740987992597585
3.653918056225786
6.830466469669003
6.482487367295705
5.471791234005303
5.483169120531266
3.973571580406241
4.034680013208069
9.876201517438528
5.481063322949692
4.059525268153931
9.348288372194958
10.261254360554831
6.208887800053244
5.827830148196402
6.30319186847493
4.151229174031935
4.230432241341891
3.726457082009673
3.675797321883619
6.688814263078158
4.83932514443966
4.942766394687548
4.223308500924322
6.372567274608319
6.59481961651477
4.292861713908994
5.404264642824128
6.805803518474176
4.801408298470933
3.802369194120942
5.727883583960988
3.0451458922885686
3.385512369247723
5.752495005955135
7.483229139818888
5.4471130022702825
4.684715144645296
4.395484174364675
4.087380063823345
6.772612037912424
6.44964918697569
4.260163753674929
7.054027349293586
7.104349718601104
6.072132972825325
3.4172536966144977
4.135700332744671
4.900032736453205
5.162006189137033
5.193264847000172
4.807379261970613
8.237721764561806
3.341154100460894
8.849869662604307
4.307384602633769
4.314496457342318
9.642771399662006
4.625105059142372
4.291705410513321
4.569147435229588
4.327529984101059
4.167843823910974
4.866732405023215
2.789398037769462
3.4926370206637114
6.556383730252925
3.148163932047102
4.0198108015069085
5.4442375222503845
5.661882585533639
8.45736491482954
4.899345067708294
4.469165647597043
5.640310429503746
4.31742622360219
5.803546997735723
6.363854234913237
3.6002056565918275
7.2465285733690905
6.370159849220809
4.376419117541797
3.068885292813967
5.2176280255226
6.162539557834759
4.029342065304788
3.6199145576805782
5.460051542394298
5.612465802491649
4.2331868943732776
4.808979533946066
4.880163121743572
5.3001449013478865
3.5753822270079954
4.537983130823508
5.133187926827373
6.5824728565456825
3.4565023618761423
6.327395806331951
4.878794531746459
5.290324346280041
9.868643175363463
2.731338769467361
5.226427546972772
4.024560930875215
5.754607739285426
2.7782593200301475
5.032948897864232
6.114272601670418
8.112674831397012
2.968823508178658
4.96453235200112
2.7360894717782673
2.8602042929541653
3.893396291273625
6.377092245352508
1.7420268197141906
4.635107292117444
4.776274404141027
5.657537510262292
7.892912398663512
7.605949177181369
5.3790008435492735
4.301517737168519
4.639459683657639
3.273072107716927
4.193971482091004
4.732846831633738
3.61311609346341
4.631995792212074
6.5146042270642575
5.812921765376921
3.101568685443843
4.485493652418158
5.169781087479209
3.768503794658012
7.104128226157952
3.9892361944869315
3.6313777326111256
3.514544486617091
4.695829673931092
4.607330839530754
3.6796625326084333
2.367840928057174
5.856673873923868
5.037882759348054
7.457746029171207
4.927738603767316
3.0544245334981763
3.6732653208427397
3.584280541045483
2.7277000573169246
5.253545230647794
3.9010721255374623
7.783598053151456
2.9455987871585556
4.155426152365298
6.3821369639166825
2.7334304511333607
5.806973858680461
3.27070658644162
2.2738228822205873
3.419837555069531
4.093049467489536
4.0433353394706275
3.5023909443619625
5.048859554316871
4.465901093561358
4.191416244182242
2.621611844963277
4.2397834315346445
4.421580639592944
4.649601907508316
2.8687769438355883
4.917115192959598
1.7454703913860052
3.3588518828473237
4.4940005430637004
4.094774518969347
4.067739467379362
4.5608195948182635
5.858378266632329
3.179001328369424
6.356672160353238
4.70537487575206
6.400431887506406
7.008482154252376
5.613181575855323
4.894164778383855
4.19186269081556
5.205270427239859
6.619073608853368
5.570122651638956
7.095205065875941
6.2396032142872455
9.771877171325507
3.3187349782485485
3.9955740719111352
5.085672223540124
3.4914677417825275
3.998944195281006
3.4374566376014255
4.601130830191445
3.3245351379010017
7.022606421576669
5.619676229785471
4.388479665699911
2.956637441503669
5.222002835389421
4.426266148634915
4.0213138727128745
6.995838426763498
4.237524919732363
5.858364367206097
6.4201488210916615
5.447469146708028
4.385308781743659
4.727084208220249
4.067246138174849
4.665975366552181
1.9758169476864473
2.8370508952358255
3.97547376063633
7.203318622370501
4.21631486000804
4.952256779902958
3.168038422987729
4.104047356113902
7.217940824089273
6.78014745627329
4.63555645160417
3.809122491718731
5.034685267506988
4.045994714753188
6.253609126217918
6.329505193241434
3.1244833285346574
3.5582093891209237
4.482133222173003
2.4364409884330303
5.164679865907198
3.4411397808120943
4.310571746785526
2.1497308241531243
6.666827452486281
3.9685796860704885
6.294366138206208
4.51483262840042
5.81188130601304
4.644417377237043
5.23433636358675
5.578947851036658
3.5933366854418787
4.849122987118073
5.759455774641873
4.134137882242944
5.0337100617882236
4.5072259175486264
4.479293872002635
6.713900722563252
3.691071758053552
4.9629141018425225
3.347726108767909
4.910232478713877
7.439473566163843
7.288261260172124
5.212486806990715
6.11360099665037
5.47825058605016
3.506884775187928
3.8632791854067543
3.286893662639323
6.671597994062044
4.830435318239578
4.889903018055448
3.946553713120487
3.1771279210616132
3.82807302143599
4.622224120770793
3.2573910818868375
4.7056873299260005
3.5283323589586195
3.517946935132785
5.412124769383754
3.7353505064932424
5.270305535698661
4.390698153712616
6.615023703598933
7.190429432567264
5.788006210975902
5.315897690702139
4.454993714624489
7.8267218288600064
4.926400574334556
5.15616719315691
6.723423091454129
5.952884214037795
5.25249156082033
4.983352650789233
3.613245427085289
6.161680258840167
3.355522368534861
5.338580292628702
4.011127038279527
5.070929808497458
4.316284046765781
4.3436230904272515
6.565531394667668
7.400305782078188
7.252153624583479
3.0992251469718166
3.9177384116529996
5.062668670311709
9.152703750893764
5.167900421685101
4.275083398598928
5.811580393359757
3.394157710702197
5.434258431040085
3.3605559045623985
5.044516740583203
5.903806077076317
5.242282634683614
4.103087142346142
5.064984703742229
5.184956750927651
