1.707537237831079
0.36895596293092714
2.9801484390913715
2.3512830925416175
2.2323004041690218
0.8311894875540198
5.094592238140832
2.6636513557522408
3.0962496175063636
3.2926654536733393
2.713789315771449
3.485973937367616
3.490790080616703
-0.23500145363903346
2.126519129380744
2.44484060972263
2.0494261366034845
2.9529103782259116
3.464558399011886
1.9851272392370531
2.4651647361690134
2.674068980561435
1.860157730862338
2.794180340766538
3.778378772175407
2.3977916211127894
2.5855658295933717
2.327276052573131
3.1689574527298423
1.4509144516223103
1.2379278218923053
1.3007800008094712
1.9244836778392136
2.0144349778284765
1.4513155002314786
2.4343530115751135
5.294908465320967
3.768286744574465
2.8392243391805705
2.8651479475590604
2.197430346746394
1.3514374765722632
2.2148270513744146
4.422585028207802
3.9912074440508283
2.0101145119109196
2.282795890429702
6.261913743553997
4.453066358084488
4.571945529307242
2.4328595728456768
3.2330303398259637
3.6685892653869736
2.6746707111984604
2.9666052423730536
1.5983266124827484
1.6531385858257228
3.1871148875099897
2.169785187843788
2.414767932188936
1.182989342777967
4.352001872435958
5.29547561311864
2.80897097932257
4.6409579120697515
3.3121698626156633
3.0389097213536402
2.1616247560127735
1.8351267349388958
-3.087668104536116
-0.0047668165437348975
1.3912514365784623
2.0176594617994796
1.7420037193202105
1.516533230305166
2.739809233020857
1.2706233985870683
1.203792386237452
2.4704587979237354
4.1008027417138635
3.0835318109757086
2.4322704772452055
8.964611306998053
7.766496993326089
2.2467802241830386
2.614728361230098
3.493319086908221
2.4193580195232576
1.6976157002527228
2.86703607447261
2.291781048201212
2.2509111037936367
1.9099594551511418
3.4178875811390936
1.3647264709191742
1.8292245777768479
2.1996798814839598
2.0879728811906886
3.3238615626206003
2.938226140446477
2.012817096300859
2.3843502566838697
2.176392618301356
4.692362683205643
1.7480634358870186
2.873843636193591
2.0148549786640855
2.6964378121213377
1.55216087232763
2.3875842347602716
1.727209557737848
1.9430384305787105
2.1764628050142996
2.049488227235722
1.803435282724168
1.8030313304878756
3.0622253573813767
3.2818443561038118
7.146560543945911
1.1772488946940238
2.438943700048222
1.7470290431140625
2.439496483259802
2.6904697027031874
1.9978903833890578
1.9824234341125184
0.8587941138776298
3.086891336716654
2.198604405563917
2.7478343406096153
2.655417580706105
3.811335664264039
2.0284659394002227
2.0055575077723526
2.3253972581430147
1.8841566483190033
2.220566248916441
8.89308081295672
1.7804736265228558
2.113800828467002
1.815927442422993
2.4097704038328507
2.498277753087639
2.515499452972586
1.9529833265170216
3.8790730579135975
4.6991656344437525
3.8368780316102753
3.570505715619981
2.399745518239648
2.113073245622897
1.4559151646071884
2.4015581081195334
1.2059837086316874
1.657539461414161
1.787635902157011
4.104712227970614
3.443987895644657
3.527177324822632
4.701402236926453
2.073608545169595
2.1569233297557493
5.5385714992328605
2.302157780659406
3.2270425993931076
1.8934087278698863
2.4835591931998064
1.8768283838980795
2.5442854827557917
1.995293022591898
2.48630849792235
2.7179144401737365
5.198831575599115
1.8651843709500053
2.560695173271802
2.902853686182934
3.0233008538487143
1.7539731088832815
6.500003930197083
3.1056736099289397
2.8874269153258343
3.013744929963719
4.2779279786709825
4.064416856936619
2.6446043457306554
2.12157326552608
1.9371491000152778
1.6082978047036196
3.3477129730911646
4.446056270912287
2.99827496803444
4.388131198770141
3.04264082854575
1.3578536964531849
1.6181487166074404
2.3127590345131885
2.432204582845053
4.180141767061284
2.8806529787346236
2.8136808529385195
2.837983612552356
2.37719957486761
1.4678806208806199
3.0961472247418294
2.2711110668032894
1.2323030404975062
1.233665216131944
1.4265849587165067
2.7726585415328255
3.538238259300368
5.960854311015693
2.2922955916341428
1.6740727048387343
0.9012923604755338
2.218737146719101
1.590682031239861
1.6302682224284133
1.3023526382646538
1.4147675600565035
1.829627187386286
4.054489510645385
4.417217261954818
2.2317812483306207
4.35316365325044
2.36297598936968
1.5562400668849126
3.5104800902933286
1.53344430808876
1.6689223593682367
2.791131063247449
3.2481054778095104
1.3193066648099472
2.3111202257928825
0.8259126490416548
-1.471283000021452
2.4712753063794572
1.2835921908453556
2.22392788805938
2.171078932706746
1.802505334506495
3.2579930959929446
2.4187833732039623
6.838620634105119
1.8196022976392086
2.1642463855598737
1.9255287318861185
2.2761623022961595
2.2222523223732864
3.8207872521602213
2.7146656459807836
1.6457069182199648
2.3134618966604776
1.8897430583208723
1.3172115161993818
1.2030683901331822
2.51764508823692
1.5383645660335052
2.0692924877245464
1.950826149761382
1.1192144927485115
1.6164585768526094
2.1884558675239667
1.798108306256406
2.4522991461836257
2.1881345586438345
2.0049283137829486
2.4088753220715846
3.696164618978491
1.9213559542363974
1.7962128801049686
2.108328531664519
2.0463759559840478
2.001326404829022
1.528368068256122
3.776813873539887
2.889821208168346
2.323922413226404
2.225351480936678
1.9581562267046064
2.195327890787492
2.663335402704315
2.5394195927063086
2.345148905985823
1.6197405015599344
1.9911455406736238
1.8515119414931314
3.028004882254853
2.0280256620507924
2.2472755878086197
2.8446472100307383
2.8644695521569954
1.5043585900971306
1.1094485948081416
2.4874314580693557
2.634516965245815
2.7089429306863124
2.292779731724425
3.254175827735865
5.106461504948172
1.514036841310012
4.784951650138771
4.610266827333334
2.3265080231327593
2.3167718081949684
3.5169295187540737
2.467737228541825
1.8237912860118235
3.334619338985966
2.8065379414638514
4.448125435728921
1.7759138525114448
4.04711795495142
2.7050960232294785
2.474654339759345
3.474686666350018
3.028565867319249
3.504783471732339
2.858700551665624
2.3985753662767
3.217149855684039
3.6778062851573115
2.603203007970021
2.4929206463314744
3.6036508532451865
2.4434551742612207
2.188893611793599
2.730143582273659
3.7547404691089197
2.741141646047978
3.493767335568084
2.5419393024236587
2.18633413843717
2.561346807899623
1.9715050214389518
1.4893056229207406
2.1125729562322926
1.870692311143651
3.9241956750165823
2.4113040928631335
3.2780159330593404
2.742547793079561
5.016516495742723
1.9878904787938376
3.975213254574288
2.8918566050272885
1.5883906854267003
3.214507832398168
2.0114324370169667
2.3421307569036762
1.9393519355469535
2.00832639506245
2.7442551568376876
2.1234671565362175
2.1005277746257476
2.5691217204834578
2.623196169399788
1.2072822222888022
2.8760602805842836
2.336238890833698
2.206403719448375
1.3788957731239746
3.39769555749433
3.174686830809664
3.833737002693062
2.3244472851335534
2.5829997474104816
1.8014569934611793
1.7895765312941816
2.2386286080246656
1.5568353711654357
1.6949036073849963
2.0942406080160816
2.92600594032606
2.650945301783838
1.5527353395994115
2.1386854267854107
2.299845521262499
2.377013692788481
2.7314472770694307
2.628843741620053
1.094016399192621
2.1053157397131526
2.437244903725372
4.141295637861541
