11.529815303430079
30.313253012048193
20.47848101265823
11.846456692913385
10.592924528301888
15.852054794520548
16.28299711815562
11.059957173447538
22.53112033195021
13.299009900990098
23.55272727272727
10.38301347488771
40.420180722891565
9.142326732673267
28.473746312684366
15.004155124653739
16.228546409807354
18.703271028037385
31.83941605839416
11.933447098976108
11.059957173447538
10.131652661064425
14.849108367626886
24.79260157671316
6.873205741626794
17.117152466367713
8.53495290034705
11.846456692913385
7.146102624363494
15.327659574468084
7.743661971830986
16.841423948220065
10.381342062193125
10.38301347488771
15.237315010570825
30.2283044058745
10.848347826086956
9.142326732673267
34.078322784810126
29.33266129032258
28.473746312684366
44.004444444444445
11.529815303430079
26.560574948665298
32.968
15.237315010570825
19.265046296296298
15.852054794520548
9.142326732673267
28.473746312684366
29.33266129032258
19.265046296296298
7.146102624363494
38.93844634628045
14.849108367626886
10.848347826086956
7.0521376433785194
11.682842287694974
16.28299711815562
29.91394658753709
18.70909090909091
12.21875
14.202602230483272
14.894333843797856
20.491803278688526
15.237315010570825
7.0521376433785194
11.106796116504855
7.982456140350878
9.98861047835991
15.49906191369606
31.704918032786885
7.382838283828383
9.7292817679558
12.118012422360248
15.01
47.819148936170215
18.705714285714286
10.131652661064425
7.146102624363494
7.447679708826206
10.38301347488771
20.676156583629894
24.804780876494025
5.589928057553957
14.089377289377289
7.447679708826206
37.841309823677584
17.747377622377623
10.602469135802469
11.422338568935428
12.557603686635945
15.852054794520548
29.33266129032258
16.43817787418655
15.489707475622968
38.93844634628045
15.852054794520548
32.083333333333336
25.94164456233422
15.852054794520548
13.35972850678733
6.873205741626794
12.599656357388316
11.529815303430079
15.004155124653739
6.873205741626794
7.916548797736916
7.146102624363494
24.79260157671316
11.355029585798816
24.275415896487985
21.57920792079208
15.852054794520548
7.146102624363494
15.852054794520548
5.511006289308176
15.004155124653739
27.730815347721823
46.22929936305732
20.047773279352228
34.979757085020246
30.842105263157894
15.852054794520548
8.441687344913152
13.798404641044234
17.55709023941068
15.852054794520548
17.934065934065934
18.127496159754223
17.21832669322709
11.771217712177123
20.719060523938573
14.175070028011204
15.83052434456929
7.146102624363494
18.930555555555557
27.90032502708559
21.516129032258064
12.951690821256038
4.02581369248036
14.849108367626886
10.592924528301888
6.105431309904153
15.89419795221843
16.28299711815562
7.146102624363494
35.68536585365854
19.626126126126128
38.972093023255816
17.55709023941068
18.930555555555557
38.93844634628045
24.275415896487985
21.265560165975103
19.437037037037037
10.592924528301888
17.747377622377623
29.691029900332225
17.21832669322709
21.34502923976608
15.852054794520548
7.447679708826206
21.34502923976608
24.1731843575419
9.142326732673267
13.442477876106194
12.597292724196278
7.146102624363494
6.973421926910299
12.095238095238095
10.848347826086956
15.726744186046512
21.516129032258064
18.70909090909091
16.400705052878966
17.747377622377623
10.485714285714286
11.682842287694974
5.511006289308176
34.1747572815534
8.704651162790698
6.105431309904153
15.004155124653739
21.47013698630137
20.352941176470587
34.078322784810126
38.93844634628045
7.146102624363494
31.461290322580645
14.089377289377289
15.928571428571429
11.787985865724382
6.105431309904153
12.72549019607843
7.743661971830986
9.131519274376418
37.841309823677584
19.626126126126128
19.15776699029126
7.447679708826206
16.28299711815562
28.473746312684366
11.846456692913385
12.597292724196278
7.146102624363494
15.83052434456929
16.28299711815562
15.237315010570825
13.798404641044234
20.028776978417266
8.367003367003367
13.440217391304348
12.696498054474707
8.47452229299363
14.089377289377289
16.400705052878966
11.933447098976108
20.047773279352228
16.228546409807354
15.004155124653739
15.489707475622968
7.415384615384616
7.146102624363494
11.33984375
10.990033222591363
10.592924528301888
15.182103610675039
19.97530864197531
9.142326732673267
28.176470588235293
20.266409266409266
8.574850299401197
21.47013698630137
4.02581369248036
19.15776699029126
7.146102624363494
14.894333843797856
19.13377192982456
16.35185185185185
26.18217054263566
10.38301347488771
10.440613026819923
10.381342062193125
10.592924528301888
15.852054794520548
9.308016877637131
11.529815303430079
16.28299711815562
10.602469135802469
13.798404641044234
15.004155124653739
11.529815303430079
6.895953757225434
6.873205741626794
16.28299711815562
14.485456369107322
17.55709023941068
24.020833333333332
12.105555555555556
13.247334754797441
10.848347826086956
24.1731843575419
9.565749235474007
33.41038696537678
19.265046296296298
7.916548797736916
15.237315010570825
8.47452229299363
15.237315010570825
45.92802617230098
21.47013698630137
17.21832669322709
5.511006289308176
8.367003367003367
39.88744372186093
7.146102624363494
6.973421926910299
11.268817204301076
10.990033222591363
16.28299711815562
28.473746312684366
11.846456692913385
20.719060523938573
45.24874118831823
9.93134328358209
38.93844634628045
4.02581369248036
10.592924528301888
5.511006289308176
34.35847208619001
28.28404255319149
20.047773279352228
37.841309823677584
9.565749235474007
32.13956766917293
21.47013698630137
13.798404641044234
11.529815303430079
6.998272884283247
7.982456140350878
18.930555555555557
32.59100204498978
8.334975369458128
7.982456140350878
12.597292724196278
9.142326732673267
23.25925925925926
7.982456140350878
13.034313725490197
8.760697305863708
7.146102624363494
21.57920792079208
11.933447098976108
6.845714285714286
35.68536585365854
7.743661971830986
12.599656357388316
31.83941605839416
17.117152466367713
7.146102624363494
6.709677419354839
7.447679708826206
7.382903981264637
9.032171581769436
15.89419795221843
5.630170316301703
6.709677419354839
12.06401384083045
8.967989756722151
32.59100204498978
19.265046296296298
10.398395721925134
14.485456369107322
12.085365853658537
15.237315010570825
14.093639575971732
11.059957173447538
32.083333333333336
5.288851351351352
17.747377622377623
15.004155124653739
20.719060523938573
11.529815303430079
20.719060523938573
39.88744372186093
15.83052434456929
17.747377622377623
39.88744372186093
14.485456369107322
16.28299711815562
22.581560283687942
7.146102624363494
38.93844634628045
7.217741935483871
8.743276283618583
12.442827442827443
17.171837708830548
14.202602230483272
7.146102624363494
15.279661016949152
12.177852348993289
19.125151883353585
32.13956766917293
15.83052434456929
8.53495290034705
15.237315010570825
13.203703703703704
7.146102624363494
32.083333333333336
16.28299711815562
19.69261477045908
16.354005167958658
19.15776699029126
15.83052434456929
24.79260157671316
16.228546409807354
6.845714285714286
7.0521376433785194
8.04331797235023
13.041131105398458
10.38301347488771
15.182103610675039
17.21832669322709
9.065546218487395
7.0521376433785194
17.117152466367713
9.131519274376418
21.47013698630137
7.743661971830986
10.848347826086956
18.127496159754223
6.873205741626794
6.998272884283247
11.529815303430079
13.203703703703704
13.440217391304348
7.916548797736916
20.991329479768787
7.382903981264637
6.998272884283247
43.73560209424084
34.35847208619001
10.393177737881508
16.28299711815562
16.43817787418655
8.760697305863708
45.24874118831823
7.916548797736916
21.57920792079208
10.592924528301888
20.09655172413793
15.852054794520548
9.131519274376418
38.93844634628045
13.798404641044234
8.77832512315271
8.04331797235023
43.117294520547944
38.93844634628045
6.105431309904153
7.146102624363494
8.05078125
24.79260157671316
10.848347826086956
14.849108367626886
24.10112359550562
10.848347826086956
16.354005167958658
7.146102624363494
16.168639053254438
5.511006289308176
32.59100204498978
10.602469135802469
12.105555555555556
7.146102624363494
10.990033222591363
35.272076372315034
20.719060523938573
18.41098169717138
34.691764705882356
8.441687344913152
18.930555555555557
14.894333843797856
17.117152466367713
10.141479099678456
24.10112359550562
31.704918032786885
7.415384615384616
21.57920792079208
21.57920792079208
14.894333843797856
16.400705052878966
30.573667711598745
15.852054794520548
7.982456140350878
34.35672514619883
24.020833333333332
28.473746312684366
24.10112359550562
16.28299711815562
16.28299711815562
5.511006289308176
14.894333843797856
32.13956766917293
10.38301347488771
29.33266129032258
15.182103610675039
10.398395721925134
29.91394658753709
7.146102624363494
23.55272727272727
34.89149560117302
15.535545023696683
17.448979591836736
19.125151883353585
24.79260157671316
16.28299711815562
13.798404641044234
7.146102624363494
18.930555555555557
29.33266129032258
24.020833333333332
24.020833333333332
28.473746312684366
11.529815303430079
5.630170316301703
16.28299711815562
28.922057677318783
31.83941605839416
30.50095238095238
15.120218579234972
34.35847208619001
24.020833333333332
17.171837708830548
10.381342062193125
7.146102624363494
6.253886010362694
6.253886010362694
16.400705052878966
19.265046296296298
24.10112359550562
8.77832512315271
5.511006289308176
6.416666666666667
24.10112359550562
7.415384615384616
19.504016064257026
7.916548797736916
12.599656357388316
26.566666666666666
10.381342062193125
10.991181657848324
13.798404641044234
10.398395721925134
38.93844634628045
8.972527472527473
10.381342062193125
13.034313725490197
7.146102624363494
15.852054794520548
7.382903981264637
15.237315010570825
34.35847208619001
18.930555555555557
19.69261477045908
32.083333333333336
24.020833333333332
28.473746312684366
10.38301347488771
16.783333333333335
14.849108367626886
21.47013698630137
18.930555555555557
20.491803278688526
45.24874118831823
17.326486486486488
11.846456692913385
14.894333843797856
7.146102624363494
15.237315010570825
38.972093023255816
31.83941605839416
28.473746312684366
15.852054794520548
14.165178571428571
31.83941605839416
18.175043327556327
7.833333333333333
39.373339658444024
34.078322784810126
15.852054794520548
10.38301347488771
10.38301347488771
11.529815303430079
28.473746312684366
15.83052434456929
15.237315010570825
15.237315010570825
36.262962962962966
44.98412698412698
38.972093023255816
14.485456369107322
16.28299711815562
29.691029900332225
11.529815303430079
42.52338983050848
14.894333843797856
51.78482914006759
15.852054794520548
17.747377622377623
9.790740740740741
10.38301347488771
16.841423948220065
13.299009900990098
33.988179669030735
16.28299711815562
7.833333333333333
10.63
42.28476821192053
17.747377622377623
18.127496159754223
10.63
8.183294663573086
9.142326732673267
18.705714285714286
10.061818181818182
21.57920792079208
16.28299711815562
11.771217712177123
13.041131105398458
13.135254988913525
15.093886462882097
15.004155124653739
16.400705052878966
19.626126126126128
19.504016064257026
11.682842287694974
9.565749235474007
38.77777777777778
24.020833333333332
15.004155124653739
16.228546409807354
21.452599388379205
15.004155124653739
11.846456692913385
17.747377622377623
15.237315010570825
10.592924528301888
16.517171717171717
20.86092715231788
10.848347826086956
15.237315010570825
31.051530993278565
11.682842287694974
17.934065934065934
7.0521376433785194
18.930555555555557
15.237315010570825
10.265705458290423
9.142326732673267
10.592924528301888
13.670731707317072
12.597292724196278
7.447679708826206
16.228546409807354
6.873205741626794
12.06401384083045
10.592924528301888
9.131519274376418
8.441687344913152
14.849108367626886
11.933447098976108
11.682842287694974
11.529815303430079
7.382903981264637
7.146102624363494
26.77899877899878
24.020833333333332
17.483253588516746
20.491803278688526
17.747377622377623
13.382222222222222
16.228546409807354
29.33266129032258
19.69261477045908
7.146102624363494
15.004155124653739
24.275415896487985
10.602469135802469
29.91394658753709
13.798404641044234
21.57920792079208
7.382903981264637
15.83052434456929
10.592924528301888
12.919463087248323
10.38301347488771
17.21832669322709
15.237315010570825
24.10112359550562
17.28268551236749
16.28299711815562
16.841423948220065
16.400705052878966
17.483253588516746
16.228546409807354
11.529815303430079
12.341772151898734
31.83941605839416
7.743661971830986
5.511006289308176
19.13377192982456
7.916548797736916
28.473746312684366
36.54401894986182
27.730815347721823
25.33668341708543
38.026455026455025
7.447679708826206
16.28299711815562
7.743661971830986
18.930555555555557
16.517171717171717
21.57920792079208
18.232394366197184
15.852054794520548
15.89419795221843
11.846456692913385
9.142326732673267
31.124125874125873
15.004155124653739
24.1731843575419
20.78235294117647
12.105555555555556
14.089377289377289
7.382903981264637
19.265046296296298
42.52338983050848
6.845714285714286
11.682842287694974
14.089285714285714
21.265560165975103
26.23688155922039
7.982456140350878
15.327659574468084
32.968
16.28299711815562
39.373339658444024
4.02581369248036
10.990033222591363
7.146102624363494
10.63
15.852054794520548
16.28299711815562
20.719060523938573
16.228546409807354
15.535545023696683
18.930555555555557
11.980978260869565
24.79260157671316
19.265046296296298
15.852054794520548
9.131519274376418
10.990033222591363
14.089377289377289
34.691764705882356
43.73560209424084
18.930555555555557
8.47452229299363
15.89419795221843
15.852054794520548
7.0521376433785194
7.878504672897196
7.743661971830986
10.38301347488771
15.004155124653739
10.38301347488771
34.39479277364506
29.91394658753709
29.84338747099768
10.38301347488771
19.626126126126128
27.730815347721823
24.79260157671316
31.3855421686747
18.930555555555557
23.301369863013697
26.17241379310345
17.59375
14.089377289377289
7.146102624363494
14.894333843797856
12.118357487922705
10.990033222591363
10.38301347488771
9.142326732673267
24.020833333333332
45.92802617230098
15.237315010570825
24.79260157671316
17.117152466367713
7.447679708826206
7.447679708826206
10.753117206982544
32.59100204498978
9.142326732673267
6.998272884283247
10.38301347488771
7.382903981264637
11.422338568935428
14.089377289377289
7.743661971830986
15.852054794520548
16.354005167958658
15.852054794520548
10.592924528301888
38.93844634628045
27.672310756972113
16.28299711815562
7.743661971830986
5.630170316301703
17.28268551236749
19.352941176470587
42.35413589364845
18.705714285714286
8.760697305863708
9.131519274376418
12.597292724196278
15.83052434456929
15.928571428571429
18.705714285714286
34.078322784810126
24.10112359550562
10.848347826086956
17.117152466367713
6.105431309904153
7.146102624363494
10.381342062193125
24.79260157671316
39.373339658444024
11.059957173447538
25.77104377104377
21.47013698630137
21.25645438898451
15.237315010570825
11.529815303430079
25.33668341708543
10.265705458290423
8.47452229299363
24.79260157671316
4.02581369248036
29.33266129032258
10.848347826086956
30.2283044058745
13.247334754797441
7.982456140350878
11.181049069373943
10.848347826086956
7.146102624363494
38.93844634628045
33.988179669030735
15.89419795221843
8.05078125
5.662337662337662
5.630170316301703
11.529815303430079
10.38301347488771
36.262962962962966
39.88744372186093
10.602469135802469
18.930555555555557
13.299009900990098
18.930555555555557
17.428571428571427
15.237315010570825
10.38301347488771
51.6110884631064
16.28299711815562
9.142326732673267
34.32
7.982456140350878
32.59100204498978
25.77104377104377
15.83052434456929
38.93844634628045
11.33984375
20.047773279352228
12.696498054474707
13.670731707317072
10.398395721925134
8.967989756722151
49.802307925903435
42.35413589364845
7.982456140350878
12.06401384083045
24.1731843575419
10.381342062193125
6.973421926910299
15.89419795221843
10.63
33.988179669030735
8.574850299401197
6.7910112359550565
15.89419795221843
25.94164456233422
14.393401015228426
10.990033222591363
8.760697305863708
14.849108367626886
6.55787037037037
37.786384976525824
24.79260157671316
5.511006289308176
13.247334754797441
7.447679708826206
17.519543973941367
38.972093023255816
16.35185185185185
11.529815303430079
12.177852348993289
17.55709023941068
16.517171717171717
16.28299711815562
13.798404641044234
9.142326732673267
9.380794701986755
9.142326732673267
16.28299711815562
15.004155124653739
37.786384976525824
19.69261477045908
33.988179669030735
24.79260157671316
24.020833333333332
38.972093023255816
20.266409266409266
7.146102624363494
15.004155124653739
9.2
12.105555555555556
12.599656357388316
18.175043327556327
34.35847208619001
28.473746312684366
39.373339658444024
24.79260157671316
21.47013698630137
30.573667711598745
17.117152466367713
18.930555555555557
45.24874118831823
15.004155124653739
32.59100204498978
33.988179669030735
16.43817787418655
15.004155124653739
38.026455026455025
32.968
6.105431309904153
16.28299711815562
15.004155124653739
15.89419795221843
38.93844634628045
22.53112033195021
38.026455026455025
22.67109634551495
31.3855421686747
39.59640203363316
44.899191374663076
15.83052434456929
28.473746312684366
34.35847208619001
13.135254988913525
34.39479277364506
24.79260157671316
10.848347826086956
37.786384976525824
7.146102624363494
20.719060523938573
32.30625
31.83941605839416
19.504016064257026
28.473746312684366
19.626126126126128
19.626126126126128
39.88744372186093
17.747377622377623
21.47013698630137
31.3855421686747
33.223404255319146
31.051530993278565
15.004155124653739
21.452599388379205
31.55131264916468
30.313253012048193
7.146102624363494
10.38301347488771
7.146102624363494
15.852054794520548
18.705714285714286
24.79260157671316
38.93844634628045
14.849108367626886
34.39479277364506
42.52338983050848
46.781867145421906
11.422338568935428
15.182103610675039
22.223201174743025
45.92802617230098
17.55709023941068
24.79260157671316
24.020833333333332
20.491803278688526
15.852054794520548
15.83052434456929
29.142857142857142
19.504016064257026
15.726744186046512
7.447679708826206
38.972093023255816
15.83052434456929
9.790740740740741
6.954385964912281
38.026455026455025
17.519543973941367
14.089377289377289
21.265560165975103
8.996
14.849108367626886
11.529815303430079
21.47013698630137
31.704918032786885
50.41854233654877
19.125151883353585
20.491803278688526
11.846456692913385
13.041131105398458
6.998272884283247
10.848347826086956
7.916548797736916
15.89419795221843
43.73560209424084
15.237315010570825
31.704918032786885
24.79260157671316
32.59100204498978
27.730815347721823
39.59640203363316
20.719060523938573
24.79260157671316
20.719060523938573
29.33266129032258
34.35847208619001
34.35847208619001
21.57920792079208
17.55709023941068
10.848347826086956
14.894333843797856
7.982456140350878
8.53495290034705
15.182103610675039
11.529815303430079
16.43817787418655
11.529815303430079
21.47013698630137
24.1731843575419
18.930555555555557
9.142326732673267
16.354005167958658
34.35847208619001
16.28299711815562
30.842105263157894
43.117294520547944
27.59190031152648
29.84338747099768
17.747377622377623
17.747377622377623
21.57920792079208
15.83052434456929
14.175070028011204
24.79260157671316
5.511006289308176
10.38301347488771
10.38301347488771
43.225641025641025
7.447679708826206
5.589928057553957
22.067264573991032
13.203703703703704
15.004155124653739
14.849108367626886
21.57920792079208
10.38301347488771
17.117152466367713
7.146102624363494
10.592924528301888
16.43817787418655
16.28299711815562
13.798404641044234
38.026455026455025
11.529815303430079
21.47013698630137
17.68957345971564
10.592924528301888
11.529815303430079
11.083333333333334
8.05078125
15.852054794520548
7.617486338797814
29.91394658753709
15.852054794520548
32.59100204498978
15.83052434456929
17.117152466367713
7.982456140350878
34.89149560117302
6.253886010362694
46.217188540972685
16.28299711815562
37.786384976525824
17.55709023941068
16.841423948220065
17.55709023941068
11.682842287694974
34.39479277364506
16.28299711815562
10.592924528301888
45.24874118831823
39.88744372186093
44.1725
38.026455026455025
10.848347826086956
15.83052434456929
39.373339658444024
28.473746312684366
32.083333333333336
10.38301347488771
23.55272727272727
38.93844634628045
12.507109004739336
27.730815347721823
38.93844634628045
34.25
15.83052434456929
15.237315010570825
11.846456692913385
19.15776699029126
7.447679708826206
38.93844634628045
19.15776699029126
9.142326732673267
7.447679708826206
16.28299711815562
19.626126126126128
10.848347826086956
31.83941605839416
16.168639053254438
44.004444444444445
15.237315010570825
8.183294663573086
42.28476821192053
19.265046296296298
20.719060523938573
34.691764705882356
24.79260157671316
37.786384976525824
27.672310756972113
7.743661971830986
46.217188540972685
45.92802617230098
42.35413589364845
28.28404255319149
39.88744372186093
14.894333843797856
49.802307925903435
21.47013698630137
24.79260157671316
10.234567901234568
9.565749235474007
16.28299711815562
9.142326732673267
15.852054794520548
11.083333333333334
31.461290322580645
11.846456692913385
9.131519274376418
38.026455026455025
11.933447098976108
7.0521376433785194
7.0521376433785194
15.726744186046512
43.73560209424084
15.852054794520548
38.026455026455025
36.54401894986182
42.28476821192053
30.048780487804876
15.852054794520548
48.27739726027397
38.026455026455025
15.83052434456929
6.105431309904153
28.473746312684366
37.841309823677584
7.146102624363494
29.61764705882353
7.382903981264637
19.265046296296298
34.35847208619001
43.73560209424084
13.989082969432314
9.565749235474007
39.88744372186093
7.982456140350878
8.432
15.237315010570825
15.237315010570825
9.142326732673267
7.743661971830986
17.117152466367713
18.930555555555557
24.79260157671316
27.672310756972113
27.730815347721823
38.93844634628045
10.848347826086956
7.982456140350878
15.852054794520548
17.117152466367713
16.400705052878966
24.020833333333332
31.83941605839416
12.118357487922705
10.592924528301888
10.908163265306122
46.781867145421906
15.89419795221843
10.381342062193125
39.65079365079365
16.517171717171717
7.382903981264637
18.81140350877193
19.265046296296298
24.1731843575419
10.991181657848324
15.83052434456929
18.930555555555557
7.743661971830986
26.18217054263566
13.798404641044234
24.79260157671316
15.852054794520548
10.592924528301888
24.157894736842106
15.120218579234972
15.83052434456929
15.237315010570825
10.265705458290423
17.747377622377623
24.79260157671316
9.142326732673267
18.930555555555557
11.529815303430079
28.473746312684366
34.39479277364506
10.592924528301888
26.77899877899878
16.28299711815562
36.262962962962966
24.020833333333332
30.048780487804876
20.719060523938573
31.051530993278565
15.489707475622968
17.326486486486488
15.83052434456929
15.852054794520548
31.3855421686747
10.38301347488771
18.705714285714286
8.967989756722151
15.852054794520548
16.228546409807354
15.830769230769231
7.447679708826206
6.973421926910299
10.38301347488771
9.93134328358209
34.35847208619001
29.33266129032258
11.933447098976108
19.265046296296298
7.447679708826206
38.93844634628045
17.117152466367713
23.55272727272727
21.47013698630137
15.182103610675039
15.726744186046512
10.265705458290423
7.81283422459893
9.308016877637131
28.473746312684366
7.146102624363494
15.83052434456929
44.1725
15.852054794520548
32.59100204498978
24.10112359550562
44.74162162162162
31.124125874125873
8.441687344913152
43.18181818181818
45.24874118831823
10.38301347488771
34.39479277364506
19.504016064257026
21.67628205128205
18.930555555555557
30.50095238095238
11.529815303430079
9.93134328358209
30.89908256880734
21.814102564102566
10.38301347488771
37.841309823677584
16.28299711815562
33.223404255319146
10.38301347488771
30.083333333333332
16.228546409807354
18.930555555555557
13.135254988913525
16.429657794676807
29.91394658753709
15.83052434456929
17.747377622377623
15.83052434456929
34.078322784810126
47.819148936170215
21.452599388379205
32.13956766917293
15.726744186046512
21.47013698630137
7.447679708826206
24.79260157671316
28.473746312684366
21.47013698630137
30.048780487804876
18.127496159754223
15.852054794520548
15.852054794520548
11.682842287694974
11.529815303430079
38.93844634628045
7.146102624363494
38.93844634628045
13.798404641044234
43.117294520547944
37.786384976525824
11.846456692913385
39.88744372186093
14.089377289377289
10.440613026819923
8.967989756722151
13.299009900990098
15.004155124653739
15.237315010570825
19.13157894736842
22.55808080808081
24.79260157671316
37.786384976525824
23.55272727272727
35.272076372315034
28.473746312684366
15.004155124653739
10.848347826086956
32.59100204498978
15.535545023696683
14.089377289377289
10.265705458290423
17.117152466367713
10.848347826086956
8.04331797235023
7.0521376433785194
13.670731707317072
10.848347826086956
10.592105263157896
8.517116182572614
42.28476821192053
9.93134328358209
15.182103610675039
15.004155124653739
14.849108367626886
7.0521376433785194
7.916548797736916
10.381342062193125
16.43817787418655
12.177852348993289
15.237315010570825
8.714285714285714
24.79260157671316
6.709677419354839
9.032171581769436
32.59100204498978
7.447679708826206
4.02581369248036
34.35847208619001
10.381342062193125
43.117294520547944
6.873205741626794
15.830769230769231
15.852054794520548
24.79260157671316
30.313253012048193
30.313253012048193
15.83052434456929
31.83941605839416
29.84338747099768
6.105431309904153
10.592924528301888
19.265046296296298
9.131519274376418
15.852054794520548
29.33266129032258
24.020833333333332
15.237315010570825
7.415384615384616
12.043037974683545
29.91394658753709
19.15776699029126
24.10112359550562
10.38301347488771
15.852054794520548
42.38821328344247
7.916548797736916
36.262962962962966
5.662337662337662
9.565749235474007
16.228546409807354
11.422338568935428
29.33266129032258
16.228546409807354
7.982456140350878
29.218649517684888
14.849108367626886
19.69261477045908
24.79260157671316
7.146102624363494
39.7840830449827
11.980978260869565
15.852054794520548
10.848347826086956
14.849108367626886
38.026455026455025
10.38301347488771
11.529815303430079
7.146102624363494
11.846456692913385
10.38301347488771
17.747377622377623
18.127496159754223
38.972093023255816
21.814102564102566
12.597292724196278
8.574850299401197
15.83052434456929
15.120218579234972
10.990033222591363
21.47013698630137
38.026455026455025
15.83052434456929
10.991181657848324
7.146102624363494
7.743661971830986
43.225641025641025
7.415384615384616
11.422338568935428
6.105431309904153
10.38301347488771
38.93844634628045
9.131519274376418
20.676156583629894
24.1731843575419
31.3855421686747
15.489707475622968
18.705714285714286
21.67628205128205
39.88744372186093
10.592924528301888
24.79260157671316
15.093886462882097
7.146102624363494
29.91394658753709
24.79260157671316
24.79260157671316
13.135254988913525
28.473746312684366
15.89419795221843
15.237315010570825
15.489707475622968
13.989082969432314
36.54401894986182
38.026455026455025
19.125151883353585
18.127496159754223
10.061818181818182
38.026455026455025
15.004155124653739
15.004155124653739
10.991181657848324
7.743661971830986
9.131519274376418
16.28299711815562
9.565749235474007
20.60431654676259
15.004155124653739
17.117152466367713
11.846456692913385
10.265705458290423
15.852054794520548
17.747377622377623
17.519543973941367
7.743661971830986
15.237315010570825
16.228546409807354
6.029850746268656
4.02581369248036
15.237315010570825
17.55709023941068
6.105431309904153
11.059957173447538
15.83052434456929
10.393177737881508
10.107329842931938
16.228546409807354
24.79260157671316
8.996
24.79260157671316
6.105431309904153
20.719060523938573
27.672310756972113
7.146102624363494
22.67109634551495
20.09655172413793
24.79260157671316
39.88744372186093
16.228546409807354
16.35185185185185
38.93844634628045
8.05078125
7.146102624363494
14.175070028011204
32.083333333333336
14.849108367626886
12.21875
18.930555555555557
30.89908256880734
12.599656357388316
10.38301347488771
31.83941605839416
24.1731843575419
20.352941176470587
11.529815303430079
6.105431309904153
24.79260157671316
24.79260157671316
6.525096525096525
8.714285714285714
21.452599388379205
14.089377289377289
27.271221532091097
30.842105263157894
39.88744372186093
17.117152466367713
7.447679708826206
9.142326732673267
18.127496159754223
10.38301347488771
24.1731843575419
8.05078125
8.441687344913152
31.3855421686747
31.83941605839416
10.38301347488771
10.38301347488771
7.0521376433785194
16.28299711815562
6.105431309904153
10.991181657848324
10.38301347488771
9.142326732673267
15.49906191369606
15.237315010570825
21.34502923976608
28.473746312684366
9.565749235474007
27.730815347721823
20.719060523938573
16.228546409807354
10.990033222591363
11.529815303430079
9.142326732673267
20.719060523938573
10.38301347488771
26.18217054263566
9.142326732673267
13.132841328413285
9.862385321100918
15.852054794520548
38.026455026455025
15.237315010570825
10.38301347488771
11.059957173447538
6.954385964912281
6.998272884283247
18.705714285714286
17.59375
18.41098169717138
24.79260157671316
29.33266129032258
11.987179487179487
4.02581369248036
18.127496159754223
8.704651162790698
21.34502923976608
18.930555555555557
13.798404641044234
10.990033222591363
15.237315010570825
6.029850746268656
11.33984375
14.089377289377289
7.447679708826206
15.237315010570825
43.225641025641025
16.783333333333335
13.247334754797441
9.131519274376418
10.381342062193125
24.79260157671316
5.511006289308176
5.511006289308176
5.511006289308176
6.029850746268656
16.35185185185185
27.730815347721823
7.382903981264637
7.743661971830986
7.982456140350878
15.83052434456929
46.781867145421906
17.727272727272727
8.760697305863708
24.1731843575419
24.1731843575419
20.719060523938573
31.704918032786885
17.117152466367713
10.265705458290423
10.592924528301888
28.473746312684366
15.237315010570825
15.852054794520548
32.083333333333336
31.83941605839416
34.35847208619001
15.852054794520548
15.852054794520548
10.592924528301888
24.1731843575419
15.83052434456929
5.725
31.051530993278565
17.117152466367713
10.602469135802469
7.743661971830986
32.13956766917293
9.565749235474007
43.73560209424084
29.33266129032258
10.63
9.93134328358209
11.771217712177123
7.146102624363494
19.414937759336098
15.852054794520548
30.57704918032787
28.922057677318783
29.91394658753709
15.852054794520548
16.517171717171717
7.743661971830986
18.930555555555557
28.473746312684366
6.998272884283247
27.730815347721823
46.781867145421906
28.922057677318783
7.447679708826206
20.047773279352228
11.846456692913385
12.043037974683545
12.177852348993289
15.852054794520548
15.852054794520548
16.28299711815562
16.28299711815562
28.473746312684366
11.529815303430079
16.58823529411765
15.237315010570825
11.529815303430079
17.21832669322709
14.849108367626886
9.380794701986755
31.83941605839416
14.894333843797856
28.473746312684366
7.982456140350878
10.990033222591363
14.849108367626886
10.848347826086956
39.59640203363316
16.517171717171717
29.84338747099768
24.79260157671316
19.265046296296298
15.852054794520548
24.275415896487985
7.382903981264637
6.029850746268656
15.004155124653739
17.476543209876542
16.228546409807354
45.24874118831823
8.996
6.029850746268656
4.02581369248036
9.380794701986755
10.38301347488771
11.933447098976108
10.592924528301888
21.47013698630137
24.79260157671316
16.354005167958658
6.416666666666667
7.916548797736916
15.928571428571429
7.146102624363494
17.28268551236749
10.265705458290423
10.38301347488771
10.38301347488771
10.990033222591363
10.848347826086956
11.529815303430079
7.0212765957446805
9.142326732673267
7.743661971830986
11.933447098976108
17.55709023941068
10.848347826086956
21.57920792079208
39.59640203363316
24.612095933263817
20.719060523938573
15.004155124653739
17.117152466367713
7.447679708826206
10.991181657848324
28.473746312684366
8.967989756722151
44.98412698412698
11.682842287694974
11.529815303430079
15.852054794520548
8.760697305863708
19.414937759336098
14.849108367626886
7.146102624363494
29.33266129032258
10.848347826086956
24.79260157671316
15.852054794520548
11.33984375
16.35185185185185
15.83052434456929
19.265046296296298
7.146102624363494
6.105431309904153
17.21832669322709
7.833333333333333
6.105431309904153
18.127496159754223
39.73409461663948
30.89908256880734
39.65079365079365
36.54401894986182
15.004155124653739
21.47013698630137
21.67628205128205
15.89419795221843
9.131519274376418
8.183294663573086
9.131519274376418
10.38301347488771
15.89419795221843
23.55272727272727
15.852054794520548
19.13157894736842
8.743276283618583
15.237315010570825
15.004155124653739
21.67628205128205
19.626126126126128
20.491803278688526
20.491803278688526
5.511006289308176
28.28404255319149
10.592924528301888
16.35185185185185
11.529815303430079
7.916548797736916
27.730815347721823
27.730815347721823
21.452599388379205
31.704918032786885
13.135254988913525
38.026455026455025
31.3855421686747
16.400705052878966
11.529815303430079
16.28299711815562
9.98861047835991
16.28299711815562
17.117152466367713
6.726141078838174
16.35185185185185
10.38301347488771
15.237315010570825
7.415384615384616
15.83052434456929
32.968
24.79260157671316
34.691764705882356
12.21875
10.398395721925134
6.105431309904153
31.3855421686747
12.599656357388316
7.447679708826206
8.967989756722151
15.535545023696683
7.743661971830986
7.382903981264637
7.982456140350878
15.726744186046512
9.142326732673267
32.083333333333336
10.38301347488771
19.13377192982456
32.13956766917293
28.473746312684366
5.511006289308176
14.894333843797856
15.852054794520548
11.529815303430079
49.802307925903435
15.237315010570825
20.09655172413793
28.28404255319149
16.43817787418655
16.28299711815562
24.79260157671316
11.682842287694974
32.083333333333336
38.93844634628045
39.373339658444024
11.33984375
29.33266129032258
15.237315010570825
28.473746312684366
39.88744372186093
24.020833333333332
9.142326732673267
29.61764705882353
34.1747572815534
11.846456692913385
7.0521376433785194
9.790740740740741
14.485456369107322
11.191489361702128
10.38301347488771
7.447679708826206
8.53495290034705
20.047773279352228
7.743661971830986
16.28299711815562
38.026455026455025
19.352941176470587
24.79260157671316
19.626126126126128
20.719060523938573
18.127496159754223
9.142326732673267
18.930555555555557
36.262962962962966
10.38301347488771
10.38301347488771
10.592924528301888
33.41038696537678
7.0216110019646365
28.473746312684366
34.979757085020246
17.28268551236749
15.004155124653739
15.83052434456929
6.105431309904153
15.852054794520548
10.38301347488771
9.142326732673267
15.83052434456929
7.0521376433785194
7.743661971830986
14.089377289377289
10.592924528301888
17.21832669322709
16.43817787418655
10.38301347488771
23.0
13.299009900990098
38.972093023255816
8.967989756722151
14.175070028011204
24.1731843575419
4.02581369248036
7.146102624363494
7.0521376433785194
24.10112359550562
15.852054794520548
19.265046296296298
35.338509316770185
13.247334754797441
13.203703703703704
6.029850746268656
15.852054794520548
34.39479277364506
27.730815347721823
24.79260157671316
38.93844634628045
7.916548797736916
16.28299711815562
10.359173126614987
34.078322784810126
38.93844634628045
24.10112359550562
22.067264573991032
24.1731843575419
15.779264214046822
15.830769230769231
14.485456369107322
10.848347826086956
16.517171717171717
24.275415896487985
14.175070028011204
26.18217054263566
38.972093023255816
6.029850746268656
7.146102624363494
18.127496159754223
13.989082969432314
14.093639575971732
10.592924528301888
15.89419795221843
28.473746312684366
21.57920792079208
20.491803278688526
35.68536585365854
13.203703703703704
19.13377192982456
39.88744372186093
13.798404641044234
5.511006289308176
7.146102624363494
39.373339658444024
10.991181657848324
17.747377622377623
7.982456140350878
28.28404255319149
8.704651162790698
7.217741935483871
24.10112359550562
28.473746312684366
31.704918032786885
17.326486486486488
7.833333333333333
12.177852348993289
15.852054794520548
17.747377622377623
6.873205741626794
15.237315010570825
8.972527472527473
10.991181657848324
34.35847208619001
24.10112359550562
18.930555555555557
29.308641975308642
38.93844634628045
7.743661971830986
7.916548797736916
9.93134328358209
38.026455026455025
15.726744186046512
24.020833333333332
30.048780487804876
9.142326732673267
15.852054794520548
7.146102624363494
16.228546409807354
7.833333333333333
12.599656357388316
11.33984375
4.02581369248036
34.35847208619001
19.265046296296298
8.967989756722151
7.0521376433785194
5.511006289308176
22.654609101516918
11.529815303430079
10.592924528301888
7.916548797736916
14.089377289377289
10.63
17.326486486486488
19.69261477045908
5.630170316301703
16.400705052878966
15.004155124653739
10.602469135802469
4.02581369248036
24.79260157671316
11.181049069373943
36.4642375168691
45.92802617230098
7.146102624363494
19.626126126126128
7.743661971830986
15.852054794520548
9.032171581769436
21.34502923976608
9.007220216606498
46.781867145421906
7.0521376433785194
14.18007662835249
14.093639575971732
10.592924528301888
14.089377289377289
16.859232175502743
15.49906191369606
8.05078125
11.846456692913385
28.473746312684366
31.83941605839416
19.626126126126128
17.326486486486488
15.83052434456929
19.504016064257026
12.177852348993289
15.49906191369606
29.33266129032258
33.988179669030735
10.265705458290423
10.63
28.28404255319149
46.217188540972685
6.55787037037037
19.265046296296298
31.3855421686747
38.026455026455025
17.28268551236749
21.47013698630137
27.730815347721823
34.39479277364506
23.55272727272727
16.28299711815562
21.47013698630137
11.529815303430079
11.787985865724382
7.447679708826206
13.35972850678733
10.38301347488771
15.237315010570825
24.79260157671316
17.428571428571427
17.747377622377623
15.726744186046512
7.415384615384616
16.28299711815562
42.28476821192053
10.38301347488771
13.132841328413285
10.848347826086956
10.265705458290423
18.127496159754223
42.35413589364845
19.97530864197531
11.529815303430079
14.849108367626886
17.747377622377623
19.265046296296298
8.967989756722151
31.83941605839416
11.529815303430079
34.32
19.69261477045908
11.268817204301076
42.28476821192053
21.57920792079208
17.68957345971564
19.265046296296298
16.228546409807354
22.67109634551495
23.55272727272727
17.935574229691877
43.73560209424084
45.4375
16.28299711815562
19.504016064257026
8.517116182572614
14.093639575971732
15.83052434456929
10.38301347488771
36.54401894986182
31.83941605839416
19.265046296296298
7.617486338797814
45.24874118831823
39.373339658444024
43.117294520547944
10.953907815631263
13.989082969432314
49.14964610717897
28.28404255319149
15.237315010570825
16.35185185185185
17.55709023941068
30.842105263157894
18.930555555555557
19.13377192982456
30.313253012048193
20.047773279352228
31.83941605839416
29.91394658753709
21.452599388379205
16.43817787418655
11.846456692913385
17.747377622377623
11.682842287694974
36.54401894986182
10.265705458290423
19.504016064257026
10.602469135802469
11.106796116504855
17.326486486486488
10.592924528301888
42.52338983050848
12.951690821256038
46.22929936305732
12.177852348993289
11.106796116504855
44.1725
4.854103343465046
11.787985865724382
22.55808080808081
6.709677419354839
31.3855421686747
31.704918032786885
22.223201174743025
35.272076372315034
15.004155124653739
44.1725
20.719060523938573
15.237315010570825
31.3855421686747
19.69261477045908
28.473746312684366
8.441687344913152
20.719060523938573
20.047773279352228
39.467205750224615
16.841423948220065
9.380794701986755
32.083333333333336
22.67109634551495
9.131519274376418
13.798404641044234
34.39479277364506
39.467205750224615
25.94164456233422
27.23076923076923
15.852054794520548
6.873205741626794
9.790740740740741
32.30625
43.117294520547944
15.004155124653739
15.004155124653739
11.059957173447538
16.354005167958658
45.24874118831823
18.127496159754223
10.38301347488771
13.052830188679245
49.14964610717897
21.47013698630137
11.083333333333334
15.49906191369606
14.089377289377289
18.930555555555557
10.63
17.21832669322709
7.0521376433785194
14.175070028011204
6.105431309904153
10.592924528301888
11.33984375
16.28299711815562
16.28299711815562
15.237373737373737
7.982456140350878
21.265560165975103
7.382903981264637
8.967989756722151
10.848347826086956
38.972093023255816
8.47452229299363
19.69261477045908
38.93844634628045
22.55808080808081
22.654609101516918
15.237315010570825
7.447679708826206
21.67628205128205
21.265560165975103
9.142326732673267
13.798404641044234
14.849108367626886
21.57920792079208
15.004155124653739
15.852054794520548
20.719060523938573
11.529815303430079
5.630170316301703
6.105431309904153
4.02581369248036
18.127496159754223
10.381342062193125
15.83052434456929
14.089377289377289
6.895953757225434
32.083333333333336
24.79260157671316
31.704918032786885
27.730815347721823
38.93844634628045
15.004155124653739
15.004155124653739
29.84338747099768
15.237315010570825
15.852054794520548
34.39479277364506
6.845714285714286
10.592924528301888
6.873205741626794
11.422338568935428
24.79260157671316
21.57920792079208
8.47452229299363
7.982456140350878
15.237315010570825
10.592924528301888
10.991181657848324
28.473746312684366
16.28299711815562
5.511006289308176
10.38301347488771
44.98412698412698
15.83052434456929
24.79260157671316
14.849108367626886
18.41098169717138
19.626126126126128
11.529815303430079
28.28404255319149
38.026455026455025
10.38301347488771
15.004155124653739
31.3855421686747
39.88744372186093
17.483253588516746
14.849108367626886
15.004155124653739
21.67628205128205
18.930555555555557
21.47013698630137
32.083333333333336
28.473746312684366
48.27739726027397
21.814102564102566
20.77542372881356
10.38301347488771
21.516129032258064
11.059957173447538
34.35847208619001
7.447679708826206
15.852054794520548
10.990033222591363
23.55272727272727
28.473746312684366
27.730815347721823
27.730815347721823
15.852054794520548
15.779264214046822
17.59375
39.31653225806452
16.28299711815562
39.88744372186093
30.313253012048193
16.517171717171717
23.55272727272727
19.437037037037037
7.146102624363494
6.954385964912281
10.38301347488771
13.203703703703704
11.628865979381443
10.381342062193125
24.10112359550562
10.990033222591363
7.447679708826206
12.043037974683545
36.811764705882354
16.228546409807354
24.10112359550562
15.83052434456929
17.117152466367713
14.894333843797856
30.89908256880734
51.6110884631064
31.83941605839416
23.25925925925926
32.083333333333336
44.98412698412698
31.3855421686747
10.602469135802469
15.83052434456929
47.62447257383966
43.225641025641025
6.55787037037037
10.990033222591363
28.473746312684366
17.21832669322709
38.93844634628045
15.852054794520548
9.380794701986755
24.79260157671316
42.38821328344247
15.004155124653739
18.705714285714286
15.182103610675039
12.597292724196278
10.592924528301888
14.894333843797856
10.848347826086956
15.004155124653739
34.1747572815534
38.972093023255816
4.02581369248036
29.218649517684888
38.026455026455025
11.529815303430079
31.83941605839416
10.63
22.67109634551495
7.982456140350878
19.626126126126128
10.848347826086956
16.35185185185185
9.308016877637131
38.026455026455025
7.382903981264637
29.84338747099768
10.848347826086956
7.916548797736916
11.529815303430079
15.182103610675039
5.225
17.483253588516746
17.28268551236749
38.026455026455025
21.34502923976608
15.49906191369606
16.429657794676807
5.288851351351352
15.83052434456929
17.59375
18.175043327556327
24.020833333333332
38.026455026455025
34.39479277364506
24.10112359550562
39.88744372186093
34.39479277364506
19.265046296296298
43.73560209424084
14.894333843797856
14.849108367626886
11.091954022988507
15.237315010570825
15.852054794520548
19.265046296296298
18.930555555555557
32.13956766917293
16.28299711815562
8.53495290034705
33.988179669030735
10.592924528301888
24.020833333333332
9.142326732673267
14.093639575971732
11.529815303430079
15.852054794520548
8.574850299401197
17.747377622377623
11.529815303430079
19.504016064257026
17.117152466367713
7.878504672897196
15.237315010570825
16.43817787418655
15.004155124653739
31.124125874125873
16.28299711815562
21.47013698630137
16.28299711815562
38.93844634628045
30.2283044058745
11.529815303430079
5.511006289308176
15.327659574468084
19.626126126126128
21.47013698630137
39.88744372186093
18.930555555555557
15.004155124653739
16.43817787418655
10.265705458290423
14.894333843797856
32.083333333333336
25.33668341708543
27.730815347721823
15.83052434456929
45.24874118831823
14.393401015228426
12.06401384083045
15.89419795221843
16.517171717171717
16.400705052878966
9.93134328358209
5.630170316301703
14.894333843797856
39.59640203363316
29.91394658753709
8.47452229299363
10.63
16.783333333333335
21.47013698630137
15.49906191369606
8.704651162790698
10.38301347488771
18.41098169717138
17.117152466367713
26.17241379310345
13.798404641044234
34.35847208619001
10.991181657848324
40.44736842105263
43.117294520547944
38.93844634628045
7.146102624363494
8.743276283618583
10.38301347488771
9.131519274376418
20.047773279352228
31.3855421686747
15.83052434456929
30.842105263157894
13.203703703703704
49.14964610717897
7.447679708826206
11.529815303430079
6.416666666666667
11.529815303430079
15.237315010570825
44.004444444444445
32.59100204498978
33.988179669030735
31.83941605839416
38.93844634628045
16.400705052878966
24.79260157671316
19.265046296296298
24.020833333333332
32.083333333333336
14.093639575971732
17.519543973941367
31.124125874125873
18.930555555555557
14.18007662835249
10.753117206982544
10.38301347488771
26.77899877899878
24.79260157671316
28.473746312684366
20.491803278688526
34.39479277364506
7.146102624363494
19.437037037037037
14.894333843797856
14.849108367626886
32.083333333333336
16.228546409807354
15.852054794520548
28.473746312684366
14.089377289377289
16.43817787418655
21.47013698630137
17.21832669322709
6.998272884283247
7.146102624363494
10.592924528301888
17.21832669322709
7.743661971830986
32.59100204498978
25.94164456233422
10.990033222591363
11.846456692913385
21.67628205128205
33.223404255319146
29.84338747099768
10.592924528301888
7.415384615384616
14.849108367626886
17.68957345971564
14.894333843797856
28.176470588235293
10.848347826086956
8.704651162790698
6.029850746268656
15.237315010570825
7.916548797736916
39.88744372186093
15.89419795221843
8.760697305863708
11.933447098976108
28.473746312684366
14.894333843797856
10.38301347488771
34.39479277364506
23.8
15.852054794520548
38.972093023255816
14.089377289377289
10.991181657848324
14.089377289377289
7.617486338797814
9.93134328358209
15.83052434456929
17.117152466367713
47.819148936170215
14.849108367626886
15.852054794520548
10.107329842931938
32.59100204498978
11.682842287694974
10.848347826086956
7.743661971830986
19.74910394265233
15.830769230769231
32.13956766917293
18.127496159754223
7.146102624363494
6.105431309904153
7.916548797736916
8.760697305863708
10.419354838709678
6.998272884283247
38.93844634628045
10.848347826086956
24.79260157671316
10.265705458290423
10.265705458290423
24.79260157671316
19.352941176470587
7.982456140350878
8.760697305863708
16.28299711815562
43.117294520547944
15.237315010570825
14.849108367626886
6.105431309904153
10.991181657848324
6.105431309904153
16.28299711815562
18.81140350877193
24.79260157671316
38.026455026455025
8.77832512315271
24.1731843575419
18.930555555555557
19.626126126126128
9.131519274376418
16.783333333333335
51.78482914006759
15.852054794520548
10.38301347488771
38.026455026455025
7.146102624363494
15.004155124653739
6.105431309904153
10.38301347488771
8.441687344913152
17.747377622377623
11.529815303430079
15.237315010570825
35.338509316770185
22.67109634551495
13.670731707317072
10.592924528301888
37.786384976525824
17.117152466367713
35.338509316770185
30.048780487804876
8.967989756722151
38.026455026455025
10.381342062193125
16.228546409807354
26.23688155922039
13.798404641044234
38.93844634628045
28.473746312684366
9.565749235474007
15.852054794520548
32.59100204498978
11.529815303430079
46.22929936305732
38.93844634628045
16.400705052878966
28.473746312684366
15.279661016949152
20.719060523938573
28.28404255319149
33.988179669030735
11.529815303430079
38.93844634628045
11.682842287694974
24.1731843575419
9.380794701986755
15.004155124653739
16.28299711815562
13.798404641044234
14.089377289377289
23.55272727272727
17.448979591836736
16.354005167958658
17.117152466367713
8.743276283618583
17.326486486486488
37.53900709219858
15.852054794520548
16.35185185185185
16.28299711815562
26.77899877899878
24.275415896487985
43.225641025641025
5.630170316301703
14.849108367626886
22.581560283687942
17.21832669322709
15.004155124653739
10.991181657848324
16.28299711815562
20.719060523938573
19.265046296296298
6.55787037037037
19.15776699029126
10.38301347488771
8.04331797235023
5.511006289308176
16.228546409807354
11.529815303430079
42.28476821192053
24.10112359550562
7.146102624363494
32.30625
42.28476821192053
43.73560209424084
12.597292724196278
10.991181657848324
19.13377192982456
16.43817787418655
11.106796116504855
19.352941176470587
12.06401384083045
17.117152466367713
18.930555555555557
14.894333843797856
10.381342062193125
7.146102624363494
18.930555555555557
17.326486486486488
15.489707475622968
14.165178571428571
16.28299711815562
7.146102624363494
6.105431309904153
10.581881533101045
12.597292724196278
17.747377622377623
7.146102624363494
16.841423948220065
17.448979591836736
11.33984375
15.852054794520548
17.117152466367713
29.33266129032258
10.908163265306122
13.299009900990098
11.846456692913385
7.0521376433785194
26.77899877899878
12.118357487922705
24.79260157671316
16.28299711815562
18.175043327556327
7.833333333333333
16.228546409807354
7.146102624363494
11.682842287694974
4.02581369248036
13.798404641044234
14.849108367626886
14.849108367626886
21.47013698630137
27.90032502708559
16.228546409807354
4.02581369248036
10.38301347488771
16.35185185185185
23.55272727272727
10.38301347488771
12.597292724196278
7.743661971830986
33.988179669030735
24.79260157671316
42.28476821192053
15.852054794520548
11.529815303430079
12.72549019607843
11.422338568935428
24.79260157671316
15.779264214046822
39.88744372186093
38.972093023255816
36.54401894986182
39.88744372186093
15.89419795221843
37.57794676806083
35.1
19.265046296296298
11.529815303430079
37.786384976525824
15.852054794520548
20.491803278688526
38.93844634628045
15.852054794520548
18.930555555555557
32.083333333333336
18.703271028037385
10.991181657848324
15.237315010570825
16.517171717171717
13.299009900990098
19.504016064257026
24.79260157671316
34.691764705882356
17.747377622377623
15.852054794520548
17.55709023941068
9.032171581769436
19.504016064257026
29.91394658753709
15.237315010570825
29.91394658753709
18.81140350877193
16.35185185185185
24.79260157671316
17.747377622377623
8.183294663573086
13.35972850678733
22.67109634551495
17.386831275720166
15.852054794520548
20.047773279352228
17.747377622377623
20.491803278688526
24.79260157671316
10.38301347488771
24.79260157671316
15.83052434456929
15.89419795221843
16.43817787418655
31.83941605839416
38.93844634628045
9.565749235474007
15.852054794520548
10.38301347488771
16.228546409807354
20.047773279352228
30.842105263157894
31.461290322580645
15.852054794520548
15.852054794520548
9.032171581769436
5.288851351351352
7.382903981264637
16.841423948220065
16.228546409807354
34.35847208619001
27.730815347721823
38.972093023255816
46.22929936305732
10.848347826086956
6.973421926910299
16.28299711815562
14.894333843797856
28.473746312684366
31.3855421686747
31.83941605839416
23.40875912408759
18.127496159754223
15.237315010570825
12.597292724196278
11.529815303430079
21.265560165975103
18.930555555555557
9.380794701986755
29.33266129032258
30.573667711598745
21.67628205128205
31.704918032786885
45.821002386634845
24.1731843575419
10.592924528301888
16.228546409807354
19.626126126126128
7.982456140350878
12.105555555555556
17.55709023941068
15.852054794520548
18.838815789473685
31.3855421686747
23.55272727272727
23.0
31.83941605839416
14.849108367626886
15.83052434456929
7.982456140350878
31.051530993278565
16.429657794676807
9.308016877637131
15.83052434456929
7.447679708826206
7.447679708826206
6.954385964912281
17.117152466367713
11.787985865724382
30.048780487804876
6.973421926910299
16.28299711815562
6.105431309904153
9.308016877637131
8.367003367003367
15.004155124653739
10.990033222591363
44.98412698412698
29.33266129032258
15.852054794520548
20.047773279352228
9.131519274376418
28.473746312684366
7.146102624363494
11.529815303430079
7.146102624363494
15.852054794520548
22.55808080808081
15.852054794520548
45.24874118831823
8.04331797235023
13.203703703703704
17.326486486486488
16.228546409807354
10.848347826086956
11.091954022988507
36.262962962962966
15.237315010570825
5.589928057553957
6.105431309904153
7.447679708826206
20.047773279352228
17.117152466367713
29.33266129032258
17.326486486486488
19.265046296296298
17.747377622377623
22.067264573991032
33.41038696537678
8.53495290034705
17.117152466367713
15.004155124653739
30.313253012048193
31.83941605839416
7.833333333333333
23.55272727272727
12.512396694214877
24.79260157671316
9.565749235474007
19.265046296296298
5.869565217391305
7.146102624363494
33.223404255319146
29.91394658753709
16.35185185185185
36.262962962962966
17.28268551236749
39.88744372186093
8.967989756722151
16.400705052878966
13.989082969432314
8.183294663573086
7.146102624363494
15.004155124653739
15.489707475622968
10.393177737881508
15.83052434456929
24.020833333333332
27.271221532091097
32.083333333333336
11.529815303430079
10.38301347488771
45.92802617230098
43.225641025641025
15.237315010570825
10.381342062193125
15.852054794520548
42.52338983050848
39.88744372186093
29.91394658753709
30.842105263157894
8.47452229299363
15.237315010570825
15.852054794520548
13.299009900990098
10.393177737881508
17.117152466367713
9.142326732673267
17.21832669322709
14.894333843797856
15.83052434456929
4.02581369248036
23.55272727272727
6.726141078838174
11.787985865724382
8.743276283618583
19.504016064257026
13.798404641044234
7.982456140350878
29.91394658753709
38.93844634628045
43.117294520547944
31.704918032786885
10.848347826086956
23.55272727272727
20.719060523938573
21.47013698630137
15.237315010570825
33.223404255319146
24.79260157671316
29.91394658753709
7.146102624363494
39.65079365079365
21.666666666666668
15.535545023696683
29.91394658753709
32.59100204498978
20.719060523938573
31.83941605839416
16.28299711815562
11.933447098976108
39.88744372186093
21.67628205128205
11.529815303430079
17.117152466367713
34.979757085020246
10.38301347488771
10.848347826086956
8.04331797235023
8.914728682170542
10.991181657848324
6.726141078838174
25.882105263157897
18.127496159754223
16.43817787418655
45.24874118831823
15.237315010570825
16.517171717171717
7.743661971830986
17.171837708830548
9.131519274376418
9.565749235474007
24.79260157671316
15.004155124653739
23.301369863013697
15.237315010570825
17.55709023941068
15.852054794520548
39.73409461663948
15.83052434456929
24.79260157671316
13.135254988913525
11.422338568935428
15.83052434456929
15.726744186046512
28.28404255319149
17.747377622377623
11.846456692913385
10.398395721925134
42.28476821192053
6.998272884283247
9.131519274376418
6.998272884283247
18.127496159754223
7.146102624363494
15.004155124653739
14.849108367626886
6.029850746268656
7.916548797736916
8.760697305863708
6.105431309904153
23.301369863013697
6.105431309904153
8.05078125
17.747377622377623
16.28299711815562
7.447679708826206
19.69261477045908
28.473746312684366
6.55787037037037
7.983388704318937
8.405063291139241
11.933447098976108
15.852054794520548
10.381342062193125
15.852054794520548
8.47452229299363
8.53495290034705
17.28268551236749
15.237315010570825
15.852054794520548
6.105431309904153
21.47013698630137
5.511006289308176
19.626126126126128
13.798404641044234
15.852054794520548
9.93134328358209
9.380794701986755
19.626126126126128
17.747377622377623
12.919463087248323
14.894333843797856
20.491803278688526
19.437037037037037
34.724137931034484
9.790740740740741
28.473746312684366
15.83052434456929
28.916230366492147
18.175043327556327
9.2
36.262962962962966
16.28299711815562
31.3855421686747
7.146102624363494
11.268817204301076
10.234567901234568
24.020833333333332
34.35847208619001
10.38301347488771
10.991181657848324
19.69261477045908
19.13377192982456
12.951690821256038
14.894333843797856
9.93134328358209
17.21832669322709
19.784873949579833
20.719060523938573
7.382838283828383
7.0521376433785194
15.004155124653739
13.299009900990098
15.004155124653739
13.135254988913525
28.473746312684366
7.0521376433785194
11.933447098976108
10.38301347488771
7.146102624363494
5.511006289308176
4.854103343465046
15.120218579234972
33.988179669030735
9.142326732673267
12.105555555555556
9.380794701986755
24.275415896487985
7.146102624363494
10.990033222591363
25.94164456233422
10.381342062193125
12.085365853658537
38.14618973561431
7.146102624363494
33.223404255319146
7.0521376433785194
19.15776699029126
8.334975369458128
37.57794676806083
11.682842287694974
11.529815303430079
21.265560165975103
35.51086956521739
10.38301347488771
10.38301347488771
24.79260157671316
27.730815347721823
15.852054794520548
12.177852348993289
32.30625
16.28299711815562
11.106796116504855
10.592924528301888
26.77899877899878
15.004155124653739
37.786384976525824
15.004155124653739
8.743276283618583
15.279661016949152
29.84338747099768
37.786384976525824
10.381342062193125
7.146102624363494
15.779264214046822
10.848347826086956
15.726744186046512
6.845714285714286
8.441687344913152
38.93844634628045
38.972093023255816
51.48034515819751
8.967989756722151
14.894333843797856
15.89419795221843
11.933447098976108
10.381342062193125
15.004155124653739
8.441687344913152
27.730815347721823
8.815384615384616
25.882105263157897
38.93844634628045
15.89419795221843
17.21832669322709
28.28404255319149
30.313253012048193
34.35847208619001
31.83941605839416
15.852054794520548
20.047773279352228
19.97530864197531
17.28268551236749
29.33266129032258
28.473746312684366
15.779264214046822
9.98861047835991
15.237315010570825
12.177852348993289
9.142326732673267
16.28299711815562
15.852054794520548
7.447679708826206
16.28299711815562
18.127496159754223
14.849108367626886
13.989082969432314
10.38301347488771
32.59100204498978
35.68536585365854
11.682842287694974
34.89149560117302
15.237315010570825
15.83052434456929
7.0521376433785194
13.299009900990098
29.91394658753709
14.271084337349398
7.146102624363494
10.991181657848324
7.982456140350878
5.511006289308176
15.004155124653739
19.54901960784314
14.849108367626886
8.448275862068966
7.815261044176707
16.228546409807354
15.004155124653739
10.38301347488771
16.35185185185185
8.967989756722151
16.354005167958658
6.998272884283247
30.573667711598745
15.237315010570825
30.2283044058745
19.125151883353585
7.415384615384616
12.118012422360248
10.991181657848324
28.473746312684366
15.852054794520548
17.117152466367713
13.299009900990098
7.146102624363494
15.237315010570825
32.13956766917293
7.447679708826206
31.3855421686747
7.916548797736916
7.743661971830986
6.845714285714286
15.928571428571429
17.727272727272727
21.265560165975103
7.743661971830986
9.565749235474007
11.682842287694974
15.852054794520548
6.973421926910299
6.873205741626794
14.894333843797856
9.142326732673267
24.79260157671316
36.262962962962966
6.709677419354839
6.998272884283247
38.972093023255816
17.117152466367713
15.004155124653739
23.25925925925926
10.381342062193125
30.842105263157894
15.57865168539326
22.53112033195021
20.047773279352228
15.83052434456929
38.93844634628045
31.124125874125873
16.228546409807354
8.760697305863708
16.28299711815562
21.814102564102566
13.838235294117647
10.990033222591363
31.704918032786885
14.393401015228426
39.373339658444024
30.047440699126092
13.299009900990098
9.7292817679558
15.83052434456929
12.043037974683545
7.382903981264637
18.930555555555557
46.781867145421906
9.380794701986755
12.06401384083045
8.914728682170542
28.473746312684366
36.4642375168691
21.47013698630137
15.852054794520548
12.043037974683545
32.59100204498978
39.31653225806452
9.142326732673267
14.894333843797856
29.91394658753709
21.57920792079208
19.15776699029126
24.612095933263817
7.447679708826206
20.09655172413793
10.592924528301888
7.982456140350878
13.135254988913525
8.441687344913152
17.117152466367713
24.79260157671316
10.419354838709678
22.67109634551495
11.682842287694974
9.7292817679558
15.852054794520548
10.991181657848324
24.79260157671316
10.38301347488771
16.354005167958658
18.705714285714286
15.004155124653739
10.38301347488771
16.400705052878966
14.089377289377289
15.57865168539326
12.06401384083045
45.24874118831823
8.967989756722151
10.398395721925134
11.529815303430079
36.262962962962966
15.004155124653739
6.105431309904153
12.105555555555556
17.934065934065934
7.916548797736916
15.004155124653739
14.175070028011204
5.392156862745098
7.743661971830986
37.57794676806083
19.97530864197531
11.846456692913385
32.083333333333336
10.592924528301888
16.35185185185185
42.28476821192053
7.146102624363494
24.79260157671316
46.217188540972685
18.703271028037385
11.682842287694974
10.38301347488771
15.830769230769231
17.117152466367713
31.461290322580645
8.441687344913152
13.35972850678733
14.849108367626886
32.968
19.265046296296298
17.28268551236749
17.55709023941068
10.848347826086956
18.127496159754223
6.105431309904153
10.592924528301888
39.59640203363316
11.529815303430079
16.228546409807354
18.930555555555557
11.106796116504855
15.237373737373737
39.59640203363316
15.01
17.28268551236749
44.004444444444445
16.28299711815562
16.28299711815562
15.237315010570825
35.338509316770185
22.67109634551495
11.529815303430079
11.529815303430079
9.142326732673267
5.511006289308176
15.852054794520548
14.849108367626886
15.004155124653739
18.930555555555557
18.930555555555557
12.964285714285714
12.06401384083045
18.175043327556327
15.120218579234972
15.83052434456929
7.382903981264637
18.705714285714286
18.930555555555557
24.020833333333332
31.461290322580645
8.183294663573086
12.177852348993289
31.124125874125873
7.982456140350878
32.083333333333336
14.485456369107322
28.473746312684366
24.10112359550562
34.32
31.704918032786885
24.10112359550562
15.182103610675039
14.849108367626886
12.696498054474707
15.237315010570825
9.131519274376418
16.228546409807354
10.848347826086956
4.02581369248036
7.0521376433785194
50.02128468263018
17.747377622377623
16.28299711815562
15.852054794520548
14.894333843797856
35.338509316770185
34.35847208619001
7.447679708826206
43.117294520547944
19.504016064257026
10.848347826086956
10.990033222591363
16.517171717171717
21.47013698630137
9.065546218487395
16.28299711815562
45.24874118831823
8.04331797235023
34.979757085020246
24.79260157671316
15.852054794520548
7.146102624363494
21.265560165975103
16.228546409807354
7.146102624363494
8.367003367003367
18.81140350877193
19.626126126126128
4.854103343465046
7.982456140350878
44.004444444444445
9.142326732673267
10.848347826086956
7.0521376433785194
16.28299711815562
7.146102624363494
7.146102624363494
15.852054794520548
27.730815347721823
8.47452229299363
28.473746312684366
45.302083333333336
8.53495290034705
38.972093023255816
16.43817787418655
24.79260157671316
11.846456692913385
8.760697305863708
7.146102624363494
16.228546409807354
10.592924528301888
24.1731843575419
16.28299711815562
9.265454545454546
14.175070028011204
8.47452229299363
10.848347826086956
11.529815303430079
11.529815303430079
7.146102624363494
5.662337662337662
45.92802617230098
14.849108367626886
16.228546409807354
23.40875912408759
11.106796116504855
18.930555555555557
14.393401015228426
16.400705052878966
15.237315010570825
8.183294663573086
7.146102624363494
6.623791102514507
16.429657794676807
21.57920792079208
17.55709023941068
38.93844634628045
21.265560165975103
21.265560165975103
24.020833333333332
19.504016064257026
38.026455026455025
16.228546409807354
30.842105263157894
19.626126126126128
17.428571428571427
16.228546409807354
9.142326732673267
13.798404641044234
39.88744372186093
28.561475409836067
17.747377622377623
28.473746312684366
21.814102564102566
38.34212920837125
9.565749235474007
9.131519274376418
33.32172470978441
15.852054794520548
19.626126126126128
18.930555555555557
39.373339658444024
15.89419795221843
18.127496159754223
15.83052434456929
10.38301347488771
23.55272727272727
20.719060523938573
18.127496159754223
15.237315010570825
17.747377622377623
19.626126126126128
23.25925925925926
17.28268551236749
30.50095238095238
30.313253012048193
24.79260157671316
19.69261477045908
11.181049069373943
12.043037974683545
19.265046296296298
31.83941605839416
15.004155124653739
9.565749235474007
11.787985865724382
15.89419795221843
15.83052434456929
17.55709023941068
8.760697305863708
6.954385964912281
39.467205750224615
16.28299711815562
38.026455026455025
15.779264214046822
30.89908256880734
13.989082969432314
12.177852348993289
29.33266129032258
16.354005167958658
27.90032502708559
11.702222222222222
16.28299711815562
36.54401894986182
8.967989756722151
10.848347826086956
10.38301347488771
38.93844634628045
18.930555555555557
15.83052434456929
15.83052434456929
8.47452229299363
14.089377289377289
7.382903981264637
10.398395721925134
13.203703703703704
8.183294663573086
10.848347826086956
17.428571428571427
4.02581369248036
7.146102624363494
15.004155124653739
10.990033222591363
43.117294520547944
38.93844634628045
21.57920792079208
37.786384976525824
34.691764705882356
28.473746312684366
23.55272727272727
18.705714285714286
31.704918032786885
21.47013698630137
18.705714285714286
15.852054794520548
33.988179669030735
15.852054794520548
46.80715059588299
33.223404255319146
29.91394658753709
31.3855421686747
5.288851351351352
13.135254988913525
17.117152466367713
16.168639053254438
7.382903981264637
14.093639575971732
11.529815303430079
31.3855421686747
24.612095933263817
14.894333843797856
8.760697305863708
11.529815303430079
11.529815303430079
39.467205750224615
10.38301347488771
4.404255319148936
9.98861047835991
15.726744186046512
13.299009900990098
24.79260157671316
10.38301347488771
16.28299711815562
10.265705458290423
24.79260157671316
15.779264214046822
15.004155124653739
15.004155124653739
7.146102624363494
16.35185185185185
4.02581369248036
15.004155124653739
9.565749235474007
16.28299711815562
17.747377622377623
7.382903981264637
9.93134328358209
7.916548797736916
16.28299711815562
10.398395721925134
33.988179669030735
17.428571428571427
17.747377622377623
14.616216216216216
17.747377622377623
10.393177737881508
39.467205750224615
15.327659574468084
14.849108367626886
15.83052434456929
14.089377289377289
15.852054794520548
24.10112359550562
13.299009900990098
13.247334754797441
19.13157894736842
38.026455026455025
38.34212920837125
17.428571428571427
28.473746312684366
11.529815303430079
21.47013698630137
5.288851351351352
11.181049069373943
14.849108367626886
10.592924528301888
11.247474747474747
15.779264214046822
10.592924528301888
15.237315010570825
14.616216216216216
18.705714285714286
36.262962962962966
44.1725
7.382903981264637
10.991181657848324
11.682842287694974
8.04331797235023
7.743661971830986
9.131519274376418
15.237315010570825
16.35185185185185
11.33984375
13.989082969432314
12.98443579766537
8.405063291139241
9.142326732673267
10.381342062193125
16.228546409807354
19.626126126126128
12.118012422360248
7.146102624363494
38.93844634628045
9.98861047835991
15.004155124653739
21.47013698630137
10.63
17.171837708830548
10.38301347488771
36.262962962962966
7.382903981264637
10.991181657848324
15.120218579234972
33.988179669030735
11.771217712177123
10.848347826086956
17.935574229691877
12.599656357388316
7.447679708826206
6.873205741626794
11.529815303430079
29.33266129032258
24.10112359550562
10.592924528301888
15.852054794520548
11.846456692913385
14.089377289377289
10.38301347488771
17.476543209876542
10.398395721925134
7.382903981264637
24.917293233082706
15.004155124653739
15.004155124653739
16.28299711815562
11.846456692913385
16.28299711815562
24.79260157671316
28.473746312684366
7.146102624363494
7.743661971830986
10.848347826086956
30.2283044058745
7.382903981264637
11.422338568935428
10.38301347488771
4.854103343465046
6.895953757225434
13.299009900990098
6.623791102514507
13.798404641044234
7.146102624363494
14.894333843797856
7.447679708826206
13.989082969432314
5.511006289308176
16.400705052878966
6.105431309904153
15.852054794520548
10.381342062193125
11.422338568935428
4.404255319148936
14.894333843797856
32.30625
17.934065934065934
37.786384976525824
15.237315010570825
8.05078125
11.529815303430079
23.55272727272727
9.380794701986755
46.781867145421906
4.854103343465046
10.38301347488771
11.529815303430079
16.28299711815562
5.511006289308176
16.228546409807354
15.89419795221843
34.35847208619001
24.79260157671316
26.696774193548386
7.0521376433785194
21.47013698630137
15.237315010570825
12.105555555555556
24.79260157671316
10.990033222591363
7.146102624363494
10.38301347488771
9.142326732673267
46.217188540972685
18.941176470588236
9.142326732673267
14.894333843797856
19.626126126126128
19.437037037037037
7.0521376433785194
10.398395721925134
26.18217054263566
15.779264214046822
39.88744372186093
6.105431309904153
9.142326732673267
17.326486486486488
16.28299711815562
16.28299711815562
17.747377622377623
16.35185185185185
5.630170316301703
8.47452229299363
38.972093023255816
15.489707475622968
28.473746312684366
15.237315010570825
10.753117206982544
16.28299711815562
7.146102624363494
13.798404641044234
8.760697305863708
34.979757085020246
33.988179669030735
18.41098169717138
45.92802617230098
11.106796116504855
7.415384615384616
19.69261477045908
38.026455026455025
31.3855421686747
15.852054794520548
13.798404641044234
10.38301347488771
17.213768115942027
6.954385964912281
16.28299711815562
12.043037974683545
14.894333843797856
7.0521376433785194
24.79260157671316
10.381342062193125
10.753117206982544
16.28299711815562
24.10112359550562
16.28299711815562
11.529815303430079
27.0
13.798404641044234
7.982456140350878
32.968
32.13956766917293
22.067264573991032
20.676156583629894
10.265705458290423
23.55272727272727
10.990033222591363
13.989082969432314
38.026455026455025
8.441687344913152
11.106796116504855
10.990033222591363
15.852054794520548
32.59100204498978
10.592924528301888
30.573667711598745
39.7840830449827
29.33266129032258
17.747377622377623
17.28268551236749
10.991181657848324
36.262962962962966
29.33266129032258
15.004155124653739
16.28299711815562
18.930555555555557
24.79260157671316
19.265046296296298
24.79260157671316
15.83052434456929
15.83052434456929
13.989082969432314
32.59100204498978
7.447679708826206
10.38301347488771
14.093639575971732
10.592924528301888
13.442477876106194
15.608856088560886
24.020833333333332
11.846456692913385
35.1
14.849108367626886
13.798404641044234
37.786384976525824
12.696498054474707
17.326486486486488
13.203703703703704
12.177852348993289
7.982456140350878
25.77104377104377
15.182103610675039
10.592924528301888
11.846456692913385
14.894333843797856
10.592924528301888
15.237315010570825
8.47452229299363
16.400705052878966
31.83941605839416
15.852054794520548
17.747377622377623
23.55272727272727
15.004155124653739
16.354005167958658
13.247334754797441
6.105431309904153
16.400705052878966
18.941176470588236
10.592924528301888
6.998272884283247
15.852054794520548
10.848347826086956
16.28299711815562
8.967989756722151
42.28476821192053
14.849108367626886
7.982456140350878
13.798404641044234
13.203703703703704
19.626126126126128
7.447679708826206
15.327659574468084
21.25645438898451
9.142326732673267
34.35847208619001
6.105431309904153
15.852054794520548
38.972093023255816
6.029850746268656
34.979757085020246
17.747377622377623
15.004155124653739
6.416666666666667
7.447679708826206
15.89419795221843
6.105431309904153
15.83052434456929
7.146102624363494
31.83941605839416
12.177852348993289
15.004155124653739
7.447679708826206
38.972093023255816
26.18217054263566
15.83052434456929
15.830769230769231
34.89149560117302
13.670731707317072
10.38301347488771
6.55787037037037
16.28299711815562
24.804780876494025
13.135254988913525
29.91394658753709
15.004155124653739
11.529815303430079
20.719060523938573
7.0521376433785194
19.414937759336098
14.849108367626886
34.39479277364506
7.146102624363494
10.848347826086956
17.117152466367713
8.967989756722151
26.18217054263566
18.41098169717138
36.54401894986182
17.326486486486488
16.400705052878966
23.55272727272727
6.726141078838174
15.89419795221843
14.894333843797856
15.004155124653739
16.400705052878966
17.28268551236749
16.28299711815562
38.93844634628045
7.447679708826206
19.265046296296298
21.47013698630137
16.228546409807354
39.373339658444024
18.41098169717138
15.852054794520548
14.18007662835249
42.28476821192053
30.842105263157894
7.833333333333333
36.262962962962966
15.852054794520548
17.55709023941068
10.592924528301888
6.623791102514507
38.93844634628045
16.28299711815562
15.004155124653739
13.989082969432314
24.79260157671316
17.117152466367713
12.72549019607843
15.237315010570825
22.67109634551495
17.117152466367713
24.79260157671316
10.991181657848324
15.779264214046822
18.41098169717138
9.131519274376418
19.626126126126128
29.33266129032258
20.719060523938573
23.301369863013697
23.301369863013697
15.004155124653739
14.849108367626886
28.473746312684366
19.265046296296298
42.33738425925926
40.05494505494506
36.4642375168691
28.473746312684366
29.142857142857142
19.265046296296298
31.3855421686747
17.747377622377623
19.125151883353585
10.848347826086956
7.916548797736916
15.254672897196262
38.026455026455025
18.232394366197184
5.511006289308176
11.933447098976108
10.381342062193125
45.4375
15.852054794520548
34.35847208619001
15.254672897196262
34.89149560117302
16.35185185185185
14.849108367626886
24.79260157671316
24.020833333333332
20.719060523938573
31.3855421686747
16.35185185185185
31.3855421686747
10.592924528301888
12.177852348993289
15.852054794520548
42.28476821192053
24.79260157671316
15.852054794520548
12.043037974683545
20.719060523938573
25.33668341708543
39.373339658444024
15.004155124653739
29.33266129032258
16.28299711815562
24.10112359550562
18.127496159754223
24.1731843575419
10.393177737881508
7.916548797736916
14.093639575971732
5.511006289308176
7.146102624363494
9.198473282442748
7.146102624363494
16.228546409807354
11.422338568935428
27.59190031152648
8.441687344913152
24.020833333333332
14.089377289377289
7.382903981264637
6.998272884283247
7.982456140350878
11.059957173447538
8.743276283618583
30.313253012048193
38.93844634628045
10.373033707865169
7.617486338797814
26.77899877899878
11.529815303430079
36.262962962962966
18.703271028037385
15.852054794520548
18.930555555555557
31.704918032786885
38.93844634628045
15.237315010570825
6.845714285714286
17.326486486486488
15.279661016949152
10.63
17.326486486486488
7.617486338797814
6.998272884283247
15.004155124653739
15.852054794520548
17.326486486486488
38.972093023255816
7.447679708826206
16.28299711815562
11.529815303430079
17.55709023941068
19.54901960784314
24.10112359550562
11.628865979381443
24.10112359550562
24.804780876494025
24.79260157671316
15.852054794520548
38.93844634628045
34.39479277364506
10.38301347488771
15.004155124653739
28.28404255319149
29.33266129032258
38.93844634628045
20.491803278688526
17.117152466367713
15.83052434456929
30.89908256880734
18.838815789473685
15.83052434456929
15.004155124653739
18.930555555555557
24.79260157671316
38.026455026455025
7.743661971830986
38.026455026455025
31.461290322580645
10.63
11.355029585798816
13.798404641044234
43.225641025641025
31.55131264916468
7.382903981264637
28.28404255319149
24.275415896487985
26.18217054263566
17.747377622377623
30.842105263157894
17.747377622377623
18.930555555555557
38.026455026455025
20.60431654676259
15.004155124653739
32.083333333333336
10.38301347488771
18.41098169717138
38.972093023255816
13.798404641044234
19.97530864197531
28.473746312684366
48.69825072886297
11.682842287694974
42.28476821192053
29.91394658753709
7.743661971830986
27.730815347721823
18.705714285714286
27.672310756972113
7.743661971830986
17.747377622377623
18.930555555555557
38.026455026455025
32.083333333333336
13.299009900990098
24.10112359550562
44.004444444444445
21.814102564102566
23.25925925925926
44.1725
39.59640203363316
24.79260157671316
34.32
51.78482914006759
15.004155124653739
39.373339658444024
14.089377289377289
10.359173126614987
15.237315010570825
11.846456692913385
38.026455026455025
15.852054794520548
42.28476821192053
16.841423948220065
16.28299711815562
42.52338983050848
34.078322784810126
48.69825072886297
43.117294520547944
39.373339658444024
44.1725
34.35672514619883
24.10112359550562
16.28299711815562
9.380794701986755
15.852054794520548
8.47452229299363
17.747377622377623
29.33266129032258
18.127496159754223
10.990033222591363
32.083333333333336
16.228546409807354
17.21832669322709
9.142326732673267
7.146102624363494
17.326486486486488
10.990033222591363
24.79260157671316
17.117152466367713
8.760697305863708
7.916548797736916
21.57920792079208
7.0212765957446805
28.473746312684366
4.854103343465046
39.88744372186093
23.55272727272727
15.49906191369606
7.982456140350878
16.28299711815562
21.452599388379205
28.543015726179462
15.89419795221843
15.004155124653739
20.719060523938573
8.914728682170542
14.175070028011204
13.989082969432314
7.0521376433785194
17.55709023941068
20.77542372881356
15.83052434456929
28.473746312684366
20.047773279352228
16.28299711815562
9.93134328358209
7.743661971830986
8.04331797235023
16.228546409807354
12.043037974683545
17.326486486486488
15.004155124653739
10.991181657848324
17.55709023941068
42.28476821192053
10.592924528301888
17.117152466367713
11.846456692913385
15.852054794520548
29.33266129032258
15.83052434456929
29.33266129032258
16.28299711815562
17.117152466367713
15.852054794520548
19.626126126126128
21.265560165975103
11.529815303430079
14.616216216216216
7.146102624363494
11.846456692913385
7.833333333333333
8.967989756722151
19.504016064257026
21.67628205128205
24.79260157671316
20.352941176470587
9.93134328358209
15.928571428571429
43.225641025641025
38.93844634628045
8.441687344913152
44.1725
46.217188540972685
18.930555555555557
33.41038696537678
15.237315010570825
9.565749235474007
10.848347826086956
17.770408163265305
16.43817787418655
6.55787037037037
7.982456140350878
7.916548797736916
15.237315010570825
8.05078125
30.842105263157894
9.142326732673267
15.852054794520548
9.93134328358209
22.53112033195021
7.982456140350878
10.393177737881508
10.848347826086956
16.228546409807354
10.38301347488771
7.982456140350878
10.991181657848324
22.223201174743025
15.004155124653739
24.79260157671316
11.529815303430079
24.10112359550562
16.228546409807354
9.142326732673267
33.9468085106383
14.175070028011204
10.393177737881508
8.517116182572614
14.089377289377289
7.982456140350878
11.059957173447538
6.873205741626794
13.670731707317072
27.672310756972113
28.543015726179462
11.529815303430079
16.28299711815562
15.004155124653739
17.28268551236749
36.54401894986182
11.529815303430079
19.13377192982456
15.83052434456929
15.182103610675039
43.117294520547944
17.483253588516746
16.43817787418655
39.65079365079365
15.83052434456929
30.313253012048193
15.237315010570825
9.93134328358209
34.1747572815534
38.026455026455025
35.272076372315034
24.020833333333332
17.326486486486488
28.28404255319149
42.52338983050848
32.59100204498978
24.020833333333332
14.18007662835249
20.719060523938573
31.83941605839416
10.38301347488771
24.020833333333332
17.326486486486488
20.662100456621005
34.979757085020246
15.237315010570825
33.988179669030735
17.747377622377623
38.93844634628045
28.922057677318783
15.237315010570825
24.020833333333332
10.592105263157896
8.05078125
18.41098169717138
15.83052434456929
7.0521376433785194
43.225641025641025
10.38301347488771
19.265046296296298
28.473746312684366
29.33266129032258
14.849108367626886
15.004155124653739
15.852054794520548
15.237315010570825
17.55709023941068
38.93844634628045
34.35847208619001
23.25925925925926
15.83052434456929
15.004155124653739
33.988179669030735
19.265046296296298
19.626126126126128
31.704918032786885
24.79260157671316
33.988179669030735
10.991181657848324
26.077235772357724
28.473746312684366
39.88744372186093
31.704918032786885
15.852054794520548
11.529815303430079
27.730815347721823
31.3855421686747
31.3855421686747
17.747377622377623
38.93844634628045
17.935574229691877
11.247474747474747
18.930555555555557
38.026455026455025
36.262962962962966
15.49906191369606
19.265046296296298
15.237315010570825
43.225641025641025
13.798404641044234
17.747377622377623
31.83941605839416
30.842105263157894
20.047773279352228
32.13956766917293
39.88744372186093
17.747377622377623
17.747377622377623
24.79260157671316
5.288851351351352
9.565749235474007
24.10112359550562
17.117152466367713
11.529815303430079
19.69261477045908
29.84338747099768
6.954385964912281
15.83052434456929
22.223201174743025
21.67628205128205
18.81140350877193
15.852054794520548
31.3855421686747
31.704918032786885
15.89419795221843
17.747377622377623
10.38301347488771
36.262962962962966
29.23076923076923
18.930555555555557
36.262962962962966
24.79260157671316
7.217741935483871
19.265046296296298
29.84338747099768
36.262962962962966
11.529815303430079
38.34212920837125
15.852054794520548
16.841423948220065
13.798404641044234
32.083333333333336
24.020833333333332
27.730815347721823
7.743661971830986
20.719060523938573
33.223404255319146
15.779264214046822
14.093639575971732
21.800604229607252
42.52338983050848
44.004444444444445
28.473746312684366
15.852054794520548
7.146102624363494
8.574850299401197
15.852054794520548
8.04331797235023
10.592924528301888
11.529815303430079
28.473746312684366
15.852054794520548
11.529815303430079
37.786384976525824
31.3855421686747
36.262962962962966
24.79260157671316
17.117152466367713
15.237315010570825
38.972093023255816
27.730815347721823
11.529815303430079
16.28299711815562
36.262962962962966
10.265705458290423
8.760697305863708
32.13956766917293
36.262962962962966
11.933447098976108
37.786384976525824
9.862385321100918
21.57920792079208
39.88744372186093
16.400705052878966
43.73560209424084
15.004155124653739
17.326486486486488
15.83052434456929
37.841309823677584
28.473746312684366
15.852054794520548
10.592924528301888
15.237315010570825
17.55709023941068
7.743661971830986
32.59100204498978
16.28299711815562
13.135254988913525
32.30625
36.54401894986182
43.73560209424084
36.4642375168691
17.117152466367713
7.447679708826206
8.517116182572614
38.93844634628045
11.846456692913385
10.381342062193125
9.565749235474007
12.919463087248323
10.38301347488771
15.852054794520548
6.105431309904153
13.771573604060913
32.083333333333336
43.73560209424084
35.68536585365854
11.933447098976108
7.447679708826206
14.093639575971732
7.146102624363494
7.382903981264637
18.705714285714286
13.798404641044234
27.271221532091097
11.529815303430079
30.89908256880734
13.798404641044234
17.68957345971564
6.525096525096525
7.447679708826206
17.117152466367713
21.265560165975103
10.602469135802469
16.859232175502743
11.106796116504855
33.988179669030735
17.117152466367713
10.38301347488771
24.79260157671316
30.313253012048193
31.3855421686747
12.177852348993289
17.59375
6.55787037037037
15.83052434456929
8.760697305863708
18.930555555555557
21.265560165975103
19.15776699029126
36.262962962962966
39.65079365079365
8.47452229299363
18.930555555555557
23.55272727272727
10.991181657848324
23.55272727272727
16.28299711815562
15.237315010570825
15.004155124653739
11.529815303430079
15.237315010570825
15.852054794520548
28.02415458937198
34.35847208619001
11.33984375
11.529815303430079
7.982456140350878
17.519543973941367
14.175070028011204
20.719060523938573
10.63
13.798404641044234
11.106796116504855
15.89419795221843
15.852054794520548
10.908163265306122
38.93844634628045
9.2
7.447679708826206
16.400705052878966
17.747377622377623
14.485456369107322
7.916548797736916
19.125151883353585
15.779264214046822
23.52777777777778
43.117294520547944
18.127496159754223
9.98861047835991
15.49906191369606
18.705714285714286
28.473746312684366
7.146102624363494
7.146102624363494
15.83052434456929
10.38301347488771
32.13956766917293
11.846456692913385
9.380794701986755
17.747377622377623
37.53900709219858
28.473746312684366
15.237315010570825
16.43817787418655
8.441687344913152
17.117152466367713
15.237315010570825
13.989082969432314
6.954385964912281
15.89419795221843
10.592924528301888
31.55131264916468
17.747377622377623
28.473746312684366
17.747377622377623
15.004155124653739
14.089377289377289
19.265046296296298
8.47452229299363
7.382903981264637
7.743661971830986
15.237315010570825
24.79260157671316
17.326486486486488
8.760697305863708
9.142326732673267
7.382903981264637
39.59640203363316
11.529815303430079
10.38301347488771
39.373339658444024
16.517171717171717
15.83052434456929
18.70909090909091
10.990033222591363
15.83052434456929
32.083333333333336
30.313253012048193
15.237315010570825
6.105431309904153
19.626126126126128
13.440217391304348
10.592924528301888
10.602469135802469
36.262962962962966
16.28299711815562
18.930555555555557
29.91394658753709
17.747377622377623
24.1731843575419
30.2283044058745
12.72549019607843
10.592924528301888
10.592924528301888
16.43817787418655
15.83052434456929
10.908163265306122
15.852054794520548
15.83052434456929
39.467205750224615
38.972093023255816
16.400705052878966
16.28299711815562
28.473746312684366
18.127496159754223
44.899191374663076
13.798404641044234
