3.64
3.7
2.74
3.54
3.84
4.78
2.9
2.22
3.62
4.86
3.26
2.66
3.32
6.24
2.12
2.24
3.4
1.96
4.54
3.28
3.62
3.16
4.28
3.56
4.04
3.24
3.86
4.32
2.88
2.36
2.78
4.56
3.5
3.3
2.5
2.82
2.3
2.58
4.04
3.14
2.18
6.6
2.46
2.68
2.32
3.92
2.62
2.92
3.56
3.34
2.34
2.26
2.28
2.98
2.88
3.74
4.5
2.76
2.86
2.48
2.1
2.6
4.0
2.24
3.14
1.8
2.28
2.86
3.16
2.28
2.3
4.64
2.04
3.92
4.44
3.18
3.12
2.86
2.94
3.9
2.82
3.22
3.4
3.22
2.46
2.78
3.32
2.42
4.04
2.2
4.2
2.84
3.6
2.24
5.28
2.66
2.66
2.82
2.14
3.72
3.36
2.66
3.1
2.7
1.94
3.36
2.68
2.18
2.08
3.68
2.8
4.28
1.82
2.66
2.38
2.8
4.1
2.78
2.3
3.48
4.62
4.34
3.4
2.36
4.06
2.14
2.16
2.62
4.94
3.76
7.58
3.02
2.42
1.96
3.58
5.04
3.04
4.64
4.14
3.92
2.12
3.7
3.5
3.0
3.68
3.54
7.04
3.26
2.02
2.94
3.54
3.62
4.18
3.4
3.24
2.06
2.14
1.54
4.06
3.0
2.76
3.58
3.48
2.88
2.56
3.84
2.68
2.98
3.96
2.14
3.7
7.36
3.16
4.0
2.72
3.68
3.82
4.72
2.88
4.82
3.92
3.78
6.38
4.32
7.1
4.7
4.6
6.22
4.54
4.16
3.58
3.4
4.18
3.02
2.96
3.58
3.72
3.88
3.96
3.88
3.56
4.24
3.18
3.1
2.28
4.38
2.88
2.7
3.18
2.04
2.8
3.26
2.1
4.42
3.62
3.06
3.16
2.42
2.52
4.6
3.18
4.24
3.62
3.7
1.98
2.12
2.86
3.44
2.32
3.54
2.74
4.56
2.34
2.62
3.16
2.64
2.6
3.02
2.86
2.46
3.26
6.82
2.9
2.74
2.8
2.04
2.82
2.22
3.54
4.2
2.62
3.02
2.9
1.7
4.8
5.92
2.84
3.38
5.64
2.44
2.74
2.72
1.64
3.96
3.82
6.24
3.68
1.7
2.18
4.94
4.36
4.18
2.0
1.92
2.16
2.1
2.84
2.96
5.04
3.16
2.18
2.28
4.64
2.98
3.24
4.5
3.58
4.26
2.92
2.12
3.42
3.3
2.26
4.8
2.58
3.06
3.46
7.0
3.42
2.36
5.94
3.32
3.6
1.84
2.98
4.6
3.16
2.18
2.66
1.88
2.24
4.36
9.44
3.48
2.38
2.72
3.1
4.3
3.8
2.94
2.7
2.76
2.5
4.02
6.02
2.84
2.88
2.48
5.56
2.58
3.34
1.92
3.82
3.06
2.9
4.1
2.08
6.58
3.52
4.42
3.5
2.72
3.48
2.54
4.4
3.38
2.66
2.98
2.7
3.68
6.32
3.06
3.02
3.86
4.24
2.3
3.62
3.34
4.94
2.52
2.78
3.56
2.66
3.5
2.52
3.72
2.54
3.62
3.68
5.1
3.38
3.44
4.24
2.48
2.32
2.7
2.94
2.62
3.58
5.28
6.38
3.14
3.86
3.98
3.98
3.12
4.64
4.7
4.3
3.76
3.44
3.44
2.64
2.7
3.1
3.46
3.68
3.96
2.62
3.76
3.5
2.52
2.26
3.04
3.84
3.2
2.72
3.44
2.96
4.54
3.7
2.34
3.58
2.76
3.56
2.26
3.18
3.04
3.2
2.38
7.3
4.18
3.62
3.42
3.74
2.9
3.04
3.4
3.08
3.62
2.12
4.64
4.38
2.24
4.68
3.34
3.92
2.02
2.92
4.28
4.38
4.54
2.46
3.7
2.2
3.08
5.88
4.08
3.98
3.86
2.8
3.48
3.58
2.18
2.06
2.64
4.38
3.18
2.36
2.3
3.32
3.3
3.44
4.66
3.02
4.08
2.78
5.04
3.8
2.94
3.52
3.18
7.16
4.3
4.5
3.24
3.08
3.8
3.32
2.86
2.32
3.52
2.6
3.12
6.74
3.66
3.48
2.98
4.36
3.28
3.32
2.52
3.42
3.6
2.7
2.5
4.0
3.14
2.68
3.1
2.6
4.22
2.22
3.76
3.88
3.16
3.52
3.14
2.24
5.3
3.12
3.18
3.98
2.7
2.78
3.32
2.98
3.04
3.08
3.44
3.18
3.32
2.5
2.62
2.36
2.2
2.54
4.98
2.84
2.9
2.6
3.66
2.24
4.1
2.46
4.18
2.9
3.68
3.54
2.88
2.36
6.08
3.34
4.36
4.12
4.16
2.4
4.32
3.24
2.56
3.82
3.18
4.56
6.22
4.48
4.82
4.86
3.12
6.4
2.98
2.92
3.34
6.0
4.02
2.88
3.12
3.58
3.12
4.92
5.12
4.74
3.8
4.12
4.38
3.28
3.72
3.48
4.68
3.62
4.78
3.84
3.42
3.44
2.84
4.34
2.68
2.64
3.08
2.78
3.44
2.34
3.9
2.94
3.52
2.36
2.12
2.34
3.88
3.18
5.48
2.94
3.18
4.2
3.14
2.78
2.82
3.48
2.58
4.0
3.44
3.48
2.5
3.1
3.04
2.06
2.22
2.54
2.54
2.34
3.56
3.9
3.16
3.66
2.7
2.26
4.32
3.56
3.0
3.32
3.88
5.66
1.86
2.86
2.36
2.8
4.54
3.1
3.68
2.68
5.16
3.2
2.46
5.78
4.3
3.5
3.28
3.42
3.0
2.92
2.54
4.26
3.62
3.82
2.44
2.78
3.6
2.86
4.62
3.88
3.78
3.42
3.02
2.92
2.7
2.14
4.24
2.4
3.62
1.9
4.12
2.38
3.32
3.04
2.4
2.36
3.06
2.12
3.76
3.94
1.96
3.18
2.94
2.84
3.96
3.3
2.04
2.86
2.2
3.14
2.38
4.68
2.6
3.92
3.66
2.46
2.8
3.52
3.98
4.18
4.36
3.44
3.84
2.52
3.0
4.92
3.68
2.82
1.84
3.42
3.46
3.14
2.92
2.3
2.3
4.22
2.86
2.58
4.82
2.46
4.56
4.9
4.06
2.94
2.06
3.4
2.68
3.54
3.32
3.96
3.1
3.38
2.0
3.1
2.82
2.8
2.1
2.66
2.56
3.42
4.4
4.5
4.08
3.92
2.52
3.18
2.74
3.46
3.34
2.56
5.14
5.18
2.7
3.46
2.02
3.34
5.98
3.28
3.36
2.52
3.82
4.34
2.02
4.86
2.78
3.12
3.18
4.3
2.16
4.46
3.44
4.56
2.68
3.28
2.36
3.84
4.56
2.34
3.08
2.56
5.0
2.96
2.18
3.28
2.5
2.84
2.96
2.66
3.82
3.46
2.62
2.74
2.58
6.24
2.76
2.96
2.62
2.86
5.14
2.32
1.86
3.66
4.54
2.14
3.9
2.4
4.1
3.44
6.78
3.42
3.68
2.9
2.7
3.06
3.98
2.76
6.68
3.84
3.06
3.0
4.22
4.44
3.46
1.96
4.5
2.28
2.66
3.18
2.46
3.12
7.84
3.56
3.54
3.44
2.8
3.08
3.92
2.34
3.26
3.72
2.52
3.18
2.74
3.44
2.22
2.7
2.68
3.88
3.1
6.76
2.32
5.46
2.54
3.48
3.32
2.12
4.12
3.22
5.02
2.96
3.2
3.12
2.58
4.0
3.62
4.14
2.68
3.92
2.58
2.74
1.9
2.22
3.48
3.02
3.44
3.34
3.88
4.42
2.98
4.02
2.2
3.5
5.88
2.76
2.24
3.72
3.36
4.54
3.76
3.62
2.7
2.48
3.52
4.04
5.58
2.74
2.86
3.86
2.58
2.82
4.38
2.74
2.68
4.46
4.98
4.54
5.16
2.84
2.0
2.44
3.3
3.54
2.64
3.88
3.54
2.72
2.7
1.7
3.34
2.92
3.9
1.96
3.34
2.28
3.16
2.0
3.64
3.92
2.86
2.52
4.06
2.7
3.5
2.24
2.38
2.7
2.32
2.94
2.38
4.24
2.96
2.7
3.42
2.6
2.54
2.78
3.66
3.12
2.8
4.34
2.02
2.76
2.6
2.44
2.44
2.44
2.54
2.78
2.66
2.6
2.76
2.3
3.08
2.4
3.98
1.86
3.8
3.14
2.5
3.34
3.0
3.28
3.52
3.9
2.06
3.52
2.96
3.68
2.76
4.32
2.88
2.4
2.84
4.32
2.0
2.2
1.9
2.14
5.14
3.22
2.52
3.6
2.18
2.24
3.14
5.36
3.42
2.74
4.2
2.84
2.82
2.62
1.92
1.96
2.42
2.6
2.12
1.64
2.12
1.7
2.06
1.86
3.2
4.48
2.64
2.88
5.2
3.5
2.08
3.4
2.84
4.02
2.9
2.64
3.68
3.1
3.1
3.3
3.44
2.92
3.06
3.0
2.44
4.86
4.16
2.74
3.64
2.52
2.68
3.5
2.94
2.4
6.14
2.58
3.22
4.02
4.02
4.06
3.1
2.64
2.7
2.5
3.7
3.14
3.88
3.54
3.84
2.94
4.74
5.26
2.66
2.96
2.28
3.36
3.9
3.26
2.38
3.26
2.78
2.46
2.14
3.12
3.92
3.34
2.64
2.72
3.32
2.84
2.52
1.98
2.14
3.54
4.1
1.74
2.22
2.02
2.74
2.16
2.76
2.66
3.9
2.5
3.96
2.36
3.96
4.22
3.28
4.42
3.1
1.68
3.3
3.76
4.8
2.56
3.84
3.82
3.54
2.94
3.68
5.32
2.8
3.72
2.74
2.64
3.18
3.4
3.02
3.6
3.5
2.8
1.8
2.96
2.22
2.58
5.52
3.5
4.98
3.14
3.44
5.9
3.48
2.78
2.9
3.14
3.22
4.18
4.64
4.02
2.86
4.48
2.58
2.88
3.42
3.14
3.12
3.48
3.22
4.24
2.7
3.0
2.8
3.72
2.38
2.82
2.6
3.96
3.32
4.24
3.6
3.08
3.3
2.24
3.04
3.74
2.78
3.72
3.32
2.08
1.58
3.6
3.38
4.62
1.88
2.84
3.92
3.34
2.06
2.78
2.22
5.54
3.06
3.2
4.8
2.72
2.88
2.28
2.22
2.64
3.5
3.04
2.42
2.18
2.38
3.1
3.54
3.38
2.48
1.78
2.14
1.74
2.68
3.24
4.3
3.92
2.8
3.84
3.38
3.46
2.28
3.76
3.54
3.62
2.22
2.82
2.36
3.22
2.4
2.3
2.76
2.52
2.28
3.42
3.28
2.86
3.28
3.46
3.36
2.36
3.02
2.82
3.74
2.8
3.66
2.88
5.5
3.18
2.82
4.14
4.44
2.98
2.5
3.26
3.34
3.58
2.7
2.78
2.04
4.22
2.48
2.54
3.4
4.42
4.48
2.72
3.12
3.32
3.18
4.98
3.18
3.6
2.44
3.98
3.48
4.34
3.16
3.04
2.56
3.18
3.86
3.74
3.52
2.46
2.82
2.76
3.5
2.72
2.8
2.76
2.36
2.46
2.54
2.56
2.66
4.68
3.24
3.18
3.46
2.12
2.82
2.88
2.86
3.62
2.88
3.76
1.96
4.74
3.22
2.36
3.14
3.22
3.28
2.82
3.88
3.38
5.2
3.58
3.12
6.76
3.96
3.16
3.08
2.44
2.7
3.2
3.4
3.0
2.82
2.9
3.14
2.64
4.14
2.8
3.1
2.6
4.78
3.02
2.22
3.4
3.06
2.62
2.84
2.04
3.22
3.74
4.48
3.9
2.7
1.98
3.64
2.74
3.26
3.28
3.56
2.78
2.48
3.4
3.06
2.06
4.48
2.26
3.14
5.72
5.02
2.1
4.4
2.54
2.82
2.58
2.38
2.92
4.72
3.88
4.36
3.08
2.72
2.42
3.62
1.96
2.3
2.82
2.54
2.26
2.98
3.5
3.12
3.84
3.76
2.7
3.32
2.66
2.32
2.5
2.36
2.42
4.1
2.08
3.04
5.08
3.88
2.66
2.16
3.22
4.0
2.92
2.4
2.08
2.48
2.04
3.72
3.54
3.62
3.72
2.26
2.22
3.74
2.56
1.96
3.2
3.32
2.54
2.24
2.94
1.98
3.86
2.62
2.9
2.98
2.12
3.08
3.58
4.52
3.78
3.32
2.1
2.4
2.48
5.7
3.16
3.54
2.78
2.46
3.18
3.16
4.92
3.6
3.62
3.16
5.44
4.52
2.2
4.18
3.68
2.76
2.56
7.46
3.44
3.32
3.04
2.98
3.3
3.66
2.1
5.08
2.0
2.24
4.36
4.34
2.92
2.5
2.9
4.36
2.68
4.06
2.7
3.46
3.4
3.02
2.9
4.0
3.0
3.38
2.52
4.06
3.3
2.9
2.94
2.62
3.78
3.9
4.08
2.34
3.4
3.94
2.62
1.94
2.76
2.58
2.54
2.88
5.12
4.16
2.82
1.82
4.2
2.56
4.42
2.62
2.82
4.32
4.16
3.42
4.66
2.66
3.48
2.82
2.36
3.62
3.94
2.46
3.54
3.86
3.86
4.52
3.9
2.86
2.44
3.1
2.4
3.72
3.76
2.7
3.14
3.42
3.26
2.8
3.0
2.6
3.48
2.7
1.94
3.76
4.34
3.42
3.46
3.7
4.06
3.48
2.86
2.64
2.82
3.36
3.38
3.44
2.66
2.4
2.24
3.38
3.12
3.2
2.56
4.18
4.62
3.26
3.68
3.1
4.28
2.76
3.92
2.6
2.52
3.2
2.4
3.14
3.32
3.04
5.38
2.98
2.4
1.82
4.32
3.54
2.18
2.44
3.58
3.52
2.58
3.6
4.1
3.56
4.72
2.4
4.64
2.78
2.58
3.56
3.08
2.26
4.84
4.4
3.94
2.4
2.88
3.02
4.26
3.44
3.04
2.84
5.46
3.0
2.4
3.12
3.22
3.38
3.72
3.16
2.6
3.06
3.96
5.08
5.46
3.32
3.36
3.76
2.6
2.72
4.7
3.16
4.88
3.38
3.68
2.8
3.66
3.58
3.7
3.0
2.6
2.72
4.0
2.46
2.44
2.38
2.28
3.36
2.32
2.82
3.58
2.66
2.96
4.36
2.96
2.64
3.58
2.6
3.1
3.02
3.4
2.36
3.88
3.98
4.52
2.98
2.5
2.12
4.04
3.94
3.1
4.2
3.7
3.46
2.98
3.32
2.86
2.26
3.26
2.9
2.68
3.18
3.1
2.4
2.56
3.74
3.14
2.04
2.46
2.74
3.34
3.48
2.76
2.8
4.88
3.08
