39.48985712623433
20.029120650539756
14.780311816688323
48.131387762153786
27.824866420145234
26.77576582273424
25.04796192539588
22.36345818236405
15.122965103323462
6.271610820057533
21.84184658996538
21.446733767291157
28.83349585789178
16.738119598513908
11.660145447566679
49.60592396025117
31.75656539404085
5.221821044715879
25.497869792981685
36.93570332643756
26.614351075368294
23.038120833647156
38.932309275637955
40.347119355087486
22.174455541372193
22.349701035639484
9.707142657307944
18.37997909546126
8.84820273987782
15.508322968806148
20.244839528647145
11.844941807311333
2.167329725963327
19.998468616037133
30.03947096292103
10.232302572387427
17.18244173886965
51.06085855444091
15.598252286358967
12.600837978776017
7.3676453171388125
24.629137124862105
55.569737925891076
14.822197977096296
18.175562467785973
49.35106942010199
31.701006298623636
31.485320259605622
22.245790455132255
7.533376509520304
9.383994880654532
26.424401507089005
69.82906808584067
12.167483351291697
15.132935071742446
29.09093360252562
14.359038661569583
69.89956610238914
45.898491181566804
16.016639209027396
22.428402245084776
10.734899365653343
11.84790616394347
4.918721154489604
7.199237861879567
26.158473315532625
11.948976958141868
26.886512688818428
8.468829675142123
12.107692363096746
17.621471771479147
15.63523182364433
20.353017793687254
27.90308980294198
22.175938830592905
19.945967008195687
36.4587984142051
6.816215556559857
21.28715264259709
33.12142354579094
12.237721244576884
13.924266944181664
11.43304459412401
13.859846936459675
6.9325152109742865
23.873083436987756
8.77932187210652
13.355825261443275
36.633561879934454
8.070753208893255
28.313139395305043
30.39429662533625
32.429688786190944
32.35988325177678
12.33868037675063
9.512193124901371
9.232946576527382
15.99490243019039
4.676004069661553
34.469772108234366
5.367306183345931
9.219730907989108
14.577201311819802
6.492906999895895
12.73450476462131
7.71630500615795
19.077534468238394
13.965573559206641
23.613882456477302
9.027996519656192
23.12940988455447
10.380351504462565
82.57743853241006
9.81134219122251
34.63842680987278
31.375174809194323
28.248356602021136
39.830112654284285
35.0557412977825
65.36536122512159
8.136584306038163
17.54402779657808
11.032918449192865
18.642749144754863
45.795016059574266
26.981874962133038
12.686782654302922
11.538866777609503
23.15791006345902
15.217309488338067
11.029075415108911
10.028242064088474
34.15038343613839
33.12631598670621
21.074559883373595
20.980419509546664
13.668176931670065
25.609234812001947
69.52833072579087
7.683211130858233
12.467385439111478
30.882051409044465
12.17179636383687
19.219146391186893
60.66522791266052
6.037909959355164
20.94018541390907
6.136503752218709
66.06259402538426
19.627918585104688
18.802180779804893
10.728380457071376
12.392641397901363
20.80241703744608
28.610096913520884
8.546437548059655
13.236121537030918
12.384887096606276
26.22078484456852
18.198151804216227
3.085286553661994
7.467683386704351
15.591001117260237
10.186550100757737
33.34649983665916
3.8781246818269004
9.631250002468867
13.651394269153725
25.806542819970577
13.086858441172673
3.86496266035119
14.457529605072837
15.442535211047216
10.124018286219457
15.65867029797421
10.621998660706527
8.087149214704795
11.776831662156285
17.000583246090027
13.91375081853478
26.305362060868987
12.623555974632962
9.983257201089625
13.350766185246698
25.57932006962798
41.01639235536056
13.391695875967137
46.69955900798117
9.962524891705486
19.72054482015044
12.700610141208356
23.938718509980447
20.53853884798079
13.56217885131449
15.905294369593118
16.826208248239222
14.535806523225714
15.865581237084793
6.973894806842941
5.233461281906809
8.118550941715647
27.121902423988278
9.558385257830118
10.825466504071843
11.711487770026977
14.916278194560359
20.8417650300873
13.646865266679688
10.450079680382194
10.347227969919812
24.76397621561904
5.833438799838854
16.72453568382856
11.147897825961543
32.626710436708656
17.971906700696632
18.474762798427335
10.08277681921351
15.913145878968594
23.323717639308697
29.34927984270726
14.57435141197163
9.276873999773965
23.638088455242965
7.988918048057521
40.572729151134546
20.826972057006703
12.899254140092857
11.440775730730063
7.5963318293625655
35.052654075612054
21.82215992546353
9.462688518839018
14.368586755038288
27.346656262710518
30.19819478766498
20.332326216781254
10.846903741478773
26.123419567557317
21.52018493228114
20.68863467476933
24.841082777107776
23.040018705752438
23.134205133688504
14.679444689037597
38.45395625439088
40.97578499791962
33.05610501911994
40.08584803747273
31.0487561443495
35.84669030881817
44.0865746958709
36.82911562734545
47.564897331078846
23.098250075390958
36.322498947977074
24.071402611438632
6.0541699519503505
13.370804108139485
20.584760668266988
24.654012004711234
50.97361879956318
19.327489770988805
7.565073140279702
13.880215630481512
37.40748183211343
13.127743441762432
15.248642449050209
20.739505813075265
13.202002794252863
12.714059609026208
23.924835084619513
17.418309542955647
15.933678740172024
13.953362630467636
5.1131200367716145
7.91276614741846
34.78528561865847
14.626653378810177
6.662687982866647
9.09224207502068
15.400289235082171
16.921364512547793
11.00537968961367
13.391326612650802
10.451659773299665
8.044652341488032
7.878400110813284
21.096337712221235
17.57348948241017
28.926679428583736
25.116516373287872
15.471593219230378
18.36363369005962
13.600009077172619
10.494196470181349
13.335431121660447
14.70994854456237
10.081195784438854
21.28803771664227
26.93778905490905
10.482191078092965
48.74161831302959
12.537111893405324
9.968958085444548
6.9198144771439125
27.397352840922313
11.175495427292041
11.196027450123546
9.48703458169631
18.585936057448304
12.40122966270483
12.153972045195122
17.422683566002114
15.43130371315732
29.332689922303008
15.05928644283811
19.648080573495065
23.63013881273162
8.994310441543341
8.363012000981081
11.702511833599736
24.98941050026825
5.596363103008012
23.06230779474565
10.465714405469647
3.978199347609263
7.606740562913645
10.28223295175581
12.640293226996388
11.662913167740586
15.003788981720222
19.539191269057824
15.135266234896413
10.024751580173467
12.797284835665296
13.38071743742524
38.71552253240261
14.198168633582121
13.803135439120732
10.189718658258705
13.892550375936503
5.372459436494525
13.62326042084338
5.432167027838038
13.03181531005194
20.560045918451838
11.04953064659179
5.645663593285232
17.873532360006184
13.187154919724202
18.770340637614343
34.067771472942
7.330304830503946
13.55175213255391
5.519851904289131
12.300239487944415
25.005338904439466
19.673138880862737
17.03871265761316
12.671439148965328
12.776985009370238
11.963780325778751
23.457967178746316
3.8841137591963597
12.96798998238597
5.8989371928447945
15.170225254223961
9.454799983098408
19.028833076156165
16.47647776741428
18.718554051744245
16.48452005787719
28.13785594675359
8.21852480472366
31.72617999309642
7.059548106999917
9.093495511360782
6.882571732443737
16.36372383128233
23.813794545170214
11.389006698226742
7.846552546653353
29.553645486502354
10.101762557133885
8.089615772241965
9.301220550209232
14.604231274832054
24.430257435526592
22.46062971927984
5.810415117091867
38.368880980136275
8.969207299003891
7.3701433674759755
30.415864877257153
14.806419069680157
8.85708048116904
10.121976803362482
16.892720126369884
9.100356449350398
9.254905847885272
8.535341041598432
20.25400824738905
4.938083897860881
11.046268317039285
15.263522280883205
6.056087178916478
38.15608869724734
9.324112203236172
20.885512285912174
14.81398339574178
23.787692387168942
37.57769317358987
8.07228536264682
33.15835553778951
5.038267520474802
9.551500662066795
16.849387574043906
13.782580631697174
22.394468292478894
11.941864865115578
6.419451308051013
14.332045443861254
9.516210994391088
12.143832064679149
9.042357787807505
34.95674111369892
10.113988324942085
10.844331951557464
11.060870475643526
15.86871242579307
10.328783040166355
12.508298869928911
5.988188659197706
3.719850226635031
12.18705077245028
5.997210539373824
39.2312728210548
25.772933068504408
18.191912208440144
20.186924723609597
7.118423614791259
15.771099795520543
11.91659189757486
12.014513320648105
13.476965081900843
12.333320824754502
6.4300318903806675
4.615973491494947
8.90044965403921
36.55547099573286
12.939265084740182
12.0995100186072
6.110649366174044
6.438091130536527
16.701527371266973
25.37738352951584
22.78011770039695
15.318637747197032
24.832131131789335
13.011577145597062
22.97262323130511
39.94648741742674
13.746238561387282
9.104795724110328
13.831299232244477
17.296062204626462
4.960036253239461
6.88746436036849
2.3574895224533323
10.15938367276427
14.251089372473205
49.80840081833828
5.605145534259373
8.101941935266417
5.555003710748438
9.117986020399911
10.486959342003189
22.187301216750487
17.276155706013864
10.249987245746654
9.646840981490424
6.395109071817405
11.695088702540483
14.819725363031731
5.925083484330153
8.858908514021582
24.730043734948644
12.019974891901624
19.777330523784123
14.03960741556225
14.333824159317192
11.944152985756677
7.505791161073505
8.638440832168822
13.153725853030114
10.748972442931485
15.583092647018407
7.550578995929864
5.185738362543689
17.2775284311179
14.639189876428594
7.807936932445162
10.185702264192395
15.253071159454112
10.803844176599924
13.75547027713299
17.72501316650925
9.936474787183604
7.006599401673566
18.139351511896947
9.208479150819098
10.00720350841587
19.345642424796463
5.793927873679229
2.327852357210819
6.470989140410992
12.08440640103483
14.362749584493445
29.282582544605607
11.26803012431636
17.503917544688473
22.0488676027242
6.375306365758782
13.283690207894114
12.927829210084363
7.993212833884926
6.6932305480336165
5.674446696541205
21.550543972190983
14.09244886936725
4.30863542334497
10.688164581927863
8.383052053317758
7.708016650907124
9.978217191372481
6.674525510323012
17.705754796173935
9.199794026069815
38.14780186891319
6.146520652319422
6.079404187432545
9.28609151986379
7.007165477437692
22.09177794529924
13.641041614961976
12.317673052845855
15.770438955057083
15.561731376361665
38.483829949119965
39.62337993375481
19.98807067241652
13.399358962648366
20.34424466919608
21.08221497541578
9.945849503909617
7.514607433863453
9.834686350743603
19.22243362135729
32.273659168864654
10.117305047427996
11.632474188846288
15.523480155896834
15.34175150541592
9.093007131238092
10.590981580132086
11.619181364593288
14.13002284290675
32.8286381255476
8.332257589394086
32.50878478525115
14.205689843712879
30.059613416420408
12.245247769293341
11.739460632771875
16.62892480060514
21.79910537215544
10.682641065884898
28.52112762080548
44.51143909940845
18.297796831271583
1.4413302099307321
37.05237976207721
5.163227223251127
16.093333404523886
9.073556448606322
15.198773966013917
6.50249306682152
8.284067460048881
4.214990341698647
17.350882095213606
3.760181048817195
33.858173957430346
16.944724591085112
0.048088583589566
5.158693727737396
16.11580569819504
14.667613403114174
16.644272691336
4.2984029685845515
19.24454542527746
5.360003168309957
16.40480319658571
29.980248121240468
19.91596676147392
1.6696647760018961
21.030550657292203
30.107443030119043
7.046402927050973
12.058155624435027
6.327098930359248
6.239444425514577
10.905592196974158
8.132293421513927
8.906113042957479
35.869950929626086
17.041357452528437
28.47877472090518
6.440283335801337
9.563795181681606
8.144493249675156
15.13353110178422
17.48836496016997
7.30543281886938
15.514364120184528
7.080023555670327
7.131745624613175
16.642567839045068
8.312833167953897
16.145739149873165
16.71470001301985
9.842005458064348
30.228096523461378
30.357339392344674
22.10608559107205
21.546530179580692
9.6287945000978
17.42956508896556
11.837101464523927
24.152599007804227
10.489480627193895
10.493033906954675
45.32437784157656
13.056695462135869
6.768802121682948
23.65212898536821
9.751119756482973
10.674769625142865
37.15735612876295
17.01712053496756
7.759199597306305
17.414338106540203
16.614199735206114
7.29910705043908
14.78641540389875
14.83886214087018
16.343464352344544
8.517714151437414
7.77562381331131
16.600401814915966
4.38813989661311
13.406536572925944
20.201244782388333
12.219830896168084
5.644227629847847
8.867733731341271
13.347521964957712
17.97944572520007
5.998098184584769
14.772313958448171
14.526669622950878
30.157225300692758
11.725370938883623
15.968167220129684
65.91569416919029
10.521624960919285
9.929088642426242
19.412731055260295
11.394165233392457
9.036602271424519
30.277603626130738
54.74266217450145
35.56129264325246
18.727062819623576
14.684254757191184
9.677204687604716
13.711714756531242
6.701251078405685
18.85014950369353
12.476042765238498
10.510840051901585
7.255419148870789
15.932985582641034
13.871790651406188
11.53044622008918
17.467518429411573
10.411096370166781
5.115517333813005
10.664548770573004
1.311111335271729
2.8471648082059895
7.866159973200203
15.569294845474282
8.735208581177762
34.482839390706
13.610178898667709
9.811476347504318
17.06236315833442
26.53393659816156
13.339089592121603
15.650344635497854
14.500677059317884
4.059558139509893
11.868862248133906
20.438686595952134
120.07393868876652
17.46207750556227
14.643223893852355
82.45296788317026
29.730050622004136
7.880047908324505
14.686437584734318
11.928701188020275
11.851023866266473
9.807250547202779
13.717787892404901
32.075456587883934
18.697881043678443
8.932694256387308
20.534001136415768
14.207524249218967
11.273206492370733
13.937208488411668
7.565042100017388
16.260804309016276
30.399584223371978
8.526961132242256
13.397885630816242
30.408545500328053
12.338445109979215
18.554771219314024
12.1979533968382
11.955890733777727
11.98777439110785
6.859707366247917
2.955855225175696
11.669219410220316
9.383175324101618
8.104938830978574
17.01292241882567
12.138668580641838
13.969523662858647
28.945359895684362
19.460832555559556
22.976104050371617
5.328759390077063
9.228331966764882
21.944027420438577
21.054815660018484
3.7973929491622767
15.684196836964356
20.970818736900558
13.31610318439413
43.69269034201047
22.673228354655887
13.581666928060177
17.38323001503479
4.866758529799444
16.651729497988416
17.829295346866026
8.559193198438926
11.230644452195586
12.307267658478764
5.649863202864227
8.731403835426478
11.444165612518134
7.114711060702084
8.953212495871956
10.994559336310573
14.133751440510743
12.692085336641062
10.45097257724048
18.947824281176295
9.227969595271341
9.248388716619743
16.18730507545593
23.752481712117937
10.430084792726559
8.678583486868241
7.878322291076247
23.63918702655588
6.808984416148906
7.831905747054956
7.371237130448863
12.105158680036144
15.957347699082451
11.280216887826741
22.827983201328998
6.754338815501865
8.891854401061838
10.888437268770446
8.89825395898415
6.615122661731742
2.738287398082163
17.47579657896067
12.044659548233534
7.40305314067237
8.567454879037964
12.928590280263498
14.128473475679439
17.617935513940573
20.25683767551979
5.4746985387604115
20.624244197893084
5.552796478994872
14.838980560589077
23.222560118006594
8.780041542753901
4.153581819650881
24.37920988491307
10.614927875104351
23.54816913893872
38.21572762671043
33.82783481167758
15.692539732311245
21.792597176376862
12.351139726209164
28.311261459291185
41.80525933365742
14.442141263173518
21.26189620399362
23.20933575242619
7.24759142834713
17.231274399558217
31.828621611480795
27.047739950560793
30.84143565437653
10.127322189500685
18.891909969640654
32.34753814359627
17.921327465635876
17.426235679617815
16.795399474520806
25.856829133128443
16.924894069201983
3.6115171067798015
15.021016420953291
14.86884518031119
21.70218012754369
61.28915847956342
8.99715661920424
16.56269044962321
12.691441387074118
6.852958233274161
11.534735362272512
17.02383116627777
20.32032269810065
19.015063046169022
19.4995963846647
4.920169571416328
9.545257719572103
54.116396893479376
45.256864236614945
13.941632472472381
7.987947510338763
21.152648186481073
11.573681125450213
18.42257076135281
22.807674499069797
18.651601424321314
16.67404968812604
9.701908822784482
10.25391695191383
22.291759040331236
8.481328573245367
38.27124100297715
12.715695409656254
48.28152956326567
16.06788867627955
45.56048073802323
15.127316937635443
8.462537779199147
11.734054596839949
18.5436193888226
23.410918646875785
3.2007406188513485
27.857568471259608
28.166976012378285
14.752385247525181
20.26364814060718
9.22747808894814
12.147277678549706
11.715482696708527
38.545312606607695
19.145548767811075
21.576262600789057
15.931093562364882
7.400618352635633
14.887247666158379
6.1462242354323005
8.208936133577481
9.293546389084774
24.989915218953346
18.175656758843832
14.799309358636442
20.569128323032576
38.53525650584824
8.982374283875764
13.870026436269088
6.955711018773183
25.912892875511666
10.58476207229818
15.656059178543428
13.868609362827419
55.38530137463732
20.415016141967456
33.21361136533858
20.420901179493036
42.20570755510813
9.390394548032809
19.50659210527621
15.87462443029291
13.152456007972399
26.498021593878846
16.358660479109176
9.24330876609369
10.633431840997329
22.380330790730984
10.137199812376073
5.99693037431628
14.148438717936163
31.598910122312837
16.149891658729576
17.389757784857178
12.619200636414666
30.182904953191823
37.19567335083994
22.92121595867955
24.60114929188802
17.520770990071615
26.75740420098675
15.568050473012732
70.10476992295159
25.770719633215446
19.823532138813334
-0.1994734688947664
12.166425570449837
7.961282900777657
10.003145093083884
15.496803637063879
18.839282364504374
17.312474622073676
11.060181968564043
13.764905957462553
11.706863503084941
8.540949290373486
12.722456728802548
19.785266312811892
17.373029518171247
11.714559990019122
7.192415865447931
15.366104022894612
29.870201434558314
9.380515745570573
21.901811685762
7.0849842555711415
12.06653698069607
17.92319090751681
18.799427775546114
31.470216958315447
19.663763594970597
15.71731645861009
50.686138107486414
27.284358219064142
13.491288287647185
22.147383789120312
13.218661365790178
13.614336619501723
13.141874908327212
15.139719419471843
10.438589963675316
12.145633326243209
49.97523000459109
16.834178451664904
14.300108159543534
21.432331953328326
9.529295960192757
18.77792358948782
13.140186093110213
11.97553839415601
19.52271304413194
13.640404440390705
7.647898267660323
18.93672991204012
23.081182566916933
10.604805480409478
8.602918654318552
9.658519517678798
15.17030104050535
13.02462510031944
7.288368241331721
13.577405724336282
10.04488558052902
21.524401462776243
15.665885868698707
9.197411333867821
9.189192909641674
7.349117522270218
12.699731086646691
19.55183664188853
10.865191565456485
3.7559724455278958
15.477685668222316
17.218706373633065
9.331418585272207
11.51315684429711
32.514869978090104
20.071747062489745
10.738813796415519
14.802411456095468
14.333226655732284
6.93049027603864
24.238341118227368
7.88991877049347
8.20381622716234
23.43809622177448
24.66417515056512
18.850481143960955
7.28166355848589
5.865184776838337
5.499641719012123
2.9388019071748586
11.47070272539826
5.700134025016024
15.360068394949284
8.562825763489686
14.014535945997627
5.211018859883312
12.529960985031055
18.681197105944143
16.954622534663752
15.296368607217058
5.0678498791582225
8.605231865089118
6.202738776834934
7.678140303488469
15.385994971952377
11.77439721873988
24.853412520801545
31.25537519980557
12.903518391870918
8.590962516126083
9.713483101784645
20.94967549327294
10.450601481746215
4.631208733434687
15.480601223969394
13.43631101303616
5.090147235648517
10.725684773402234
8.40367475609089
8.150140876642947
3.6407391354413896
34.78624885328993
24.46692229042492
9.26189217523571
11.246760110675565
22.10726669436062
6.307566085324332
9.474236994860576
11.733269678792638
14.645200116104622
3.121369061971178
8.41157085935507
11.747811396432404
11.025796892564717
22.897316420510684
16.198153819127526
0.514800423575978
8.34675987008702
11.749993221194794
12.677462794942342
6.705387371994928
15.622406490105694
11.773882875848225
11.953185808499374
5.060824399952471
5.3431851645301585
10.551493168354874
11.313898090754037
11.757318233506325
6.569049620995192
9.96575914627746
14.653313996050757
5.867431396329382
43.05410181314433
12.507907083765458
7.421659476133161
35.369629358833706
14.445911002883944
3.486870402543084
5.384541378168684
9.262703538201729
2.167663821412012
4.7213117593632585
8.657752391770856
4.6822125117476086
13.099755044486422
6.589987306516968
6.957281175160016
8.682798842747152
17.964348583791452
14.59643166621848
11.130466353060822
24.931343849290638
16.158211722070277
16.222970171808857
8.67113624865332
4.1457913964436655
2.526172830827338
7.190182673622411
6.377702840244572
10.377203300420183
3.1371738859632305
7.368756288281983
13.989041069451506
1.262430797848538
7.648059917862302
14.592002608231525
9.133639479388036
7.569972792167494
11.296128194380447
9.08268925877164
12.05474227273161
11.006073962304916
12.96232924281585
25.20610538256303
5.191766593219291
4.752459383098204
16.514193899156737
8.535934966368815
7.36229656906793
14.081224643661534
24.395615208517484
6.920443594483459
0.46401184210556606
9.784071963075704
13.412137110513967
10.764250973471443
9.522186639241697
5.748768115082714
16.37368113494778
7.689624562805749
20.20533309379146
9.606050636583797
27.601462937102788
62.839418807849285
27.364589117049533
8.092130295893575
64.0098394450124
39.03345403929615
18.88669457633609
8.360638954421121
13.912596905330714
7.207758432905304
11.72669343985043
