45.07524752475248
37.1695652173913
32.10227272727273
56.56707317073171
54.224806201550386
44.67785234899329
35.3756906077348
57.8058690744921
29.182978723404254
22.26615969581749
32.93059936908517
43.453932584269666
22.728665207877462
42.5615141955836
39.562248995983936
42.50684931506849
23.144736842105264
35.870370370370374
33.08196721311475
58.86520376175549
46.6125
43.72762645914397
31.260204081632654
36.470588235294116
57.49285714285714
13.448717948717949
25.377005347593585
29.03932584269663
47.043956043956044
37.608163265306125
38.90896921017403
41.69327731092437
24.83028720626632
23.522658610271904
30.83089770354906
28.678947368421053
38.4951768488746
44.67785234899329
30.62882096069869
31.36764705882353
14.19718309859155
27.99063231850117
25.377005347593585
33.96
43.416666666666664
32.518382352941174
30.708333333333332
29.148698884758364
46.54924242424242
28.725925925925925
32.93059936908517
50.8235294117647
32.21875
27.344729344729345
42.55359765051395
33.99303135888502
16.62888198757764
64.4390243902439
51.34521158129176
32.93059936908517
22.728665207877462
40.77230769230769
37.88265306122449
16.26036866359447
24.46551724137931
45.025
27.86783042394015
26.189285714285713
25.839285714285715
27.99063231850117
27.764705882352942
27.99063231850117
25.434782608695652
24.68888888888889
31.697547683923705
35.945578231292515
31.90909090909091
27.97173144876325
35.3756906077348
45.427350427350426
19.474747474747474
46.54924242424242
37.83122362869198
29.226635514018692
13.273913043478261
47.08888888888889
18.0
17.075757575757574
57.34615384615385
21.897172236503856
21.961187214611872
21.58823529411765
37.097345132743364
36.96652719665272
14.19718309859155
30.43076923076923
32.518382352941174
31.1571072319202
49.08595988538682
39.2042042042042
38.17488789237668
22.26615969581749
25.565079365079367
16.26036866359447
42.69281045751634
20.005128205128205
23.303797468354432
25.565079365079367
32.18471337579618
30.238095238095237
30.155555555555555
40.77230769230769
44.836236933797906
52.73308957952468
31.85185185185185
27.533755274261605
25.215139442231077
31.930313588850176
18.556603773584907
14.29559748427673
32.53521126760563
40.50632911392405
20.0
21.961187214611872
37.54545454545455
42.26315789473684
31.320388349514563
30.02061855670103
34.91836734693877
17.075757575757574
28.47457627118644
37.88265306122449
24.68888888888889
23.656903765690377
23.561290322580646
22.728665207877462
14.253521126760564
57.8058690744921
49.08595988538682
24.68888888888889
32.010025062656645
60.887133182844245
27.75177304964539
17.075757575757574
56.56707317073171
31.95959595959596
24.629807692307693
30.43076923076923
57.32954545454545
15.864864864864865
52.73308957952468
30.83089770354906
21.744615384615386
25.639097744360903
37.097345132743364
19.239852398523986
14.19718309859155
21.897172236503856
31.36764705882353
26.231884057971016
22.717299578059073
16.05128205128205
20.352941176470587
37.1695652173913
40.53582554517134
24.5625
27.35844155844156
17.22758620689655
30.850230414746544
13.494047619047619
13.8
29.148698884758364
37.434065934065934
35.870370370370374
30.85024154589372
19.925806451612903
30.64080459770115
22.249244712990937
16.047217537942664
37.1695652173913
54.96110414052698
22.728665207877462
27.86741573033708
29.148698884758364
39.88235294117647
81.32173913043478
42.53932584269663
49.19580419580419
37.40880503144654
47.9232995658466
23.732851985559567
32.17570093457944
41.3780487804878
42.54845360824742
39.91752577319588
42.69281045751634
39.09756097560975
34.63522012578616
31.930313588850176
22.11255411255411
31.44
39.21904761904762
25.457013574660632
23.561290322580646
29.16593886462882
16.26036866359447
46.41708542713568
33.151428571428575
14.19718309859155
16.55421686746988
36.23060796645702
13.191176470588236
32.11059907834101
18.127721335268504
17.450704225352112
16.846905537459282
35.74860335195531
25.8855421686747
20.08695652173913
29.22222222222222
22.29032258064516
22.11255411255411
13.273913043478261
32.27777777777778
21.961187214611872
30.85024154589372
40.49036777583187
32.455357142857146
25.465393794749403
27.86741573033708
34.758620689655174
22.736842105263158
26.97969543147208
29.106382978723403
33.99303135888502
17.442028985507246
32.628019323671495
28.5
19.065671641791045
29.148698884758364
37.75182481751825
31.90909090909091
37.28947368421053
40.95890410958904
35.74860335195531
47.24444444444445
39.92018779342723
32.628019323671495
46.815602836879435
36.8
39.92018779342723
35.74860335195531
35.142857142857146
24.5625
17.53125
23.303797468354432
35.055837563451774
14.19718309859155
25.45398773006135
19.925806451612903
26.679458239277654
26.048387096774192
38.4951768488746
42.91111111111111
22.728665207877462
24.83028720626632
32.53521126760563
19.127586206896552
35.18543046357616
27.86783042394015
21.96048632218845
39.1063829787234
28.5
25.465393794749403
29.15162454873646
20.352941176470587
31.206686930091184
39.92018779342723
18.127721335268504
14.19718309859155
29.148698884758364
32.10227272727273
54.14233576642336
32.10227272727273
40.53582554517134
32.518382352941174
33.99303135888502
31.320388349514563
22.393939393939394
23.561290322580646
17.53125
19.127586206896552
20.352941176470587
30.238095238095237
27.529411764705884
23.575342465753426
23.555555555555557
18.74829931972789
24.17241379310345
24.46551724137931
37.434065934065934
23.813725490196077
30.708333333333332
20.352941176470587
20.997340425531913
30.285714285714285
31.763157894736842
37.181614349775785
31.95959595959596
32.628019323671495
16.811764705882354
32.010025062656645
22.26615969581749
35.5625
23.144736842105264
47.797014925373134
21.580568720379148
31.801047120418847
24.46551724137931
20.005128205128205
20.005128205128205
33.32116788321168
19.925806451612903
22.10763888888889
29.07808564231738
38.90896921017403
19.29192546583851
16.53846153846154
17.785714285714285
15.064102564102564
27.344729344729345
48.961722488038276
50.95108695652174
20.61952861952862
20.997340425531913
38.29142857142857
14.19718309859155
49.40816326530612
40.5989010989011
27.05
26.679458239277654
30.476190476190474
29.21301775147929
37.40880503144654
21.795454545454547
22.717299578059073
29.07808564231738
22.249244712990937
27.86741573033708
16.914893617021278
38.90896921017403
26.97969543147208
23.144736842105264
14.19718309859155
17.53125
29.226635514018692
45.0
48.54
22.717299578059073
31.697547683923705
30.64080459770115
22.747081712062258
21.71698113207547
22.26615969581749
21.96048632218845
42.55359765051395
40.95890410958904
22.728665207877462
21.897172236503856
37.265306122448976
27.86741573033708
31.44
32.10227272727273
43.23809523809524
14.19718309859155
30.708333333333332
18.841666666666665
16.047217537942664
14.19718309859155
26.97969543147208
30.83089770354906
31.36764705882353
35.055837563451774
24.641975308641975
17.660714285714285
25.112068965517242
18.801980198019802
40.5989010989011
32.628019323671495
35.1978021978022
23.575342465753426
30.238095238095237
20.997340425531913
32.010025062656645
45.07524752475248
40.6150234741784
27.533755274261605
21.580568720379148
14.9171974522293
24.93859649122807
22.11255411255411
17.22758620689655
27.86741573033708
16.26036866359447
36.141891891891895
23.144736842105264
17.442028985507246
18.613138686131386
14.19718309859155
30.4527027027027
37.01234567901235
32.21875
30.85024154589372
19.239852398523986
37.747368421052634
18.974789915966387
34.63522012578616
45.885416666666664
25.457013574660632
38.28169014084507
27.86783042394015
16.26036866359447
30.850230414746544
29.088
25.465393794749403
23.813725490196077
37.097345132743364
36.18604651162791
16.846905537459282
16.304347826086957
22.11255411255411
22.10763888888889
39.09756097560975
24.224181360201513
20.352941176470587
24.641975308641975
29.182978723404254
55.81443298969072
41.3780487804878
31.320388349514563
16.811764705882354
39.004683840749415
48.523456790123454
37.03793103448276
29.148698884758364
22.728665207877462
25.457013574660632
14.19718309859155
26.157232704402517
25.49112426035503
44.29657794676806
18.679611650485437
14.651063829787233
23.537190082644628
19.744292237442924
31.930313588850176
42.55359765051395
45.51457975986278
19.239852398523986
21.795454545454547
21.897172236503856
27.762376237623762
38.28169014084507
29.106382978723403
33.96
50.96261682242991
27.86741573033708
18.679611650485437
23.144736842105264
16.981549815498155
18.679611650485437
25.639097744360903
28.382022471910112
23.575342465753426
29.226635514018692
19.046762589928058
29.106382978723403
24.46551724137931
31.8953488372093
31.36764705882353
18.722408026755854
33.4306784660767
17.571428571428573
31.36764705882353
33.72254335260116
19.83495145631068
43.453932584269666
14.19718309859155
17.22758620689655
31.1571072319202
27.75177304964539
27.86783042394015
20.61952861952862
24.17241379310345
18.679611650485437
23.575342465753426
39.88235294117647
16.26036866359447
16.304347826086957
22.171319796954315
25.45398773006135
25.377005347593585
32.17570093457944
29.5
25.313253012048193
33.96
21.580568720379148
36.44765342960289
14.19718309859155
14.798657718120806
36.141891891891895
29.205479452054796
29.15162454873646
23.144736842105264
13.821705426356589
21.961187214611872
16.05128205128205
22.6
29.226635514018692
31.00467289719626
32.11059907834101
33.604651162790695
42.5615141955836
22.179878048780488
33.04
47.9232995658466
25.215139442231077
18.0
33.33725490196078
16.047217537942664
18.841666666666665
39.004683840749415
19.925806451612903
21.897172236503856
13.620553359683795
31.343065693430656
20.913333333333334
38.29142857142857
43.72762645914397
33.72254335260116
24.073170731707318
22.717299578059073
14.19718309859155
18.78102189781022
28.2625
49.19580419580419
19.925806451612903
27.344729344729345
31.95959595959596
38.4951768488746
27.83529411764706
22.29032258064516
42.55359765051395
31.783673469387754
17.748858447488583
21.961187214611872
25.215139442231077
25.377005347593585
24.46551724137931
40.5989010989011
12.983333333333333
22.26615969581749
41.71117166212534
36.44765342960289
33.4306784660767
24.68888888888889
37.88265306122449
25.465393794749403
45.51457975986278
19.625
50.78512396694215
26.157232704402517
42.26315789473684
17.075757575757574
46.14728682170543
31.697547683923705
14.19718309859155
17.4811320754717
31.00467289719626
44.21167883211679
27.99063231850117
26.231884057971016
56.23243243243243
13.683333333333334
37.608163265306125
17.442028985507246
20.61952861952862
14.651063829787233
18.127721335268504
21.551181102362204
42.54845360824742
31.00467289719626
33.96
50.1875
13.821705426356589
20.427586206896553
33.29553264604811
23.561290322580646
21.87142857142857
28.47457627118644
31.95959595959596
13.273913043478261
26.087719298245613
35.43598055105348
24.178571428571427
15.864864864864865
20.365853658536587
25.457013574660632
20.6625
28.2625
30.559139784946236
18.127721335268504
15.365714285714287
14.798657718120806
16.047217537942664
47.59310344827586
21.580568720379148
23.732851985559567
22.249244712990937
38.29142857142857
41.71117166212534
33.01960784313726
31.206686930091184
21.96048632218845
20.352941176470587
17.442028985507246
20.352941176470587
22.728665207877462
24.75
27.29
24.93859649122807
35.43598055105348
23.813725490196077
50.760493827160495
32.010025062656645
35.768115942028984
17.118721461187214
38.29142857142857
34.41935483870968
27.841269841269842
22.26615969581749
44.29657794676806
14.19718309859155
22.747081712062258
17.922535211267604
27.29
41.3780487804878
19.970833333333335
40.6150234741784
24.46551724137931
33.29553264604811
14.19718309859155
31.36764705882353
18.127721335268504
25.8855421686747
29.148698884758364
18.841666666666665
21.580568720379148
21.242966751918157
50.760493827160495
26.22826086956522
30.85024154589372
16.914893617021278
19.065671641791045
17.4811320754717
38.29142857142857
47.03482587064676
20.365853658536587
34.352649006622514
22.728665207877462
47.9232995658466
25.215139442231077
18.78102189781022
50.49122807017544
20.365853658536587
17.65573770491803
21.897172236503856
32.10227272727273
22.26615969581749
41.71117166212534
22.747081712062258
44.92948717948718
36.96652719665272
37.40880503144654
20.769411764705882
30.64080459770115
29.226635514018692
14.19718309859155
27.86783042394015
39.1063829787234
19.239852398523986
13.620553359683795
30.85024154589372
31.801047120418847
22.26615969581749
17.508982035928145
22.249244712990937
22.717299578059073
24.5625
23.8375
20.61952861952862
34.60726072607261
41.71117166212534
30.081632653061224
25.565079365079367
26.97969543147208
21.96048632218845
39.2042042042042
37.03793103448276
29.07808564231738
21.961187214611872
38.69977426636569
20.08695652173913
41.01851851851852
28.0
65.05275779376498
30.85024154589372
44.836236933797906
55.96470588235294
22.728665207877462
15.766666666666667
21.961187214611872
20.690553745928337
26.679458239277654
22.717299578059073
30.50588235294118
16.003003003003002
17.066666666666666
20.49655172413793
31.206686930091184
16.914893617021278
18.556603773584907
26.97969543147208
19.127586206896552
15.666666666666666
45.51457975986278
19.925806451612903
17.53125
41.71117166212534
27.86741573033708
37.265306122448976
26.679458239277654
28.272727272727273
27.86783042394015
13.273913043478261
20.690553745928337
27.35844155844156
26.22826086956522
17.22758620689655
29.21301775147929
27.529411764705884
33.923529411764704
19.065671641791045
27.97173144876325
48.16025641025641
17.733333333333334
17.66891891891892
40.33178654292343
23.8375
21.961187214611872
49.966921119592875
36.44765342960289
30.64080459770115
57.666666666666664
20.352941176470587
22.728665207877462
49.966921119592875
24.68888888888889
32.10227272727273
49.539800995024876
37.181614349775785
28.678947368421053
37.03793103448276
16.047217537942664
20.769411764705882
14.19718309859155
16.26036866359447
19.25438596491228
34.666666666666664
26.189285714285713
24.68888888888889
25.33076923076923
41.01851851851852
13.683333333333334
21.589285714285715
27.86741573033708
47.797014925373134
25.377005347593585
23.18103448275862
28.725925925925925
18.78102189781022
22.26615969581749
32.10227272727273
16.05128205128205
27.792792792792792
30.85024154589372
31.206686930091184
27.35844155844156
14.19718309859155
21.242966751918157
35.3983286908078
19.127586206896552
27.533755274261605
27.533755274261605
30.64080459770115
32.924050632911396
29.21301775147929
20.769411764705882
32.015151515151516
24.68888888888889
29.21301775147929
31.260204081632654
27.533755274261605
31.36764705882353
25.639097744360903
25.33076923076923
47.41772151898734
25.465393794749403
19.046762589928058
20.997340425531913
20.427586206896553
26.22826086956522
53.14657980456026
21.961187214611872
20.61952861952862
19.814814814814813
31.343065693430656
37.265306122448976
40.77230769230769
16.55421686746988
42.53932584269663
42.5615141955836
27.529411764705884
22.11255411255411
51.44827586206897
40.77230769230769
47.26229508196721
14.19718309859155
24.224181360201513
39.92018779342723
52.33714285714286
39.05592105263158
26.679458239277654
43.88405797101449
40.6875
21.96048632218845
30.85024154589372
23.144736842105264
21.897172236503856
36.470588235294116
25.138297872340427
42.54845360824742
25.313253012048193
24.68888888888889
17.22758620689655
25.377005347593585
37.83122362869198
24.641975308641975
28.725925925925925
25.377005347593585
16.981549815498155
17.4811320754717
37.434065934065934
21.580568720379148
23.522658610271904
30.4527027027027
23.144736842105264
16.26036866359447
31.44
25.457013574660632
43.72762645914397
21.608040201005025
21.986301369863014
42.5615141955836
29.148698884758364
36.96652719665272
32.10227272727273
31.930313588850176
26.189285714285713
40.5989010989011
27.86783042394015
30.64080459770115
23.732851985559567
42.5615141955836
32.10227272727273
18.22222222222222
30.285714285714285
36.470588235294116
20.6625
40.6875
18.679611650485437
34.352649006622514
16.047217537942664
52.73308957952468
27.99063231850117
36.44765342960289
42.24154589371981
22.925925925925927
22.717299578059073
31.930313588850176
40.53582554517134
25.457013574660632
22.728665207877462
30.708333333333332
14.19718309859155
24.629807692307693
23.675925925925927
14.19718309859155
34.352649006622514
24.46551724137931
20.229508196721312
31.801047120418847
30.83089770354906
28.725925925925925
46.8211091234347
13.273913043478261
22.728665207877462
51.32840722495895
22.728665207877462
17.748858447488583
34.352649006622514
28.382022471910112
30.85024154589372
34.996350364963504
18.679611650485437
29.15162454873646
23.144736842105264
44.29657794676806
31.763157894736842
43.77777777777778
32.924050632911396
52.73308957952468
44.29657794676806
24.213541666666668
16.304347826086957
22.717299578059073
50.95108695652174
45.51457975986278
31.930313588850176
21.986301369863014
27.344729344729345
31.36764705882353
68.88259109311741
40.50620347394541
23.675925925925927
19.25438596491228
38.29142857142857
30.02061855670103
41.3780487804878
25.465393794749403
34.996350364963504
21.71698113207547
21.897172236503856
37.03793103448276
19.925806451612903
25.377005347593585
19.065671641791045
30.62882096069869
34.60726072607261
34.60726072607261
26.97969543147208
43.72762645914397
30.85024154589372
25.112068965517242
12.709302325581396
23.144736842105264
45.51457975986278
23.144736842105264
32.10227272727273
32.75
31.930313588850176
47.59310344827586
18.679611650485437
30.62882096069869
21.897172236503856
31.783673469387754
30.83089770354906
32.10227272727273
32.11059907834101
37.03793103448276
22.171319796954315
42.91111111111111
27.841269841269842
17.075757575757574
32.17570093457944
13.273913043478261
33.46666666666667
32.11059907834101
14.19718309859155
24.68888888888889
32.455357142857146
28.272727272727273
17.22758620689655
36.860759493670884
30.02061855670103
37.1695652173913
21.897172236503856
21.986301369863014
29.148698884758364
29.226635514018692
25.39622641509434
25.457013574660632
22.728665207877462
24.68888888888889
17.22758620689655
28.272727272727273
32.86363636363637
23.537190082644628
18.841666666666665
30.85024154589372
29.205479452054796
17.853932584269664
27.533755274261605
26.231884057971016
24.46551724137931
28.2625
40.49036777583187
37.803030303030305
42.24154589371981
28.382022471910112
26.571428571428573
18.127721335268504
37.1695652173913
14.19718309859155
19.065671641791045
25.457013574660632
19.065671641791045
42.69281045751634
21.897172236503856
23.537190082644628
18.679611650485437
17.022727272727273
22.26615969581749
14.651063829787233
20.6625
17.748858447488583
30.559139784946236
32.86363636363637
21.242966751918157
31.930313588850176
24.213541666666668
19.239852398523986
24.613636363636363
22.171319796954315
20.005128205128205
19.013513513513512
14.19718309859155
38.90896921017403
24.641975308641975
23.813725490196077
16.846905537459282
27.97173144876325
14.19718309859155
37.01234567901235
21.897172236503856
27.51685393258427
19.925806451612903
42.91111111111111
14.19718309859155
25.377005347593585
21.691056910569106
16.05128205128205
22.717299578059073
30.02061855670103
22.249244712990937
21.242966751918157
24.68888888888889
27.762376237623762
14.19718309859155
19.925806451612903
31.343065693430656
38.69977426636569
25.215139442231077
14.19718309859155
37.434065934065934
18.679611650485437
34.767857142857146
17.22758620689655
21.242966751918157
23.813725490196077
22.747081712062258
30.85024154589372
24.224181360201513
32.010025062656645
16.26036866359447
21.961187214611872
19.474747474747474
29.148698884758364
25.465393794749403
30.83089770354906
31.00467289719626
14.19718309859155
21.83177570093458
19.239852398523986
18.722408026755854
41.56666666666667
22.728665207877462
21.96048632218845
22.179878048780488
24.83028720626632
12.983333333333333
22.171319796954315
18.228915662650603
20.365853658536587
22.179878048780488
35.768115942028984
17.66891891891892
17.66891891891892
35.945578231292515
19.239852398523986
19.239852398523986
37.01234567901235
32.17570093457944
18.722408026755854
37.608163265306125
30.85024154589372
24.613636363636363
32.518382352941174
14.19718309859155
14.19718309859155
14.19718309859155
21.580568720379148
19.925806451612903
25.39622641509434
19.474747474747474
29.182978723404254
16.26036866359447
27.99063231850117
18.801980198019802
23.144736842105264
30.850230414746544
40.95890410958904
35.43598055105348
25.377005347593585
18.679611650485437
21.11764705882353
31.85185185185185
32.455357142857146
23.8375
35.1978021978022
24.46551724137931
38.29142857142857
18.516363636363636
20.352941176470587
17.0625
21.795454545454547
16.26036866359447
22.26615969581749
21.961187214611872
14.19718309859155
29.21301775147929
27.86741573033708
14.19718309859155
38.329588014981276
25.465393794749403
33.151428571428575
31.00467289719626
27.792792792792792
19.83495145631068
27.97173144876325
30.285714285714285
26.231884057971016
26.97969543147208
28.481283422459892
32.015151515151516
27.535714285714285
