2.7746478873239435
3.0760869565217392
3.405940594059406
3.6666666666666665
3.2142857142857144
3.308641975308642
3.4
2.8851063829787233
3.4819277108433737
3.6946564885496183
3.203319502074689
3.0
2.9571428571428573
2.827956989247312
2.9881656804733727
2.8031496062992125
2.6964285714285716
3.268292682926829
2.924137931034483
3.129032258064516
2.5104166666666665
2.6027397260273974
2.5069767441860464
3.3072916666666665
3.4819277108433737
2.527659574468085
2.5951417004048585
3.392857142857143
2.6907216494845363
2.8877551020408165
2.8048780487804876
2.6296296296296298
2.78125
3.0
3.453488372093023
3.3461538461538463
2.838235294117647
2.7142857142857144
3.9482758620689653
3.157142857142857
2.7010309278350517
3.075
2.7482517482517483
3.411764705882353
2.6943521594684388
5.0
2.524793388429752
2.6470588235294117
2.4280155642023344
2.5724381625441697
2.7455621301775146
2.5724381625441697
2.722007722007722
2.7790262172284645
2.735408560311284
2.5724381625441697
2.559055118110236
3.036697247706422
2.5104166666666665
2.753623188405797
2.8333333333333335
3.0
2.8358208955223883
2.949275362318841
3.0121951219512195
4.041666666666667
3.203319502074689
3.106164383561644
3.3
2.8185185185185184
3.4285714285714284
3.1933333333333334
2.6487455197132617
2.982456140350877
2.7857142857142856
2.69281045751634
3.062176165803109
2.7768595041322315
2.4759036144578315
3.0
3.262135922330097
2.835616438356164
3.0
2.8358208955223883
2.5848375451263537
2.6907216494845363
3.262135922330097
3.1076923076923078
4.215189873417722
3.7
2.4879032258064515
2.8333333333333335
5.824324324324325
3.5555555555555554
2.524793388429752
2.7482517482517483
3.0412371134020617
2.610526315789474
2.940828402366864
2.9661016949152543
2.090909090909091
2.8513931888544892
2.7346938775510203
2.6
3.0
2.6666666666666665
3.2134831460674156
3.05
2.573170731707317
2.986666666666667
2.6470588235294117
2.9448818897637796
3.0473933649289098
3.096774193548387
3.7551020408163267
3.358974358974359
2.4280155642023344
2.935483870967742
2.896551724137931
3.3448275862068964
2.949275362318841
4.2
2.727272727272727
2.593220338983051
3.971830985915493
2.735408560311284
2.8851063829787233
3.4285714285714284
3.023489932885906
2.4768518518518516
3.1904761904761907
3.3518518518518516
3.268292682926829
2.9881656804733727
3.262135922330097
4.215189873417722
2.8185185185185184
2.8851063829787233
3.4193548387096775
2.801980198019802
2.9273356401384083
2.446236559139785
2.5848375451263537
3.5454545454545454
3.176470588235294
3.3518518518518516
3.59375
2.888888888888889
4.333333333333333
3.090909090909091
3.3175675675675675
3.2793296089385473
3.1794871794871793
2.9273356401384083
2.2982456140350878
3.2298850574712645
2.935483870967742
3.5121951219512195
2.857142857142857
3.3448275862068964
3.5073529411764706
2.559055118110236
2.7482517482517483
2.709844559585492
2.4782608695652173
4.2926829268292686
2.7844036697247705
3.125
2.6979166666666665
3.135593220338983
3.1392045454545454
2.5596707818930042
2.8236775818639797
2.7872340425531914
3.2260273972602738
2.5848375451263537
2.8492307692307692
2.6943521594684388
2.5111940298507465
3.6363636363636362
2.5848375451263537
2.948717948717949
3.4114583333333335
2.827956989247312
2.8513931888544892
2.782006920415225
2.583061889250814
2.6907216494845363
3.0
2.6384615384615384
3.0
2.9273356401384083
2.5174603174603174
2.709844559585492
2.8333333333333335
3.077777777777778
2.5555555555555554
3.7
2.8185185185185184
2.8236775818639797
2.563876651982379
2.4879032258064515
3.4761904761904763
2.8333333333333335
2.320261437908497
2.323943661971831
3.6375
2.7482517482517483
3.4
2.8236775818639797
3.4114583333333335
2.2757009345794392
2.972027972027972
2.526315789473684
2.5596707818930042
2.7479338842975207
2.5
3.078014184397163
2.6979166666666665
2.940828402366864
2.382899628252788
2.5848375451263537
3.3333333333333335
2.8875
2.675
2.5174603174603174
2.646153846153846
2.5225225225225225
2.8333333333333335
2.4280155642023344
2.7455621301775146
2.7844036697247705
3.1619047619047618
2.6487455197132617
2.377551020408163
2.532567049808429
2.573170731707317
2.403292181069959
2.7010309278350517
2.573170731707317
2.735408560311284
2.5596707818930042
2.7482517482517483
2.830188679245283
2.888888888888889
2.8958333333333335
2.9411764705882355
3.4285714285714284
3.601063829787234
3.6363636363636362
2.8
3.9791666666666665
3.4827586206896552
2.6470588235294117
2.3932038834951457
2.4947368421052634
2.533333333333333
2.5225225225225225
2.4307692307692306
2.5
2.323943661971831
2.5153846153846153
2.9714285714285715
3.264705882352941
2.9323308270676693
3.28099173553719
3.0
3.3947368421052633
2.509493670886076
3.2777777777777777
2.5225225225225225
2.7385892116182573
2.3927272727272726
2.7010309278350517
2.838235294117647
2.5174603174603174
3.2260273972602738
2.8496240601503757
2.5555555555555554
2.5724381625441697
2.650735294117647
2.6384615384615384
2.489082969432314
2.5104166666666665
2.532567049808429
2.949275362318841
2.722007722007722
2.823529411764706
3.078014184397163
2.78125
2.8236775818639797
2.5647058823529414
3.709090909090909
3.4054054054054053
2.4782608695652173
2.5153846153846153
2.4649122807017543
2.4649122807017543
2.838235294117647
2.3927272727272726
2.560344827586207
2.4522821576763487
2.650735294117647
2.5153846153846153
2.75
2.533333333333333
2.9473684210526314
4.478260869565218
2.8031496062992125
2.801418439716312
2.75
2.5880281690140845
2.4522821576763487
3.6139240506329116
2.8
2.377551020408163
2.40625
2.796116504854369
3.2742857142857145
3.0
3.28099173553719
3.6283185840707963
3.9776119402985075
2.630952380952381
2.7083333333333335
3.6777777777777776
3.4225352112676055
2.7482517482517483
3.1578947368421053
2.643410852713178
2.5153846153846153
2.9431818181818183
2.5596707818930042
3.3043478260869565
3.0484848484848484
3.6923076923076925
3.297029702970297
2.8492307692307692
3.6379310344827585
2.8513931888544892
2.8236775818639797
2.5724381625441697
2.7844036697247705
2.5174603174603174
3.2747252747252746
2.9306930693069306
3.0531914893617023
3.925373134328358
3.5149700598802394
3.1466666666666665
2.5951417004048585
2.527659574468085
2.75
3.062176165803109
2.801418439716312
3.0684931506849313
3.4761904761904763
2.377551020408163
3.6946564885496183
3.135593220338983
2.563876651982379
2.5225225225225225
2.753623188405797
2.7142857142857144
2.630952380952381
2.5880281690140845
2.978723404255319
3.403361344537815
3.3072916666666665
2.7455621301775146
2.3798076923076925
3.0
2.7010309278350517
3.391304347826087
2.675
2.8333333333333335
2.675
3.0
2.7844036697247705
2.7010309278350517
2.5724381625441697
2.4768518518518516
2.675
2.446236559139785
2.954198473282443
2.8236775818639797
3.742857142857143
2.6384615384615384
3.6818181818181817
3.9791666666666665
2.709844559585492
3.2320441988950277
2.573170731707317
3.595744680851064
2.8926174496644297
2.8358208955223883
2.727272727272727
3.263157894736842
2.7479338842975207
3.0792079207920793
2.5972222222222223
3.142857142857143
2.9551282051282053
2.823529411764706
2.5880281690140845
2.6943521594684388
2.5153846153846153
3.3146853146853146
3.129032258064516
2.7385892116182573
2.838235294117647
2.5760869565217392
2.7413793103448274
2.9571428571428573
2.4768518518518516
2.8513931888544892
4.2926829268292686
2.6979166666666665
2.4897119341563787
4.0
2.9130434782608696
2.735408560311284
2.4879032258064515
2.7872340425531914
3.176470588235294
3.2747252747252746
3.308641975308642
2.6979166666666665
2.7
2.8492307692307692
2.6544117647058822
2.6544117647058822
3.275
2.9304635761589406
3.4672131147540983
3.4615384615384617
3.4054054054054053
3.071794871794872
3.6379310344827585
2.7385892116182573
3.3795620437956204
3.2644628099173554
2.5
2.7455621301775146
2.5096153846153846
2.305263157894737
2.948717948717949
3.3146853146853146
3.5384615384615383
3.108108108108108
3.1933333333333334
2.5257731958762886
2.8492307692307692
2.8851063829787233
2.8550724637681157
3.2747252747252746
2.986666666666667
2.8742138364779874
3.5149700598802394
3.375
4.215189873417722
2.9593023255813953
2.675
2.6666666666666665
4.057142857142857
2.643410852713178
2.5104166666666665
3.4114583333333335
3.106164383561644
2.483018867924528
2.4782608695652173
2.4522821576763487
2.8236775818639797
2.923076923076923
2.675
3.2054794520547945
4.125
2.527659574468085
3.1933333333333334
3.2260273972602738
3.2054794520547945
3.0694444444444446
