2.86
2.48
2.46
3.36
2.28
2.26
3.42
2.46
2.96
3.7
2.62
3.86
2.76
2.58
3.34
2.56
2.0
3.4
2.08
4.12
3.38
2.86
2.82
3.52
2.14
3.84
2.92
3.48
2.06
4.3
2.54
2.18
3.18
2.82
2.5
2.24
2.46
4.9
4.24
2.76
5.76
3.46
3.1
1.9
3.58
3.42
4.04
3.46
2.74
3.88
2.54
2.64
3.06
1.84
3.22
3.38
4.84
3.28
3.26
2.64
2.9
2.54
3.2
1.7
2.52
1.76
2.4
3.14
2.7
3.22
3.22
2.34
2.54
1.88
2.5
2.66
4.3
4.34
3.7
2.4
2.1
1.9
1.58
1.98
1.88
2.3
1.74
3.08
2.46
2.6
3.34
2.02
3.86
2.96
2.54
2.88
1.54
2.9
3.46
2.54
2.96
2.64
4.06
2.34
2.18
2.08
2.82
2.02
2.84
2.14
2.26
2.14
2.24
2.84
1.92
2.58
2.54
2.2
2.1
1.98
2.76
2.5
2.08
2.96
3.24
2.92
2.34
3.32
2.72
2.6
4.0
3.12
2.34
2.48
3.02
2.94
2.14
2.32
3.16
2.9
2.26
4.28
2.02
2.94
2.64
2.32
2.16
2.44
3.2
2.22
1.78
3.34
2.46
1.92
2.72
4.46
4.04
2.96
3.04
2.12
3.34
3.28
2.16
1.84
2.52
2.14
2.5
2.34
2.64
1.98
5.26
2.62
2.82
3.38
2.8
1.66
2.14
1.88
4.48
3.72
3.78
2.6
2.82
5.92
3.08
2.7
2.0
2.54
3.38
1.8
4.26
2.76
2.16
3.38
2.32
3.58
3.0
3.48
3.18
2.38
3.4
2.0
2.94
2.0
4.46
3.02
2.8
2.34
1.84
3.3
2.72
2.26
2.04
2.48
2.4
1.92
3.7
2.0
2.42
3.58
1.42
2.82
1.8
3.02
2.1
2.64
3.5
3.04
2.3
2.52
2.38
1.82
2.04
3.16
1.78
3.16
1.76
3.52
2.22
1.74
2.16
3.3
2.24
2.92
2.86
2.18
2.06
4.12
3.24
2.16
2.6
2.94
2.06
2.68
2.3
3.58
2.88
2.48
1.7
2.34
2.9
1.96
2.48
4.32
2.42
1.98
2.46
1.86
2.42
3.12
2.34
1.96
5.22
3.26
1.44
1.96
2.3
1.86
3.46
3.0
1.54
2.18
2.42
2.16
2.58
2.98
3.18
2.4
1.98
1.82
2.54
2.52
2.42
2.38
3.28
2.82
2.8
2.3
2.38
1.98
2.18
2.34
2.34
3.06
1.82
1.88
2.62
3.26
2.72
2.26
2.58
1.88
2.72
2.74
2.16
2.64
1.54
3.62
5.14
2.52
2.58
2.22
3.1
2.96
3.18
3.26
2.32
1.78
2.38
1.42
5.24
2.64
2.64
2.58
1.66
2.18
1.66
2.72
2.84
2.78
1.9
3.06
2.76
2.94
2.02
2.34
3.4
2.2
2.32
1.86
3.8
2.74
2.1
4.2
2.2
3.56
2.08
2.58
2.38
2.0
2.58
2.5
1.98
3.44
2.34
2.28
3.56
3.04
1.74
3.4
2.86
2.32
2.02
1.86
3.26
2.36
2.66
2.48
2.2
1.74
2.04
2.4
1.88
4.14
2.26
3.14
2.22
2.28
2.04
4.38
4.2
3.0
3.9
1.68
3.22
2.18
3.28
1.64
2.52
2.86
2.24
2.62
3.2
4.08
2.86
1.98
1.9
2.22
2.74
4.7
3.18
2.22
3.42
2.5
2.24
2.4
2.32
2.5
3.08
2.22
2.88
2.8
3.42
3.46
2.1
2.26
2.06
2.4
3.34
2.28
1.92
2.48
2.14
2.12
3.04
2.68
1.94
2.1
2.26
2.58
2.64
2.48
3.06
2.56
2.64
2.04
3.36
3.52
2.06
3.24
2.64
2.78
3.04
4.22
1.84
2.42
2.44
2.08
3.02
4.46
2.86
1.82
3.36
2.34
2.24
2.38
1.9
6.8
3.5
1.76
1.9
2.84
3.32
2.32
4.04
2.28
1.74
3.4
2.44
3.74
2.42
2.66
1.52
2.3
3.38
1.72
3.5
3.14
2.56
2.08
2.56
2.14
2.94
1.96
3.26
3.44
2.0
2.36
2.08
3.6
3.02
3.32
2.0
2.1
2.24
2.9
2.3
3.66
3.22
1.7
2.94
3.64
1.9
2.12
3.38
2.18
2.18
3.26
2.18
5.82
3.42
