2.205547942324296
2.9146909797733795
1.4203617441053813
2.3428204748351242
2.4396479480032163
2.90412997266728
3.0306079401538497
2.5745027506581692
3.2577355608175353
3.6358017979711046
2.429990058140118
2.7243206390950485
2.682858746705314
2.7069976146287607
2.7280558326680517
2.722957953304852
2.235393303048603
3.5550903690758027
2.8670616355307685
4.613998711634006
2.903711992906753
2.5898093928173047
3.166215912695529
2.303160746121294
2.7947728413660307
1.8226051752202943
3.0516984847378756
2.4272121551016506
3.2961721054382354
15.554001228832647
2.686480496429095
2.003591663197589
2.7690550491919144
2.6420015642075447
2.378442034114649
2.9523303066827578
2.5225748991860213
3.2401535469291134
2.5224828227378318
2.3520239628853936
4.331707082294007
2.268337846210034
2.559520337214643
2.41329407523707
2.6628234024419237
2.4886826884325717
2.634102517373956
2.6008142734874524
2.804317258680695
2.8844138684249403
1.324565362794595
3.5964618491880067
2.1579286616788833
2.8445867079486225
2.1486197796813626
2.493525776718142
3.2852420976149546
2.4968747648711105
2.4749846663358723
2.1069552460924226
-0.9726761499347594
2.4727395919300927
2.798449679607264
2.106585706727715
2.8117472462428554
1.914792752145531
2.7077800506148217
2.808932534215024
2.556059962810197
2.850761931806194
2.7839234263355395
3.190435082408599
2.8417696076686263
2.4532189891340677
3.0798363905307657
2.9681534121929247
2.5340012954856337
2.897304447127599
2.6214718831611856
2.550222385271145
2.4319120660751286
2.6627209319316707
2.775929484584688
2.7400254330192686
2.211362176583847
2.78925850506551
2.3132289066026512
3.1578298648763226
3.0138145559161043
2.626548092946251
2.5705359881734546
2.038844647409113
3.001208342176948
2.5578844769117826
2.796594138479062
2.5686338522370433
2.8685310531402894
3.2242532694792603
2.3457469409328846
2.947966652557615
2.8558724381125975
3.3343429158392945
2.4747929204722197
2.6059307484687277
2.4293263588484804
2.5905837290076845
3.1611227646620907
2.653798115458809
3.315069627461525
2.0619859609573465
2.5370714344666596
2.1324188502164856
1.713362876853042
2.652865061244215
2.0451208353814097
2.5100964271329747
2.1963541913840356
2.3982616234102037
2.3612649401779846
1.702885726907628
2.4642685647813156
2.3698786451596296
2.0483155860382953
2.093416428904521
3.172027088485942
2.8263584933599284
2.8014198539800126
2.5780762217838435
2.1838872941096725
2.7795104119844978
1.9336669634291004
1.4795063769327825
2.866214735045391
2.356022365799664
1.6048429895306087
2.623434192679254
2.456064092072699
1.4612275884558417
2.7261148596853126
2.645157804320374
3.6318027619569024
2.9699252337023494
2.8910451626563227
1.797696264942266
1.6735344871725832
1.3299797064886896
2.3150413405697727
1.91821080218471
2.6271946664212646
2.9636869261660004
2.2503675526640983
3.840289570298989
1.353024236550586
2.452038296916636
2.578582954261108
2.1467775612819784
2.8779336010447483
2.7209935529927876
2.1065671030232536
0.8189770322322762
2.552943208421523
3.0309510453776696
3.979460504721758
2.241378364795158
3.793956854000412
0.872193577347502
3.1309090422538466
2.64623383416593
2.933433752339104
1.9210956384358895
2.999314958891879
2.319495991462067
2.7986082620642194
1.7475566661597592
2.577160244647339
1.7718668087921872
2.527503774886155
2.037364357138275
3.082758142843868
2.7344425392626563
2.275577731528164
1.8901609410768332
3.008854054950796
2.963924734282015
3.0502487037768553
0.5974017213117765
2.0881715112339108
1.3686482906650084
3.931830418566412
1.8086970368053463
3.7692244225282914
1.8699517874311096
1.3808923370795125
2.456374155484476
2.729509344906703
2.651392296399841
2.742247264029013
3.0937307411534474
1.8786276985730241
2.740829538391697
2.8022410618667832
2.9356731586811624
2.2629633294392426
2.719064215509473
3.075712307683986
2.589190360386249
2.922661653574378
2.667592396331512
1.9807894640347739
2.298761019070095
2.852622149041207
2.1014532718598606
1.7483725099516794
2.6464004340987213
1.169880601116464
1.8977680907841856
0.8217365748974074
2.2247375961526115
2.6833938329738607
2.9555808496348237
1.8176203837626494
2.312694115668111
1.3973385278734942
1.9731806502326061
2.1938067711232083
2.896951922401526
1.4301402239218803
3.0375983504469795
2.0789408673354
3.3145656183904224
2.8387916812678298
2.39607623253455
2.42066822759263
2.5149109639352227
2.3879761467124694
3.360462770747988
1.4851721375414346
1.9147527261019361
2.702149840790326
2.1095447925763913
1.9201585796894174
2.8598153404911884
1.6956648156004188
2.021371130914464
1.0901962217239949
2.1763360294557677
2.1476582533342308
2.831401410507173
1.425943594312171
1.6383402876750952
2.7840801156725368
2.426160116764302
0.9558315834798661
2.5341738168189267
2.3908765387525825
1.9449609661048126
2.794999976410428
1.5217905611331086
2.5698621681757934
3.268359666666144
2.2190786562326883
2.4363491426907475
2.520912274123654
2.2864079788706264
3.055695477148493
2.8524397025584847
2.753868039568437
2.531605970730087
2.9292582030074032
2.571849768242082
1.876056890925475
1.4311853108072718
3.3646137709663275
2.474889131916437
2.545025048576369
1.522654770680804
2.902746928632251
2.06181323384099
2.8998329873516933
2.406537568049086
2.4584022180221465
1.896142722577506
1.996783190645699
1.893587925260514
1.69395161026902
2.532482973914325
2.5644835039068226
2.042469733739902
1.1523743436188283
2.3865427173345406
1.642068291967837
2.1914007830625715
0.14247186094398787
0.5020246330411043
2.4587189969236403
2.3392631627279785
1.5793912918658304
1.3591841650308747
1.6702275279916794
2.642296468847471
2.7174336402641717
2.975100312147019
3.1925072507558174
2.4129660158749053
1.7970809766127387
2.17259506185521
1.8501101182631585
2.426735298648908
2.578800719479868
1.3445748332744434
2.173517357461038
1.498052625091016
2.3852633250871524
2.855007834962385
2.6615227325314836
3.1602060744201523
1.871990464198926
2.7750186247743707
2.8714471616157993
1.8479416948598324
2.6950116983884316
2.351749075493689
3.4265895039155225
2.574937621334902
2.4857739216206247
2.3112009124691997
1.4923346458207265
1.2323323512024102
0.9373004518921899
2.123645447095471
2.8729971255587174
2.3946852894187893
2.315755401719429
2.367740626150612
2.1835239714515957
2.4798927058439815
2.7646369883169957
2.4101360129674974
1.5290180168647411
1.222539248467094
3.012112695495251
2.883578044494684
2.7062028251614954
2.1376554936098917
3.017189082853158
1.482777163611162
2.7425122716216634
3.0579395313651494
2.473979696349699
2.3861791441453106
2.0810421721022796
2.136767034086641
2.1491743386005777
2.8643758011257203
2.03958584886989
2.302564196280608
2.7470479198034754
1.8251670768300212
2.899013473603095
2.4083879737808536
2.612550198223454
2.6335374285864406
1.3104792774985807
3.235515639874955
2.7510805831505745
3.0045807966283062
2.854742676888927
3.1442040962193754
2.700428351482236
4.067390157060364
2.5418735104112677
2.5738858342837716
2.5332664316849054
1.8106312915867735
3.0248226398919473
2.232188480344584
2.3807374056141954
2.588151083331725
2.2543056593538693
1.1642479711981386
1.5667972666635268
2.0841132623061687
2.5707086514620605
2.810017287646317
2.682271921489285
1.465375551588818
2.305847250170351
2.5478004269467305
2.0476923711583392
2.4382466986419895
3.230128433992423
1.158465841450645
0.5958464953419097
1.8613745472925096
2.743962691024997
2.1336366813466587
2.1062977831314376
1.7889733358702844
3.165082637918389
1.815300470856835
0.9362786132114027
-0.33705028812956417
0.7215686722948538
8.370946623956268
3.02202558060664
2.909372358542208
1.242275193300562
2.593197811350588
1.8414944290965705
3.2085496242963205
2.5326202427247653
1.6468931419562776
2.241738882136046
3.1592097053744927
2.711720560226214
2.8990213169685757
2.3174993185765835
1.8841229387063296
2.0243373432858007
2.8990998144095363
2.161133807114484
1.8461436962384477
2.8961826134586017
1.1755273731800115
1.9477343043015705
2.6653013124343543
2.9824978956842254
3.174092492390271
3.110789474574729
2.8107449602587167
2.7029724337055936
2.5925407901064443
2.532597323479921
2.9526215201946866
3.001157029104285
2.8677139127684708
2.665815105691094
2.651089774734712
1.7056152760483188
3.071023052586799
2.574235810163176
2.3210365028567748
1.6790501682803662
2.2823703864517464
2.7625668579468705
2.0692705071429223
2.3250071156357293
2.8005937093519107
2.1545645109067544
2.1889763693945805
2.631754663926558
2.6633055518953994
2.6074295609747224
3.3528196888694075
1.9235437155004258
2.9215847690403223
2.2863897843345558
2.0158879015565705
1.3473283058228605
2.6425447996100737
2.8391259078011863
2.834842295035733
2.7232687601284744
2.5069936816886966
2.46484898297085
2.4310532488894503
2.3065993008994075
1.6909565135810969
2.3182477415015716
2.028085184666068
2.2109432748998943
2.3706761479982763
2.6760838388493347
0.9660966498891924
2.9597308219690395
2.5171052898085025
2.2693121104894964
3.1170076413957277
2.576312502149275
2.5098774712928917
2.7197763250162668
2.31122374128811
2.629817507423224
1.7562695661504055
2.5841398526453925
2.277066869681558
2.651245671458586
3.243060266408439
2.556164928304328
1.775677850093691
2.6312076669882707
2.425230493745904
3.4861560411726242
2.2935803750386063
2.9287425396117968
4.3857040159733645
2.7552561908246735
2.504642575782324
2.3381530563243333
2.812967018577243
2.6837294049249087
2.1635716008364936
2.522027832488797
2.6953645102138686
2.3449629720949647
2.0289900078438725
2.770081198828597
2.186320479421819
1.9778003679073353
2.4314872929320157
1.469372038146954
2.388249388698857
1.6487430976740312
2.6860162698030603
0.6295234003533065
3.0663043381057467
1.9224539371125797
2.8788853183785634
2.1446782814154073
2.7970312766889274
2.313039636843153
