11.339267840646064
20.66055896943699
6.678034345050932
11.66048280857452
6.1223611236996955
9.362452006363824
4.252140153262363
2.882197378786553
8.644903204654831
6.037325128403988
7.188938735316167
6.823592425953557
14.500513326373689
11.224693709870783
12.965433320531961
12.111736592547102
7.358352421543459
6.7683019771938415
27.115501395050273
1.1033546240962298
0.49908578051489944
2.093483899379422
4.7503160725643845
9.57066781236044
0.116077789310848
3.2918684868158374
1.5862370560610548
8.433985710880327
5.884907450490921
1.4012518992071556
2.5643022404003326
4.845722706951918
3.5802746568310337
17.120255148790946
12.007086006661211
8.49952853820714
11.82845502153054
11.348589191628669
12.689698753207406
9.026239548825679
13.16126698387404
16.45142302692877
5.512758697063393
5.393506239034052
16.90812403024912
11.339143973175947
15.390697463444136
12.63570858612906
13.658680822959782
12.073407764015371
10.858271396683916
16.581403592409767
9.146088352018037
9.726498549918135
5.788140431479061
5.507826525674961
2.7487958279890945
3.737304242086751
16.41214408505079
10.9206100529046
12.621161035418353
6.4806660347883795
-2.069606063784498
6.349213693396522
6.857851093985604
2.3165777821390567
2.473094480284793
7.815721223378451
1.0066095116702432
5.829586914419028
8.603424208940623
10.4766526023347
6.4533484156021474
5.184070998945002
16.350603872697775
6.558186159745951
7.829783219660572
5.834743663632382
6.9317513475886665
9.720001455430738
7.479300651709594
1.4898700635345465
8.622946554837817
8.738668204591622
2.6703983193904977
4.510541190456955
1.9157909271151887
14.99925510792016
8.653824568885298
7.401209027615304
7.621945093243272
4.13711530543545
5.160242997652041
11.126548342609736
9.051739035302703
8.803480587610526
5.040664222455016
9.183771445100525
23.214662767285922
8.83589562318888
6.326679851307366
8.39939636910105
6.484886304291735
6.568799866993477
5.994795952209866
9.901362321534002
4.914332135583512
6.327015969369102
2.6876605510465987
14.119365413516956
7.514800633062396
12.795869868674034
32.1739734198489
12.878161012478618
7.523558882691071
13.35261106921804
6.2679706425683275
8.607798121434344
10.227457149978825
14.27575229832976
10.479147220422965
9.739122846319807
9.190601679321235
7.546441202819338
7.059860770741423
7.831618128147815
10.274804079907593
8.335678526221189
7.024242475319641
6.474796110248335
8.007924464211385
4.525216428661238
13.556127303251438
6.77902520607375
8.781009520308974
4.72932483393764
10.521237795689718
11.599529512698812
8.468775706047301
7.67245124515053
3.564989971383526
6.607851985102291
3.9586137367799283
-3.1453628898856936
10.223289536656292
5.534516851704146
3.6995310923050373
15.022897705037341
18.446761185161776
22.2373547486716
8.890261695339326
-0.5976430618417742
3.248064892242881
14.370797242316725
16.902250774765058
18.03440322584854
9.484608910108506
5.009605368803062
9.143742404964328
11.007356809717333
11.413641749789331
8.927368185588767
5.135025662198304
11.380706579453745
8.784294732825229
9.233966992972721
5.862230032220482
7.585633430672728
3.7953307039979185
6.444347377687815
3.7816409382140828
1.2867223402331538
7.045825663780885
14.110972191846166
10.34228506777863
6.644281866392485
8.535754947904335
4.775498760676766
4.32101142223372
4.549806839900421
20.734326805224036
-2.188165996207895
2.481909436165874
11.340045824841825
10.001437382363116
3.6164834671380275
19.159339060061136
8.653182311006898
6.15473947604351
10.493593536864774
13.631311618664416
5.928130572332733
-2.3915887546994385
6.080883918414174
9.323339350252459
4.729125333901933
9.204767030122474
12.7744815228417
11.352800674726456
11.280492551287317
6.395663901203357
9.493031728024256
10.16814919884549
7.536122986474438
4.69887264857049
0.03673533489044478
5.747968066095938
5.175871566992302
1.6661514737080396
7.806261593557413
8.944008059459609
6.404373486247364
10.204475466302593
15.480324044628956
10.48484791627887
5.366644619108093
7.516787869994455
11.46573768645642
10.627441762719764
6.324528272472566
9.037814875048895
1.7864726875753338
3.1916351329078854
8.0211171565504
15.061801250913227
9.764118703676768
5.09152151287543
5.06997678581154
15.38246053457858
14.299501326297985
24.33755838670922
3.215757535801732
6.931761280634065
4.864620837881366
-46.65333053508992
3.998504789440184
6.928510154148615
3.9488671498112806
12.911144398305588
14.974593946314492
13.60808356360752
7.894554390439946
2.4550071860037392
7.343324477865385
7.8084981563320515
7.715131057959462
-1.212783515086002
5.525972076733022
3.879505247668077
6.322076253360667
3.076201270418469
1.5367576465571386
14.35002772938497
4.858113494722461
4.7040342679456755
14.689419118640107
5.1564785733729614
9.192126549600834
30.50753465009609
17.307937686250057
2.415148422398575
14.695259346518334
7.642542444086488
6.794810358550497
10.750774863081348
6.90534141782907
-1.6442735214905413
6.468917658116653
12.394767455786695
7.235223073755469
8.674389350772058
6.32329380043144
8.137343364818925
4.871428065417468
5.406121257976804
5.5983150381668105
8.377842757504153
3.8236190344378755
4.424131245667749
4.679306466124565
7.868023771047046
7.610570275607828
4.396112841273386
9.800740719812818
13.463221272558348
8.021378983878687
6.526911674719231
5.8536629358806405
5.128352064018227
6.13753446003298
11.458413771669449
11.646517390376468
10.346947919635426
13.31511458454646
11.119359331145043
11.368502289647452
11.989281759702358
5.20036011398149
12.522304742536617
8.073237857331659
1.839343788025074
6.83447237816241
16.36336704670328
7.45000311434504
5.265271454797194
4.22399512431931
11.726189659577962
15.28653642768441
5.836175291593898
8.33066278232854
9.74291020986838
9.741388249098915
3.8295361179790963
4.787275417780645
1.1764568551864212
7.33228332026323
4.378339436911032
9.725829374289011
8.311425036311302
2.43511980609579
0.854224835589077
5.6737917581474635
4.5409678477775355
3.5766774570901205
4.734448698950303
8.671582926542637
11.228913828292534
2.6147239455860376
7.518386730737672
2.0244394063270192
8.039227807692017
10.287327502951511
0.9023557762021743
9.372399671012014
-5.982538045236739
6.120379861852078
6.480944696534748
-0.7268962290885682
10.837854463523206
3.4238274866300933
6.935822034669291
7.704808971680669
8.432797634103974
7.540703927877458
4.1842856586240424
8.011838813463514
0.9974814304675667
6.053017801128991
8.622376695573728
6.069929458818046
9.726804571220459
6.859097040116094
3.780861102022348
8.488333993088343
5.731529992088291
4.543769510323184
0.5181738819696606
4.88664237410391
4.803221651504338
3.011951199464148
4.32413047110025
8.878526675955573
2.095237706622716
11.944636722646344
0.3354420214378433
3.552089152771235
9.401130801328346
6.749922120893207
6.097192404862073
7.224012072924412
9.7482179919865
12.095115126548311
5.911207812685595
4.8673034434557945
7.478912207534701
8.882951867070288
9.995133862843128
0.8015721718368385
8.823127418265031
8.217193000067152
11.934375736374866
6.280343990206705
9.42368735349628
4.876398818951469
-0.4660030439234655
10.241934279337032
5.5985191304328294
13.075376357771923
1.1458250829546648
5.13076390419082
7.9187091993772745
7.087613126911621
6.6542171684425595
3.5530312419877164
9.297976163423614
0.772640894492281
0.7116271755775126
-3.3317771650564763
7.91616891472201
6.714312447947823
2.270812381955796
17.068335140071422
15.294549795322986
25.431800822695635
21.23276016198831
12.630533373983988
18.603655577959437
18.765109320099526
15.851619497422307
15.453891785741057
-5.905318564037558
20.41929587973774
13.51123871356046
10.256716792193934
4.84335834230224
9.82673254753972
4.247697190424129
3.2069387597912167
13.775909513704434
30.21420731195503
3.686168844417875
3.288531256209445
6.221998046908624
10.95378908234435
4.930293068426819
9.930871176464589
12.046527635734664
7.1308487827139615
8.335749015471269
4.885857661273159
-1.3015028327529872
1.4752416661238912
0.5113289650832994
5.09199891633754
11.715599149399397
11.629951142970217
12.008307804221156
18.91739538528823
14.819110486168539
16.089239703705253
10.899806874208341
8.186362885679486
7.175370714337595
7.761455345809235
18.629400214392717
10.210242511380146
30.914801975758714
12.411816869466488
11.69840466048964
12.845783041115777
13.092936618598022
16.939648535983448
5.552956459765762
8.342667671381223
15.985063758806046
2.407035079081399
11.84970559475952
13.938202787237596
8.166206806625995
14.82115783101749
3.620793023902046
7.995774587895407
10.731998984227328
9.039902776528752
11.0614666686593
11.457997504532035
8.542499109091999
14.53558566634423
13.41005664214312
18.273069064830086
12.796960928388762
13.148157059986062
18.72846220548621
7.75835732450838
8.71398725219608
8.617071752225852
9.38056690384563
12.82431169503024
8.09465106950892
6.575191368715792
6.611192459966892
10.768336984217594
9.50396499133584
20.993744203898864
7.307814969813578
4.025948418393017
1.0283369413669523
3.0636810364483917
21.39634781982292
28.946912389515717
17.930245491645536
21.558670325902643
14.101902481865004
15.813408199135889
21.533951456905726
4.672248427795955
2.817248515991457
2.091106923462612
7.075572233915916
11.842493823907539
6.080260687524016
13.19648018393979
-1.0076410493764136
14.446140782629115
3.0282290666614933
16.029571384978695
6.249480718321601
7.881040632298182
5.781795333539224
4.649745758493304
5.786102914972279
10.349784761880967
6.032754963686363
8.31051478841548
-0.4849905176910747
5.914302436092168
1.4222169408328973
0.9709781991149581
5.334694290000641
6.197609123272299
10.03378753277919
14.207696217972458
6.449358401404278
12.73515279495932
9.496378817487523
12.458536561187588
14.003532396796393
25.6250237873693
14.04122550351233
2.772330159884256
16.645745463360413
10.303464927926026
9.315092902036103
6.970436584749108
9.708871593197548
9.540709019016242
10.82945650874653
13.131520219931678
16.814362030752857
7.131132444322099
6.016184210561748
13.821911151093676
11.053875411481846
11.622450605426238
20.31180500559025
11.986504810893088
12.849713386361922
22.474724898173093
12.30866597916114
20.14175216357199
16.337782590803624
11.891931025032616
9.76440486096463
9.340101195062056
5.67350049178009
13.24596203852962
14.352713723266833
4.953418497842394
8.792854715191506
11.769469301536576
16.04571367513125
14.638219265112888
10.557447769418184
9.301343942394281
12.002624354483494
5.4091789001698
12.480828317310383
13.126808690823099
18.868663689076822
9.424716906113002
10.58425179610124
3.411548457163627
10.40128973736341
3.9733415580231966
1.8934091113410578
16.46302753812628
9.230991849331337
7.520060758483481
7.586118650876809
17.037469125524723
8.037215816089722
4.576474858637943
8.690816893070352
8.048208227351468
7.215962041527846
5.6772026687987065
-1.2476635112348808
2.61690009086265
8.083187146227441
-7.601975824937486
6.085928055679116
9.027498778478606
-3.1389525440626675
34.41716203791197
4.295165189847286
12.049041442129042
9.129972729550248
7.133697063950791
7.101124390711703
-0.5202112183374914
10.74917005168762
15.643097714066307
7.68221532805615
6.400453049890666
13.316701695528014
9.49734720178233
11.880097791555881
9.690862876926843
7.206735769847422
7.017676150851057
-0.1277042990694729
2.283767553175264
3.4879177946793782
13.789345195974406
16.52922361312847
8.543705153231095
3.714267641732377
5.345008251148433
3.63405542006964
6.672864242448576
8.950392174019271
1.9978502206762638
7.277444804108689
6.955956822689533
5.421305419792479
6.709890011435377
6.270627453742541
4.48901296321698
8.99872741965293
7.922861499314602
4.817754352106697
5.654563453190949
4.798293444768914
-15.728845956252755
-0.09305741339600121
4.450479370867238
8.165024734653967
6.464934013650063
5.629244159126548
4.961445258911324
11.505803786219587
14.453953907060106
5.185674928130366
9.043635634919672
2.2223992005860556
9.356905345338154
5.476610311907322
-0.3076581406118758
11.232900034496396
8.290464199306202
8.82817353783996
-1.218999238192506
1.4623688456823392
2.898631984139489
12.520014484546124
8.047772938319977
6.1034275331662196
7.1442127521584435
11.329725960710137
7.44835847057066
22.70388484086677
24.207835089370914
10.1822899082345
5.143893565969013
13.78987506306811
6.374161140149166
9.553962151641459
13.689755934209078
5.585526902092018
15.662176351952354
-0.12359979353566557
5.0653339553137275
4.950365278730818
3.9393602041614773
10.738361009353316
16.817438534925934
11.734960142007212
12.831155554728765
11.511852040751068
8.275285692570806
7.067967545920063
3.6624023166777953
8.936809126106969
7.07363363364878
8.35726000321834
13.431641692325963
3.4563046925553333
5.663809205448405
12.168451019711426
3.287036045179203
9.271355044177124
16.909295552495582
12.314355595242503
13.02782577553435
15.473258478665382
16.565081198265254
4.110087829151357
13.981420146723634
12.33530964685637
1.1317305518602998
8.761574146744126
5.082004067213223
11.746973962265814
14.459236614535742
2.733628408948333
0.5221317358001383
6.467424967293183
7.399993564899382
15.80506999697148
4.32589658465463
3.667040391500951
6.250557360390173
-2.3148847541795847
10.785530565087107
9.599138295315752
8.124627790362924
9.330987873844288
8.074907707840351
16.658051066741503
10.607175541554103
8.547834154964315
13.910214828308439
3.423359461554892
9.262062540221867
6.19347021881084
-0.1904262460012341
11.027551831835662
11.84865494421901
11.59194241691592
8.591761131412348
5.994594164793462
16.799051130637135
13.1689370185149
9.145063885727007
13.517044042903407
7.908201831817283
10.735808476206813
15.740347476315575
15.813798834917455
12.666498889698001
10.50414175079705
10.568510266029538
12.350057276669945
11.07691144504893
11.713051808674738
9.347581180182736
16.01674902093033
4.391067320201422
10.77952379123096
12.489675737684518
4.769593169440194
11.18913915597719
6.459497471780184
5.688445924404303
7.8999014807242816
10.265368732665161
3.684490516171082
13.897048596453248
21.01761530182847
5.575236493231622
7.481364554383717
9.69923725511489
9.765417332648575
7.146295981747839
5.284582419156972
11.216219891321728
6.121986097853922
-3.8772611878170578
8.791161409805719
4.4379663164668015
4.481925790447076
4.412069957255676
5.601632546162347
10.156381818414852
4.357371487622952
4.785556702971583
3.6255067834306494
18.108444791483805
11.939677234767853
7.140062616053328
7.183577698866558
6.156844297560512
7.553386672136046
6.984670991629277
12.327332670695757
4.497464399925517
9.07106200835666
11.88547942746009
6.995687109682307
10.921509425538936
7.812222325389254
14.98001832932433
9.881820514281891
0.9791813161956758
12.835903023794902
9.377819827249636
3.363785766489799
14.48939540650351
9.874337425476822
10.85114076188825
17.97910919428948
5.153537931922689
17.091728687527784
6.019314045134725
10.538026328673862
10.398902260082068
7.448779649376747
13.067543252940101
-0.33091626247865885
3.4120313726656226
5.443819598751216
3.1829804207231427
6.384526316119956
4.331556388159395
23.820068443682757
5.780113567339892
7.116626557766977
14.720037440105932
10.331856016956783
6.062499830236803
7.959518565166135
4.730385583083542
2.0768062270995777
9.834619806477095
3.1551690082639174
2.921531515976564
8.894429940058988
15.00508725573751
13.199458403214889
10.335781551655717
8.26919207828558
12.210700058373899
6.816200748010158
2.9140706993205794
15.163851914588152
26.327269707058267
9.972446700672746
22.161865037073348
9.795075887902625
14.62987660805909
7.212298837636893
7.2045503059206375
22.520456044565627
11.45211442876386
8.670045292609508
10.436379105302146
10.335770252759632
12.484434672804065
5.13238339679371
15.687988479189787
3.8887198589404433
3.405099130168167
15.139586010518235
14.313295884142228
3.651091757476121
7.764338501140482
12.65240908467065
9.510653455675369
-0.3798081067541199
14.813436740449808
4.525527111734569
11.778159340654362
2.6236490003488813
-3.772301666192913
12.738678433144765
5.990599220719895
7.5182015608208985
10.16453943230789
9.353208253573014
8.392478589774804
5.88404589297264
9.163342563643171
10.60721379588524
5.648837805668803
10.429363630511496
4.921439435529515
18.80719416415694
11.656362260283544
10.59183259801022
9.985673235075907
7.950429620883956
14.219836423694431
-0.9758996768168287
7.43175788574028
6.1931393852758205
11.65112014647216
7.379139428534521
24.580634192904665
13.79483454794502
13.07304326491526
12.621460309240835
10.571086380979477
10.785100404383028
8.857573102442085
4.946083166967572
5.042205371754151
7.985305140610941
5.535506409368519
15.247486975241028
10.928278182190398
1.890821869504017
9.752091654963078
12.944173184579578
12.99240452196424
11.858142012781139
9.888816626069184
12.124602734801396
11.436805807099242
-0.3016899256270526
8.896141527353004
17.36182197143748
11.009429874359913
12.652266788614446
9.50526859957388
8.630419642932884
8.905214610529345
7.796202334699557
13.256058590637362
3.0721024637590464
7.455485815425101
10.932156091945831
5.022553439678593
12.74896116936595
12.297737123455034
11.595765242805804
11.10883697011829
6.984835338828688
16.032484739465875
12.383558643831377
8.816370881514237
12.10056457541156
12.455015969571015
13.080508529763629
6.657327950222858
12.212288171297722
-1.5031479903803995
10.46989903725949
16.939762812996356
9.646332737206984
14.141012389823935
33.979802347795726
11.164117207443
7.755766054444845
10.684654505040696
10.538880035919613
9.707833776823746
17.487800978622662
10.046806275789088
5.839920873700314
12.304363167878694
14.199518439235067
7.608284262901872
8.058594103696832
13.046422575523138
9.77381161410806
13.5973043211801
7.505368142246889
4.960698829728927
6.94177487256407
19.867240359741487
14.031024695482447
14.170810510287744
22.08660006754416
12.365842270172104
13.739063481226427
19.081496888479442
12.141790792257568
7.339103730144298
11.644886886704434
9.752861964924396
10.605722868798033
10.530858823334594
10.614421613336855
26.41494404822813
13.57384811038651
9.575816522696964
14.117810908213734
9.617615208868745
17.333415244028156
10.575659517241368
5.472452762570424
6.818102764254975
2.821434809843853
17.00321317830578
9.029763589983443
13.36379194048104
17.10472686673687
9.430396653671487
18.56816252271709
16.386788489923095
40.736303043767606
8.931283951386673
5.783536654633991
17.045569293645425
13.936694981809817
16.39102086285854
25.982095011908488
2.4044017952339733
7.898640338483769
3.3441743275389553
6.365498077704756
5.842031941221389
10.64432697468798
10.49444081432611
10.158021863329997
9.778454832797618
14.769142790667896
13.734498288422953
12.300591787685285
12.64231626239387
10.521988016431404
12.931209565841405
10.94291408937653
11.13762373884474
12.430823880480327
14.686584676428822
30.652500695538485
12.636235651829622
12.396782992403047
24.454966184482554
7.518016884087369
8.369160311616769
8.878012405831862
4.267330482554376
7.510089872230877
14.227471598476294
13.081215368153291
11.208316656433501
8.719903018174593
1.3921007887489891
4.4768722115466035
11.619626379335514
14.992243126394767
16.95668006446152
27.55218160736365
9.943187292603845
11.196043738404779
42.559692214579094
14.45321838142748
14.678061022331558
14.496164801452373
2.8267840073702484
14.192112990944608
0.25805651295864385
8.32520346642411
7.8817477900709605
14.684281811321156
8.866928686075084
1.9046711285192635
5.686821598214629
7.987495491093658
10.014728155612143
21.134382474498366
26.684414152665433
11.060083927363372
11.421157697382093
14.941645921866714
13.920566443051888
4.973305079003453
8.680374122193552
11.687961027028935
16.83911180666394
3.258412811618776
13.077776978421944
6.771363474418688
2.0882607630770074
5.9207286456808195
1.4247015503047407
6.349837737713344
1.044014951952032
7.358739222698564
7.4112190873441
8.400850616191391
4.939703254234853
11.312256969353184
5.8370740245151005
4.993174123695365
15.199210663007902
10.258843867348283
7.202422492951036
9.953302858751652
13.469153856524525
7.9191281193419965
9.292641817843771
15.329041882290818
11.127073492324875
13.49841330330387
8.215854170775062
7.020965820584179
19.491417156637166
17.75512230512371
21.27586998457046
44.686652337616415
34.494089154284055
20.830069229862836
21.6914757153097
18.002410661754357
24.54573417280867
9.224318456485875
15.15672546289296
12.61934404098087
23.866920928344317
22.19368029423415
16.430243566457264
22.022198869334964
27.891441987543107
14.314674288963502
17.203310921969052
6.262454310782717
17.202472013642247
9.674721867127728
14.339580062320696
21.43160536168374
0.7232729754185807
10.598182319882353
7.042894279095748
10.29042264274407
10.643449130007767
16.35098707555409
15.620642024426479
12.087069919940191
11.736339381610485
12.792215898861013
11.852877327616277
29.996188636527584
12.001078124970478
17.554142529080274
19.717180023190924
19.046940691522277
12.66935925268505
13.108875935315274
17.70430644316654
23.59327090730545
14.711643399313157
22.5239838483836
14.109695117510382
25.78815195504216
12.804501802789911
11.162622092420193
4.5048618621465115
12.820206285469148
7.9732336581335606
11.048950580893814
13.224919111780736
6.950542561827923
23.921657660803127
21.858771821517493
10.585706625894176
15.928765999129705
12.614263670747006
10.661277613646359
12.426952777113708
13.35683361181044
14.701139427120742
18.518962291091615
14.003766215263527
28.043285011495872
26.386741548675325
10.621651302500796
24.06613511406639
22.144007151598974
14.70327759716084
10.313299322424054
3.825607667504143
20.168064805689845
11.13387756743635
7.751681389948894
6.083864291275575
0.6808185866517735
9.0939378759374
11.152734432327703
8.027104464488069
12.535948779022705
13.057643319412367
8.366502665669879
-1.6802352162650955
0.35486018599469993
9.715005103148938
13.091600261540822
4.1826764304851745
10.317575996703136
10.899316784982508
15.332978785358629
3.369295760444313
3.242702921062017
6.017116778141928
13.602478831472839
6.65407284494419
5.627537038115418
9.053529089108972
12.174067057143358
14.295693366436494
26.823103219310912
13.234251484217776
9.064463935251911
13.485570360237979
6.074314518426288
12.227856662924234
8.444597518394106
6.932020988026935
8.952062959204522
5.7311638441810215
3.631396197209597
14.101443256674276
13.210118195662051
12.680599314977243
2.684351609492595
23.53676566372573
12.78929629490128
21.49510929407188
27.00854068579032
14.978189579625464
12.775494638242126
11.049016377603804
8.84987464022142
23.50906397754835
12.834429582634302
8.033738652773689
7.6024484797211755
9.652165877433376
9.0721305441583
13.359439180000004
6.913249501110019
10.746478185251807
6.114724852420692
10.19138138204069
11.419833966424854
5.5790693438136545
9.017922887432123
8.770132027008227
12.428206439992813
8.18096950636946
11.198558349601669
9.293572772697678
5.480196062822644
7.112878299400698
11.897062450119588
10.85963862441442
7.92498457637322
12.981199251151878
7.378442893629969
7.85645447005547
9.325254054961682
8.53913910800657
21.313389971810864
3.5023626460268256
7.538009113995618
3.6004237819295106
7.832422144480645
12.796112968403644
11.100062448545804
8.340591803365594
9.91092551523679
11.01535670352266
6.212036184707211
10.617850496330398
12.559965591006598
10.334848149655107
12.711007523810038
8.524141201991348
4.069297264086435
-4.766976274974263
8.394721548737142
4.892008594241753
10.8943863773511
6.609281412486119
9.902138714310892
14.315465824207115
15.399638670745967
23.650107354728654
17.31502998258611
19.111084242254506
16.820858713377035
10.893827952788676
27.92803095051199
7.142957891690328
9.780443900109011
17.564080956488052
10.143557713374506
14.024272760194611
6.659542642678374
12.46585355364779
7.591034140105044
4.862941030254085
11.576452270282338
15.728455329446717
7.82514903295207
11.712767508764118
9.135386325224712
10.50940518624583
16.57276582631397
1.2852779418067062
15.018997878703706
11.046248526711953
3.3896632579354145
12.640524831718409
6.461722977868274
10.114472352302965
9.326008919626847
7.68186045799706
23.65684158794383
14.131241999300876
7.059582130590219
6.709217639722815
-1.0363241519591337
8.98123917536781
4.42570086964696
8.249563121219184
6.960323183070486
10.343614074154923
11.387772328099409
10.759323658355573
1.8844244116987647
6.428582071615241
1.6323287599965735
5.162695598165957
6.8374757955251075
9.4501286752213
9.548305394823783
16.06992389962607
28.29912713208997
9.18526573136592
11.615714989124681
11.614217952651135
4.560891035118228
7.0685392669660025
10.94102456647156
7.124543323132313
6.863374301125433
10.462963446615605
10.310769738901945
23.616882111515213
12.568445057108049
18.702347709872576
19.45971792371168
21.581190629179112
20.919337731043427
14.309089018223094
3.1834802611553443
3.924941068656542
15.660580517317403
-0.6625291031325365
8.550761158507658
9.573462575049476
6.723352778341385
3.8620719205038316
1.0146311367363712
5.116035519185303
6.23117542043351
4.865927679284307
4.497584683787888
10.782383560053635
5.872729394918934
9.184527654270754
12.872819057903207
10.711911083333593
6.555429238801987
5.2168790067214
5.033742503218086
7.954484205924861
8.482223065514535
9.961525044238114
7.073310338686369
7.632954835339508
5.961781484884878
2.8447992370642785
7.322285772174906
1.0779706926016546
2.414126151791578
15.840041412021769
9.383174130889532
5.161532467938299
3.9938504776492856
12.904373747262822
11.551081937553736
10.346034853974539
17.525157409913344
17.08878494534723
15.08065799518668
7.898582607717689
6.17456738222954
2.911791802396357
11.184307485716346
9.736190278626928
11.295308648272144
11.35653190908194
11.078037291777134
17.82011189196279
8.086685419950935
3.9220402790527955
6.054238564100149
4.431991701070937
11.93117977360773
26.782613514106686
12.097362783939591
7.871363599667701
17.19671457363232
4.1722197739600215
9.929745867400502
0.6039800240902338
9.123214071028361
20.25129032571617
8.271900968123177
8.690082338244377
18.224841356608756
8.517906681109821
7.921910697000606
18.862917794458067
13.389578554331322
13.98117279602126
7.468061269965169
16.78383384915526
17.096907497104922
13.45030258664432
0.025600968659772565
10.468229589119058
8.780044968629024
12.293650883239858
4.528675387759262
10.259506901047018
4.842190351504108
8.493981315535676
14.225628230244485
10.433787767758233
7.937388606364965
10.711513647533167
3.906316398035482
5.76362185515305
11.687414145010608
11.329424565781826
6.011329096565537
9.551478630282777
17.248214311228534
15.045044397858206
8.59110918106793
3.961851704235032
7.626570044830162
11.398898756932246
0.27708788769302495
2.3531971064729715
0.6822698105186332
4.8806929032601545
14.73884267304226
13.694027530905922
10.404807938802701
9.842538734139268
12.821764643987745
5.9335681722973534
9.589102423273928
1.6005083702287095
17.88191652509024
5.360182231656828
9.551039897516212
0.4017650035170244
5.9600998467217225
10.711479104685008
17.54132719561126
14.507272243578576
13.502150007864088
8.776999542662578
9.99501752051874
8.595875741302606
4.595186371841065
5.071299511669992
8.002117626458507
21.805990428945446
5.486448704175055
22.189454523218483
4.600359679547305
16.30634210192269
11.15993008221664
4.348286169810513
7.683953609078761
17.692380898318802
12.797118045224018
10.745149908086933
9.225225125602183
-2.3834599278008057
8.373490727587349
14.944794576298053
18.91508710120886
11.93696424091036
8.962030012837142
11.639096448827539
10.056019456300799
9.464313747610968
9.064084194776736
11.709745308965628
6.02715316492513
0.6677921479755958
3.272761896977008
5.097131078416502
4.326181204301369
6.0680212114426535
6.548442582518797
6.404235993311908
4.3638661923962125
5.282020087359804
11.005472795297615
0.6118020155369386
6.232131971360896
4.572628083241638
10.113863305845094
6.157746392883366
2.868924843262559
8.252217217975208
12.94653008564556
13.991357078992532
12.308364836105731
6.508762456402974
4.655936011794886
8.683090643350596
6.557026140240156
3.567202796651604
25.931824398784038
19.19379304724083
21.185380669492496
10.288901557137276
14.514596979604722
9.839214927694705
3.114494676416715
6.40938388311375
11.475048767512572
10.336831352753723
15.604568828534045
7.426772159214363
4.600384087245266
6.6875700266253855
10.51543898798639
8.33775936217415
3.18854971903252
10.233870044934914
11.86667885675578
7.178810832142415
0.7178212422924825
11.399668406498462
6.579055673874945
8.43708241045274
7.943634295010799
16.755943245454716
16.960370497011
7.1824011298791595
4.911963978025969
5.765621872177076
9.04777634801114
14.71464910934457
6.091880858729346
5.4517962529077675
4.725313350481933
4.765849565027029
3.9851454116426552
4.29972977758479
13.356513315747305
10.154171251367297
3.711331568764887
3.06711043755197
22.419476340910794
11.92882033576698
11.159210438047698
12.232666946170866
15.751635973731497
8.522117989919492
5.4401415369925905
2.4028335429502956
-11.736915623375209
10.905629720342787
10.248151150509017
11.329808506752682
4.440717242326271
2.7410756058328007
10.640078610902176
9.132208158229176
12.559865898426606
9.63950619175227
5.466310860160969
1.674372389174665
8.762292309483641
0.6570144738297143
7.288807996890383
14.717370246605576
9.660226467121502
10.442465331355107
12.589563574990919
10.984684788392542
6.791779451010438
21.937883467830698
5.754483367276872
16.965913554897806
7.210157805079623
9.059306751544618
3.4927826104220445
-0.891969618304177
10.03185241400441
3.5649834337809363
10.451717087764932
9.395152939138985
7.135007747805435
11.826048566726842
12.662531840951596
8.236498817466607
3.8744763608412254
10.730323792907768
8.202245204316426
14.691642854395392
4.654893787549614
3.833365773956539
8.447454207756325
5.655647754131418
12.660365391870922
5.879643165799435
8.152021601195294
2.4426226640957753
5.485162220871338
12.468771272961146
19.028190612361172
11.103391467492171
8.311987800160228
11.629494606043531
9.085995456101832
9.590274205637822
10.23068753431651
9.308829115614733
13.368575983120811
19.47834870587024
10.139185278235708
14.25068570215313
27.235033101237327
20.96299915867681
11.038199563925616
17.42174827631927
18.100639467939274
8.797394242033935
12.026436516306727
17.72898043399095
8.968076629000677
12.951001095680342
7.622097188022179
10.205101650244895
12.757720172277281
10.295073850631528
16.11392641981268
11.093812740311325
11.609081370175444
4.327004125051483
6.952896042637406
-0.6470858897356946
6.146693068315509
9.216750861955123
11.294016042845396
8.573989504433637
12.512972198000373
25.165408610937472
8.723612615031719
10.593311953978708
3.447856510698419
8.362652354728178
15.998326556251902
13.935105352070986
30.34014134258625
16.502251266414458
5.9387099641145245
4.617910962378642
8.02428591514934
13.498797004377593
6.357075037146579
8.845797958504622
6.597944650149243
7.872722964617852
8.910658598492498
8.143617769468941
10.11192692397457
11.421463967998275
11.090806738122692
9.234707276639973
9.65760958542185
-0.642216043394342
15.577955325395575
3.6164199803698622
16.821087269673075
-2.421234822505867
5.301357430521472
5.353204252307984
4.600345942989614
7.289598755041732
13.204950711084805
24.02592585636243
6.42889923030681
14.097698905131029
6.998523853788514
8.219515560361852
8.41723628622904
11.535541949951991
3.9615828574011145
6.818721742446716
4.724779562459849
4.3187269057709265
10.028209631513558
7.235162980818875
5.172255745814099
4.650086841733501
-10.696735943630282
9.765497713877787
3.5932752620446413
10.871618024060197
8.928363370974816
14.58900732116642
8.46664376874377
8.437642113335663
1.4765379942591939
2.225505045173764
3.3495089322147686
3.658920014597077
13.589339422665562
5.620284504069708
8.284197527972221
0.061950730325528496
4.195426963361545
-2.6687506058942305
7.535631668169202
1.3933356075798649
3.660141774558188
7.27247098885714
4.963904829649092
14.810842186349973
6.603416484918619
7.142745123252697
17.592973008311535
4.679614881841243
27.063542355213958
9.794112833448855
10.595665474191298
12.671224772106333
8.656425819109899
6.019359530838858
2.481331626285625
9.393835795271546
10.426600120947434
6.5395349758831225
6.654329224906148
7.6735415155945965
6.969570295595866
8.584852504335453
2.498146052729415
12.431661545638113
4.590400268348518
10.417185826714723
10.672294498144698
6.768295845154138
14.957675419823932
9.569985528005867
6.487271281874084
5.564682644457604
3.0818897971041017
3.301835806582109
9.074409206356359
8.50430936457864
13.071201481217956
6.9020041094604965
8.282058225184363
13.583211227051248
16.60866499287558
7.577037671943707
9.52361979001475
13.885314053625713
11.379368554284829
9.637980544228379
9.679443080188317
0.007493506739302602
8.379558590393948
11.239495651016279
13.824087411166568
6.2707267551209105
6.8558011560649845
10.071059285353138
8.02926818906503
8.034351925924545
14.859097530985276
6.454309447491446
7.994426704774398
9.37564151668286
3.637022539175188
6.972435183376521
5.34728782073898
15.361558140594152
5.463458388710445
8.182076669402688
12.351497401684856
11.466418682135664
12.479453745100992
11.821117575261056
3.22557337461277
11.475683623645756
11.415010072989457
10.622950758391696
9.082909282417615
9.730751840197088
5.031008812283608
5.509000765939885
10.641655691531016
6.600888396716402
10.019500665078755
5.572158771158413
16.048506134704567
7.208990290619564
11.65169901261639
8.412432418133509
10.562412253662448
12.508678706781803
12.967990289502819
-2.0558557360030956
6.003878361950085
19.623569217875996
6.702109743568606
5.347177650619987
2.6315514292214126
18.4478113885016
6.167790516612381
1.55017427943476
-5.057432938881479
13.197323956587082
7.191774373769654
10.94676323442632
8.6284313082434
12.505804128344403
6.0389561604514475
3.6235088176306647
4.196708665931833
12.365073786649864
8.477249112479656
4.587558548458439
13.57265409133916
11.787329140297103
16.06571723764319
8.928829873683373
10.607526098523142
15.539488535866006
13.688678764339711
3.6697301241371107
4.7815547176732265
13.16703358554884
11.672086258065775
11.322007913149289
11.800963311286097
13.986526384122902
13.501418870102475
11.701617494553066
11.09461681755699
5.545619238971756
18.797387517835805
3.929231611938124
9.4601205861711
5.146680527568111
5.61616211958726
6.486372488973074
6.011781963951028
9.699062966492104
11.848772821048213
3.995477925660406
8.198684837513262
5.99376063184236
11.75720312325296
15.631722778441832
6.805145470700153
16.23858208427201
9.58520367030698
9.709802804940026
17.981295246975584
0.20644465061361383
7.111665827075513
12.691454827238363
20.956087135058006
3.129459468019996
5.172664106605629
13.694783338871854
-0.08498218594186713
8.636991773367384
7.3415640547737775
9.369135919226334
7.237527135110139
10.239476078243182
2.808434923797273
13.238333499000994
6.534145064625067
2.2494489184806508
11.733928391107538
7.028615321591007
6.797105128931427
6.8491496861384755
6.1563340332559395
14.402866861679238
13.540671479266324
8.543282890995231
18.95568527947465
9.287064499193527
14.129618225567206
4.080501169450107
5.025494287514839
12.419633924482225
6.265848215471316
10.238419354917838
6.4824332002680505
11.262158419132533
10.778344621435872
10.260029628970521
7.51154874628719
6.619211091438326
4.112285156515476
6.159604220992348
2.582976694588196
9.705314710545842
14.67525697131998
9.15195568885119
7.668183842366496
12.261499988193247
11.829225067314347
11.221486304660678
11.333953504217362
10.029779718067413
9.60589809662817
12.832258419397638
10.922994851093902
5.497335768936512
5.625348713888452
7.379694575018613
10.009021908039774
17.844758180411276
4.102597680691985
7.2676204809270795
13.528688127029984
10.314119387651878
7.807621330953085
6.1525230167817675
7.9178695954610205
11.703585649474132
7.442851984481172
6.137586510642739
11.579407113312858
8.761297739328814
9.369473344634926
8.285516815981147
10.48330109051657
4.846723757522457
7.585416190871883
8.820297389212396
7.742429854798985
9.06577619817063
4.193587822170112
14.14674663329274
9.650505849879075
7.964530244767307
0.3895176632679048
9.753022524901889
5.458906672465072
6.123656169049122
11.218630560842417
8.323259420629235
8.265647876733933
9.058334069133426
7.521527786923349
11.510195921716802
10.19668007309228
7.548336472280863
1.3233929053956746
1.9558441634511006
1.9917064442809798
4.557742340266056
14.113973816657742
19.578999693865754
9.45149407054838
3.058906058130877
3.9590042896255233
4.10042443999477
-6.184992924059199
11.257103593613405
18.813410467681535
11.446993379540322
14.565034408141459
20.047487878719238
6.212880009977558
5.062336580126701
1.6635293342331388
8.10842617622618
6.704268315113377
12.598261320409918
6.24243827111085
6.095489898943137
12.115349866069197
15.984481903924259
7.812184694423195
-2.1106076922380232
20.021230440896414
11.045782547291632
7.687291920968314
5.945374143772226
3.766631377931383
5.144371347348294
2.8089586569486604
9.975784550946564
12.815218936761536
1.0433085639634236
31.012407796248205
23.960461092664602
14.242961219810521
10.192818753572649
9.619655751755438
9.304517330426073
15.229678548095459
9.60121736431477
9.20537129454185
-2.87398033560484
11.671331778936539
7.183744562707661
9.371084518948125
5.0458375655731516
4.262683820603776
12.34044021165208
4.852838327316605
4.593781431865269
4.3697121283295
3.878925408713264
16.91588681312644
9.98361255477948
8.08584543813365
11.399354254968134
12.474437562721233
10.662532145938158
9.001431966112431
11.049071272835796
11.036244000701075
12.1413655413852
11.166102349843783
4.368064376962424
15.039633263973403
9.203062676939517
30.83469413033298
14.544967227117793
3.0183045447738324
15.652052932858231
12.302994801265326
4.526237968048338
9.56097109996692
3.305921143192217
11.075071375054733
14.888851532184775
6.130348299328124
12.286932598105428
11.173046644770379
5.5423202152818085
13.361615001312279
12.02711374238122
12.548931134757796
6.270086905477906
6.959329267174538
6.660053113559678
15.029360957350022
4.922307429549094
16.039650483118464
3.013872309637812
10.1206225432516
7.406465883388166
3.666464507277663
7.179985720972099
19.823598074208736
17.44650642016691
10.65388671114763
9.347048251780741
16.969027032772253
5.956321229565026
10.906794660152295
14.490097570621105
3.2986398873614062
7.727795853562033
14.768859989353416
8.932329206147807
7.6900418402220625
13.568108536194357
8.811099538061061
21.880054857147904
13.720459398081362
5.504349910935498
18.248744977293704
15.355813150523733
3.4059809429154955
13.995178883988805
12.415144913160711
14.764852083998294
16.782997153774527
17.732348364270354
27.149662062587208
20.580614101036357
18.344818554635996
15.614831879398004
8.563223890104144
7.924274004361196
12.439440091547915
7.802055274399747
19.1925261514468
13.9140781455799
11.371458594478048
8.703011970911955
20.40953712394402
10.452751045481474
17.5137878664112
14.929914991656219
19.010997653370083
15.235150943535798
19.276725247018092
-10.608848770000408
6.199766937212336
7.627388937848847
18.732817833734735
11.050254080816464
14.8752523177212
6.077088805854158
12.127092423649012
11.572744993006387
10.965811533930117
16.015288856994346
9.084398369237446
0.7925945920557004
9.307966872828128
9.314730658472994
11.499032801162691
13.508371964618224
12.366770957113813
10.770570718791815
14.657623175611892
17.38197499935322
15.673307793671329
20.311531200549858
6.923008628494168
14.670869382406682
14.493509616141889
1.6596000003612899
22.43449910233012
-2.1636470348296135
9.955940368815408
11.067222242371137
-0.7103155642463924
11.461661896630268
13.116462789364501
14.444228233116355
13.163808228363514
10.494898206475026
20.470508115419477
17.924500401495955
11.808682989643213
14.579964640093882
14.705152069656643
5.2629639682873695
1.0265087019321162
71.08192086373717
15.052346699696741
12.48683774466042
5.115802920995952
3.40778753554008
22.028226736488968
9.392272367198903
10.048336320948833
5.914101754273647
6.3132591463607675
13.970217538805905
6.268460098827782
4.4682983844846
9.172503234906387
-5.897806725894801
7.949596082017306
18.496400700712144
17.539650588220315
8.637164222662395
11.61517489114354
2.7883789354176782
3.532296633603134
11.555864113850706
17.91795630240385
10.910532833421286
11.04688627874694
18.46113704725382
12.949197054188602
3.3437829448656937
10.69935731725906
3.956898365125607
3.930483686317571
4.8844417108290665
7.806548286397608
1.1672657382566933
3.524743916658417
9.414518835098626
11.738241649013103
5.846741758026866
9.979040887733333
24.108864014885096
19.009456027302342
1.8306305367758404
11.944226931108886
4.868506113182043
4.721304701598398
1.7618304411704147
20.881785412923918
16.20186286862661
13.43063572312096
13.529839308416587
23.377042828063633
11.409650357197998
5.337034903149317
11.093201044950096
19.4992816525297
12.951673445645678
13.07933949091792
4.323582110200465
16.07839795430552
10.23956730869568
18.57014520996225
27.124160497674314
9.965014488797209
7.401008950557578
4.8318663269418485
5.995996560277345
0.8320093504548759
6.902051482830575
5.994377706772012
15.817503828978321
4.660319082474218
5.3420978457197625
10.214615311724385
13.434042281555035
9.815787013249256
17.36144168396394
19.920007238904898
16.70855867398121
12.828990041309071
19.352234574359848
13.745767180079056
12.919329822486347
13.04451659179879
-2.062772669618833
7.213069154768604
-0.013206299885217924
2.5754575344075668
4.019700466493657
15.79304857572866
16.34136207332856
3.869457129914378
3.9347587946166347
-0.758958771150343
7.355915364632589
10.181080923981352
4.197616671148348
5.407600732604452
16.286983262244892
10.539498909646872
12.43560007392433
13.356817481709687
20.671578642385214
16.254240803503457
11.802371151184614
5.543823900275667
7.775928366902127
12.44060052723986
-4.503754498582899
18.127013803110426
17.019028372992906
8.536083311917551
14.5463000364452
10.930426807845944
9.554313205023437
11.198544737257691
5.8290794795378185
7.196817587777189
24.975742272530333
12.1710363937473
20.69724468050566
17.016903671297644
7.5672784993370295
15.087571199532498
4.2253628616042995
7.575528199664816
4.489052608227113
1.334544418305346
10.55353183384464
6.093534189731573
10.701286251090373
13.587093045020806
11.931826566289288
18.99763219388336
8.601040369212797
8.557341453762065
29.75372487488186
13.547187453654198
14.52970154169048
13.669591714464064
-10.681978590223347
10.125668171384897
18.183982417038614
9.245413503895142
24.20009152112366
7.200941843375354
8.27763813895901
4.6337720210674025
7.835019162232731
7.3582108353412705
4.7280525090911345
6.218369270105877
4.183496125244234
7.766995045993702
10.755096252094575
11.000812230871793
15.05563486058208
11.542383172568403
16.377123766977657
10.836797192140581
14.600358480236327
15.12916706236827
8.2296701410327
2.77952978892912
15.405216663527664
15.793122324008943
21.28593869070972
9.53096227702719
5.07582147732898
12.281291622679976
8.909823090191608
0.19614694562030022
4.415958625198046
9.33561726727941
2.813732766399976
8.043946844209946
8.286049061877465
14.768016585088546
14.578482456073436
17.25218954333874
19.062196672612714
13.366461665991412
12.170279334216909
4.881687802953311
9.4115340551994
15.527444320850124
-0.35365550049050276
17.789437474496033
13.585688758136742
13.854897878160756
-0.017283688993241793
15.27691836579512
9.39373462350452
10.551312327989802
9.807581026084423
4.546337487903489
12.09158868623799
4.518838990921444
10.69669247852142
3.274337800673095
6.9330122452309375
1.1844658276780702
9.030685313000303
7.517180887491655
12.47648583194538
4.61145043109154
1.1336623323270758
19.568856983697003
14.349274238390919
6.202402308729214
8.144263046627517
10.648085753240792
7.084827906545542
10.451425571194733
7.876838400258603
3.1153272019006435
1.8791481804019745
9.506757050636283
7.138300100821565
6.266224288987469
1.8673955123072636
22.8649082286906
13.159139852854715
12.281371721716942
10.506240723514821
16.53039745950766
9.678406588010231
10.748885935210021
11.468938472864252
13.661461013707724
11.704922854897426
8.581857105516724
10.52278917960906
8.212441305397792
6.8296286810262865
10.832053788214086
8.115796799868525
8.57736204970303
8.710681978187385
9.458309917217269
11.347133822753104
9.359451134687784
3.6949785763176903
16.479843171199565
19.245900691199854
3.6219334719235117
16.8299456897985
12.961959701317454
15.129666115731133
9.565985987352825
2.223382528538645
8.031822795016712
4.797962206411839
12.484190154993584
9.668460091826617
11.990166877406091
8.35711124960108
5.613759251713634
12.723056282825377
9.781811458622684
1.8020066537810189
3.9310275186482166
1.3150178713648648
16.78225059414377
8.265526708970418
16.40749054876448
4.111453338638985
7.3210776653452765
8.286625651443766
-0.013169196860099104
7.863521244826941
5.756258542563984
14.602525378654729
4.657984975359104
5.79370905156755
13.123080979154308
9.907455698805354
11.445055850221875
1.6604351303141023
6.430092914241842
9.208206742446308
4.173999658330581
3.1014494500109206
7.080287250974873
16.41850711209559
12.649602961072368
5.69701356657812
2.716389530067503
21.601738229956474
10.226149387825455
5.104974663894233
3.2059145905018314
7.8254810723650605
11.97594971601335
9.47270736065213
12.257964688721975
10.658046588563769
10.628739450042776
14.91540919780799
15.593260077065832
16.941874457218915
11.620373078933028
6.675987785404089
3.4872944816409497
18.339068879913484
15.071618709818699
11.527790571045793
14.125108989369213
6.934717579545024
6.204329222574489
0.05705849230554107
10.796834514517037
7.027048213035612
8.502676463966163
6.078395456583319
8.000992382891344
7.929961602235838
22.639748668305625
15.36752527027329
15.602421488929703
17.413508023468907
12.677948995432612
18.735113388112996
15.307817300204258
8.945283346516574
6.077732732747273
12.030730689033511
7.311782244844609
22.528875493156754
9.569951252271252
5.614982522672939
-4.348816502076526
4.181675434354202
1.7420995675059239
5.506289314096685
10.41918618637798
4.026270999186445
7.6779372666051815
13.796640590334718
3.130197679444608
13.731752722800769
11.899336242448216
10.144170251546791
11.469726012121257
3.649559462749947
7.919956674439075
10.71436491344465
5.687460943763399
6.47389505933094
5.803996970945376
-0.2147549300543336
2.1936023388975743
11.242606885662788
7.547389875096446
6.61693967302671
5.058026364981018
0.23932030250753683
11.877844648524741
7.440401139273699
13.12044760363438
7.305648032871598
7.648284870692433
15.098053969572403
5.322392661656633
8.503633056250806
17.081222981175028
3.6671730210697184
9.280510830675361
16.60638937902228
12.646452202710792
5.726016068979166
6.435940784871549
12.457505843302128
0.05584070425619131
11.071914786235462
6.0712089952626505
4.523461873482006
8.628024688027926
16.34564339173525
13.86058696113881
5.396005176490243
12.802370036908096
14.214276833879149
10.96796965924699
12.162203587298723
19.027017443769445
7.146612670917114
15.167708149716079
9.040133454867334
1.056908657376531
10.202896158630308
11.162457843527719
21.85454587247807
7.965573496275621
14.675515295281986
9.395355791318769
-0.49245015870725506
6.667211075488333
7.799686549402409
8.201367559069208
20.13922389060419
3.763657716520658
11.855766730551329
11.883029520341024
5.523888958403037
2.21383337647385
5.5189670697294595
10.190910328831361
5.487690274627417
3.2278607949955496
10.564043237294378
1.9607838439073437
14.392563885258884
4.400944412637291
6.513943177765743
12.870856733064123
6.237114219773526
14.456450522172528
10.316394270888848
12.825940420774371
13.653351158251077
9.221858562466753
-6.24623773748824
37.27805676093904
0.6836116218472249
5.210358249261424
5.839815835883382
5.762876313835663
17.444261520603025
27.442427865369517
14.208167335224289
15.446862469479433
10.432772584759832
3.2353765414428977
10.735294787855898
4.6629519314870596
11.446909430001337
7.925082061956413
10.71198876445272
10.367952183473447
4.990835081530198
11.931917775091868
-2.2516313179983998
6.660410045914883
16.591686231326594
28.073688048111702
11.054440178494485
12.612354444104149
14.745071737872642
13.212264639814762
9.056169700132326
6.585397374114033
15.323610479118928
12.241345669690677
10.939875218177853
10.61434805135338
8.353505753926276
11.183077321546627
8.823708939196885
6.8344269813255325
4.596217874346194
6.982358024350549
7.383508294302499
8.291193872908629
2.874799035088984
12.244337394295178
11.421489922140317
6.476613480460918
28.921898525329457
10.543423830769791
12.229791554642805
13.68168691023856
16.261674263724217
16.591554392227803
11.52029440622152
5.097652629011808
4.531998669549733
3.4708248973957505
0.3285393862244067
4.71006839769495
-0.28281984843312696
6.618308856001459
2.057211764777815
8.319847288169301
7.797065223735718
7.291891439246898
4.904091084093529
2.7852722355277124
9.268134284275828
2.4589435533633357
10.792015831313194
15.589923797758466
14.467789502696789
10.993284261229844
4.730624955435733
4.509213683447455
8.672114344003498
13.07606734916732
1.8187379774887071
3.1323661223513337
40.991943687213364
5.460241698511269
20.341085365575864
14.982146045899349
4.636248670408288
9.942228235684036
8.956165879519292
2.370112086119295
5.898237568924881
7.036658667333292
1.7842578456751963
4.816235573104986
5.961635541881284
5.325145446506533
18.98110311899655
4.0722756865268215
13.341750395286384
11.228768441719357
17.709314074760645
29.738033762134517
0.8712018421649196
14.806024991045254
9.996113306309308
8.423293039464873
8.086212894056985
4.533316355806141
7.970518547291728
12.243084002496044
9.009599982904655
2.6792402533819826
14.552999196133722
-1.085194308036683
5.384247593234619
6.095876012972985
11.694529183782333
5.963967933685009
5.823345657416458
10.018255702452269
6.121262550416309
-0.5702213011756123
-0.24454440643835051
10.0919571400282
3.639216607443249
0.5679314244774915
7.162791580989728
0.699186869139376
5.048221150724663
7.331723780664663
15.358138014181819
9.909448876180589
7.627398180242042
11.693224985452861
9.974961772161574
2.5808256651596997
3.2865186630129957
9.91028460771739
5.128840603331982
12.17744164763328
3.3174536307704274
11.214757095151477
9.545519787505869
4.195657228412848
6.6439399187357076
8.542056014280071
6.950887022177378
8.086722974068067
6.898532923365438
12.44423056197768
7.56671547957994
6.371011765792505
7.125787299665768
15.106188582587883
10.165806849973622
10.810683025481445
7.395680021360911
19.044438787937622
17.893893452880672
8.739629832646408
12.50901356347555
0.910574515422593
3.5217401235394847
6.43866416520065
2.9943629471028
10.698069786888091
4.473612524730243
9.449320087722548
13.879740071704234
24.839036222446055
28.350276548723674
9.779691296763637
33.23413314570833
-0.9937394593800304
6.070994217359163
4.274704381730765
15.889592850983767
13.71339161296781
14.385179060219944
9.075540560191921
14.008055085514098
8.230750012199382
6.401414946379719
5.887722998542079
6.1163431368510155
9.447045831242974
9.56558937203852
6.392044079812218
4.042664252825987
3.5871230704447963
12.40872721775853
15.452057060728391
13.30752952575258
11.947177884889069
14.948006896494864
9.55803204080181
9.179902235167443
15.492758126604087
14.761517467394135
14.329072486813784
8.954510983259947
21.69943919116446
12.09079481980999
7.324557213103435
4.875456374624912
6.002067812431825
10.621865113159332
4.805147208580459
11.91255690789148
10.8987396455486
14.307359744085291
11.976854762147799
5.544131945471269
13.077261948224391
10.41317728037333
14.409206981399203
11.481208557772701
15.42275097620987
13.118044851197881
12.683220837749461
14.019029715200489
3.272948982729146
2.818632534902087
14.359644292405205
13.137346445320377
11.023156120002021
8.278842406291872
4.91907900165605
4.646856217126983
0.010502590876904541
10.341664445846261
1.411020792617415
8.06064212981899
14.22248292275266
11.635081342772702
20.827743193926658
19.205333768115644
-1.0477488375894775
3.4769074139875555
6.8242654989495035
12.244195605952484
13.872599407194436
13.437043808099322
7.936630749998478
1.105736705880649
10.476913263314843
8.088595413013964
6.767146986401964
2.7797948340989973
26.248407239022185
16.736242090920776
11.332500206997416
10.415258986429379
13.721616509489762
9.399303429710388
9.52085043978796
12.633491306524766
10.67452034091119
4.630560864675196
12.173533656685885
10.303477830296139
10.405104062220769
10.02609082831657
7.1147076588668945
7.918060808114751
8.932149322477406
11.05274385786223
13.569881257772415
12.277425806245363
14.429511230745502
11.648268973030564
9.014624513988771
13.764761924938592
13.332556963167423
8.724454963728743
5.791472592411425
12.625248146613826
10.736558678645338
6.876829622587659
6.132309129507351
13.310690852864646
5.202509633397146
14.17596476130542
3.7094286651798325
3.4256209443676693
2.4108390285605616
9.919855006007301
4.416014255509962
8.63241108695067
4.633797281209293
25.234006800612693
11.844462573563415
13.261432361269037
14.7616339888421
11.650079142041548
8.398363215860847
4.268392395393344
7.191460075369179
12.583455153328096
11.834593490329292
13.216985255248897
22.185010409685322
24.104867115343115
1.0127051157842502
-1.2748016518758183
9.443873872170048
14.404470407958204
4.805624300666151
6.310577955824489
7.630315193056849
4.225026715723039
1.9786615976697712
-2.06671037221791
5.734824247910738
8.99788491876695
10.110857256305982
9.977881588099525
6.906632198044325
6.366362959380179
2.124426395595577
12.453450481347662
-0.19156818534352116
3.7419439575408715
7.376904523301347
17.561219600595088
9.514468285421477
12.266473538529867
1.2143545538395755
17.828823441190597
6.867152531147152
23.806306946422723
12.477609219830725
8.874948997809827
2.7017611416105503
16.469992242984063
12.297598603514645
6.9531467026226625
10.936956309782575
11.72257162922305
14.526861552742432
12.362086201101175
5.682614766120014
9.735854301159659
11.362590927756818
1.9813883398148313
4.897495201820852
12.792013829113644
2.535190276456204
3.915529333332759
9.49789585620502
16.6955146038979
13.700856343216262
20.767588681930384
8.115353693059616
2.5127455754978407
9.783167442962197
9.11866006841985
-0.9507928999160702
4.5004078311423115
10.4317310834366
10.025217381252805
12.927454653269912
19.139909432927382
7.7067997302358116
3.3882613117269176
4.977521998193633
5.04635167673425
1.3359705036439002
6.08609904695948
13.090747943601716
13.63666655429135
2.2944338135374704
6.574526721948968
6.853747113591397
8.856184191491746
7.261012946352885
8.487239022627248
15.032226614160457
9.357797758446011
11.917031947043293
6.430137741215661
1.0045640178791553
5.897826351336218
23.517085169835177
5.485739616963194
5.316062581617732
18.031076048367886
24.562695476710132
14.896372466488463
15.145137478085243
10.89186251511442
11.49769869583513
9.12816122015851
14.007425904623705
8.562965611492283
22.66937414156787
-5.424587543050054
15.813985281138665
48.00100884473883
8.138967852770554
11.443183670893252
9.320427561783523
5.898461209857389
8.83486889956945
10.733989686925298
10.276613135552843
7.066688417746069
6.883647642778794
2.800265049657924
11.302528940086555
10.642873883941974
-2.510906705101207
9.851267845026516
8.4195396461453
5.575182313394615
9.333349775430019
13.021369786310157
9.004216188461108
12.110781654736085
6.1206474612516635
14.344282411175042
14.722403430365414
12.222834157997886
-0.11519662556032693
-0.6939331855576052
9.271170794594973
10.833834899857727
-1.367060820136237
9.827885008728828
6.444701916311111
6.864126161289543
16.72609487469981
16.84788633812974
1.3785306025417454
8.029593214285457
6.852404979921455
5.975097740789247
3.1444112505081234
9.642822296099434
7.97816862347261
6.801712784064207
5.965341087721361
15.981180819672737
3.3138629590821727
14.774236642766663
2.5479493943321097
3.180297696838298
3.0547882822042007
4.349339762495925
12.766827443365695
8.318336935020621
8.997951795541
12.057485039020108
5.2724745260822905
18.369783701691794
8.16036308448214
5.086310547903466
15.205436985382203
6.606387551044695
3.3581835624440957
11.880498794237758
-4.754205779631753
2.7179803647066225
-0.6727636462620462
1.7618307721489153
10.187459835981295
4.440890165660861
10.438006566662274
9.8295173456894
10.096470574695182
5.562784007694036
17.082161692283456
12.049219448492334
14.947922190963546
7.203909702259133
13.537700183569132
12.549494574416588
8.275863697840226
5.123302746114558
11.904627780092031
9.117906915825248
4.6419832020029865
12.0765073551471
17.74010451738719
3.934133019979242
5.732273402255048
11.248894718808197
24.66017246524254
17.341407281311135
3.290697958967461
-0.16258117506537784
13.541239051904995
4.971602363747338
6.706549339924065
12.048223719890652
13.595169402200488
11.374484468216608
14.017241907426826
7.149873659538771
6.729398912930492
1.4393360634558516
2.885396199440953
12.327639873308184
8.119102895776708
10.62886345834227
7.788519939025538
16.124263992331056
7.541672412736828
0.03622076039184607
4.596003900433007
8.322660863451608
10.09458930041852
12.04243145300203
3.993362227883695
0.4116245802884028
4.085071527671438
19.41255269832547
2.21895621027961
12.842460251369108
4.473107611959462
1.9930761756363171
15.171879289539898
7.202563802657808
4.280089559840031
6.672917380635537
6.989796479288805
13.240902761361482
12.790946624139512
3.4739588980566585
3.42762703130483
1.3760327757913888
24.542746870818288
-3.4319948240550215
1.3974080011124999
7.007605753275585
7.939654124685434
5.364514714074027
1.6308500762454199
3.279960603651335
22.62232814661637
6.317602274894536
10.719305788896918
-0.9032595677398167
11.148421671897857
8.242969246832342
11.304985764375147
17.01919506656839
7.128523346364059
16.473858419993697
12.041321757700107
5.3258795073899705
10.596706903137527
10.214273804278594
13.25831895804486
11.173061326236226
14.66921281050323
5.894375655084886
2.7065262631221114
9.277611129183846
16.81577377516283
5.409821761016092
11.346881922716387
5.5469839998326735
15.898551756184162
9.413860135727722
4.383341985509716
8.397760597310015
4.674522481169474
9.083180883371664
4.95747598446963
-0.7000039543683442
-1.7649099287329033
14.450531406362103
9.229148650251027
22.962293600861198
1.1624939596071242
2.662605103355096
1.6240054168347116
3.147450434948249
11.109433116944578
5.244896942831697
4.104941938833347
8.702171365504434
14.705111713249325
5.331535648912866
13.07808801754426
14.663862819115433
11.154601504810833
3.7896396488648345
22.401290960993844
9.106577130913653
14.273218090410682
16.15494351214938
10.019528620308161
15.257777317861079
12.630069690371165
19.753905941838596
10.645241625304674
13.083510088882873
2.511641837369825
4.213078271955619
7.743392962818419
15.789737107584447
6.267584047331853
7.937362382979707
10.111353489732231
11.645982345638172
21.10754256159661
15.19929726231993
12.426133995365504
11.451582806257909
6.470471335635828
10.096620980842607
10.078670879658365
6.6389137857094775
8.382319848105766
7.862809122153086
9.014704644013172
-2.7589900537464915
14.601638974333003
13.084604640997505
2.1973759848612064
6.104583672886861
9.152113951259564
4.20363407643502
9.028267902362487
15.150168386664607
7.714630608520146
12.294731584558086
3.8429807839109316
-0.8684465325058802
7.031770842686257
21.110272280200903
16.908563396115618
3.3829086951565337
6.165176665575411
0.03259694252399893
1.08984735500287
15.691365385980331
18.678934877688242
2.7514888713440215
1.3483182358594172
6.495724583593671
7.595975316590333
10.063736537849822
9.06755654010472
21.703966405762568
8.200862277165987
5.458664610036591
10.877629153484854
15.147865987326824
23.095058637389357
20.343970697147917
8.422554813924618
5.06000832629008
12.62813955728932
-5.8509894892241725
6.564752425185858
-0.29801121844227874
13.240498291523098
28.114173961389902
10.616409706719823
4.842875739593263
11.227968964415876
0.7240338525081822
8.452601470220646
7.514667135600457
4.153908812425162
13.170737847901565
9.840939353480191
3.073976626893192
2.155626642912411
38.06275132687418
12.63913381174127
10.98611097804568
22.1662052882458
7.100573805345931
6.226158927515384
7.405003606403361
5.273795752686077
7.282499012023518
9.55689064552383
9.450495010172624
13.108651670715005
4.789831801832489
9.258761047183457
9.18271709534862
10.925505704200624
6.199062064793581
1.6711084503573743
15.812739563205412
11.164053802531889
6.201449393685459
12.982001069841358
7.024706989961699
2.109163276185276
15.113701374485052
4.4474435631994815
2.584336827152304
5.535078860061826
9.300657255362818
11.558663250096473
4.578971792522263
0.4729464027008286
5.526628246180179
7.793721508696216
8.68418256689686
9.335346764468605
7.062316618128801
-2.7864836303859923
17.829526727884073
5.916951635053731
3.1373664296892647
7.523830876049623
5.381540942094268
4.972938905111088
5.030250289723578
6.509835239296053
13.913130544953052
5.482614508269459
-0.1735505082463945
19.891209834049334
6.426062549562437
11.934108691792927
4.131899798413629
2.1474314360564635
6.256031666417072
18.576563123034244
4.440568273601186
22.650268368660196
8.738021064837024
11.405986450130777
0.9008017006071363
8.13983120750157
15.149469293890604
0.8985631718750771
3.7395942591682108
14.076818130574088
4.175150653205646
6.158322706895641
4.997037786498454
9.992566032114688
4.402483522055492
1.9135625006883392
14.446525322201143
8.431801127859604
8.173129092932525
-1.5883933554139567
7.346108550030579
4.225589514977126
8.739923794226979
8.195549063074232
8.896766266399336
6.5892134818348085
9.099315866922575
5.3902535981909265
6.419348715904198
10.651010974182261
9.674671241275153
11.548167231394169
9.258746983494106
8.75931868346838
-0.4037248074216827
7.804903514341081
11.567060215569317
12.753202829666943
8.432377905593055
8.964725419773979
4.271407919964294
6.806460604587569
11.93078055135489
8.330552667590545
9.828754686766263
21.312107627839044
13.739639705809958
14.718852733904397
17.124736824498246
11.000411354421516
3.1103088528441356
5.002302527947335
6.195370072322476
2.8245459915102575
8.813231417089838
7.8458731787870235
11.342985801782072
7.90211240721178
5.248445097506032
7.989513362165229
12.41830844719619
8.58420381167969
4.13316465604112
8.041637565619915
9.392786916011525
14.005760685191667
7.916114668818869
13.026512472157817
21.435998365848594
8.985008047967774
10.950073000352045
9.074443591957074
20.146558719983137
6.995854772489057
6.3543617405992805
4.335485866497324
3.6840995730758586
2.0853214605030637
9.0557854232277
5.332066914069533
3.8689896335867693
4.5084353282711165
11.767920896943545
3.6269753272502228
4.117101313284063
3.924535231586616
7.546507783029841
6.320976233410842
0.3955479079618328
3.5984400231769866
22.993645819769625
4.171940849990782
4.9091909163513305
4.6155253581165745
13.207246161148733
3.3043694381700837
19.236799311608905
14.416267044868983
14.108860493363999
6.672835832966405
6.558984266189082
10.690306090273594
2.8205992782846367
8.67274470114555
6.383487808756478
9.975586200999025
0.7719096482018883
8.219498248740162
15.70415355596651
5.970636046146166
16.79373604235568
13.367205525958324
14.318312200636552
9.812191470424258
11.906818356356501
13.833846206495695
10.31599477541597
15.59032704939994
11.447194273507204
3.4784301932522537
11.42941605691161
6.113430020258113
2.6021540019824414
4.430878003509264
8.149219728754728
5.363236857964493
10.38226547379015
16.691253197758297
13.206597434065337
0.42780505269679625
7.185772772203258
7.657570443362198
10.455658581823977
-1.2970665453923775
-2.95991434302825
18.984854224921957
-0.6845927554147282
-0.13358636150632108
9.37675062021159
10.120484705507867
12.015055126277518
8.231379196852783
12.498178704238214
11.583198173934267
4.808068275075541
14.312635509128732
14.557296046721863
9.233280077418502
11.9575239593535
19.56016776933552
7.69165484779856
14.268895381789944
5.611789792328033
15.652367124750086
11.798550365880331
10.350870456159944
7.9344078558495355
22.229704521755153
6.36738979763365
16.8443852223257
6.6871000882954785
1.295013432882018
5.753442700539553
21.630653327678033
6.557209648709338
8.25300722642745
5.7227124590457645
-0.714148312208215
1.5053709293058277
15.647142158607453
10.001341283644292
7.942434441725577
9.491634786713913
6.181254450063177
17.639558740235262
8.923961988299927
18.66479541447812
5.313043258606571
0.7787751577013653
9.393762665754785
3.7287967918737
15.370773803179556
7.969384154235008
7.374555786522198
10.559192847236192
13.855620328605617
18.613705442249845
20.31616243503764
13.088346828838949
21.43368310856409
12.269380134189129
10.875369199530077
17.84298972163453
12.660269882366066
9.629605426352626
7.683650466529193
6.865289875105938
20.4487275346494
18.104503870069983
11.653526844705798
9.717325394249215
15.068394831885488
12.952851488437792
14.374001367073367
10.310652927704693
16.96903289872236
13.236593269719155
6.004078071551538
11.956680724494186
22.25327440360668
10.814415178447222
18.040090943157228
9.02270911456124
8.467391126894215
8.755669231820749
16.74629914690408
3.9306053751954075
5.714663150791868
5.400974795388984
10.277428990969746
9.67453742385657
11.053208407375465
10.49665322095911
15.122053395621002
7.893594364179439
9.737969685078149
1.5032972131166598
9.830391047262005
10.610439262737195
14.205679102270691
11.610404655986624
11.718138193796348
8.683809227347478
11.530079354637184
9.63402413026574
6.747260592037861
1.8676355396379691
17.48711939111132
14.01643551162796
9.685135744046159
11.050807113334818
7.401417876164492
5.614621217631847
9.57063414979088
12.943699156481726
16.280148985614716
5.764387153260597
10.792388695164345
9.050656570222985
5.347057223436688
16.634544913083754
3.9657130559142666
7.665480473483606
2.1015427279087944
13.274382654227107
12.891668897423886
5.118577787251859
7.689896287868669
6.913196930199909
9.638901360316716
0.8921282614643201
12.27588413318354
5.6468088155104725
19.097807793720847
1.8000328903234277
7.532647074958857
-8.168674355226514
1.256574060600569
-0.19138264870286908
3.8624571745666896
26.216674593386358
16.616156061205075
20.497459096755247
17.91431656089944
13.28256453731077
14.37837870785293
23.232525752306067
14.733351887776136
15.33810154878681
12.441703169980213
15.750771500412842
13.00710782255515
8.777920114790595
9.819097862117735
29.52827597877765
13.778550378610518
8.799330899067995
11.564032634871992
-9.990313677436053
8.288455914685086
8.273608876669718
7.852628554281184
7.0827307539949365
9.019406664638419
6.606714321220427
18.465351568267327
11.75515297355943
16.36770109099527
8.880969701674815
7.133483992373237
10.554221563394467
6.791942542836908
8.137128063799759
5.29752699796925
5.498468630117135
9.875440966845721
4.613839872567548
10.43460520324149
4.128424244457203
10.146900942284525
6.868479943837476
10.099353913588853
11.378525231504128
6.852080164455442
3.2084648889990857
6.888992173574906
28.412161279456313
2.880527878530422
7.883019682959844
8.237796913544644
19.438594338568414
10.496019432585614
4.465936952339376
5.8163840482297084
5.09957558797295
20.824904785416923
9.166872734539577
11.420464533876167
13.619724302013697
16.5905442851973
1.7008401376106241
14.288375758390357
9.08528693933492
14.132055437903363
1.5407840866191531
16.359610611152835
13.333067060569343
9.79874670197243
7.108631573864579
28.659986639235743
5.417050454380522
12.353678258817657
0.07030253441935497
14.340295749799262
9.842702435329574
7.332462844606896
9.427490686366744
8.111075876204605
11.561258313782494
2.566631588843208
8.140107531763014
8.35971268955724
1.9291253248969609
4.266399284295058
9.080940456501182
6.458567381200012
4.671474084636838
4.182292691781781
16.528465432548256
10.157421990821483
22.245214390738752
3.552515910352077
8.904763935666018
6.9159988389062
2.802985108731447
6.892623494920801
8.423669186702941
8.90862697502397
6.1221432048671245
5.935063600447274
5.409418870123938
10.064007307154656
3.70745954520577
6.630652811324216
7.434194045969349
9.965293283387172
5.719566058043666
10.358292204322531
4.759109954909883
12.02141425138748
5.14222830839466
7.045375572573815
7.11560749237409
5.646266771460283
9.843172524090205
3.3901174538346335
6.295031010234855
7.784332655011247
5.266743609730445
5.213401056354645
9.129918955030115
1.437024610418859
-1.8455493332936346
21.40777532749843
5.217489252464769
9.324179071130029
3.443997709046942
6.420107498263219
10.322815554359668
14.239638451760522
6.7284056044971985
9.107779412692537
0.16336866547797607
10.24084645555855
3.663333153532482
3.062770465488326
1.3057018681011268
5.342250903346685
2.8625103548878275
8.584886903950832
4.707761237636028
6.715925286934408
11.167117457926741
12.907058582929091
14.07994740681449
23.914941222201215
15.54230220164171
11.824259558785643
3.865607798227198
15.998416396919566
6.602077597752289
6.074205826531476
17.716792490112468
4.360850152429595
-10.409160082035992
14.693490456332572
7.385596751912703
3.4975590422619387
3.386316328461202
8.802135797696305
3.598737683715157
8.901823686321157
3.6023254204456707
5.896869093468407
7.822055508077368
13.544151431388567
18.55621006425052
1.7766825426740689
12.348912729840347
16.48682605868707
10.077370189916463
6.5359955916021875
9.212494003553749
5.347106652059165
3.0839743304886094
4.4518302645708205
9.625901368273876
8.74609424206691
17.568654220389583
2.699825541618139
6.925604877390378
7.489089713141153
6.570584841838449
-0.6261295574306163
7.572801128865842
3.556324735078973
15.287643398599313
14.748779243746803
15.267633619612397
3.7153335712927147
11.01149958440483
5.013032805768695
4.632795149225157
12.305407916147695
10.930589460886983
8.53744953188854
7.191688162990686
10.713411931532415
12.451736794921693
6.570010166518856
8.078751666874322
10.548112734693031
29.178215588331206
16.836595943998077
2.918968809628693
5.29262469236856
13.26387630568791
8.52509341237602
15.264946936928006
5.523486665015716
0.23519995551376383
13.335372013740614
8.591533238465221
11.592337574851424
8.519076068031227
16.186169604388517
1.3586739701221215
5.781300744040852
9.954514209809044
1.9576540456762337
9.638591635137628
9.30031012814917
1.9884289839624303
6.005354080438935
-20.137581229020384
7.882185311686791
7.927601243955279
18.850127784134664
11.980896352716442
9.9497504976155
10.483888107536263
8.443639598997873
7.566478779967389
21.316525126345933
8.784989259893857
13.551549435053468
9.514194345784851
10.872569970382767
-1.1137263129642754
18.516023278406855
12.950976979528297
16.363831587985604
12.342932051941922
10.84065833980652
3.421257206698179
21.64353506407811
10.817981010177215
13.20040606472774
15.520997330744555
16.9204383873286
5.846196001107916
5.2651710185610066
16.633529889734007
10.672902669601653
0.9163040519064971
6.489978209405034
7.686347363841186
8.328512832918554
7.464821072725007
8.372086693348184
12.753292575301035
5.608241086412158
7.637045866140483
9.054051391328585
4.275925822043611
6.457291105695771
8.344948835940896
6.341707042327525
6.525732425316534
8.155103574522853
11.98805459259987
11.064236136528256
9.253943695348909
8.759385125602025
9.729179554581286
7.833457551840328
8.550635898646863
7.144189290638456
9.657806635798869
7.836802399146186
10.292046887971356
10.730007167100629
8.561928365141336
8.227673931276021
8.302213871291901
8.611285832736346
10.28130995385299
7.151483435007862
10.58408035916847
5.052948857048962
6.058421739399928
-1.3774932510054063
7.537823164771481
21.31966522685345
5.353761419954344
7.056893369155267
10.220262642491695
9.797290581901578
12.941766948903755
10.091828728428425
13.4698274214103
14.414697881788502
7.795155968549724
6.089296346121983
2.3475071812063946
10.732217055029151
8.939283066568914
7.40216802570006
-0.235520285107655
8.969032338206837
0.604495094449827
5.70748670713238
7.86105219357389
9.592124909389494
13.127874962875547
11.612686106501602
22.546053395326986
15.491259409448979
8.909836252393044
7.5621325308618745
10.511535645588568
3.966058379685947
10.152428119840966
-2.647777164093337
4.5044812838685
9.158905930924645
11.541717204913848
7.041650180983133
11.99049450452568
-0.44478831156767845
24.797879235566253
8.575698922250334
2.254562109301111
10.846109858026356
4.7938494078327745
9.11169498422217
7.992079478556122
7.5316647504096546
5.60938660652494
4.979938246083512
22.629785049344527
0.9781732018226635
6.150246710059021
8.03194400408569
4.173146169307502
10.926850783434801
5.586791708391018
8.359493256432195
4.461763138775213
5.872370493649104
2.624672176662735
-2.0825228413224575
9.581539397360965
8.553074332490102
16.590263406046844
9.524032309761914
7.56056904976276
1.802103581491958
6.532633180973019
12.197404868158628
10.20591929170101
11.878886159924475
22.73690211331551
1.2472501028401421
7.730982933194995
-0.38238847573843016
16.8295924010188
7.986458369952858
6.852014172224702
8.66372226621499
10.515693847534703
9.167463276385648
12.181739963035872
0.6731135691142013
7.489449049722788
15.559121219709501
10.290138492249124
7.343020915680903
11.663247298691333
18.951119039568155
17.280124033876874
13.854799464613771
16.145153024204948
16.298998488151476
6.0797876308838115
12.810681581728078
17.02621019465699
5.98196523073638
9.437835154926969
17.782321998646196
19.99728829022022
8.763328832163563
8.426022016660504
6.154542664393904
8.501923610695378
10.209461909136387
5.057904255146862
11.513899131215064
13.67748675662696
24.412113298518193
5.277084510482937
2.872708097404463
0.285291607261456
20.454316195288477
26.489009507558976
12.250886858626503
16.58702209825657
9.329157148179798
16.5887939803199
1.861040246283711
7.819097910688769
5.862174316374193
10.93089508372892
11.050838470910318
9.981898972887652
17.98464452381784
12.979983333386354
8.57932808448951
10.71974212821237
9.913524936269624
10.297284887525315
9.434284921082329
5.087401856879079
12.670872237416924
10.507524384700503
11.782129865630296
10.659138178499074
12.015521293259773
18.839224339323877
6.678306332363366
9.280871186141232
11.36821421338947
20.102301159577625
15.481891198751281
13.039802915819967
20.669541254410248
19.101654801054934
12.935890833608871
10.452610885247609
8.120990587919023
11.553628477854621
10.091104465551341
11.04254929247639
9.018213348243444
10.796846555639833
11.115732505859365
14.596389651198239
18.75807603205251
7.799250087419548
13.300061695679613
19.560305306234458
3.970210492819517
16.415079048511785
23.04110078843066
14.251958418427094
8.962264365733876
14.836486610687173
9.90411259734726
14.562728468055033
-0.841527703843162
15.295581760445705
15.627984027099073
9.728034708969142
11.429462401337773
11.912093566719577
9.66855801378914
25.441702244369868
20.274320944772242
13.854471751776114
15.346635534445168
12.28704148809584
1.7732547156364074
1.9247746737086215
11.62102562911892
15.381365524299849
6.044492578356248
10.512050168505965
12.955677719322278
18.879003303643806
13.399331535201657
12.591121986947762
-6.762040023225667
3.7411983140091154
3.032760740386192
2.7315794310910575
4.260621347574684
6.8644158722729856
14.129196998330777
3.8705488484984127
8.06151723518536
7.046654490952102
13.71333908868693
8.635417223312967
2.2752524906862415
6.183236696379566
7.497003362358068
5.302548469095038
3.950212299124151
2.775277231652632
10.243592195923902
7.69978169569681
5.1209738346796945
9.340595817485378
7.279048375327651
1.2257438150722884
21.72096448619057
2.796529485065713
15.584661983752754
10.767135679711231
8.219958265310957
4.71069061579752
2.8419836143816886
1.7032293128361675
6.798643638747781
4.781030622682304
7.500158009449316
7.089226238928463
6.390719445918617
6.864957078206538
8.363034582060056
3.9155700862844314
4.937179670484774
20.433721597585965
14.255573361841213
14.315108559848438
4.458549726866971
3.6516411123031034
8.859403035796062
12.4184256867055
7.365928069010971
10.643077021846443
7.2468056830490095
5.0967219471647915
11.992048741449125
12.465837301868172
10.496870365493093
3.748564799205676
8.079401542825025
9.190462021647502
11.927759945377842
10.556575389812377
21.88259581296039
6.538679754165494
19.46909831793052
14.95492427163043
13.75655498086229
16.545012714175215
15.596908365886165
11.048140687007177
12.279276964516734
11.187547446558673
7.306160712746374
15.95061047292658
7.024589376154825
12.321572460106319
4.636395794160596
-2.371064860961904
7.962153493994744
5.852536690487335
6.306057443286087
5.162270211034673
33.258955216300855
21.709451266312733
18.250597228875737
18.950074193671206
13.308421868920991
28.79283366112768
47.76242479693841
22.31110129546633
10.406009109946694
22.051212066461254
16.503996710525353
5.809105425154614
36.10231649931203
19.737774295913614
15.94568618351803
13.015325706726665
27.354089020619902
17.112108103730037
21.395528845079472
20.037621625717595
12.314865976220725
22.836435684910224
18.979177624890234
13.272892977683506
16.05110719833042
30.2434822831653
20.222437163985525
22.973328155665325
9.810354574047553
7.008822160680285
22.941305647388326
36.86474590296718
31.0241549961544
18.603992607979325
14.883926186648843
13.952312864810247
8.46310152554855
14.807112770207958
28.076733122193907
21.734595718429315
13.736485173811566
5.826396818604728
2.3587493060239275
15.245916206769133
12.499846412750925
17.274656939187203
5.768720852226584
10.573941057801058
5.762433967875145
8.689042024118315
23.643919199182857
25.90368622129651
28.041231960773306
28.504595692260864
24.715560964638016
17.380729651173333
23.501049917947306
26.290603444796524
7.568241133878168
7.211069609511592
14.373106003595545
10.71470983542332
43.48845905609994
14.57989106052518
24.662222227197436
6.16625612944845
9.759325971398114
10.364613527755937
11.954239259883611
5.5060505161647635
7.001147588596435
7.14487749748367
9.859715284781894
9.200789848038918
10.691169720231542
-2.2719729159185964
7.388876444715495
3.932784789846641
5.376609301160897
9.138502005912853
-0.06552258646153997
22.001899381084122
11.576366984264137
6.925043333548752
4.606369808813964
9.342824139988856
10.318656627295962
11.60095916167743
8.611875578989926
8.799262790046033
12.321908704965672
2.1866189101649134
0.5827713745002401
5.913507687957745
9.588330069746497
5.234531790366138
8.096522415146381
8.009245076691078
21.12936718207397
7.312859577748587
10.18869345647069
19.2607007760745
4.488062576548209
6.202949406208848
12.086174752344673
6.816032675554533
5.507763691919004
19.040754215310287
11.495753848524991
8.067169491169317
12.737067158175295
13.824191708774809
11.039567289619708
11.884865182877432
10.244320053917841
12.272846629986864
10.893738197450446
12.238820941740883
11.91923921397892
4.386991713057305
5.459200376461391
12.947649968485287
11.125861860814268
-0.19622412193719962
10.149632882592549
8.831507907528017
11.002508782752713
12.630312690994533
2.630171433592935
12.800761946205956
19.038357553178294
10.528198984535994
13.525637182447614
6.509760007398553
7.294688783253706
8.42267098704404
4.358496184875191
7.954179167940297
14.257386705320599
7.1435331656015055
8.194836490282642
21.22290167019065
18.69139609962781
16.792720715262497
5.357713522943597
7.970363605305726
9.733918970120783
-0.46077580692185216
7.859846327641735
1.9282513914824027
5.050484143456552
4.094407426395271
8.461115494961334
6.7756420203296726
15.602090765128512
4.3522309606512275
16.265516751520373
6.5818318130717115
17.022331490853773
-0.22928490294717713
5.972074233566481
0.595163855392066
-0.898974996861754
12.24492723182404
9.621573016842383
8.069395619913214
7.5638468304673925
8.367536603875301
18.43434486653288
0.9983680370112963
4.760439453486605
3.941578918107945
8.879640399581268
8.586656547324651
3.4595403917864416
7.37343376430892
1.0619339286935912
7.585509307497633
7.2041549550870805
6.053637159794017
18.17239354741326
13.898089215451092
13.749239909601332
7.187846972236352
11.742923634760812
-2.6460127630977044
16.926248568667983
10.813636492279565
11.082200777278288
11.16696474720694
10.21377788882095
7.286082722632218
17.20066699047101
12.123423079371044
19.97703203435726
15.496907083851589
10.945345433023263
24.11940080702828
13.975552192883827
20.33371799589958
19.942859444245478
25.273069668917554
17.304110638556068
16.889533253837687
16.023403342802947
20.47781988029116
11.628994472969866
18.06231526558734
-1.3725931320710063
15.822953760467206
10.374303176366123
13.140662756318413
10.60458583865418
8.890487966451058
8.184785607091868
-0.6941132961089059
2.462673442603105
8.90721822192634
9.925237785549704
5.662898504432847
23.259965161699093
8.623287932499908
17.31117212995848
10.060418991231117
1.6402492683133651
6.142325571126878
14.409505576106252
4.044147168146214
11.84438308644657
6.561071445175806
10.900712272698446
8.18970612831705
9.427863117118335
8.088612033673485
6.806348999543214
13.065248109394798
9.657010587411136
6.129033327761253
9.123570382096064
6.833897028121884
7.355846528361094
7.956250486130025
8.700538234683563
9.982188946651366
0.09861953457860125
10.414478069804613
11.113215680248066
6.557877493492032
8.518370957441503
7.040429972008887
10.328864594100253
4.174801996392986
14.339956453925604
11.028476475984995
11.497933160251412
5.467500444568308
11.657137985475995
5.300791496631323
9.844267098973775
4.541905836373539
10.663320174890936
10.213913324961386
6.294544294869103
7.789310157555778
9.148104503674695
10.18505705408252
2.314595712900427
11.03129336106056
5.364453817910183
9.104807002019065
7.0780694949401655
10.760049294111662
7.278028222166195
9.005689492883374
7.401535114015829
7.045170398359575
9.294941275590476
7.809206120419622
12.291134392176586
7.739378102091173
1.277686118871948
0.18029684288621284
18.157735829986578
14.580555288042621
4.196922397340371
8.995207543613073
11.24216847724579
5.471306922825311
6.562272136191159
9.675603650322387
8.56803572534298
8.238734641701841
11.427379387736663
10.949691336506245
9.18099342182752
10.620262642200757
8.735383431532204
8.304454470836559
9.637461428389734
11.093891164409854
10.247322791892366
9.279201034201444
8.870754748289007
7.927964980680889
8.619147690856867
9.535379612062727
8.820846232704902
8.61632947217025
6.466603944084345
13.230894313561716
3.3061035714799107
9.330560745849898
10.2428501975454
11.91541505502444
13.566441284524707
8.928816689499069
22.548208410175846
11.814436587500508
7.854657708767321
3.146534695522514
6.618093389102303
18.48321350072041
10.36956738574969
8.790349208377727
7.549868995977605
2.6439230866178356
4.682301629899312
2.5951127294841747
7.84174448068432
17.301564696365723
6.268634955022259
6.67456615746119
13.551997387214904
10.645951975633196
20.981882065209398
8.709580676914943
8.62917001046259
8.829358865522053
10.309236335195049
13.32999891315755
13.33122966472651
7.18729682470948
16.79867291647816
10.022845869494807
10.752918627414727
10.100315163508206
11.333261824424671
11.937352269280888
12.273891299567968
5.255867452191516
9.300724986396018
5.515615422194821
4.239565669058398
12.38502510065123
11.921418975892061
10.433579482754643
10.829456929242522
12.877479226164404
10.579879455067495
10.702292605538123
8.360551271621746
9.893530565648865
8.950073601715363
9.175686649387755
12.242488383209327
16.4166036965335
17.94152502295703
13.251079192843829
16.56089873730771
20.943152818088038
11.547299286785007
15.615093213227288
10.481313089106756
14.677798921122125
15.025045254132625
8.622753944382382
8.708916494512565
10.996439034807885
6.04481833242974
12.568253213958421
4.439990637054859
6.009556407681829
11.329732624921007
0.29165061763159733
3.525969239839868
15.570293569191785
20.95215113752918
8.65477973823824
4.813459805195707
13.587975951227042
2.144693983654806
-4.206532738546427
2.013137633638136
-2.2668075338859697
10.930065895455286
21.13086066116779
4.014599838887133
7.736359523378018
8.503448865595237
3.5281071584212387
2.6575461621323293
5.253984618637077
11.473720366859009
9.569066337989728
20.550361362165717
9.54125466947373
10.559983013546091
15.494883269866127
17.876972593589226
11.782042756011458
11.063144066628123
12.03927807618923
18.94319715367785
4.380146722267756
11.1845870373954
6.527947578401351
1.7153466016571244
14.322796910294798
18.627963868194193
15.063446017745228
6.129044550526577
10.115873938206116
10.60095697153259
15.669869813151577
8.697276130840075
14.361771195791254
10.383741431457308
19.908243058463277
11.916636490804882
1.997092996229816
15.451145306856933
3.969197700380959
7.879499835680782
15.42091281710532
11.891835706757789
9.997141206135218
4.957818001075264
6.675251777074591
2.766717384905607
8.961320355427631
11.93931959768301
3.2512201544914223
3.879461274300842
1.7805239706102431
6.082301735117239
10.193655176908196
11.752567786097108
-5.524430785441788
14.472826283301483
4.568508553411733
7.168329644320325
13.036432099903886
12.028090715981103
4.593055465636481
-2.2255178924860473
5.182640222028682
8.985813337850367
4.526430582600349
10.681783113161936
13.081336837130358
1.830753059739601
9.110471346696224
11.382561326602108
4.7282062855632025
4.478804258069363
-0.5112974527022209
10.470662226757788
13.190218551917166
21.233575651928216
14.33977814368839
5.579059919879538
13.021866567844887
19.284683914918265
7.014611991991938
5.551244520644137
21.1764256956763
7.353426422133927
16.141686718912773
12.028908055496492
6.0160148824130015
-13.166509485373476
11.856897787146625
10.28411754876377
16.14718347416649
13.969041956820961
15.70382956752857
16.24029754553507
5.479545067638682
0.7873960778699537
12.660282524389839
18.46542923530225
-6.231379028417519
12.841246318598266
11.873674200296458
5.381144580226576
6.621096453923505
2.3229817737800103
8.641062909738098
4.527058494977862
16.5097647831567
10.142285824418455
4.744180648814812
7.663307895661698
10.900799887149168
6.0664641804813275
11.96728271928653
4.736957906785622
13.59040361471689
11.068865275060698
16.07181228646749
8.135415215618181
3.1700287081816083
8.627320366571341
8.722264884113915
6.160942952222366
6.810176024081933
21.181623859493772
6.544556535843274
6.030425615609113
2.277548247717231
9.016131615438269
2.265876124361654
5.526070666190689
5.681738295056709
0.6529418559930087
9.518494583983916
6.102482335115335
5.122591787122436
2.8094839768108
4.57650049630124
7.382538414836397
10.412074782640975
21.67517524139256
17.82771631304437
28.256710143225213
10.808848421855515
20.529032491356617
11.711695630702167
25.456357177733597
