2.432
2.7627737226277373
2.4031413612565444
2.16
2.4145077720207255
2.9114583333333335
2.688976377952756
3.9207920792079207
2.2831050228310503
2.9185185185185185
2.757142857142857
2.3879310344827585
2.5649717514124295
3.018018018018018
2.729559748427673
2.5141509433962264
3.303921568627451
3.0
2.701492537313433
2.5121951219512195
2.3838862559241707
2.6511627906976742
2.361111111111111
2.5649717514124295
2.4782608695652173
3.05
2.875
2.238095238095238
3.9207920792079207
2.48
2.823529411764706
2.6644444444444444
2.292682926829268
2.4086021505376345
2.5317073170731708
2.4325396825396823
2.1561181434599157
2.311627906976744
2.574074074074074
2.6559139784946235
2.0476190476190474
2.823529411764706
2.432258064516129
1.988235294117647
1.9375
3.9207920792079207
2.533613445378151
2.3879310344827585
3.212121212121212
2.729559748427673
2.9510489510489513
2.475113122171946
2.875
2.6315789473684212
3.4
3.180327868852459
3.9207920792079207
2.357142857142857
3.021276595744681
2.442786069651741
2.675324675324675
3.188888888888889
2.6094890510948905
2.442786069651741
2.8129496402877696
2.5093167701863353
2.2474747474747474
3.180327868852459
2.158385093167702
2.2291666666666665
2.081818181818182
2.8238993710691824
3.605839416058394
2.017857142857143
2.533613445378151
3.1052631578947367
3.329113924050633
2.607142857142857
2.6624472573839664
2.3173803526448364
3.0
3.0833333333333335
1.875
2.567099567099567
2.6547619047619047
2.5141509433962264
2.3838862559241707
3.1666666666666665
2.457777777777778
2.299595141700405
2.8129496402877696
4.161290322580645
2.6094890510948905
2.838709677419355
3.026315789473684
3.3174603174603177
2.1804123711340204
2.40234375
2.1804123711340204
2.3879310344827585
2.0491329479768785
2.158385093167702
2.4761904761904763
2.7041666666666666
2.6644444444444444
2.7547169811320753
2.6094890510948905
2.759259259259259
2.76
2.5211267605633805
2.3879310344827585
2.3
2.199170124481328
4.2
2.245508982035928
3.2794117647058822
2.2560975609756095
2.2777777777777777
1.9782608695652173
2.432258064516129
2.4301470588235294
2.2383838383838386
2.8
2.4031413612565444
2.6511627906976742
3.3813559322033897
2.0476190476190474
2.398230088495575
2.141955835962145
2.432258064516129
2.6644444444444444
2.2383838383838386
2.3333333333333335
2.76271186440678
2.1804123711340204
2.1666666666666665
2.9185185185185185
2.5807860262008733
4.436842105263158
2.654275092936803
2.4267241379310347
2.48
2.432258064516129
2.463768115942029
1.9522673031026252
2.1737089201877935
2.2383838383838386
1.7849462365591398
2.2383838383838386
2.76271186440678
3.581818181818182
3.9207920792079207
2.8449612403100777
2.2458100558659218
2.986111111111111
3.6482758620689655
2.3315068493150686
2.128755364806867
2.442786069651741
3.188888888888889
2.6547619047619047
2.654275092936803
1.9029535864978904
2.1846153846153844
2.9114583333333335
2.3173803526448364
2.700854700854701
2.0390625
4.421052631578948
2.9185185185185185
2.1082474226804124
2.7804878048780486
1.894736842105263
2.536082474226804
2.3244444444444445
2.453061224489796
2.2383838383838386
2.1561181434599157
2.4267241379310347
3.1884057971014492
4.53125
4.557894736842106
2.574074074074074
2.4301470588235294
2.3504273504273505
2.2720848056537104
1.96875
2.141955835962145
2.2
2.1227272727272726
2.5807860262008733
2.536082474226804
2.5764705882352943
2.6315789473684212
2.3754266211604094
2.4761904761904763
2.3846153846153846
2.536082474226804
3.374285714285714
4.085106382978723
3.25
2.4145077720207255
2.404320987654321
2.675324675324675
2.84375
2.2831050228310503
3.226950354609929
2.533613445378151
2.878787878787879
2.1875
1.96875
2.4301470588235294
3.8421052631578947
2.475113122171946
2.730769230769231
2.5223880597014925
2.209039548022599
2.488
2.387218045112782
3.176271186440678
3.1666666666666665
3.176271186440678
3.066666666666667
2.6315789473684212
2.6624472573839664
2.453061224489796
2.432258064516129
3.320474777448071
2.1653225806451615
2.1227272727272726
2.1561181434599157
2.1737089201877935
2.398230088495575
3.0180722891566263
3.2857142857142856
3.026315789473684
2.238095238095238
3.0
3.8151260504201683
1.8333333333333333
2.4166666666666665
3.320474777448071
2.3
4.613970588235294
3.6533333333333333
2.442857142857143
2.6644444444444444
3.032258064516129
2.7804878048780486
2.01980198019802
2.994871794871795
2.5317073170731708
2.6538461538461537
2.141955835962145
2.40234375
2.654275092936803
2.1653225806451615
2.9182156133828996
2.675324675324675
3.604651162790698
4.405405405405405
1.989795918367347
2.3
7.230769230769231
3.1666666666666665
3.180327868852459
2.8685714285714288
3.066666666666667
2.299595141700405
3.310344827586207
2.69281045751634
2.141955835962145
2.73972602739726
2.432
2.8
2.3173803526448364
2.3254437869822486
2.3270440251572326
1.9522673031026252
2.3508771929824563
2.311627906976744
2.2298850574712645
1.9029535864978904
2.3244444444444445
2.567099567099567
2.3838862559241707
2.3055555555555554
2.546448087431694
1.9375
2.1779141104294477
2.557017543859649
2.361111111111111
3.15625
2.5807860262008733
2.3763440860215055
2.28
2.154639175257732
2.8300653594771243
2.0491329479768785
3.3813559322033897
2.533613445378151
2.3173803526448364
3.25
2.9
2.58984375
2.2216216216216216
2.9185185185185185
2.6559139784946235
3.273224043715847
2.1082474226804124
2.700854700854701
2.675324675324675
3.4505494505494507
2.8421052631578947
2.8129496402877696
2.7677902621722845
3.0892857142857144
2.342857142857143
2.6228070175438596
2.5223880597014925
1.989795918367347
2.1653225806451615
2.5093167701863353
3.14375
2.5764705882352943
2.5877862595419847
2.5764705882352943
2.1653225806451615
2.2291666666666665
2.299595141700405
2.7041666666666666
2.701492537313433
3.605839416058394
2.4390243902439024
2.361111111111111
2.2442396313364057
2.3555555555555556
2.1161616161616164
3.443243243243243
3.271604938271605
2.2127659574468086
2.0476190476190474
2.6644444444444444
2.432
2.1161616161616164
2.5596330275229358
2.76271186440678
2.4325396825396823
2.4031413612565444
2.1041666666666665
2.4066390041493775
2.661290322580645
4.0
2.466666666666667
2.2278481012658227
2.195530726256983
2.1586206896551725
2.9185185185185185
2.700854700854701
2.475113122171946
3.3076923076923075
1.9522673031026252
2.546448087431694
2.7130434782608694
1.9375
2.185336048879837
2.1965811965811968
2.8449612403100777
2.2127659574468086
2.5223880597014925
2.3
1.9550561797752808
2.017857142857143
2.72
1.9268292682926829
2.0476190476190474
1.9923664122137406
3.310344827586207
1.9029535864978904
2.9182156133828996
2.4031413612565444
2.6559139784946235
2.442786069651741
2.3173803526448364
2.6944444444444446
3.4246575342465753
3.6533333333333333
1.9591836734693877
2.4615384615384617
2.3055555555555554
2.2127659574468086
1.9583333333333333
2.8685714285714288
2.3173803526448364
1.9208333333333334
1.8973214285714286
2.4833333333333334
2.1666666666666665
2.7677902621722845
4.382550335570469
2.4301470588235294
2.9185185185185185
2.6624472573839664
2.2560975609756095
2.442786069651741
3.0
2.081818181818182
5.222222222222222
2.7586206896551726
2.574074074074074
2.0
2.0789473684210527
4.235955056179775
1.989795918367347
4.048780487804878
3.25
2.475113122171946
1.863905325443787
2.1913875598086126
2.5211267605633805
2.1653225806451615
2.3244444444444445
2.4833333333333334
2.557017543859649
1.9208333333333334
2.4145077720207255
2.328125
3.183673469387755
2.4086021505376345
2.2411764705882353
2.432258064516129
2.567099567099567
2.654275092936803
2.9185185185185185
2.3879310344827585
2.878787878787879
2.0476190476190474
2.252577319587629
3.192513368983957
2.9114583333333335
2.6742424242424243
2.1576763485477177
2.534313725490196
2.6644444444444444
2.453061224489796
2.3270440251572326
2.3592814371257487
2.5317073170731708
2.3541666666666665
2.252577319587629
2.4325396825396823
2.2278481012658227
2.2127659574468086
2.2545454545454544
2.387218045112782
2.457777777777778
2.4793650793650794
2.311627906976744
2.4145077720207255
3.8813559322033897
2.5
2.5405405405405403
2.729559748427673
2.404320987654321
2.7107843137254903
2.8
2.675324675324675
3.180327868852459
2.595419847328244
2.4793650793650794
2.7677902621722845
2.7041666666666666
3.4657534246575343
2.6644444444444444
3.323529411764706
2.0491329479768785
2.432258064516129
2.689655172413793
4.528301886792453
4.348484848484849
2.3541666666666665
3.180327868852459
2.9074074074074074
3.3118279569892475
2.209039548022599
2.953125
3.9
2.8129496402877696
3.2532894736842106
2.757142857142857
2.5877862595419847
2.2383838383838386
2.3838862559241707
3.974747474747475
2.609375
2.1653225806451615
2.9185185185185185
3.954198473282443
2.311627906976744
5.582417582417582
2.924137931034483
2.1737089201877935
2.574074074074074
3.25
2.7627737226277373
2.701492537313433
2.4325396825396823
2.2098039215686276
2.5093167701863353
2.2098039215686276
2.3208955223880596
2.5
3.273224043715847
2.357142857142857
2.2777777777777777
1.9428571428571428
2.1653225806451615
2.753846153846154
2.2367688022284122
2.154639175257732
2.76271186440678
2.128755364806867
3.018018018018018
2.76271186440678
2.9411764705882355
2.3254437869822486
2.404320987654321
2.432
2.793103448275862
2.1358024691358026
2.481818181818182
2.175
2.3055555555555554
2.7586206896551726
2.3541666666666665
2.546448087431694
2.2098039215686276
2.801980198019802
2.2367688022284122
2.01980198019802
2.5807860262008733
2.5596330275229358
3.212121212121212
4.555555555555555
3.018018018018018
2.5807860262008733
2.729559748427673
2.84375
3.2794117647058822
2.534313725490196
2.311627906976744
2.6644444444444444
4.2
3.210227272727273
2.4267241379310347
4.611111111111111
2.299595141700405
2.361111111111111
3.3174603174603177
3.323529411764706
3.317073170731707
1.885135135135135
2.3
2.730769230769231
2.199170124481328
2.6243654822335025
2.5317073170731708
2.357142857142857
2.3244444444444445
2.7981651376146788
3.974747474747475
3.2830188679245285
2.3541666666666665
2.299595141700405
3.1666666666666665
2.6315789473684212
3.7142857142857144
3.0
5.954022988505747
2.73972602739726
2.8449612403100777
2.311627906976744
2.8129496402877696
2.175
2.5223880597014925
2.475113122171946
2.6315789473684212
2.9393939393939394
2.3636363636363638
2.154639175257732
2.8
3.0833333333333335
2.58984375
2.994871794871795
2.793103448275862
1.9457831325301205
2.3173803526448364
2.5807860262008733
2.4615384615384617
2.457777777777778
4.026315789473684
2.675324675324675
2.7107843137254903
4.083333333333333
3.3448275862068964
4.12280701754386
2.5807860262008733
2.3055555555555554
2.1804123711340204
3.018018018018018
2.2216216216216216
3.476923076923077
2.536082474226804
3.5714285714285716
2.9767441860465116
2.6511627906976742
2.361111111111111
2.457777777777778
2.5606060606060606
2.533613445378151
3.6666666666666665
2.743119266055046
2.432
2.245508982035928
2.3
2.3244444444444445
2.2098039215686276
2.081818181818182
2.9261744966442955
4.528301886792453
2.5306122448979593
2.3254437869822486
2.878787878787879
2.2679425837320575
2.1913875598086126
2.8671875
2.19672131147541
2.595419847328244
2.6644444444444444
2.5596330275229358
2.2383838383838386
2.6315789473684212
2.6742424242424243
2.361111111111111
2.38
2.3763440860215055
2.457777777777778
2.536082474226804
2.7130434782608694
2.574074074074074
3.8222222222222224
2.252577319587629
2.2383838383838386
3.8
3.8565022421524664
3.3146067415730336
3.021276595744681
2.4145077720207255
3.602094240837696
2.8449612403100777
4.62015503875969
2.7130434782608694
1.989795918367347
2.2367688022284122
2.209039548022599
2.3
