4.166885373569118
6.017818250346576
5.550804989458374
4.9945487210253425
8.182941819504343
4.959295983241438
5.826304753717222
5.06498502179158
6.0937426221255535
5.001912983728279
5.713618670851229
5.8751509249267855
5.254552166060571
5.629930737105196
6.268965412649837
5.065111427857943
6.060815604671083
4.422413293971274
4.661452489753815
5.350243129630439
4.0082811212369975
5.238448300939499
6.39946010360508
5.618867581446797
4.758918402482984
4.126503561063326
4.294902452004929
5.5213370182313595
5.196863184572135
3.8605830040198943
4.172263501199058
6.107859455858125
5.875738522138192
5.3403944041227085
4.721381285954828
6.5375312558877265
5.117088718014449
4.377775105308933
4.477418502326215
5.338615478388677
4.694111049366927
4.952467365204699
3.508901370492839
5.977231039931327
5.627803976641116
-0.33774417861686556
5.507975031058401
4.840125492223947
4.696783254527386
4.796459954612863
5.555121707488347
4.366032716515146
5.130977496184044
3.5948229548148674
4.9130378916515145
5.708806699045724
6.190297189996022
6.113375568337516
4.580566643316024
5.3344229807626595
6.19125377332985
5.3849520338939385
5.063351188031756
5.105895404009424
4.512200604085323
5.091055326817175
6.484269375532811
6.102048275137053
5.141920754385277
4.8673824568661885
8.500181086017395
4.291421146966931
5.626404072667091
4.713167262736491
7.16596436806186
4.50507627153401
6.159804442212665
6.061220692946898
4.823965326418488
4.735473602984233
5.499819145398259
4.810406364222867
6.178947665599107
5.155934211333102
4.541460206776697
8.90401515055451
4.926564227845153
4.7254885619086755
5.630761114929753
4.519103496671272
5.057707968486067
5.657184984241429
4.455797199591867
4.3380174909586025
4.664246274954942
4.984777945997337
4.64850079218396
4.524717661106973
5.983287946521615
4.760079584018218
4.257954963656681
7.371632681225426
7.940233910259289
6.733641873335024
7.3935120245600325
5.465338131703856
4.2806088946057095
4.953751779319933
4.554121571071765
3.9913054864307513
5.465018795255444
5.43633526602488
6.628688408137108
6.253851918284129
6.406683667391573
5.508933706971399
4.788256075750546
4.645601967374196
5.095038312008106
4.423402363784831
5.303622026968254
5.189980336612648
4.95412538867092
5.324260209533697
6.752441829006637
5.33466570445872
4.382731310602667
5.29630817979293
6.786619542823585
5.151584215940494
5.030273532922894
5.031832778632518
5.1609130816515645
5.15645217424743
5.727535860999021
5.612399682439316
5.632196232035847
6.485543093345832
5.8137882646665915
4.05898946745237
4.775535627659092
4.038135631399171
6.78208453064709
4.977763074207574
5.3764150283363445
3.4156366346959595
4.435304065149298
4.772396470229378
5.0746249332322195
4.489481908676642
5.112011513332657
4.342917193102951
4.243733421840328
4.555863186260713
5.815415869185015
3.951510002602097
4.3211802143739675
3.912802163934833
5.70597870111834
5.212136175333184
6.179515816570106
4.558151703455868
4.107108554392773
5.981166240731982
3.95589751423833
5.359065055248967
4.729539642465173
4.737108921087644
5.610435985609449
5.411576929705937
4.325391422447809
4.699987858756193
5.1258402951395965
5.642667215758263
6.011346119833128
4.5718297462727815
5.10942086430058
3.9230295902871775
3.926501404899881
4.283923602829341
5.074455131620247
5.846583884368869
4.513065945147229
4.068893276542712
5.111780347961398
5.856277782355729
3.9723389315850848
4.420293424384919
4.19418733366387
5.775559322111189
5.924093515986275
5.362534617214665
4.562563725839087
5.6025533153175635
4.681812183010093
3.8730647397233904
6.255861395547358
4.760847224840339
4.968393267613296
3.610089975925767
4.458651390794527
5.773980241417172
5.064282354389815
4.418056437697971
5.090214506214992
3.5019271202190483
5.310254696581747
4.676804991893816
4.889892891583777
5.114579308171738
6.6601226736982335
5.157510888953153
3.7265378739948676
5.260019432415846
4.1457259305585605
6.6691083971878165
5.743995727710741
5.64160717966461
8.383754497585194
4.677698032845405
5.716198616431894
5.170215564576003
6.849784597389879
4.606985980982693
4.871561784593089
5.872649529867852
4.603161938868257
5.396811522018444
6.19532814244403
5.439729061998845
4.407873759558705
4.016157106954508
5.005713706206695
4.818649119119845
5.087566945227239
3.999435985333871
5.16045744025455
4.322525174445667
5.837506354561421
4.917734881195008
4.563576395940928
6.084511312851413
5.729564380113574
5.199450247540547
6.325572611333259
5.283910970039782
4.3426878479721225
4.52342525059375
4.7414563724776695
3.667790574626302
4.499650397789257
5.476035463388785
6.161688680500392
5.080473502329866
5.074053854585238
5.509726191877937
3.706002195520932
4.271944574424239
4.911917129248099
4.09292062744555
4.497834517723292
9.730965624225778
4.696376949253588
5.746450113235762
4.779218344927339
4.680061417978288
5.916680724142619
6.733285493976808
4.638839034108096
3.5917701670322946
4.899974583108576
5.359416870574844
5.099160660874917
5.155049730285473
4.511176493479167
5.179857603036005
5.2859041421910025
3.5707527026573707
4.264998801199653
4.72183123462432
3.8485912090843213
6.077678845744812
4.782812148679995
4.714896646348393
4.462448880342031
4.998836130017928
4.597093510224762
5.0776941908266675
4.021442624607964
4.334952549934905
6.415002238302998
5.584437330657289
4.595188926781917
5.028002719641247
4.4279382749094465
4.763150316544955
5.529739056401839
5.2328974862611215
3.8325408897876407
5.340095427095401
5.8587938652737
4.76903582528875
5.377999571556329
5.16590789865446
4.405207888290029
4.280725505421828
4.649306506063578
4.271767869731304
4.449489389573198
4.414619859919649
5.580940616879989
4.088284943008034
6.367127246751428
4.990095296270588
5.900991421460293
4.806072336755126
4.588753260985558
5.8513095391952135
4.835663952431312
4.658091516648289
3.832959329217778
5.62055864689017
5.465859611755997
5.703308757334318
6.589834758076944
4.304149375137243
5.172106234008332
3.7820029987241988
4.939659873095322
6.21021643425518
4.968010220137364
5.6457484634010875
6.013386673167301
5.492907029433746
4.471303317691821
3.8618170313274605
4.937254390510626
4.382142107797429
4.281155747594401
5.614182278014141
5.7698947805380545
5.77335199087275
4.23999762191943
5.362106937593414
5.903079852512947
4.349117364013326
5.282700563629848
7.010636938562783
3.6626501982166264
5.090463215599025
4.580280031043084
4.483280423076101
3.826769582848732
4.49687822729668
4.077413323162648
4.9053155176635155
3.8488914549496984
5.555735839578498
4.849969328842227
3.322402397219316
4.599219859198447
4.952370262748992
4.595029966518264
4.1147548809003025
5.085179423984251
4.727968688540846
4.29665984254738
4.809663416891167
4.723121698550744
4.293457004857688
4.522563555641159
4.862199143266154
4.890484995749254
4.574591378983775
6.771059036447075
5.105892802926503
4.87049504247188
5.8245770896126
4.665189508977224
6.347696853356222
5.010099372847069
4.212707606022927
6.793262367921985
4.517419488111983
4.8166821369912665
5.027840446606422
4.942749522120766
5.010460077014919
5.094856755132349
4.381943177717303
4.269272694314751
4.04218969056271
5.481112584279826
3.4355000495981827
3.880538627723481
7.339416891510014
3.899385712793504
4.240277433605191
5.318823938181062
4.304111302518705
2.995333714472327
3.672419277389186
5.20091775078665
5.887919357477324
4.130169745853838
4.605984273237199
5.081177448436634
4.1696344573549915
5.059921292573142
3.950909545704983
5.038607802152253
4.840071839046248
5.4016303591562975
5.853979984794036
4.68295573367865
4.941630323979798
6.128055429435568
7.075827110410389
4.896843995640939
4.845604780759381
4.357100926946798
4.789700702274838
6.93927461081817
5.79785830583777
6.069113975767721
5.763367025561212
5.132548256695783
5.191789007078413
5.421578593956013
4.611276378166352
4.146208095983759
4.1468095988903855
4.3784365662486
4.6772244796134474
4.698096668245072
4.251739815638709
4.184219515399969
4.32755806399901
4.641042060048238
3.596857330385587
4.454051995997205
4.544220357268428
4.2501208986942345
9.479366352816003
5.942804596758554
6.029098312400992
4.248739570410556
6.356120593811472
5.764013624201315
5.932037069484016
4.8861232868109035
5.766496656640626
6.328769504430729
5.176353049910984
4.358567586943258
3.944410206839567
6.461809416413624
4.343451386098919
5.340712086873461
4.704011405113901
5.573350451220881
4.767628677054794
5.346497610208608
5.421196669084237
5.185245095223757
4.614551479636089
5.583446823493488
4.622721913141359
5.104725664644295
4.070680342351364
5.431371875383631
3.6259450559603015
5.266679684651563
4.861005978804938
6.292369804819893
5.418838365680393
5.723709825331882
5.121709804124786
4.924267978435058
6.676836446020571
5.387481900071725
5.825147972681178
5.785108886957952
4.595658447339662
6.10810802057241
4.376199541992697
4.467604974268097
5.725440838402585
4.061221989524904
5.054771225152219
5.377624154523398
4.591328942979675
5.240664705798079
5.6261569423396
7.425369898839438
6.1409242187736615
4.499414971341882
4.910396579751669
5.1294774860217345
5.137069753851786
5.7484182322034325
5.239032458408836
4.274696952567315
5.226688355583469
4.714939609564347
5.158766960856988
4.307061902429335
5.095800992122818
4.198536450518882
4.791056263700457
4.843686880839754
5.626608108476899
4.924210884428504
3.9081838223228877
4.659529404291387
5.509909778874084
5.476344477729177
4.8551897686057295
4.359311095978876
4.968094119764517
4.797086912492221
5.686932334833786
5.170755876788149
4.680932961766677
3.4412085848854
4.129392221265126
5.974663300386471
4.6243128314413
5.197978521524832
6.323779992575814
4.848682454905765
4.716098444088653
5.135803362700027
2.9687330657899396
6.613096748867587
7.13264724581933
5.958811239530631
4.820653427479574
4.426118901371414
8.18398376829224
6.368076498072475
6.9864298103973015
5.279828446584074
4.833661640602071
4.836133542232247
4.880570546087265
6.165780857388617
4.713955161280465
5.1321235967131
4.961569522641238
4.17015494813784
5.476251176619304
5.0825092716633655
6.725559824525254
5.195040106589132
4.9637409461818836
4.2007437267719085
4.332157661837954
4.5391400460702
4.061575201454314
5.9599570051461175
4.997739397708959
4.994066524081953
6.177950306089858
5.006173248103554
4.157678884861314
6.317650625978023
4.401197659363443
3.175798309445633
6.683468208521072
6.340410128623075
5.11756249092026
4.3736584319761
4.636112369628039
4.461643691815881
4.280203851870278
5.521891717927541
5.797603160270683
4.922210719917846
4.582970780391177
6.251188317640432
6.197286961553008
3.5812112006486583
6.53888910638987
6.11128141859178
5.275724550898217
5.3002181264724495
4.055606556609848
5.567190721685932
4.960179530546402
5.199931912830741
5.323604337519064
4.799984580882714
4.648954914922873
4.3539945026820535
4.489053056048256
4.46151179991876
5.479104972284062
5.580189145168091
4.455654737709763
5.575426475777258
6.3807604120085255
4.053057682087671
4.54585034994985
4.690390885786721
5.104768210373444
5.144819481839092
7.284101574907588
4.176793225405904
4.802472994481331
6.342157442205702
3.7017605473483437
5.084970110007292
3.9862487422586934
4.184902128041969
6.040944390986574
5.391344125223066
4.768243037026668
5.946838155241394
4.076564161196378
5.273704615764653
4.201428680126359
3.9306202961204884
5.2361715718495425
13.954847533959262
4.461180205957625
5.911489120873241
4.895685040039908
3.943054324558724
4.832929532800788
5.8962707648597625
5.778847482421847
5.408968632201882
3.8266362050833918
5.025758827615144
4.812560879818361
5.822598693487688
5.284033093003844
7.42574211808859
4.186553163582262
5.233279835945597
4.448355662967979
5.5766644393496
6.070051456897916
6.095356215726414
5.7178775360094125
5.564216314157951
6.8464967617894565
4.945564435099556
5.092222487647989
3.8329157205551496
4.584288227078339
5.953953524269846
4.053942901828114
7.19184295026955
4.128624988372937
4.451680649231228
7.5945858830172135
5.061892876661428
6.347205882243571
4.157265678108956
4.249848092108617
4.60790111961866
6.272863670262834
4.5654057671362915
4.978406267996098
5.0020137079050375
4.339984006077028
4.873004841160253
4.794464226459691
5.688437372982445
5.021728315656015
5.675814471919353
4.290339642619713
5.510507473593554
5.834786736540648
5.2699370621634
-9.540759990650315
4.041139191049358
5.999649455472319
5.090500941263126
6.634732004921069
3.8025039753337775
6.188892685496798
5.656136430164052
4.394483317832779
3.4031050810517964
5.026515271533203
4.950126374809262
2.922522670319526
6.808096137796435
5.251781003886037
3.1499229679056153
5.096618032829168
5.253092133936529
5.529536310981788
4.633131155004298
4.837472035951051
7.34132696843154
6.6147261827058
7.782495395130839
6.013370026944716
4.6596554086593
5.622519002514126
5.298757566185998
5.730468052157379
5.655464213096462
5.363376036147184
5.089975501204143
4.5422090684730785
5.1126695637268655
6.660154528037138
5.180156125757807
6.166245966029751
6.666990457585395
3.1916617701778924
6.066868644762318
4.711346367985852
4.528258230288001
4.574679917746955
4.068483427781726
5.116446309652764
4.2955937062123875
5.71964762318555
4.993959492502447
5.142685258902784
5.3015451420774795
5.148607327320956
6.567454472364616
4.144024142944575
4.667750117042358
6.848057258224236
