8.344922838588742
7.330880062354105
6.720322448225011
6.017455553385115
8.247073423523206
8.475156747345004
8.6651452569032
6.15740229821643
9.855052647262387
4.748015427100186
5.630729746388474
4.2442480802997045
7.775967008846773
9.402472279949714
6.584644659480645
5.873379249564138
4.991828158121437
4.893213767514935
4.820114013851319
8.531853663061659
2.8801027675509663
8.549260811085729
6.124577638742707
7.575961031948072
5.742909998582989
2.553944512766587
5.034775645158337
8.634789458641146
6.723649075726439
6.73652418743956
5.0068855285481835
10.784047841171175
18.840217135409585
10.52173952007969
5.632529430026197
10.807621264037314
6.925673924309851
4.892748234352826
5.246842493566837
10.076538173551569
4.907295647769917
5.5887822757523455
8.008704953252305
13.980378367201741
5.929023672870049
18.855362838600467
10.04210393892584
5.699402572776974
3.7462753126905652
5.555244952456752
7.40579148470367
4.692835622041648
5.543606219162698
4.42701852332633
5.8614216162913015
5.913782458915755
8.523429479493167
13.488263695981852
7.989075208509706
6.9326306860917315
8.357429151342252
6.340934788694316
4.895075951916519
5.183011656207781
4.319657730319428
5.618298367815514
6.263820337186037
8.637994346681223
10.685229404836067
5.296848360408815
10.584245464554343
3.8063269874160914
6.499860460164283
5.2596072759874835
8.421568715727545
3.799744602239132
5.061406489612882
9.199229871558247
8.875579571852407
5.4205555311935285
14.07716027254484
6.208656370938704
6.162090150846629
4.646772122721941
5.437685210582565
20.271477690550665
7.260496236767122
3.583807447486099
5.336428130324632
6.16299964973241
6.9465884897831165
5.948997495322183
4.542262941080753
4.900285789326571
6.674938255570373
4.999553280825936
5.711246846746988
6.55173507633389
5.422334226188029
5.425969111628555
14.294037070451798
6.742655413461781
5.035971630271849
5.10164742834245
9.012437604446562
5.908468994335994
3.7819870450478494
6.05392710225172
9.060014667460598
2.813324631141283
7.546091521060257
7.1721980224582165
19.113536205418573
9.366199811279479
7.477846340382752
4.089778166968763
6.738182821774781
6.111937933131816
5.35248765508524
3.818690360266638
4.629921688849386
5.617035642028245
5.840059294385429
12.452501402563783
4.90668948512941
5.137149210907491
3.788607133346551
4.824477426784112
12.59365471265131
8.334532212095999
9.461565763234688
7.765404416120388
4.253923086828627
6.250691139793502
6.340584855843951
7.40364506323087
2.9410091717091382
8.069064784994895
6.117880544479436
5.021743602761727
10.019233853246
6.747851787108683
7.7172431630879625
5.169585795818009
5.730764982449008
3.306432316939756
8.015754130228265
5.559406853705764
4.5637973877174876
6.205751420553411
15.745029335243375
5.482561286057002
4.023814392313241
5.688084131266142
7.005525837443776
4.013797758603904
5.794335525255554
2.9779809070414203
7.311620550672735
5.825688731904161
8.112317973923265
4.64983861405846
12.44801674130752
5.102533345759914
3.659553173954156
5.361136730687559
4.3250225076241735
3.3878925192520324
5.0206176125357915
5.597076520237875
6.324925813302413
5.082808896720965
4.020753589497594
4.598093200494526
5.504596201220207
3.2578690196214772
10.499049399846921
6.577106926718191
4.27040857471477
4.3592083748381745
5.54544201611616
6.29269396882234
3.772495054892262
3.8597750453424213
5.581778667895144
7.738548077273338
5.875484568749769
4.362823772056739
4.5743908743840995
5.476635207798045
5.735575493333077
14.969661269184305
4.676517471737908
8.721953771591153
4.943517440904705
4.458927961495943
10.887364593137306
4.733595353039234
5.760583540863041
3.818063463777629
6.52047107548343
7.230822445402178
4.6187621404489745
6.164266515451769
4.841204785093101
4.000796047398474
6.970055133099338
5.04583286490991
4.976654057587613
5.647811096871659
9.789730589009116
5.229640802538874
8.868081149116518
5.685397942119415
5.802712236591634
7.895130722934429
6.456055393495132
5.826387478007044
8.553018715724757
4.7370820089352605
5.825453314044381
5.903780031492714
10.43879083315255
6.53600002670378
5.660214834752756
6.277565393955905
7.380071160399292
3.5938036076229363
6.220679912235416
7.42467484757803
6.510918413384304
5.051542723481117
4.772522362681924
8.633933938447294
6.724508094161711
3.823193796922203
5.2206599371825675
4.539998373882019
11.076574417680371
5.152314378201432
6.5536977915834775
7.8708268452497325
6.499377491181401
5.781198649842783
6.860173772718615
4.737044390573279
5.818379783370267
4.058343750660833
6.887294038527113
5.201474080920154
4.701062332189722
5.605268707330046
9.782315485548994
7.855130868630686
5.178048759025802
6.401457713544994
6.625922870511069
6.274926888330372
4.8263721642395385
4.93552432579966
4.240765779422118
6.211215323770171
3.9486499446662786
5.513345339060009
5.654032643764546
5.260427269379534
7.996647921218296
3.6745442885116573
8.872218530514646
3.888530413695631
6.4817899454443895
4.794893759778918
5.8578409897617165
3.51888640588238
7.692343682860004
4.403649810985777
5.570138914739883
5.150379407133552
3.482874746033165
7.179473031827591
3.514661382698807
5.959229485070407
3.339110818520809
6.087887889345573
4.78071308533574
6.341515838024527
4.274995788762538
3.9889156561622285
4.217977922050922
5.2869870283672284
7.47791553948
5.931891339960237
5.39797960525028
5.7320557645550965
10.418006684603126
3.9683760913043087
3.9529868098158882
7.130543447697451
9.483932020077447
11.731083193045615
8.661688480797013
3.587961470628977
10.369054826518239
8.145612087008303
2.5417912884866327
2.672582709958695
8.62660374352709
4.460505989849365
5.950275602512384
5.853600181151677
5.1521457174335055
5.498184618428871
6.190361439127929
4.132366132356025
7.378431745326959
3.5662128013647174
3.947388326779274
8.27349953893302
4.0991645581439595
4.099004245867491
6.205079501698654
6.363230012827516
6.988022884269689
10.499035044885325
22.304236511840845
5.374485434487641
6.150580226772825
4.214742298456543
5.20998062523003
5.95562844038306
4.393244133716211
5.576331080664998
6.893598367514182
7.61677984477774
6.063750723384686
5.549646603974312
4.151405807617564
4.1379357792637075
5.510613920667515
4.911672890533584
6.107171580834704
4.019710321744832
13.196858193218945
5.026051291890146
6.624247764421033
3.809496930359318
6.361472524631764
8.535643180070931
3.958331104920192
4.994841683447181
4.6792417623850815
5.520807571539084
4.740900723400702
4.346023116740894
7.35588949461098
6.502087155173722
9.19498497553117
7.58655404495366
4.126278635249578
3.79112711741515
6.914907048387968
5.424331518775449
6.028094656499299
16.435972727335134
4.655685704594948
4.194022600785807
5.321736399379646
3.448322661699978
7.051256243015479
3.9103518362487417
4.858968659839045
5.938236884077027
6.616760959542229
6.103436372998532
7.1595446912369995
4.5214279171699845
7.132658121587911
7.762627612730542
5.772974075621013
14.690968801783866
5.343776970474424
3.6114242193057153
8.06873401538517
1.845191127153769
5.823936610759831
4.680007433508894
4.928851647427674
4.458023848190946
6.181455584364389
5.00552617054975
4.486738954044978
5.170290783780335
5.02122307924365
5.29641469206622
4.10324513831465
24.092655436395777
5.951880157997062
5.359652806121919
5.181443095102165
5.244131919160557
15.027525683105706
5.7307763564890974
4.786520208660022
6.582465671812085
3.021122248131626
4.683480880688895
5.7509259107722395
3.251452999729168
11.781782231684298
4.469759176684537
4.659966366180194
5.441097416293161
5.2820698448296755
8.741959914207492
5.822416255052973
7.385167024018846
6.557982963982662
8.044303399467166
8.57290405583758
5.916423733517055
7.248350159828596
6.754209461078801
11.896960103028775
5.941090980892076
9.705770139598416
3.689191039202487
7.767353543748648
7.083048543204898
6.202584343088616
5.675797313385827
3.953017093522063
4.938674789747563
4.23483270171292
4.534162201333495
3.900230380309808
4.907416816830275
4.738144281362214
3.9779828435866205
5.143269589769705
3.9459060538655484
4.463757422359393
5.806523468033548
4.093373478779132
13.127426729852354
14.79637529326546
5.967470832924134
5.420719252646001
15.76443995431149
8.043890447682104
8.378732654690733
5.139121817546696
6.962847125293073
6.532851387989822
3.7152786013210135
4.611648349110645
3.2371732542869114
6.405971792048197
6.552938207924096
4.519794356048799
4.439967312442091
7.201920621419198
3.991066710206725
5.792574941187284
11.131524622611142
7.940402233099787
4.463846747325404
16.709800810469822
9.785184070550379
9.497161552719563
4.27978039453001
7.579844025527621
3.52618630647248
6.587919463211199
5.987576485166195
5.701707432749873
5.445589487856005
5.823836400882151
6.12858417219336
4.5254352287606965
9.24990420871831
6.2186514501613175
5.341971183182782
6.327685397443933
5.714802761355016
4.783733166454022
4.6678552311288675
7.105231142548086
5.525343257883676
4.902489641036817
4.870735298695798
8.295843295834848
4.627218908467722
4.393488644691859
6.495628252654204
18.07833059049796
8.366134023856212
4.026199103401465
9.703093426003884
11.02963100260929
6.4777747194157875
7.158679361841009
6.07933999281409
6.601261472804499
6.027004008368324
5.9040262324222175
6.784584962139018
4.20750058243274
5.703063779187834
5.038340241455783
7.645582409703727
6.700355969067874
6.067651217264999
9.261814082380711
8.114321355358998
7.444123978582479
5.374271562224873
2.8053243796264966
6.018128854760476
5.558332097466245
6.345939018698482
2.548870607167527
6.923586819298505
3.5947108404237254
7.4886331174437055
6.63922310455464
5.0715381102088894
4.5601854287343295
6.621615193881676
8.058521344904458
9.350588119893525
6.009693865293739
5.40577568254904
7.2806292277331455
6.619589827799275
5.455906797535212
10.749875098134893
4.22645471119385
8.074509723079238
4.254145216007622
10.272357267694531
5.977663858504303
7.529377803493871
6.81060955768193
6.619341260019769
5.620966526219844
6.34866100396891
10.352375958990214
15.858608621379513
5.3037179078499745
4.726641167560327
9.784710921119217
6.898048116722168
4.3290592389968605
6.191341854247178
4.981065413247827
6.949254085919453
3.5137517381110963
5.885729786842996
3.627997887297181
7.728640118715312
10.170405445999142
6.849711614387389
4.903836826540732
8.951455223974278
6.106765649353486
4.430365694257917
7.230249294625696
6.68694368339572
4.785629363508105
12.310586799440866
9.85194527586206
6.302270376266847
4.2580845896847155
3.1341945484246736
6.398873497251848
3.8102154995101625
5.682336313117917
10.140957507257214
9.516075293031653
5.015705426370958
10.626225095957471
11.193991112868327
4.622179714895889
7.103681368470254
11.212614290729741
4.868219868950721
5.150260512638039
5.77063235590269
10.707126610763487
5.207821575133271
4.829006125489245
4.600303471575052
4.664734311546962
4.185986479387798
3.318234534551097
5.505674099381722
4.266994087418068
7.154654119323326
8.109408691026667
3.856034928246752
14.511696041783065
5.490162685628408
3.695979966169573
4.37118671512809
6.2478071685997145
4.665775975121417
6.80072408380381
6.801209554847361
4.488010572357151
5.342139350113183
7.38441083523889
2.9190953823684427
4.841794331584137
2.7780558514956266
4.860689582337868
7.86062107124689
7.238058734139956
5.935055792984414
8.285088240665532
6.950003929507272
8.927468473881902
5.025472527936806
3.2397811917428516
6.8200702688509445
13.414067982952776
4.8880115472507715
13.034008861372197
5.258114288323222
3.238914535033664
4.361308337995536
8.76194378807774
5.795149057056683
6.561965753902672
5.615266659620215
6.3597784607789976
5.72125409463008
5.349233946259125
5.059413141502876
17.32255438099825
4.252648062845541
4.699947121407557
6.882786775136129
4.580302584658993
7.985738125584311
5.534950003102281
9.050166831599759
7.557593819527222
13.80017912880784
6.703559074646711
6.2777058927436284
4.699964973282464
5.074094306903877
5.66392016199246
4.882932455655025
7.869612751679856
3.7357445157659352
4.174996525801073
14.394315275679242
7.887434078366089
7.2500803748463385
6.196893155951576
3.6380834976073335
2.615471204929382
7.1176215578369995
5.2090232570468284
5.737217840544194
5.983196848488696
6.756398860707887
6.205463501775461
6.016407409740679
6.159679824348187
5.762130188921827
8.398828157100716
6.025959940933255
7.681910401122431
17.7081161997698
4.919137037776895
14.25738097287611
4.781943379439865
7.194471680833732
5.160152080317508
12.634089589265677
3.917714965918642
5.260789612115562
10.399746472626843
6.499946491117895
4.852374169756713
4.998777684653503
4.551770348177104
9.401778691859924
7.798873817438458
4.736345063432473
6.954017994837596
10.294223953216036
5.850621604378904
14.371947262179804
5.060947397673243
5.780420823780818
8.770453864751795
10.204737551301347
8.660564647931558
6.300220731125817
7.886466058923799
8.068559087322798
6.863465583387205
6.0291515375823
8.780930488654263
5.655013982276488
6.936704686969575
7.346026351716638
4.0450267712520676
10.033315681990642
5.421743164902962
4.34561588686242
18.11645889543195
2.4439404960338984
10.882389939592853
5.594699140437129
16.712219288124917
3.996123150608214
4.719187501928185
4.992968800773524
4.7871330002205665
5.970375129945343
6.1063024485208
5.109458863341714
7.732283034830531
17.55776130213442
20.45546949243233
4.179242865404901
5.0086445238129995
5.152513813687943
