1.9613728358272207
2.8041150334592997
3.909461481947491
2.464842844167629
1.6121305580401908
2.2848888768748874
1.716254426460916
3.027992319075731
1.8065888716276202
2.1568362399681096
2.927599151997358
2.4660002715042757
2.3104823421896854
1.2016470622664093
2.399651281265423
1.2786117677779985
1.5260302485993933
1.7237700637352227
3.461143441975159
2.0885361092802994
2.267660142419991
2.6757121047991577
2.398988411526234
2.869936058983164
3.0887328508983583
2.098462250324421
3.390179975724478
2.291879370052746
2.631907623116264
1.6839779080521144
2.257337329112901
3.6283952717570283
1.9264153323547188
1.8476114113539004
2.47319235997547
1.8173015078026549
2.423175798133365
1.8577794039414763
1.6956796342616365
1.8326159770706085
5.476184764119076
3.0434181893933414
2.1389288720415633
1.6135688692854144
2.1160751512929856
2.543036700806397
3.567870431243076
3.130445874392253
3.942113760175359
3.039450508456975
2.1872080593843215
1.9644207768460058
1.3463711240633778
2.1047996581803323
2.2185893950784723
2.304859340909097
3.038528891025767
5.445735587085395
3.3323267840457187
2.2866246464620756
3.5027685838743525
3.6746682413593015
3.148089093463825
1.3819087502795633
2.1062528309200172
3.0359416719098147
2.310149153105951
2.6128181726163233
1.9338515127600133
1.2372991360223258
1.9392976308232013
1.0346191863319931
2.0367133164124724
1.7175736362231786
2.2070436059632175
2.030932320530835
1.9381716938069549
1.6611344503050047
2.666157425632896
3.4296203040252444
2.5364982588990492
1.99748953225791
2.8449276810864186
3.000368344520145
3.16475732120662
2.1314855426024875
2.932181267768601
2.7872292183275262
1.2543121594980984
2.279703438338859
2.214080455400424
3.4565929635003316
2.333039635986695
1.9310021931159569
1.8805876287631862
1.8232120709895145
2.1359177916672016
2.0602080802974587
3.073757165185964
2.8749891439917263
3.106162710260857
2.2034849534739465
2.5796016846346443
3.045994323770409
1.8144813420873604
2.5432526224043888
1.9225455827325326
2.332353351682226
2.722350259566366
1.2930724580280533
2.6036162926115485
2.2690949642346223
1.2090321141884937
2.0464600785903717
5.680022249006072
1.350463403070559
2.7066905605519085
1.896798745689983
1.7009467591396958
1.5878684188003087
1.7950003741462237
5.925071698054238
1.8580476072300336
1.5465143187484653
1.6753575041194388
1.9772864861218034
1.7431120067134862
1.5501222754345692
2.710938062541808
2.5978229150604353
3.216306395563179
2.5935889920338155
2.709100173489485
2.6282447155665105
2.086633905177783
3.493416267236265
1.9754836730840402
2.678749978509889
1.3310212077041828
1.8687573373498316
2.1295981272882294
1.8033169344641076
2.1513373096650747
1.4614905854830065
2.4385604187940073
2.2704448044877448
2.467960366271461
2.065583408062875
2.0827150116499062
2.108876928616799
2.5265452822405265
1.6533196613953198
2.602252153285019
2.5533932306990597
4.741395781767827
1.829414483788787
2.1191340066081255
2.469671998828448
3.572434568051088
3.2598489538242004
3.0075883822204337
1.8545087615187612
1.9144289633673313
1.7011312574043802
3.010201004837887
1.9135059100785095
0.9714280256270524
3.6007028145422866
2.156720572351878
0.9571577183743475
1.3995758098390043
1.9217353398714598
2.386264844666587
1.9619835003119983
2.3868130792236926
1.8343003728970297
0.9909944032773421
3.0303016840852344
1.6552592676186006
2.0819818663100147
2.418404508861171
1.4956577692031239
1.0799947182702363
3.634708267648194
1.9889539186487
2.1467924988640448
2.161654054761775
1.9566262215517054
3.6618963492485506
2.5989049190069533
1.8573011536604984
1.7538307044650783
2.4661818519281837
2.5233537305712153
1.8105674564813004
1.1432922402816659
3.62387318968275
2.1299515717327346
3.7917962129226654
2.5067639545493035
2.2947267262868585
2.122668085431292
1.9961794419963999
2.384220868006541
1.758490432382465
1.7363449520759255
2.171712769596771
3.0433082258225292
1.5229397034385663
1.1714144013999084
3.0237358983786597
2.884589430120113
1.380250366213448
1.9640366254314985
1.5163537566550562
2.5870223041332667
3.133774226990991
3.7460455972622286
2.290144058334089
2.2329614223697356
2.6963226236773474
2.5513317871619035
1.9524349846351579
3.1633659605657836
2.0136771928558956
1.8688437425847912
1.5888169833274832
1.2037272691386902
3.6052026988765524
3.661014337728838
2.698118049729951
2.670299017075084
2.6027694105152666
3.3728644051759247
3.935414318103556
2.228100658653497
2.523632468196136
2.091866106026184
2.0578552204606906
2.656762596702966
2.026630567379068
1.8766913710601711
2.2500196108979953
1.618875817777988
1.8002865779976998
1.5921303256145012
3.6849518770360414
1.3345660736303804
2.3212093569152095
2.559113092353838
2.3923238576276806
3.0908826913169034
0.9722588131442238
3.233409845589351
2.0018536211239244
1.5262057976397705
1.9797214327842945
2.0196616562098173
2.020647629594101
2.2386978921651295
2.1082395666514095
1.5733972308750719
3.10258150146965
2.940887497053767
1.5774098732572697
1.8064339481476548
1.7040572094865079
1.9798182295246287
2.0551740563321963
1.9606148187653363
1.1393304069368857
2.9895366869561997
3.564362010151443
3.385843737404104
1.7799475841745154
2.513201331289461
1.4063099651487148
1.8853864317437103
1.338633998332701
2.8284668120851224
1.5847987521165234
2.304168143962529
1.957924135033568
1.518785159029967
1.4946911973200316
2.1299313320421227
1.541559669411174
1.3236867843258602
1.2365436163453563
2.179804448716658
2.483141150675175
0.9764195136246739
2.9143525958418794
1.9739823644386751
1.3255149821225505
1.521594089710746
2.2973626499797164
1.8040847951451082
2.3161821350044103
1.2535090180198656
2.504984802569948
1.5489331447495895
3.8150376079417883
1.2929948879345605
1.138723159775041
2.8879434193518074
2.5553903154793227
1.993568066818219
1.8210949877802052
2.266052376808553
1.0686343261637212
1.0033411031068455
1.9390441397922384
1.9037794865087432
2.1506457677627635
2.7662172967476937
2.568148711792964
2.0288676544168185
1.9956331225204593
1.1860908824295004
2.2065647210547294
1.6993847904919461
2.1935669391515034
2.2448252480286577
1.4712042348645438
1.0459495983873461
2.583236152668778
1.9619195077990652
2.6204465791545144
2.163143679517375
1.7672826784267854
3.707231801064362
6.311236248080422
3.6635292664131334
1.313251232013361
1.8125366225960204
2.099755080937871
1.7880317832177304
2.3111675609642597
2.198995642082932
2.393504394599083
3.780754991290866
1.9636274723582334
2.1431727207344617
1.5164067385661961
2.263624161194452
3.798095770386013
2.189636921480944
1.2862192628788467
1.63430637857439
1.283372269433365
2.21743429457865
3.0100872881753977
1.8938168868022671
2.483457390420599
1.6519749932675567
2.065286109240991
1.6767040616335402
1.178730671886498
2.422701046923983
5.070459983205307
2.7386481225212806
1.7953380892889694
1.7426235769163105
2.73771674658324
2.2275336658088007
2.5239614602420533
2.26322644750216
2.4505348006009764
1.4570843733137469
1.810468003788526
1.9403510809306794
1.7120566399043722
1.7427387828025052
1.948988363306858
1.7817486144916295
1.8832356883458143
4.001371170989844
1.4680878368536223
1.9548964168012772
1.9497054358599963
0.7071377277107657
2.6516797367262455
1.4045734252080297
2.838093113554942
2.3573614764204223
1.9622926661362485
1.742472655764033
3.609609228967737
2.6451592656135556
1.8961579340379229
2.4268095718601765
1.650410732775355
1.7893055663305524
2.5920637948547363
2.0445607536012704
2.3637109123237883
1.6707095673684758
2.786075512731388
1.973237515939485
2.1552741187217146
2.1178268433072773
2.147302005662688
3.210410022025275
1.6501735383753928
1.6131343731331462
1.2892192572775387
2.641930115490863
1.5460573449294484
1.7049462600488223
2.1010983593623216
1.9746555217138382
1.4241115089489076
3.0582857637265977
2.04737125758614
1.4379122234876405
1.9117096981751616
2.1958599702882293
1.916729281618942
1.5251699723231893
1.7013519485927941
2.4510209529676628
1.8448275464527986
1.418690828304183
1.3781921753089565
1.551322103401986
1.7223444310275136
1.7795871780522232
1.1954989202684347
2.2856938573005667
1.6634515127013507
3.8295224450358103
1.6293787915886067
1.8566341695511939
2.3008086632162468
1.7804765556253492
1.6019655311264285
2.109752960235053
1.7109437933643137
1.9426578577519975
1.3960075024038134
1.7669145848834775
2.8234370817842382
2.588747730643603
3.0105652934082534
2.4100701449945348
2.5605230808930437
1.7482168173598873
2.007648604261474
2.2084959045503325
3.081124629686345
2.463515572198321
2.809259332129996
5.983933028301986
1.486894353329575
2.0949702495135045
2.6949901136624286
1.108736051994212
2.5228193916974875
2.1081346649648136
2.740040541222303
3.275029925649546
2.274477345701127
2.573560813168244
2.757621000255882
1.2584127651829708
1.1093301770647597
1.4958037790080791
2.787003644672562
2.8016036102141886
2.383237596950462
1.3967422609750797
1.228899612299971
1.4233804419185516
1.559168105931375
2.9283727481039348
3.2963837538030756
2.24540083773852
2.5054540945643202
3.4195990905911544
1.5806933917443482
0.9844516012396769
1.2561617094444926
2.4144615806403755
1.7047182894318913
1.89788320675304
2.92139178518036
2.4941708985552133
1.7215255071305091
1.2324477071597746
3.543844525541741
3.274368238072822
0.9976683660595791
1.2822126844897443
1.58345855482728
2.6104683526669628
1.3811348611405503
2.215268811568117
2.6997372121985164
3.0895347510219735
3.0573569815961434
2.2620822215907785
2.1136972455020664
1.4914732138391087
1.7638499953979745
1.9620246005010349
2.0218151857307296
3.9045389229862217
3.353139998107428
2.4873560955855694
2.486591751563713
1.617537269472071
1.436996988454849
2.1843006947027166
6.7152406252229255
2.5072840821954196
1.9407250853692497
3.4968753277234175
1.178200754572725
2.5206400018186303
2.7658199625167588
1.7120329337758837
1.7925407623266947
2.508389782527989
1.223672166369718
1.861525869207482
1.6086651564225825
2.870023202715726
3.2559184638035985
1.1223064714434494
2.1132359808505767
1.1950169169882225
2.024290478605261
2.2399641326484727
1.1685282543420341
1.8010495729480915
1.2710699582824743
1.7792587098053845
1.4467373305536635
1.3011609286130146
1.4493615339526233
3.003291431091791
3.467251897927075
1.5587243698680995
3.5470950689012204
2.0901965379358725
2.4328526639435957
2.7480150003965758
2.2896157745743566
1.9818876877029132
1.8724826969356696
2.363718074348262
2.8281439558856736
1.9679742163636176
2.08165347619271
2.2166961205545817
2.0979200644240064
1.9323375850963687
2.113185101690662
2.347945265609867
2.6059495126387207
3.1031041881521784
3.034331284847772
2.4850782497261568
2.36795207281107
1.4147519193506568
1.3100279486548276
2.3701189866789134
2.2731376491131137
2.935329448330719
2.3906046581445017
3.2111053145077655
1.4674340069222762
1.8294075948963833
1.3570403258245805
2.204679306244281
1.817887475722855
2.2167404994466064
1.6299978578978518
1.0158451986934147
1.1538321016479391
2.3300683352129443
1.396063196609036
2.3058918322850848
1.974935573556428
2.187274309242562
2.59173439756654
3.2577647687894093
1.6003129231209248
2.9194572339093723
2.0962377321716765
2.192839061464979
2.3416681280121017
3.311965535877498
1.7420271858754532
3.675944895336602
2.3019837078319094
1.5944329544194304
1.5524662909398554
2.307904552257131
1.9177465222067167
0.9502399530044746
2.2374109154015187
1.562598915600644
2.1181895971148723
1.455594132614153
2.5335341612730633
3.6872003101273565
3.021828084335833
2.501198810573077
1.7336947397672393
1.8420501943953695
2.015650976920119
2.0538381456715924
2.153746868028057
2.206001888765033
3.0936052899851454
1.968829916497271
2.74693580621723
3.3072646156566377
2.1611682261129794
1.355156950147777
2.1449475095924044
0.9698256884951205
3.855459665336752
4.436576117205099
1.726235419031472
3.26883049468764
2.9323520949400663
2.3564944349940595
2.362987101483118
2.1846262642541534
2.3563353726889864
2.2404692573580762
2.7817799571068407
1.7506371505264866
1.7053642946440823
2.3920792844249
2.2676895460429995
2.812231207580823
2.0736570551272484
2.3689436444564214
1.4290544365968452
1.8512455352044368
1.9944733251088271
2.353249561124109
2.3423763017842054
3.0444446420739806
1.4836565314694437
1.9143142264696291
1.398055140410747
2.972755860603811
1.7966903275374226
1.5063795874488195
1.1552263652728882
0.8829991135722848
2.694713319909509
1.3265376942852933
2.3774102817829363
2.2802204117482368
1.6771760820337533
2.3411794803757484
2.4782502965090996
2.195336340705229
1.3492969429794428
3.870182282861741
2.174266527028944
2.4749029922361867
1.8464985243955985
1.2432463863335315
0.8281269657961867
1.7083268839949404
3.6608529183711793
1.5163670389397144
2.5803321454340113
2.025753745655442
1.041272992486219
0.9455471929595192
2.2833347650618867
2.501746074773374
1.6113256734621824
1.735016299261252
2.6398800060506526
1.7197821105305586
1.7904912481257667
2.0112399265915673
2.193124654604134
2.477720381353802
1.998129445219331
1.4800383657653429
1.4932842083264417
2.3866958151827737
2.463682455906794
3.631272977328048
3.3941475064431708
3.2765869018747398
2.0774210078529354
4.042511633144786
2.625460455229624
1.2399424707580422
1.8124209327953282
5.000136528015729
2.5181386848909337
1.868316675489954
2.859494767228394
1.7622538560735987
3.2992269906506544
2.898240482234964
2.8358317180924266
2.6310645337568226
2.6000012882561023
1.7964773484090784
2.145325002549643
2.116068914081256
2.391360073382233
2.3684171314790974
2.6997430378306277
6.127811450689401
3.585517887938443
2.961466040697974
1.6451962435236673
2.0141288086437394
3.157447817886661
2.1303135792791377
1.0936514460366074
2.421944090863961
2.5966578917368426
3.7905587686481623
2.332830977483201
1.5265098542222888
2.779227507057733
2.2340504918251254
1.4570690434008926
2.392170435084333
2.0229291419119413
2.533171287344169
1.8062700911207135
2.1954788810071277
2.7883328442875226
3.141060155699609
4.626313268469041
3.2408023572302453
2.0690499059872534
2.9984116967148746
3.1428830159655847
3.107870787644171
3.0211714028956793
1.6623097167954415
2.5037888827557717
2.5552669223255124
1.2340707455465547
2.3984223694960938
2.2332016081503996
2.761825045473125
1.3607418338310393
2.0714548120537133
1.519560051073284
2.773576349056328
2.065892523711134
2.0667538894056086
2.0326555282555376
2.3638446076533457
1.466754519057516
1.4140398896692403
3.623184532999623
2.7814454043393693
2.3649286258065345
3.7631807856972452
2.5332511111774343
2.6408699223183634
3.619187143351196
2.8061960177385665
1.2289707107683605
1.5011357056670582
2.911143420287088
2.877876486999859
1.9607165479792554
1.6290907068418738
2.411248303385532
2.2088900905386453
2.8261615579115396
6.07564042938547
1.8500000554639653
1.9251616290279283
7.301886960064006
1.9472117623929381
2.6108525011297776
1.848668330439918
1.931334831303095
1.959923338939678
1.9870361341865035
3.3961454110246305
1.8734490645647262
2.3901590954836824
2.4537267227600195
2.318922722761967
2.3044358938026948
2.1431801782836346
1.7867144376664257
1.5540355970974487
2.4904880216295076
2.2607025948390675
1.2395172613512255
1.7937771366211697
2.3737265699454344
1.7330517476186744
1.7040083273564532
3.4471740396310238
3.1588756737291677
1.683346999713516
2.9518654262535673
2.50980393369922
2.51393740878379
1.7544046914139304
1.788776181235079
2.0166729794519336
3.952330377786516
2.44498671746788
2.150750708738186
3.3514856172615395
2.9331684774916087
2.4059172051936644
1.7643279119469952
4.360798229839071
1.887059532674563
2.0400545971214807
1.7726826657309478
3.016796714653245
1.7304128116808992
5.280287010994345
2.229620891930384
1.9408611065998331
1.6513791324006732
2.3968419507478043
1.6639343752642577
4.155738965489735
4.130331754961827
2.09238946289757
2.0290279717993167
1.5862030401760039
1.7198239665033803
2.0736850409059793
2.1411902482623435
2.0717807403226405
1.8136192839429595
3.067728800052467
1.8030434467881173
1.2823605260532422
2.988043075870884
2.669764852177317
1.401424275833906
2.177672779103497
3.513765244359781
1.4930665001144707
1.7467716228337662
2.200663814947826
1.920839278164432
2.019740873544599
1.6955049718276218
1.5262201067926904
1.4483266532894852
1.8445962395955173
2.0297410959147264
4.049196071952492
1.045276297794091
1.020087448406066
2.721699266364151
1.0532437035772046
