9.171510777982299
5.96812814774978
7.024149342699184
5.049004838504651
4.83260967431156
4.023508616404018
4.351204802817705
4.419852891619768
8.697255639580542
7.439287858529251
3.4879228590596565
2.1196826371527635
7.332969985164514
6.49372313617793
4.714367662608407
9.526662399365447
8.293818485535212
6.451901073557894
6.24778765067022
4.772165673216467
7.527950097272452
6.933540017985092
7.75603210430949
4.410644325660289
4.534526162415099
8.075330629399827
9.834752817187951
5.378096394099864
9.023421579528492
10.197077079223211
7.175711759486663
6.478350841939338
10.637792964163319
6.7253987424024855
5.5177431905002665
6.0619621871199785
7.578052694975215
8.061788832663312
9.982854203051668
4.94360536765341
5.914453999380596
15.34737930095589
6.937803527793646
7.195542230436922
9.96228705917508
8.746848044441768
4.364718990170399
3.9491536320366896
6.672190324227118
11.773407239684252
5.448433322353523
4.688915671302429
9.923549149705954
8.589813642022728
5.252451035679028
5.1637803593840035
4.594014630950285
8.367965892769963
6.695692084277745
3.1309366842645896
5.41180960955591
3.080635693922542
5.2090988098701745
4.608112627668541
4.503483587104881
6.561292998080517
6.215029851942228
7.2949831957142806
3.2760230162822057
8.379363531891338
8.518943066118041
7.081857841915462
5.7393194846889415
8.783090479620151
6.276700706807293
5.878371725945217
7.385517125164074
7.678591910275778
5.530449363049229
7.933500696795425
6.8758516365337385
5.964028750698397
7.109615306994333
4.9754974870757405
5.990153495247515
6.73752595469808
6.266680222164338
9.016366601159241
7.133245894299777
6.821039637419029
6.1289422256963695
5.233939386238009
5.5045856137321785
6.468723540652904
7.522337471158964
6.107252700066967
6.019424735791196
7.741391590737376
6.48127004475564
6.563794382411025
8.319556440528368
4.3614693611174795
4.271656520369578
3.9677607052419592
3.627311507746925
4.46686603899728
8.849481525570988
3.406176820646843
8.086184133896754
6.446123928019474
7.500965891665932
4.051738046746904
4.081752586373138
3.7570151934747167
7.940368493043387
5.2975589969988865
5.586142215091611
4.2951659182618425
5.9395076689466135
9.60105329991691
4.704806218990259
5.864121271220318
5.57263138751918
7.760749617401503
8.980708092814941
13.371523968962823
5.104452943493734
2.109648588566924
4.98487922624164
4.014651227528986
4.6187246439110385
6.3035744363927195
4.985479584861659
5.652780195365864
7.2398445259426465
5.56910771875689
7.19414069410131
3.979744395237417
9.588472946965217
6.415591673264987
7.23039824065672
7.082135126903244
9.573129758712673
5.364115929154487
7.0120462914752695
6.444535369961234
5.896346256658355
5.33832857376821
7.4313105896120835
9.662370509461951
2.778029720674447
4.974826477687633
8.494744367491533
8.375849801548002
3.6720862562139227
4.186192691098589
7.885714368718985
10.807066807899027
7.796672383789811
3.8002644342672114
4.474660853989629
4.673699802852084
6.888431045106034
11.828004410917156
3.0097824034440244
7.194671710377731
8.75698492046381
5.979872084057495
4.871097631448188
4.956521623254604
4.764583519173554
6.12341639404903
7.51262842681178
8.758486341806654
5.041838872489377
9.04281916403373
6.726905232379425
4.32005257027567
2.264278992256286
6.877121460353826
5.0009666799564405
3.908779123051449
4.701814406649588
5.565276853867314
6.355324971928637
8.191993477087786
8.029719530665387
9.29790521325279
2.8679091617304446
4.985324092703743
5.219661980197389
9.510521779601826
6.965298922125223
4.852928372837884
9.466638153297485
9.652752581010875
16.804185496411762
3.406283427321629
7.37833869259924
4.489415817130509
6.0859361502195775
8.22407910313372
4.885301830555191
7.038393018364929
4.7233733930810695
4.516502891158152
6.115266055430342
8.230662268203183
5.319105508832543
10.272559114422158
4.722310214818228
5.962415136491894
4.97064924386822
4.835314143539802
5.422695981984893
4.426111248577709
3.8882813933666314
4.5719399893145996
7.924176807054248
4.334009963420488
5.1364934304603995
3.9275927854574095
4.223759290018071
7.451360588087316
6.627204420067657
3.9742833389074184
4.787191912402621
8.292048692326498
4.470375376138917
5.957544014458735
1.6606488712717393
1.6246847379532372
2.1821363584712383
4.065499530491468
1.8294518902216081
3.1338002032679437
6.963772974910608
3.6570648407735713
12.417753027402158
8.81747609085179
1.4992621925305987
5.111503554483319
6.476444061484917
3.3238112221244616
5.201586444964422
5.370424357791204
5.747747217670798
6.014020333849288
4.8906374450473145
2.3790614214295305
14.199935078522905
6.114658340504707
10.52662449953467
4.525082595997193
3.5705775602779752
5.2420941338875044
9.082440745679087
4.797684601903272
4.791438466314498
6.782329325319662
8.660621453306335
8.598599403866276
5.180999852286938
9.198833804663217
5.9585369983593655
4.151466069150299
7.8493405244305
10.420337757013673
7.091564301651822
5.496416112019202
6.51078208022475
5.872372004743723
4.711828529472363
5.416795464904852
9.268133417249874
10.506165463065514
6.126636558443645
2.313682782228697
9.84431173425185
4.305452885222611
6.855364076380302
7.222790893752356
5.400165274428934
6.972260406424314
5.7052847634500115
6.738868860078853
6.473035760578723
7.504207354864613
6.148301510078257
8.40629700251562
5.770329509308075
6.19605433057744
6.9238106410558276
4.7232602609013865
6.981702541562764
5.473495949204146
4.723851563442372
6.092682026200017
5.140616063419059
9.919353721136101
12.445767836993344
4.934324671118658
7.565088499013788
4.437867662445485
6.475173216900287
5.361487610275819
7.079008088475982
9.82253860002636
4.818941115127931
6.6594669379220095
7.097020919654144
5.067414521341706
5.642020356445217
5.310526287576102
6.808638890395178
5.236187030636401
6.758465634519785
4.5310442620333315
5.037155135358482
7.960034982403956
4.251363290652589
8.976866312468847
4.632642064858743
4.812448696624972
7.570589733657143
7.495013294000525
9.025877035410911
5.888705414828099
6.245686468194417
5.184691366720104
5.9603502910996085
2.40530031991743
3.0183420985972362
1.4903933682162598
6.468256004880266
4.338257830642768
7.970531415203246
10.25865139252134
7.008392564265603
6.628504194090044
4.603282428812679
7.495562159750164
2.05170026408402
3.907245587436636
5.206709121139249
8.154134543002572
6.432790798771161
5.650978536923427
14.05135671598752
8.273524635328622
7.224200112176277
6.843748943820504
4.525852126192452
6.000710755432456
8.335708245411569
7.254942647021386
4.100941484742739
9.23968685492955
6.054378728781004
4.435704833752642
6.082032944794361
9.535739427016756
3.6152468771659887
7.459503445021326
5.193265778778865
6.092665521481787
3.9429472418705047
4.833051010967378
6.362983972523619
7.647477683602965
7.077347803572162
6.0006599632184985
8.105377840071267
2.8070691729636126
3.3152748993336667
5.016253286261427
7.643483507403995
9.99488642003142
6.975231164393234
6.639738662596238
4.492769177802443
4.461603244525258
6.153945552627356
7.9056455774534955
6.61787157042974
8.39855477053639
4.511972929761795
6.764611332616022
5.202141193920468
7.238018806425708
5.351793312949222
5.076752039696647
8.29414336496438
3.010465430127992
6.064200523106807
5.437273201736546
5.711156938715549
4.571020498023913
3.217052492775908
9.433333467358946
9.401792487497548
6.093095815120574
3.623425211621592
7.189922565158007
4.4017349535532695
7.871113829758577
6.011530774884881
5.755121020871818
5.8384719277533925
4.953899327219866
5.961883359132641
6.5013970759357465
8.453509551379728
7.086995901904654
2.3758542683636596
6.324942332233774
5.749512030856901
9.392116058680923
3.9174688050646
4.16795905968011
9.121035561095262
7.843946064578354
10.95403347860064
6.093474340047958
8.469581157324935
3.508771366540733
3.84108905693078
4.943304710355299
4.887716225782483
7.674094517335857
7.921769491193477
3.84599058469828
3.145027285787716
7.534148732133785
4.516432571618034
4.220469324455864
4.341246917928319
4.817330678600049
3.1248661530216717
4.2263276554868625
4.55008949859492
4.752824656622098
5.553641393993341
3.90595676839969
6.093097541819001
3.704972437019655
4.425215730620007
5.341762542354137
4.764231721287952
5.214121104086188
6.278904229109394
4.146349979901448
5.712973971208468
6.7394630484161695
5.187175549635035
7.651086765887458
7.02872968209673
3.870169562394271
8.912941151372673
5.418220115907172
6.822480247078967
1.1454446383506547
6.418553237612061
3.63070926247455
6.56312689144587
7.2799153564463515
4.8934532793393375
6.770441534969241
4.389500215060573
4.277680218981054
3.4239882372388504
5.470896558320135
7.022945104886267
5.425166487476365
5.0883630310874715
4.562763976780355
6.359627368083271
5.0353491322035255
4.828090000350359
5.125756196234895
5.005082798929261
2.268317456543845
1.457931266694292
2.630377033142102
6.327679595200297
6.141562834922917
6.344476494923423
6.335615485964792
4.844995335270157
3.409868081727663
13.217407513590652
5.076501342168693
7.930616380580077
4.6855804500859595
5.193272995573707
4.847911243798458
6.081420995749007
7.637515593480877
5.139060860552055
7.980607009774601
4.5597098480642995
5.066453505723394
7.1024091494010255
9.893739208889516
4.487634670316884
6.33298502979747
6.438368554721768
5.506935190415355
7.668965654639815
6.160875496251816
5.462295158605659
6.504748546900096
3.6678547649592126
5.741914393764517
5.866804205521859
7.3823992518553725
6.260737520468462
4.58212897878852
6.207253038269248
2.122108759721302
3.6845396582862797
6.181408491417155
6.245671516546738
5.818885580363211
5.519344501696973
6.351592669113151
4.210002096397817
4.78564560722079
4.540733245168229
7.186196462740818
6.431040850264569
9.062674266059327
4.7256969951524015
6.6360423817906975
6.136081310224966
7.617248860923154
5.44680711022577
9.725743914697098
0.53754782529991
4.1868155286591175
7.01597469665519
5.821573128210591
5.1717161997178405
4.508058057972123
5.594056879744889
3.3964299476459034
9.47052937778834
7.857187573865277
9.440752075838873
11.252569975454522
4.504378644935873
5.235851704497826
5.969814273659748
5.402218846561559
5.994750687433114
6.489293152519811
6.236643661388446
4.4519169537792465
5.7124496443290305
6.613820584641697
9.55673186555941
6.36805275775576
6.811979382218339
4.547930284101749
6.4663542911892415
6.072117624840248
5.696942623960774
4.762505031005045
6.431277591157512
6.317630605080012
5.668167004147877
6.02237066765535
1.8586838407745392
6.259676405248718
6.94265865100105
4.687786505055239
5.376390609886472
6.922917090369303
8.829850057479696
7.828941290500909
8.094689646728536
7.665542082427764
6.4782601202081125
3.091632074967016
4.992095992858019
4.198824744754314
9.773988217402298
6.559990072688283
5.816515654419655
4.948756679063011
1.2824945800285916
0.8516040112336588
5.977998994554238
5.4592384655836
5.593280883505459
6.9851200453631135
7.840127333838241
4.6856781111806916
3.2385797641933154
5.670954886723195
6.452918709717608
5.506424123882154
6.600391631062468
15.02383763998069
11.409356376266414
5.712359396708762
5.145660004047281
5.453556175582487
6.190773292439171
7.166109855694518
5.977361708313352
8.173145985501968
7.17493186984345
7.520851274639492
6.864222733700601
1.4847564462355094
6.834514241825488
7.789168888866252
5.354045248466747
5.301044549127028
7.724970377828358
5.5105086223822335
6.278004890721581
7.295922383125502
5.732973580111728
6.177500659894445
1.967359012700965
4.392345123351612
6.3265645539116635
7.009150685027028
5.7948423597928675
5.312938797402551
5.589063461195198
4.594064370920062
7.768294781913232
7.859633512411867
1.3368699205344456
5.696912836224676
5.676582999158215
4.602609001423633
6.274799563319167
7.236181095178651
6.209156404600966
1.6045282649455872
3.1125780906625113
6.734946615120068
8.674824138492525
7.8232575168303
3.957110785843593
4.9372667971831135
2.26865473029224
7.835209064662507
4.832266736808429
4.090081089585145
4.789838323161617
6.139731222274414
4.615870642888686
5.225581802240179
4.094660359737288
4.451080670640287
7.188233405311815
7.28931056796556
8.50108301925924
10.450619486899594
7.6449843274122085
6.462559946707513
5.967718345915807
9.061323003732154
4.989513406280941
3.2199176029633123
9.568973910547413
5.123492208229725
8.576046033892677
4.679593918780504
3.779666899379089
5.100673013457807
2.75079261765871
2.6020564524801126
4.718922378590756
5.458281604519612
4.555108171224813
6.461836667553595
5.858372456426934
5.36654213128261
5.457798720299113
5.638273189977417
4.788852029702617
5.274601546411322
5.9155644648261285
5.804793786226418
6.8875307773888546
16.492077304103912
7.087565759660892
8.027432133121096
2.799099139954283
0.7525102672557537
5.293866343580826
7.310785627746544
13.422788989076885
5.493833917603464
4.522847505438721
5.003278475155053
6.354867885488515
3.687049032194436
3.6271389635570843
3.4090341012463186
4.294530780603761
5.919434705764367
3.32879006987751
4.493093870637961
6.036754963737888
6.570300697371718
5.921246518745716
7.112758726435716
27.31276123159448
6.171902691715173
4.228291830156064
7.041416981641406
6.124175291793976
12.072037307490895
7.089608880307493
3.9211979759989237
5.446967637166147
6.082653153472406
6.680928420202715
11.6880591102631
3.626358059131432
6.231227373796253
7.2720471566584415
6.893702025473853
3.6029808263646195
2.42225612411607
5.800858072369528
7.3556875726516004
5.965683662789045
1.724567792920269
4.359032454836658
6.704057907498969
9.341375804962349
6.8749066238448595
2.3313941000926333
11.170535979881153
5.378385113956042
6.260663938307533
4.889881965916282
3.3237080053657073
1.4032624430693
1.594609666176061
4.0727328079650515
2.5177510987915905
6.099607381112297
3.695616667022172
1.4516313079990963
3.647954943223076
7.951262674799317
3.9101522730367795
8.737100475405255
5.6896489994693065
5.566956043695163
9.218844659265509
7.799884281339994
10.497811904992727
4.247471369392476
3.797741263782403
10.604486378335917
5.814166268898978
13.567406093369218
4.653111541123568
6.3730621514820145
4.535475456669484
4.724313412366007
4.354682009986147
12.907009617146482
6.281190373955826
4.792606850132325
9.018384667193557
7.454948572913387
4.897448463218214
2.2088462577047396
1.1762984100268803
6.9841026996239775
8.995585608309177
3.322713213947258
7.506547534726175
2.2366578478798598
7.594650006801642
1.4535925803114926
2.69289468963557
4.895649148717431
5.838741689071405
8.749744892933174
4.673526368511028
5.26689840467772
2.1908149623489446
2.6680719741362733
1.6595937222636001
7.721160829829155
4.275097686284502
8.357965685842656
5.029354184935414
7.078609573526868
2.6284699851539597
4.741613360101341
3.6752065985299893
7.42081796078308
3.462944383033179
6.7891228012440905
7.061796548946276
5.64169784348128
7.889214775090962
6.464180986207427
3.0130120418358235
4.332403747790468
7.492226919149569
6.929833639528281
4.7715563738056765
5.515955648305123
5.680384984224392
5.288735300902775
3.2088559672701953
3.9692198633761455
7.019047514440953
4.338899308413092
4.803439755586095
1.435508978555221
10.051276272400413
6.722760265915959
1.7151450447249073
5.5184280301056505
4.528908321530249
5.169368584431846
8.619550954093167
4.6071679426044225
3.6675707735163927
6.063666388919635
7.057693807609829
6.385432234155586
9.601242388161502
8.019376598000333
4.160273130089271
5.4438640685056745
5.355336103555352
2.66214525846745
6.162684224193106
7.13445756570323
7.537756130783718
3.2296109210382125
3.3765006835020768
6.548352101086314
4.842674198134736
6.538479809786821
6.469854363369953
4.791901636839729
6.261269504538045
9.731770022988863
9.629753942775764
2.1838868293983245
4.956737026817306
5.717712661652493
7.332037265701344
5.902287319603889
6.500641790474212
8.902532734629325
1.6321107578374217
4.146878431458329
6.422332267381164
4.922162255469377
6.963103638128357
4.456749524502822
9.190754858690413
6.495814205295021
4.126788752962271
5.345555033814607
15.418675461505496
4.924802009723061
5.3001074185169665
5.785460662262921
7.620424602114954
3.5469407114417915
6.721593325103758
7.12726591285723
5.177836105364043
5.3405964007485105
3.9606556244934756
6.1476171851893975
6.11590370144056
5.689137871568348
6.74765648427059
8.151520890904765
4.861230518299306
6.054502530036607
4.299689529122307
8.233000665863631
7.878129629079103
5.733847734480229
4.963923935600539
4.3243906015960585
6.339318117860653
4.378987179725858
7.9457298064641035
7.0628490139012765
4.513289957910564
6.185516864256352
3.121071176507344
7.304658223901185
10.118383187725636
5.664124707827862
13.772704020935105
10.845837189648362
7.312891356041904
3.258787864986391
12.97215311437454
6.882580539722345
4.868524904920494
9.120923907551328
6.558681829303077
12.176984961221816
7.503745318157734
6.242396562966117
6.852476633604942
7.052727246213411
6.039650185804239
3.506174725834584
10.093833773405644
5.959258946417902
10.78845965877656
8.315775137009668
6.580728493940262
3.1734732924240285
15.202813614248713
5.438656427849039
4.966129755813921
8.371719542663849
4.009280159612457
4.386179113707983
4.6876300389779555
3.8377205373001866
9.674717267456776
4.633179475429448
9.409476794351042
8.105206257445632
6.798368122881744
2.1718924674608777
1.5549533838498217
10.769690449169193
4.665070877488479
7.854949738977009
10.037031135462595
4.815155075269162
3.410254177398679
4.435889901337263
5.341960855254689
4.025663182195777
5.257599768288076
2.5897829309365967
6.341447633488108
2.161916468147537
3.437258206946914
1.8474319040319047
4.192788396653427
7.441561365112061
4.265444686940837
3.8477908147718716
4.666496855958129
4.538123169598352
5.82409120718355
2.7633323848437454
5.827464686014914
4.229720983029531
4.289154328206588
2.8052118046288945
5.973799398893194
6.467253695595168
6.463355969731039
5.484049907130724
5.114319192293603
14.169556743253688
6.22827986565039
5.700786230867333
4.904955839307889
6.360951760342954
6.250225813740136
4.356198349615248
4.259368113801415
8.386757520946118
3.0800485909185125
9.656915280819867
2.066361579066294
8.030299229459553
2.57949830602125
3.844468359803542
10.709590927665316
6.8598399293942025
5.943216561616438
3.3319626034247745
6.962487196838791
6.891504441440512
1.2193792560613386
6.851768495213264
2.793444686065089
2.88766596655151
5.134818919691202
2.758341197098313
5.020433065981206
5.273008569670435
8.216902455315752
10.403548750794231
10.154872206131657
3.1005296230318806
3.0220948080415075
6.601761480968652
10.091299943560756
8.294124983349612
7.616697504762046
6.0076860179320795
7.430020706694028
4.952260573331048
4.484719467671982
4.938293276645744
3.6832382143764706
6.441140889525461
7.88125735965314
11.117471732297362
2.913296724369583
5.43133569137123
6.2633341570191226
3.6726338267244176
6.051211940613113
5.611170196223147
10.517515138756986
4.2051691760028564
7.446572050712
17.148058788177973
5.393148293264405
8.4328281110253
4.257707063805598
7.594012590141048
4.947770887876273
6.190032354330031
6.217945720056724
6.7832093492402326
3.917446886247469
8.33182948234802
5.876990754368705
5.382521872030652
5.633389294726579
5.283250007211872
10.95764708976045
6.742275706330226
4.4729958437751876
5.828601385381074
5.855123669057404
8.422955159793052
5.233133144602442
19.324679835722257
3.0712834713833
4.0753597670922
5.488066077963434
3.951565778993873
7.708865074023069
7.92028322601646
3.5811154271801304
12.939928431965777
5.544830594814878
6.257186524313906
7.242439987769267
4.0023570625553155
9.591529611489923
5.94391945359923
3.058935385972436
4.193974597012537
2.1582598186772324
5.372279445678073
4.663565967295046
1.4579585429923216
6.822264173053999
7.104137301852488
3.541506442540832
1.8980703534930143
5.727003223026139
6.207761344432896
8.93145689015295
8.220679024599988
6.457080149624659
8.205670844476748
7.814268951693053
7.1444070252986105
8.892665109958577
5.6648843467822605
4.569152376733398
2.7209088275172135
7.9921221469301615
5.351468238232004
1.993251509405746
1.9565127278112466
7.122909859765306
4.470447915276918
7.296204641617326
7.188771472323052
8.514390326415391
5.944505761342132
7.725493815796453
2.0121561954891103
6.004982622298401
6.902567206867303
7.377221101167166
5.695315434672336
6.308922893079571
6.060363577976669
3.046651567592254
6.6205638306939125
4.8069678708792205
21.329214069849886
11.253883335491844
6.425541410901346
5.231006306260669
5.3941165354699585
5.158522514853196
3.7218505433112106
3.5954322012386957
7.062327576008663
6.188686171610642
17.76411248944439
14.824591753378606
5.753437499263986
4.152362124223735
4.706910796760397
6.639205243981002
10.936374542882605
15.399753358854232
4.653991668970758
6.078882702375968
5.090801248850661
3.1063109079232705
3.9992952017208565
3.403205082408644
6.012178529913335
4.885644010103974
5.50490650328424
16.49503007964906
7.058016413470265
7.357997572954862
3.3222140305349495
3.7881551954670742
6.169497540272866
3.580246907581068
3.0926262389369894
1.845097044248689
1.7142728664944211
7.0331753824770145
6.896059555840309
3.8342395823111843
1.8938418353299784
2.9356761044395405
4.885208530521306
6.722901103418934
4.26993526822495
3.544558149103412
2.8124004659130324
4.568405653743461
3.571357879151433
1.4598969771395935
2.1771052655037413
4.90084920004432
7.228472093963897
3.54354001728445
5.872260013999728
5.8806629890300135
5.62366049660991
6.492368150328445
4.927125727713564
4.569548747125876
4.898096045888135
6.125140663006142
1.7537611622682479
1.6396168206811466
8.27201464279363
2.813720272666107
3.533848011083469
6.255488857345583
3.186478708674524
7.706846420954001
9.55315735268181
10.164246439955072
6.4533519008217635
2.611765650955156
4.714904090578475
6.630015585416543
2.3345236217821044
2.561548263621277
2.0911770611594753
2.3936013654916457
4.274196659963054
8.241130383527954
12.939429776958901
5.406403224634527
6.996535969616913
10.779968612933738
5.846170070671387
14.75023346129244
8.681823309643269
4.277681953781051
5.722544078967159
6.182916915250084
4.798376544211635
4.763732962373906
3.56628444920873
3.8705944116350146
6.245378054219426
4.6912710947001
9.329199386475182
6.916665212944086
9.52891519947064
2.7458137606341975
3.715811253491508
2.3501899624514446
5.264060383858105
6.454563366393565
5.637133597728214
4.4130915964442705
8.153029642720945
2.945395161193648
5.477948728065598
5.65648109455312
5.327700956347755
4.6112657278978055
3.5152830910873654
1.8065558270982196
2.612367166429459
6.956954303488362
5.5456928222155675
7.582534843673629
3.995782746414596
6.169267965113243
4.925551442836451
4.405014878823536
5.263211540112304
5.402097671164418
3.7190411713375555
6.19575127876559
3.754885493556114
4.551631539423333
6.399502287552389
3.9668520935976317
4.013947639841979
5.833258422642593
4.9684976802886265
6.890735088829126
4.442901249582599
5.649488715831515
3.7330700762152436
3.9392481544505857
7.363206982219328
4.357115279747902
6.084334911290209
6.079439517696371
7.676470312304853
7.641989376771071
5.113923891549261
4.233530577879709
5.4202592739065
1.4295231004987288
4.027966362108818
4.775538914336605
6.988552865554723
6.208643111758857
6.487569685037865
3.218700712958188
4.5249135393839435
5.785560957643356
6.4045924021494285
5.86423473221036
7.681657742729679
9.269902875133159
2.6582567347451516
6.213349795476833
4.448592547667861
10.196253238201082
3.135500267127579
6.235421154299132
6.749559636817111
6.612324436530336
8.234515981674388
4.130197587737708
8.389447660478126
4.527488802946679
6.463019136647824
3.176017877915193
5.442112925198778
5.022257817791696
5.174995274011745
8.646406296133012
5.6626214673884645
4.9937048594453
5.418419679622487
5.434794785247973
9.731092426546496
10.474890165755877
3.8122926173873672
8.264323319562788
7.691040003411266
8.725267329067039
5.590303159219915
4.30807472911878
7.106876294854849
8.723327375537705
4.214083181546178
5.709511943157264
5.883995782008534
4.782795759494868
4.412882526159079
4.712396856579805
3.202062057952975
3.5246533886995453
2.561061968699727
5.605750479559348
5.699153196690493
10.206064691723402
4.960134997184515
5.634784886269464
3.412352329025486
5.587446735990891
11.90997006496566
8.419281688029374
4.907173125001956
5.635205793801502
5.401898730036306
8.718619070316072
7.50025605823126
8.659499310594864
6.1323758987852734
6.267241609368149
4.324698942927801
3.4917269422355903
3.165450887862129
9.105075469623246
3.5006170448384437
6.888331096454734
6.496995305839765
6.591734327814146
7.474082924576987
2.9248006393906456
3.5822468169355717
4.048977553399532
7.919405227057481
6.927469805471103
9.940027875209312
3.4364756987172744
5.4726504302578896
3.92485873086345
5.043756054347055
7.813063042481399
8.564996140213262
4.205826289982665
4.993743798489788
3.3159754673015405
6.432284004791334
4.020261390159064
6.395479236619578
4.027732820662498
8.528579159206707
8.854189110529965
6.1327735221763495
6.958705049824856
6.5178822896975595
10.324073571137868
4.86642687745861
17.814428474505643
5.214114476144029
6.178161783454719
7.152266000169994
8.439007544541504
5.502096325466763
7.7346878374635155
6.165682254112753
9.071383668824899
10.918501151512784
9.568363318645023
6.287112070437091
5.153246022209205
7.454837682845242
