5.146436950217023
3.7717658342367915
2.6292680057119826
5.944468348226157
8.942306673011272
6.21797838054712
6.421946238771103
8.304964557916469
4.866942878951967
4.452524033169315
8.275656483447277
5.68601293417281
11.176022517095912
5.993135555256066
6.121289677138539
4.899861180368022
6.761951256781207
1.5610687394667992
5.483732129768825
2.1727955787546795
2.690550890060496
5.81113854894146
5.6935710858415085
3.599266419023707
5.366516125190949
4.187072854391594
7.398813420722521
5.610768557294475
6.172217682857921
3.6696554529072674
6.971376623171394
5.807794541457808
1.4441095718455694
5.272399530837659
4.689168278151051
7.146322786597522
6.6097194954755105
4.9975810740065345
7.674975047516592
6.535589045545218
3.082356170411831
6.2494127168779885
6.32416135344577
5.266534843643048
4.780302170872903
6.157455264454137
2.2270498507964334
4.699984052644014
3.650214406738264
6.191425965859617
6.858387698746595
9.59962620154269
6.755651614760261
6.178690809453692
7.91642623455784
5.828483299981954
5.434221927798885
5.019078951016237
3.666136349535956
3.8058647724921495
3.54234641756736
5.52944135516047
8.396860068069367
7.003133208411392
4.609087874007232
5.192076863240036
7.7476976053817115
6.974323584780287
7.247679677349421
6.397798950372393
6.688218126254427
7.64893697094378
7.050826104030357
6.490778235554404
10.690762440035291
2.662789787533557
7.3608643639370985
7.893442229249649
5.875318975213542
5.2729645407387675
6.174677696572918
6.102443270028099
8.285452629643986
5.70140316898159
8.587590596576
5.64846735709625
5.207095571597291
6.416137721894578
6.241116431714946
5.647422518594989
4.055888124209822
-3.4731784741270997
5.046762407337643
5.534205925471617
6.323750177813486
4.5454842058627625
4.00831403039068
5.876557174756631
7.882571900011661
5.109195818765921
4.569367252448768
8.349484891095367
4.38596863647714
5.630038180192803
5.268779017490111
6.737846629379565
6.555389533702422
6.818107328868652
6.772216754789579
5.538608023013321
6.620852630974424
5.80189807654833
4.712222012067354
7.465271448241061
6.359818329742736
3.623218699365106
4.600274240851324
3.8765587145312153
5.243782910368864
4.801331667074715
4.329576659236399
4.477985758348911
0.600469389293362
8.912894645835081
6.7759338530770865
0.9347287666279391
4.718127023345432
4.784244398289609
6.317860134032459
6.0817498897785045
5.896226574034287
5.928937979088114
9.13522531196401
4.548367866585914
9.695514845201723
6.936372976556207
5.155878319662393
3.4835086736398737
6.677127216938965
4.253629252675502
5.880012976757616
5.060206761469953
5.709326834667412
7.704267701913328
4.71194934320654
7.654475387406247
5.701996356928855
4.976143284371154
6.742998279425751
5.201948901684988
3.3027054801587585
6.074639691772788
3.880938933561986
-5.051073849661995
6.969382987092215
6.225458908830119
4.714117239581916
5.235568080922742
6.450849063265994
5.952613810244422
5.223274485687834
4.523214535144873
6.797466013260385
5.967460630703177
6.8865550153227515
8.298332072441998
8.403422509935933
8.217656579791239
10.689102421065252
7.796917141432573
8.451536755050945
9.14811483471118
7.6188320025723915
8.352851604856276
8.023909552410876
7.988729542437577
7.899307495387631
8.688366031067705
8.403182635431735
7.526011760968485
7.824080590548625
5.1490185293983375
8.290998206608059
7.888302537629238
9.068196825073343
9.112374476221296
9.194599706996794
8.155145407899663
8.448498625943374
7.372114644758994
9.104418873819053
6.924333062975196
7.923470701829175
7.064654551327612
7.236349004147402
4.414353957032365
9.98942167286669
5.719215056849308
10.714553536138865
7.536083613674413
8.98613740181718
5.123053228679008
17.23485312393569
12.486779322825363
6.848437514560562
3.4885455114100963
5.565297164569911
5.320206737370822
6.440136750073263
7.8590368332272185
7.881360333769183
9.207969937127794
6.70089138961472
11.370393806310581
8.291119632734329
7.726479935864114
7.766595908862884
7.565949560093876
7.77358381070551
7.973889513575668
9.11408722901028
10.459595647134234
9.208550304935336
7.576778246009305
7.941561870159472
8.85125249854396
8.719440036356861
8.565460609309296
8.924366497323454
9.018882190864677
4.804552196445386
8.107557717528666
7.918128431209038
7.340567084377248
9.540408030584885
8.379972090663548
8.0415820887143
8.309069163585704
8.374365217732745
9.899715681606668
8.124376314202877
11.672170144884316
10.58304164807635
7.729358042276548
5.399623301895198
7.942626400342902
8.536509431670048
4.571758772607392
15.81690145429657
7.393651480605201
7.112204694778294
5.620941688313273
7.380316478642249
9.019268058794804
8.274508731625211
9.269851470859852
9.424083719669227
5.7428477284086865
7.6789643937326995
7.673562497803035
9.905453779113813
7.801681556756204
7.961896953913549
7.933631153361449
6.590039689204289
6.852389945979668
6.168873061324154
8.073652133585611
3.4071962425164397
5.05852719894499
12.332411714107964
5.801253791120935
5.08672767401785
8.79396847579528
8.644866223758335
8.042031476796687
5.490688463438281
11.07249431825965
9.549930865342894
7.713779542658963
5.264955234027605
4.4082478027298
8.83622094487349
9.556896944761283
8.103387375595288
9.445373130516014
6.478395804197613
8.525013295902866
9.174457041035591
4.4446239739925275
8.067196494500127
6.812150929333689
4.85018475664506
7.764849311144119
7.38014848348582
8.163354020960622
7.934184634822712
9.253739760518476
8.384206774127342
7.642059561578012
10.693471359173358
6.708476836291789
8.302722947924375
8.892588134882466
9.012824133443491
8.156925998290028
9.011369721071004
7.518188055309203
6.023536698907891
8.381254966719414
9.170193367946574
6.082190751848381
8.31036827930754
5.285004124878757
8.459661140765329
8.859414836262346
4.2151339301851865
5.811143460585159
7.569554993894819
8.171096603077421
4.794443271704403
8.211658318540765
9.189545838043351
6.994447326257692
9.347619501343123
10.486979194282727
11.638796403382095
9.736664383888586
10.042972586584174
10.24490609751665
10.84813287819631
8.866567129941586
10.255271727365663
8.148574115144616
5.0141903409928625
4.224729665191664
5.4326437892575985
4.843852282380218
5.4645949600456865
6.234271129977804
8.125844282464548
7.0516557476645065
6.71311386880081
5.774192201227326
5.935743902891033
5.834693961023305
8.350468488007644
3.431031320696109
3.1372994028690733
7.8361184207426104
4.562413746013488
7.874707808770483
6.561589135502796
7.151704432548648
6.279913368973849
4.608319049986861
6.466367694599009
8.629592372341715
7.877129136236343
7.80452567560258
8.102412071081936
8.298086644796367
7.3186911503204835
7.569413598967858
8.788642605688961
8.102703866868131
9.085949906694939
10.221302463436839
7.64490543514642
5.412777792607651
5.341159069715643
8.802168677817255
8.71110006327541
4.722678917103288
8.169716999725496
6.504864428593193
3.43508736104004
7.796475516225168
6.2984062885892325
7.524301354989498
4.462225351292977
5.300261863676112
7.9302576492836545
3.799806684677937
4.245274188372954
5.950480936115805
7.356625905167677
4.657607502672362
6.672815129897404
4.338261763131374
5.533776653770485
3.543687451515848
5.365858413436003
4.251924012555122
6.093233425392083
3.9962581772985897
2.645704613433211
4.165262844262595
8.346413213728853
5.002824503767761
5.961678979670372
5.408077089188333
5.186708303881025
5.6119343197631695
7.236972339309136
3.6573105388848197
6.978540685653497
4.802621597771285
8.700554346538912
5.781351313613074
7.80773953053143
4.67946459434837
5.831661971020139
7.518387217524595
9.56421347171156
6.730775936520209
8.675113120457874
7.757116845768932
7.355464393625563
7.03027655333523
5.226025379749051
6.649115709570045
6.011087168600062
9.079970166677176
8.194069636126386
4.813102242769983
3.0050672022960825
6.823649359524725
6.200415197370341
4.852884301392554
3.9322339110132183
4.129008070242893
6.041841900969732
4.218089552641468
5.04026195603073
5.732164424526554
5.7571208157212155
5.162463935809472
9.013813111830986
4.946172037691287
8.342962389072415
8.082494869940307
7.928372612111662
5.9924646328063425
5.642512744119743
7.659647304292928
8.087411173577431
4.262607742900431
6.747436341465237
4.7840354825461695
6.60763346175594
4.643598179385072
6.426250071150195
5.035947029073716
5.017198443386098
3.9593561873718897
7.9880509789258225
6.180995101323061
5.846188903271109
6.490648617694195
6.777299561888576
6.976401428991176
3.845464397997726
5.9641881241663155
8.274324107969262
7.736021223090595
7.804999981010068
4.815902903203744
3.7169681322396784
1.0455301023565884
3.8894612013598295
-2.1965148239075605
5.106412336069509
5.8425206671734795
5.238740443646871
3.896338448507937
7.1281423805682405
5.8532432874663884
6.397701676360082
7.014700844058911
7.127778289396021
6.362921463891432
5.458108689850794
4.457472657826814
7.388398679571726
5.9170558352101965
8.33983667803073
3.837190674248081
6.523923598755392
1.8247812784907436
3.4773251670966
4.017076297017767
5.502037058713867
4.440132126681069
2.564228826285864
2.9426195300763625
7.70379956019612
7.625067781958798
7.222633146207968
5.203597041924732
4.835649222409297
9.190552309818932
4.994401345252967
9.014075472258412
4.630217359470376
5.812470541819525
6.225169448564304
6.0041076425614825
7.554236459266642
8.07689945587522
5.841102294010916
7.693413734649653
7.47980276979602
7.244473213933441
14.41226938821533
6.837575632836003
4.19631256552149
4.87452615624403
0.6960004221944478
3.4835961702977913
4.615637066345053
5.839001745156539
5.311509486240779
7.012216928942406
6.721086843687402
4.6582121876375515
6.308041826011876
10.342849670769535
6.835986228041178
7.548621742551977
4.777957331121192
7.5374826021368735
4.866453207929419
3.412066802838507
5.178889728030386
4.683657129761783
4.98549721849676
5.303394509554858
7.500661422806331
5.884486971327765
5.32496328400589
6.1407533006724195
6.115565764756273
6.489128240749138
5.2868302227183985
4.581406495338346
6.413604467191752
7.680453185705221
5.682943368835874
5.554320199718896
5.950326273449242
5.381828539809725
7.480737897653127
4.873420245216589
8.191410905133623
8.112705131087875
10.180854115481962
7.119834687786493
5.709102214339196
6.950684964153276
5.595400870625226
4.922766060383337
5.123229068681157
10.933200999686338
2.898317668432142
4.5769984811435025
5.653279853585049
5.704709934310298
9.35998163882217
3.532266333810108
3.775222459091156
8.742593137418378
3.7891419282932057
3.74296010357836
5.743145782559436
3.4170338604495862
5.7304105925840245
4.713809041815365
5.6257050610810175
4.120331656065014
7.07214558608956
5.0985339587383365
2.418509516477488
5.044661435738066
4.922117184659478
2.2841021903170957
5.198798211058293
4.443305135342299
9.833238412174548
10.0280112327534
6.649684972967801
8.586160959111417
8.427792822337901
8.027589633440625
8.170485229351737
7.994223582274748
7.7529891884447775
8.987679272110931
9.384682522628546
4.67663992819598
6.27658778339027
3.6494562140872144
4.782089530119841
5.540800282655498
3.087879650859166
6.058382030546754
5.766089092695008
4.7367281061829605
6.598139820056865
7.064440182517074
4.150951260029376
4.6202166794896815
6.89912486317219
4.694233699707892
6.1197993042177385
5.464804864349013
3.536203077662101
4.9429654866569255
1.5403717012075497
4.009562096072418
5.375772275994329
5.977878864427035
4.344588917629034
5.1589921931930505
5.90636549136702
4.890645957827267
5.327197396468118
6.138417607748209
8.946670652136564
7.803978109614631
6.916093894884321
5.9599280343048004
5.5201677410711065
5.262276041557304
4.875945497593669
5.460306074058752
4.152034278393193
7.524047606826406
9.363106670634007
5.7611974359552205
-4.351520518244566
4.40399220388521
6.420108589167015
7.775789479712667
5.696297829799017
6.117220121595692
7.508166484915682
5.405417980139296
4.958609523334373
6.727535399246106
3.7673963279129343
5.848754124166282
3.0717227041142237
4.798745910245633
4.875340303273215
7.839922717273581
5.595620412412837
7.03266859728664
6.30743171526116
5.282750991288705
6.688990440473058
6.333783844695111
3.187412306426145
8.536504638917817
6.579640119451976
5.178313975857766
6.8093394799252955
6.11159930172748
5.816210396822385
7.8237337962436255
6.14013774985894
3.6990811404720794
5.242088319388398
6.952261885557826
8.166632517717554
5.176827647629104
5.57614377773511
3.0461896394104646
5.699615450330819
7.718202430378323
5.433307726405633
1.6213050446182344
5.201859906152849
7.266498277430342
4.556498077371307
6.25637008310795
6.011418753057949
5.569947015376946
5.441598897606811
7.028001377219628
5.1547002693631345
4.270106985255467
4.288971048777101
3.613551631790825
7.076415180523775
4.301832830029965
7.980028744092102
7.424439029007711
8.000894491457707
5.526421275578072
9.407651613129055
4.90193050414004
7.997092543434144
5.382460731287525
8.518612958202691
7.5970093904738265
3.690999944139675
6.73710727954133
6.89366906797666
9.017018628169694
3.194014924719216
3.7799559179151228
8.170508996009724
4.920783303104064
8.992116586763265
6.314217006969905
3.834811432110899
5.320752590833302
7.609768278831648
7.822860664960814
4.62408170682153
4.418662458840489
4.583968459527441
9.325248008146705
5.8343287781210185
2.7151611210700173
7.16944234672312
7.128931440843155
7.171969754378687
4.584866509036052
8.66260075088072
7.516597345503029
4.821522159679439
4.881774846222829
7.448500362015785
8.24207666811341
7.81392938885599
9.188089073228499
8.110508457450724
8.402985317281646
8.729477942784538
8.158939605731907
8.887418823091817
8.701818860889043
8.914804923440094
8.39754552713378
3.9035630435590227
7.047226038539941
4.670128511837006
5.390965411287032
6.115466418422524
2.9317593124333365
6.570523217693883
4.0248882127594285
8.679417387827733
8.197045205837183
9.43869140200925
8.690750553841184
8.224864701174578
8.649737801041006
9.336234957752273
7.800008922442201
7.988543716091527
8.801791422925124
8.405901209931468
9.02825716331174
8.07315173975243
8.639498130290775
9.690628268043989
9.655804898055463
8.275634744609128
5.2449646957993385
6.267106411434323
6.399286046452919
7.122164119420898
10.777117919752488
8.228762683797287
3.1262674695077504
6.881011673438041
8.199761870053692
7.21074499305044
6.561165924548379
5.612986990441291
0.47112462880555345
3.2745659145425132
8.1269408451797
6.164521081118176
8.33750065606634
10.570802968948634
8.295781990308358
8.4597942989892
5.382566871595563
8.286193167180938
11.476545046275403
2.0946597298384693
4.129956469279683
5.5988025063649545
1.9151712429357357
5.193119439066544
5.406970738295781
6.212330725914903
6.041634356514569
5.635933099806703
4.865848963862903
8.02608660133346
8.727369787120764
9.262320691699829
8.718668758689091
4.194415164988299
7.468444914474042
5.315852005112866
6.155822470944867
6.913092252736889
7.592500498444251
7.9588366281631835
5.4674761191655765
6.20035546888649
4.1124252563380885
6.929476959347348
5.486675198688534
6.608645863128804
7.646619581332719
7.906130006302386
8.879457578705974
7.289623438979628
4.283849561860672
4.6426104416345755
8.152932723143284
6.509844688763444
6.861602380836854
4.84769074142446
5.106194935175281
7.678370749173895
2.5944103201902813
14.79290265697382
3.9990318027859493
6.788320530960407
5.544790714783085
-0.37294769232220687
6.743324395362706
6.233201060442077
7.428693097209407
6.9214884424362495
6.879634402873787
6.670795717327151
7.579973262809203
5.158274489862116
4.9929804986424005
6.8266784590176925
6.8996416830158696
7.475989860559062
5.990033368057652
6.94608216261601
7.735049751558291
7.27942414387803
4.2454937623488656
4.710960797053172
5.482220842465228
4.497594776720822
3.7414153158262984
32.77091739407573
5.078069639872967
5.499953275786807
7.849922276167762
4.066289666622299
4.607975840593953
3.8291847890238135
5.184403350993109
5.328088334314328
4.9613442290540934
6.68113384727199
5.174830362560965
6.637433176385952
6.37674658645568
5.531226257216306
5.2353476704029465
5.393111910125094
8.249561232460824
8.746526355736075
6.195627682460073
4.401122580680032
6.070269146715884
5.4160493853763905
7.835782717098409
3.5200580372616748
4.524444252171082
6.524630874429174
5.36942733745219
5.947766795539143
7.744734515460914
7.905094452061325
3.5011258538326553
4.167443580761409
8.162318017566966
5.996821883826279
7.515645707138042
7.356994314763692
3.853820234231752
0.8845961560524954
5.786313487939723
8.48842296499016
5.9549984219333245
6.9972717499240185
2.0199276751110284
7.404545848828094
6.053326301176613
5.235006407624366
7.609501173759349
5.648130956067726
4.510169477327603
6.023262795599531
5.669891621484278
6.617147980751313
4.917516944276854
8.110880308655704
7.598549468170106
9.273566461563714
7.397474516113188
5.681232497181911
7.395157322337475
6.76830652546187
8.611815481805143
4.778776744058995
10.718259177130383
5.195913799638339
5.0954200064582835
7.197837301632134
4.660888761006221
5.4272619533269815
7.329423004765223
6.4428766914659334
4.431512943355735
3.8811925780208534
8.097019300183705
8.20335050723665
8.2457840936352
7.323196943752095
5.5714372593759665
5.760030900413307
6.238211170376365
9.477681360040297
10.699892753009063
6.437337422254852
6.922496454392425
4.247553148024387
7.260786558460298
6.268034495524793
6.169119694646728
5.35452211616602
5.553363610771326
6.572514858719481
11.180948993042527
3.6895818019635755
6.877542251344659
7.034655552522075
6.4176302640804614
7.496650691820784
5.370172257802944
8.574378394719151
4.762563455612627
4.874871402233613
5.263570200118157
5.999647679996196
5.457186472148699
5.721424545555006
4.37156851268609
5.920317219046501
6.69239130625907
5.475570440665452
5.916403639921179
5.5863024225384645
6.131334737188398
7.21842587272597
3.4774335750637033
6.771462606998149
5.19781014077508
5.3120171454724545
8.43563079412273
6.542976197771239
6.442414476561572
8.687656410998395
6.953305743569664
4.941547583317346
6.839485129816232
9.34028747748015
5.711990392685255
5.116070664028393
6.607729140774426
5.963615279476964
2.8510129534827344
6.3201859613199085
8.480872496951399
9.83649149300895
7.5877972968038305
5.224460982598916
5.224987814186545
7.117648396951873
3.000380064074184
7.2343930108441725
7.064318008706879
4.486829702648499
7.05593271697767
4.915426626896574
4.880549954028558
8.715026579618513
5.551525540623259
5.8439163553168045
5.305337412017403
6.298170666299046
4.7016155352245566
6.553092065249331
6.093644446365718
5.094849253383445
7.1644431617058855
7.4546299242526946
6.775401710002129
7.3126144584069115
9.648540478067217
7.283964878128433
6.251170911742878
7.854415097974998
6.916755021251977
7.296296519420204
10.097650614992357
5.262239058444772
7.973265088577644
4.321446590605777
6.284206480943255
9.382606738997204
14.279248624838266
7.845246506311167
13.562221288299106
4.5323125991243005
7.083182524842099
4.27530549417593
8.846384785245359
5.231004636068845
7.796362289351771
5.646532748240075
4.629542278287199
8.109348925461322
6.58500623723311
9.733645180094964
7.847519798998573
7.3801684706196315
4.169532085065336
12.867553995874774
7.945815141406635
9.160942451877514
7.996861285768813
10.510770739417032
7.258010789912285
5.542829779680661
5.421848302032252
4.019974236875571
7.284272322103332
10.709989596559318
8.133004116483363
2.8935928560195205
5.713235028856872
5.035183285091033
4.366066148091429
6.419789319503023
7.34771074897059
6.44808811159092
4.1228131801444325
7.127024981309368
6.892530665636925
7.87859472863217
7.93467367552951
9.215530884584505
8.314813540216342
7.2165088912392665
6.713419784031667
8.520335691488613
5.838735554411758
7.528380409429977
8.3307411006879
5.166940229442653
3.6836093557183758
7.236491689116139
4.865512074689287
4.092487024282076
8.777056699141939
5.48921447138698
5.302591923089164
5.961526662404796
5.414139151784998
6.2634443641191515
7.971736824369383
7.328481662401545
7.033205187177786
5.447184432695318
9.026958258538901
5.836937082188373
6.628367089235583
4.4453818735566
9.59732495688058
5.080435046583337
8.346618390156891
2.5156573168312732
6.682948428669165
7.087126689356924
5.187725215708802
4.726218866757564
6.362124435078066
7.1127471621047
4.197901895089724
5.389590991836471
7.097869678209815
7.345457289205759
5.355095451470806
7.405177202020489
6.603794568873213
10.130899374004915
9.027400028167026
8.942986899084904
8.245171855134368
8.260083443025657
5.266670649176463
6.939182480137202
4.827091500086439
7.116662104942466
4.050729763118418
10.506540285333461
6.538754123804304
7.623891809393195
0.8755519784358383
4.8143528334458585
8.658005521363966
9.100830755257881
4.186757799225374
6.207734568109343
7.311473507053035
7.834897616910762
8.86654004812732
7.318802100954491
7.950555936749354
5.516278758287207
7.246879544620477
7.908782719128201
5.266598830160549
10.149591484410763
3.958959364932711
14.099721628835127
5.6501363850721145
7.527754446331412
7.588318082781977
7.777561254815566
7.723925913909032
7.342671603210366
5.6797379289945535
3.2942535518111016
4.663117356431222
7.651327151692636
3.7897190258247946
5.363325109099379
3.955503945571991
4.245235495603756
5.135223824744889
6.079191348989866
3.370747995139396
9.598362820490765
5.460641678834817
7.491016331412019
5.611768332242799
6.185059642653135
7.23335399690932
5.52033722276669
7.323207769300545
10.07826714466054
9.586119531622481
9.64256714758703
9.874230134534756
11.075529242670761
7.291091499300966
3.7028500567311418
7.817752252248877
7.4408304396377325
4.823460831359494
8.89063485031401
8.768317423077738
3.877215360157475
6.026096885598306
5.441244106409313
7.840019100945424
4.684367646761066
6.766653946620062
3.7524649153580025
6.0182778688810785
8.351857459024991
5.0169996714283815
6.959697978025736
5.872964061031898
6.641774974110851
6.649219358860932
5.6077702821165865
6.757559755190028
5.447103547827604
7.0022259401039735
4.853241615780361
8.70531627499201
5.757431849751045
4.1332862269393384
4.697191807648643
6.12896395120342
5.5627907776224434
6.624561431866866
5.689160355574366
6.165327406890646
9.740214139151457
6.11811357616988
7.2624512502994465
7.232188414657757
6.633203813503584
6.484494296571043
6.435443328635496
7.075512774380508
7.508538529352164
5.889865611123305
4.6595978551437005
4.814952400522506
7.986840915803336
7.741572210885141
7.019459634525535
8.678883280395777
8.179588915781235
6.352291903700551
3.2034840902210044
4.918413947286029
5.851479881946441
5.283404669908457
4.400724399099195
3.122234206016393
4.839442469722861
4.927721316040073
4.381817049942848
7.437224667406925
4.263025406044655
5.396843419159055
2.3078012190501034
2.404905012366769
5.456454327236631
13.789124348955491
8.40422428127644
4.341944475586507
5.732418812333602
5.863040494131121
2.928506021155025
4.042597138871238
10.345128706565236
9.898229278218
4.518903553622559
6.101604638451562
3.782207001749767
4.79719983955487
6.385135700066147
8.081174023091464
5.578050458786022
3.99109681842826
4.940404906442408
3.324708424513283
8.277123257358936
3.6770737640700033
5.181992706218081
7.798724951403867
6.179890884496293
2.839183319574812
4.936966875164554
4.804175331967606
5.4766898373093085
6.688958687506435
5.453230604140021
5.0950381121811095
5.753693406973354
5.501684090411578
6.1840047160440035
5.364527826524499
4.167375105166094
3.396152943862747
7.246914263210272
4.630442511520027
5.200513415226713
7.438493961485157
3.440403511540498
3.893288263499705
12.792195363977811
3.887004209582704
10.133987097901255
5.383082954049958
3.660222219251173
11.25472656665581
6.0453457353704145
5.387311928406975
5.1471118977821995
5.610367440293477
6.42816003020661
5.860135551571607
7.856727934231817
6.253734363990854
7.64491950561133
7.100844494270958
4.974547425098529
7.532845097573307
5.45449087432673
9.88850275508767
3.262335780987951
7.162403894341039
4.272602512793098
7.0694218687652794
7.1379997352396245
7.9837867988394375
4.638189785118381
5.834654826611989
7.530160180589372
6.629159630380162
6.901159784106983
5.433659973199072
5.774265391834755
4.112959719044968
3.489051647056771
5.83711623427129
4.822341508388322
5.07783055381707
5.355119756343088
4.969351214423932
8.000353950173764
5.519653395247131
3.6919768009334675
3.6239342258215923
8.407518007050356
5.065475720264838
6.171253267691172
4.769863297004335
5.669429570794154
6.171096404705755
3.4883590136914817
8.395147133693515
6.5343473094726665
9.036641336741607
5.940473705297865
5.176716759249426
5.30462004355762
3.211271113029795
6.627587825777601
8.102434411577363
5.473289216840646
3.6819552661540724
7.011842754559744
6.766242541453382
6.345597878928951
7.005251381667925
6.980434233984615
6.712188398040029
7.802062884111202
6.634238804416361
6.776705455946665
4.987508347687899
7.604836566215628
5.644605861562447
3.7527025637143656
6.846464353213277
10.470430581563312
4.482503490533366
8.883863596456681
6.253581446193019
2.769122948981924
2.8990651496033752
6.686564115149473
9.641562298918386
5.620529504867079
3.2275286535187586
4.34940714054035
4.375939065244036
6.658815755166597
7.030671196953655
8.815632084466372
6.000064973205422
7.451223142023759
5.740648256566944
5.562049120749531
5.763688806198877
6.267304193034595
8.393389699894653
7.032716621837681
7.036540110552449
5.355356536041644
5.150688125478273
4.09547788839226
4.759664408498367
9.080250735826935
8.398493017297394
7.1416720177642095
7.799884508427717
6.59271687945639
9.30225949501006
8.88938359416277
8.879228688522517
4.213511643203453
5.650319026980971
5.001819891516362
7.408122311678092
7.337718564056514
5.139770404111021
5.324674764643346
7.778615900932722
7.881168655014845
9.699482349809678
7.207352285689099
4.790370064960239
5.447666776130579
4.821304661777265
8.221710761674254
6.690765147447611
6.575738109490866
7.30728905065774
5.484048814379307
8.093961746732159
5.12239129884451
7.4082191679993485
6.514223232574709
5.475260617412844
7.830750124530373
6.3466609624464585
5.774199694126101
7.806854150951275
6.0800200316462245
6.143557802419723
5.506103455604921
6.435645294104926
5.83753565978599
7.090644068119107
6.945866206077822
5.50226541240794
4.681652079992592
5.848130334749986
5.95072314076493
6.010856288567882
5.384979810782481
5.239720636499886
6.116379424395132
6.694039612397084
5.118316882549762
8.25662337691465
5.116202727054173
7.951796592862701
5.717891222451337
6.795711848535624
3.233440662044557
6.0523374163577435
8.136544323871947
6.9869561544906675
8.83471756589224
8.568542739545345
4.007568112159446
7.945841282578635
6.216236000699101
5.296329339963714
6.6337296407156865
7.613761398709869
8.215878560852941
7.546877554176913
9.059060799282397
8.073899881059528
3.5802737270728238
4.366946638076583
4.339998071340005
3.599931089998428
8.279139274977156
6.144116367762325
9.068752508308794
9.414254999529316
8.460452079118667
8.951657785404297
8.34524844277802
5.760423797699412
5.425027405293687
4.83753566823305
7.967949810435067
5.927189279336344
7.046314589664196
7.127804353629085
5.379660497144289
6.133971075329814
6.705533380144301
6.187689479773502
4.347862185201321
7.864482180321142
13.828526093964154
5.807347989791444
6.247453997620225
7.4405454083203395
3.6796357574164444
5.49651484427769
6.909716670761302
5.027796278823788
4.7449006815764685
7.883247999163892
5.213626383106821
4.46821034639671
4.325559280758998
5.663897681941697
5.524054857634232
5.220112935732248
4.9329958824309115
4.955325404289541
8.183770545598401
8.61916619966043
7.926866377433526
8.97593382106828
7.990742467460528
8.085860983480888
5.370368469715572
8.519893277991798
4.758695142351823
5.27340728249421
4.621221915297506
6.530240297001357
6.91127395590665
5.726369092679212
3.7001654684433034
6.505609042844481
6.738403307294518
8.014850142041961
5.157857413242567
8.029934526440925
4.900219748742479
7.151114252925819
6.019466036243062
4.2846691558786105
6.360737194786396
8.054578196676315
4.917204257950842
4.773230441757911
5.789173428208301
5.906902635928931
7.009504298336438
10.164049464984132
4.125264057877482
5.020509324937821
4.509132303877899
5.0819891770189045
6.06350339245077
8.880299616030689
6.045074696629378
2.0207039476141566
4.924763466992133
4.238667393686636
4.452638065568657
4.844005609502226
2.372905008055119
5.405206061213073
6.424659672503988
7.954712289428804
6.6842032032423075
6.973694835036862
3.766242473972861
6.728125340194017
9.055568885473114
4.428873872711568
5.93941798941651
8.173282133765344
7.641308505335944
8.47113077000703
7.256426388505906
7.982803040004461
6.598934753451886
8.867594660398026
5.388890210884997
8.090677437854538
4.732431648772387
7.741725535422415
6.979834698650924
5.4000999357906565
4.8234211417104484
5.776109752364476
3.7479318828650854
6.387614897759844
5.627819858248811
3.355513905407327
6.114027526152207
2.3522872498939384
9.384043156016483
9.62501090718705
5.227001345517992
6.940145498822485
6.387189649972678
10.971384396395635
5.743446157352383
7.396066316295901
5.8728932136687675
8.509793200662997
8.072097513469274
4.954246164641298
7.573521458623404
5.422068473255135
3.2152712489996644
7.635425922913221
5.752052533830263
4.965718619536759
9.345702910221313
6.757797457598137
7.340512270911492
9.065748732604629
8.43591197392658
3.491345493471747
8.116098263407148
2.9005313110117656
4.660662289557299
8.006126462292467
4.313394040014539
7.726393546626382
5.762039274865433
6.45596842293744
4.017448543552408
6.157749925862333
5.875419861698093
6.813400570042914
5.901962215742843
4.882210817724203
7.127370323377519
6.290231946873294
9.096175234275035
6.02411531794024
6.06484887832278
7.07608560661945
5.876967789014326
6.087673479911669
6.544237866480156
6.057631910686616
4.225022601109545
2.905583544049419
7.201747318594235
6.330618669891838
6.179416232967349
7.681647212948622
4.818396208730991
8.799642128109607
9.014536098088772
9.342989444394636
8.181058346143463
3.819050965794365
4.611461741384941
4.6447464127059135
9.358316202662463
4.822838461874701
5.051610575098253
4.084941301771354
7.672893834407408
6.697681377635313
4.696304275183565
7.3708725291135115
8.023841930293413
6.3470295624087525
9.33902879358187
8.298801538581586
7.628544521632711
8.283989546902397
8.943994521928893
6.901117511379387
8.947039962303228
7.836640117689628
9.329073787870684
6.588083250246822
5.033927513504023
5.650655556727658
8.663766011432074
6.513509122094774
7.801656096854556
6.548840778607122
7.837603725471194
8.789595269149382
7.022512463492754
7.444401997039041
4.5744713501436
7.393032712765242
8.016883122208228
1.2154663230385003
6.98677022552535
4.43469069643322
5.5724117178363874
7.722587214026159
5.847637079848307
9.28513217668951
7.355414364229128
3.7918142875304675
5.416897844325074
4.865430686103273
2.1390263344912785
0.7231502173504423
8.057888478499333
4.1062311514685605
9.68446024178181
5.434877708326543
4.761803339939746
7.459642728728246
5.474380400030549
7.8728253653400255
5.366590006824083
6.610569760783586
4.995163533648706
7.961460859091915
6.723783651993173
5.3845003055732565
8.374428799059832
4.0067635212204795
6.901458780633333
6.482413676500056
9.27522394609252
6.6830409254185765
4.632212925853835
5.2355074405947555
5.410918699577481
4.944224997980023
6.571535999032447
6.4059319678853575
7.4267082662561785
6.240897492744096
5.716436202185348
8.97444737348491
4.961058992429239
4.943671618394388
6.5538398689714485
5.938170404433925
6.298966846628972
4.8487969130270585
7.283518671035124
7.918194657307944
7.606932859483898
4.905982238436437
3.8444873314054675
7.062460669428202
3.759390683748683
5.752736938679329
5.691985002740613
2.8365930791106786
6.299470296267159
6.647810168718777
7.423757960325472
6.984422300728045
5.495211138160829
5.681008678198438
3.495358946017277
6.050403910265058
7.0936982052594395
7.446972996949967
2.8214628471249092
7.387155555800378
8.72566149924982
5.284844646204158
5.378424057244594
4.287673284718892
5.958682526357115
5.41642913156961
4.787824406939943
4.932152951375094
6.728115366922905
7.8335100239954505
9.459629409213543
7.029445719934664
5.495020564503934
10.319614830990494
5.661165267275687
5.0250983183957105
3.507678587642671
7.2371550311339865
5.327680542660688
5.189619328515745
4.676472543541524
4.390276801879429
3.7040406011442104
5.5299714385070695
6.613014217885834
5.203059489846652
7.468865331854683
5.185993955958685
6.406258817349062
8.224429993178342
8.386388710080308
9.215618413382867
7.005355334582338
5.3928767609101005
7.137834579525391
6.558535653384881
8.07421198727099
6.701943463402376
6.627191119585217
6.879164234508301
7.4209945427332435
6.129445851109691
5.936860932364789
7.136061069748148
5.085473310334178
6.337774365014278
7.173622824352101
4.624563127113403
8.153308950326824
7.396054962356277
3.578770235529445
5.764828231167953
9.962686669178455
7.104174525429153
7.001375416587314
4.490570367605409
5.162680326717677
5.288423896090626
7.283203136272623
7.014975529808285
3.4866110735134077
5.903502792674906
5.0298309904622585
5.237506241146645
4.19675760195147
7.4316696711309564
5.085569878000369
7.105893312229469
5.484510707983535
5.115448140015387
4.4154837082621965
3.915730117072898
4.282595244461039
7.239601124919298
6.601479268566983
6.304094413167991
7.65436716768361
6.6293070068009525
5.403055419669274
7.5205092825442055
7.522784654283959
5.955412954722492
8.217298823891483
7.490632443604668
7.197259233281409
4.309516025947085
6.533311084166408
9.56057520479081
9.622430219775213
8.51557569851315
7.39064671416025
5.556872693200819
7.110029147456143
6.52456876918707
7.722055867079719
3.1189233357551287
5.087316340916682
4.434593969655114
6.233949780843006
5.123187372330047
8.022525865590884
6.62382771092153
5.810989158060609
7.656357385175045
4.992623612729908
4.301607500733054
3.7041533675687375
3.888956641025477
4.449327700346397
7.828719973089033
5.392754497719908
6.89134409453175
8.379297710900076
3.390605681225545
8.950950503560101
5.94679238354207
6.344167457690782
8.330315101293934
5.9388457741786995
6.651207671857143
7.1437381895032175
5.142441167753723
6.483563814438798
5.569420661123956
5.903821190225015
5.049625095406684
7.221182657498131
4.990020855881699
5.725108406317711
5.3004820155202665
4.966342445745793
6.804668570135875
6.806188291755971
6.339070989631078
8.587933071531769
7.515041122904439
5.412712151165365
5.6925234992305676
5.89931503442756
8.038128581509783
4.960706876247148
5.510533869142725
7.083339354103941
6.921647324901639
5.416568763745768
7.825185640836526
4.761026807563222
2.655021621633746
6.643312861916748
4.170293867248846
5.806632248268745
4.252825629976332
5.979105319304261
6.3692796761406125
10.503354483544566
5.277943277038898
5.123760017010962
5.323071236802482
6.693531123871338
7.01725539835598
4.799490230181457
5.717728145658913
6.648609947379544
6.192047180204282
7.18824894956629
4.865156420791013
5.219038072211463
7.146476922310951
8.262105291100836
4.836771692145154
7.154800460072273
6.574565930694426
5.236826570175292
5.697507059354924
5.23815999282853
7.869612469347229
6.132053245895597
7.416241127278382
7.921817737929027
4.180732993515528
4.718510850188107
4.086872423511347
3.9531931801097793
7.3053906378275215
7.537930169285875
6.849351874714339
6.8530731697737055
7.8561951395253296
5.593382659374735
5.962042148954507
4.022801659087725
6.02605973013605
6.329867993750111
6.330374536988313
4.540150429236059
4.428397677884543
6.18177512655341
2.2494575604796454
7.424304570088514
9.17820790244939
5.373106992232156
7.341815884607637
4.683115323254207
5.022367322613448
6.452432106891311
6.92242402571632
5.315027188377472
6.525815412330238
7.702319413903438
9.17201420497476
5.998066036537889
5.201149813429855
5.743558939627928
8.878192822052512
7.267868001923132
4.710551549970118
5.953863011243253
5.279987291662847
5.570333343750548
7.543583262871704
7.5176657280931565
3.3898944678149077
3.353442756610472
6.305109569995516
6.326819251239179
4.080429698611811
3.79049452384572
5.534997684503262
2.4054108457732855
6.473377410300418
7.450506719562972
7.552484548080036
4.423328024717378
5.66624397402129
4.160878547402104
7.501615944424787
6.672661861587269
4.498597672493389
3.6982173118801613
4.210841193483587
8.192065003468192
6.074393342490165
5.9017834070605115
6.877088350818521
6.773933088433
5.726566217469436
6.7014054899510205
6.787968057732925
9.661969595508928
8.014607131336472
7.709713043422023
5.7532884499187436
4.19018027728964
7.716507936951633
5.827770107425641
7.97908880681831
6.517689243677778
8.009601772483743
6.461087074434418
3.9252805884476247
5.8150862479642305
5.874915732169752
3.05761266329278
2.3365725026387625
4.335312423010681
4.747661262184317
6.396835150369056
3.842777535782362
3.547268242313737
6.037280699558217
5.9663515182552675
9.961024252708407
7.360073879209145
6.623634650499713
5.63503345163534
5.55332284121649
5.951676940775307
3.398786538000906
4.614907947052092
5.38915840525795
2.8604575034909123
5.532862435080843
8.195745786361302
6.037630573013508
5.1164368127408615
7.076553189240533
7.0769649719755
7.63277944180512
8.050224720502998
3.3957492541508785
5.269853476164412
5.924411582977417
6.32221767602211
6.204570508249895
7.958286884151816
5.681723183904958
4.707600861325268
6.54773768799396
6.093186198069509
3.7324272507735903
5.062717777346292
6.292987125600533
8.912865810361874
8.52066351928884
9.804998617881488
4.959537284208724
10.011839087390372
7.480065021373598
4.759572687447725
5.621705442938734
7.2306034483271215
7.6976531614615
7.235228747160919
6.652379495134097
7.487929729467518
5.282064339556097
5.24991907087354
6.033391077656925
4.573649187463117
6.857068828215895
6.631756824992487
9.884086487692562
6.214069774944696
7.900351244086205
6.1301284568628995
5.632835685640094
3.997544168051258
3.8810238904568783
4.605498844551106
3.7866399737250798
8.442628925575114
6.742115668009669
7.379473685022426
6.948537295176674
5.477281950515268
5.132171484457577
7.758379275803781
7.353520843791841
4.3571338287670045
8.22401637058905
5.911467023711594
7.012409205395435
6.306197335368676
9.791106519032155
4.937875555737106
5.381243887362553
6.177689720539195
5.172288855579738
6.5551749138663
5.309028818446719
5.060355017628479
7.847964404172202
6.700468794206895
4.194768671121313
7.987431692705576
16.339778393545178
5.525452665679618
5.547506159050599
4.043590054037384
5.5133547739170705
5.624381356014439
5.123453611557994
5.000350424921773
5.718671217850517
6.104818827086503
5.510227994205605
4.433482904482054
6.341210006266093
5.471434419878954
6.435416017514134
6.483367007201975
3.607451935076507
5.186142532411651
4.570908178040199
1.866655338798517
3.855665603715658
3.41369554532596
4.027905126314309
5.806698878132179
5.970103409930811
4.151752085437769
7.8951326056790885
7.621945108469207
3.77267918112122
3.4713967336963334
3.2411148261485137
5.79874526527873
5.326284549398992
4.272540815953033
5.652840036685624
6.2262497850430405
8.017173924906174
5.962575075748671
7.499570447325446
5.240621301898246
6.601354492974323
6.855725508671922
4.585864311711429
5.168063051032572
5.558487235569984
7.060346094739195
6.800421722009174
7.068920350333669
5.675928742072733
4.884853285032931
5.086431674930452
4.223817599046105
4.731072433823482
7.385504523758074
6.059070979423204
6.734113618654399
6.907268308559145
5.4157873817135345
7.703863275769914
5.355884145863974
4.034474328166537
5.538476732692367
4.607841793003357
4.5028072210240895
6.448079306109766
4.302209203373119
4.866718916134142
4.309907534290148
5.018818141536608
7.513142246129395
7.136995867808458
6.142929506095829
4.718987710005196
6.814146731280848
2.6407584579668573
5.381648910718782
4.6155597423955825
4.490366925752875
6.465182541261475
4.476703571154652
5.282095675135745
4.939284774227834
3.726372618315335
4.754886732765872
5.116839353578218
3.8661194796521805
5.596272341979674
5.22435195866882
4.202566881214822
3.690245957935089
5.768348564709533
4.293905435424591
4.23428141915772
4.47667046681653
5.150623855714648
4.345823056496808
3.757818615210066
4.545865583393398
3.866948527122376
5.514484441560726
6.443201286314861
4.411623289830062
5.471464675987628
3.8916137706339833
7.022182006396423
5.746186252240413
6.708021338431633
5.761885902626445
4.23072909920403
6.026496428359524
6.00045567285431
9.707738370456028
3.9733727113788793
6.16988097443795
5.386185360182343
6.338127926164641
4.205165756245967
5.393596489579135
6.159502300190834
6.34019322354421
5.213709904330019
3.798062273255805
6.540612370941163
7.228364683629395
6.135655010389565
2.223306557327499
5.340424583935128
7.0063129956992105
6.771657989465097
7.4510332808108375
8.502200272048803
7.415156011959194
4.9220415342183355
6.352823008540202
9.423447649407551
6.566410570782323
5.369486597779988
8.792135962994596
4.434360168419306
3.9542739012228476
3.4543233900294816
4.978886285063648
5.6825796802199715
7.1600812311405075
4.362505565940766
8.746458668423578
4.890561755986887
7.8134513710247
