3.0028672
2.5887935
2.960805
2.501474
2.2637727
2.1421723
7.704372
8.132162
3.3921115
2.7797658
3.4169688
4.2028995
2.7851381
2.4925241
2.8208866
4.3797164
4.3797164
2.2998695
2.2998695
3.2084424
2.9750042
1.769904
2.0033243
3.1392455
3.1036623
1.7016476
1.5342879
4.028964
4.334072
1.9607563
1.5034301
2.6931694
2.2083163
3.034538
3.6899524
3.2689679
3.0052876
3.2309692
3.168314
2.9503717
2.9503717
2.9590242
3.9501348
1.3650062
1.8999933
3.4251444
3.3085542
3.9132683
4.1165695
3.0097435
3.3391285
4.339703
3.1720228
2.9742594
3.2302392
1.1568673
0.7905371
3.6667461
3.6667461
2.2469442
2.3136227
2.5811555
2.284874
2.2971973
2.3956337
1.9155626
2.2117026
2.3195658
2.0425596
3.0453746
3.0453746
3.0920227
3.0920227
2.268378
2.18191
3.0242112
3.0577123
1.5925148
1.1057673
2.9946816
2.6650805
1.3013937
1.1318107
2.9877377
2.7211986
1.6345123
1.480917
0.57444966
1.2996918
2.972331
2.1237016
2.2916584
1.8766769
3.2997668
3.8251135
4.004639
1.8608257
4.5140457
1.329171
0.944677
2.760409
3.0997052
3.0100923
1.8722606
2.5470653
2.0408492
2.6992435
2.5119765
4.265491
2.956277
5.3614635
5.187816
2.4952521
3.4720118
2.3756418
2.336328
2.6169758
2.085183
3.2672653
2.3883357
2.8152413
2.6666176
3.2044983
1.8179734
3.6736832
5.503333
4.336659
3.5500534
3.0200465
1.4920583
3.7331913
2.6233082
5.358707
4.8477664
2.268346
2.8922179
1.9635965
3.203731
2.9720328
2.3551416
2.7474988
3.0055196
4.54354
4.227432
2.2524128
2.703812
3.406037
1.832359
2.205573
2.2516766
5.038219
4.6583104
5.6794252
2.8243053
3.0662103
3.958919
6.5875936
6.9804697
0.8333307
0.9418624
3.4651918
1.8667848
1.6809852
1.2432765
3.038663
3.2732887
2.9540575
2.7918005
3.2140696
2.893851
2.9496498
2.6359644
2.9008193
3.3922122
2.3225725
2.4065635
1.8609889
2.76256
3.5574758
2.751281
2.1333165
1.5360281
2.6636872
2.4907765
1.9415917
2.9554772
3.4157019
4.189006
1.1554065
2.8396103
3.7840796
2.9977787
4.577715
3.1363554
2.857395
3.9076626
2.984289
2.7276871
2.5990934
2.8567963
1.326159
2.7366438
3.9577389
3.405364
2.9378066
4.123929
3.1559489
3.5721078
3.8483763
1.965572
3.216692
3.1538343
1.9522655
3.346238
2.4758582
3.9451427
2.299991
3.449296
3.7302408
3.1361828
2.432427
3.7915635
3.8115957
2.5774596
2.1245704
4.295217
2.3681207
3.0268106
2.9733722
2.5044239
2.5390255
2.602174
1.6912789
1.8650886
3.2451262
2.5419612
3.6799994
3.0595195
1.401962
3.2188578
1.9888763
1.6970716
3.5285661
2.962756
2.535125
2.6144457
1.2815268
1.2282982
2.578156
2.267016
3.5900598
2.6810217
3.0192509
2.8103461
2.5015337
2.09137
2.467052
2.17236
2.3298426
2.8861294
3.255572
2.8934882
3.1499114
2.216764
3.771994
3.2302587
3.1699734
2.5573235
2.4160743
3.3369825
1.9956
2.4726706
3.4241695
2.944471
2.5603328
3.6009378
2.9257863
2.8205945
2.401756
3.6178255
1.1861031
1.6103706
2.1352277
1.7645706
3.9837394
3.1908116
2.4067912
2.2407613
2.809371
2.529207
3.2386422
2.793651
2.310934
2.5681224
3.4979584
2.0909052
2.6542263
6.80455
7.1457825
2.4558687
3.1973777
2.4497094
2.6223483
3.077844
2.295681
2.7719266
3.2181375
2.8942723
3.1116197
2.3930898
3.0040185
2.9027452
3.232785
2.643205
3.012514
2.1093843
3.0686948
5.0352144
2.3583722
2.7392464
2.4910846
3.1406863
2.1897674
2.768201
2.2885733
2.687859
1.9727175
1.1374004
2.0291758
4.0654497
2.0541422
2.429297
2.0877624
3.0125923
1.7701966
1.7701966
2.327746
2.0654118
2.407157
2.1273484
2.666722
2.5623617
2.5368824
3.0834897
2.3110511
1.4345171
1.1129985
2.2143846
2.1044273
2.5976727
2.003879
2.8336709
