6.85810062824572
9.02099735930213
7.14292279922978
8.18087476826527
6.44680224902106
7.919820361428333
7.619982759302092
7.664598902268901
8.55296889433511
9.47930957648642
7.319776551925309
8.114303113592925
12.855891545148522
8.017786064970693
8.052359600321381
8.937668284332002
6.499347264367153
9.861586783893719
9.467002126605085
8.263009292605464
6.965568616658006
7.047190424115109
8.77307774112441
7.673778716053603
7.93501985654796
7.137457179497432
5.81895440612949
7.797027622298656
7.941821248644246
7.320426614187278
9.79727555077091
6.544807389517549
7.002724248978102
6.2490889074371365
6.217207823512711
6.161675093993895
7.700961854676022
8.630071553986264
6.890636038891201
8.579818207018343
6.875495087806155
8.679191903704314
7.2473432203367025
6.992007211305277
8.771218928610114
5.178670260026721
6.606499802791273
9.315567312010435
9.126293407254165
8.460991365703308
7.542238014789912
7.100464390731887
7.086250238645026
7.74202767220223
7.486389736952509
9.244587105651634
8.232628004396023
7.429698955402216
7.823850619253394
6.9874759819268615
6.856619742172986
6.7587067473071
7.516490707037744
6.841005596089999
7.521574454386352
6.727508451357718
7.543749658181898
6.975336780652235
8.084687653871812
5.629723863597806
6.0950605560878826
8.658255768163196
8.171666525731956
7.149360262759299
10.976823300810123
8.086041356897107
9.300975232588234
7.45450454205502
6.314787163528218
7.95927532898349
8.232935502803317
7.733765435153854
5.914904105695765
3.6393445767972192
0.11933443795461152
7.887111154561458
6.853175700711583
6.4542598464155185
7.905876017510122
5.091343219039045
6.506120316610955
10.60488600570888
8.722419003561342
6.360992461874622
6.497541280990386
6.877704429933694
8.088195934368683
8.08899852280125
7.842015161524176
8.345262092890124
7.620634291868943
8.229775208186025
7.503967421128381
7.320485817553107
8.469500975092028
7.988532913682667
8.002463860818938
5.713407039759796
9.200854292337844
8.633158069772723
8.588217813378268
7.9590369286987634
8.99174361487747
8.206475567024873
8.36476256971404
9.426670841333584
8.312740126470292
8.470090370983188
8.49971674946643
10.643765587171806
8.11341851095741
7.977751088595234
7.491850531527039
8.937468719070518
8.763869657631655
7.561376436631148
8.39082672363936
8.56360449482181
7.565611092881065
6.8676160044079975
7.795110486485113
7.498183450480556
9.265773682342099
6.29737822578737
10.390305543406475
5.727816588200078
1.1704144122184932
6.582077004275079
7.638821779910945
8.127794260025064
5.704150836534758
8.327910159145734
8.117630152537055
8.064489142264192
6.4668049398582985
7.502724681341071
7.933178552155698
6.382899535122899
6.555140987925013
7.363665027688589
8.417100282020968
6.152277550443687
7.933119566350479
7.756652686044452
8.775533211991604
9.658195395872937
7.884677018526471
7.8647933188923425
8.105323896783274
9.718504718385985
4.661135475726962
6.603220933053086
7.3403763687928985
4.507090531775753
8.205996815908014
5.931913794069566
8.46012154712849
6.088335673826566
5.957067281890484
7.1299390467992
7.0261698870546745
6.637385943876546
10.36720449573315
6.804716825080367
7.374357538349848
9.178702539050526
8.012738352754829
6.34328568453296
9.59521904491515
6.661214929226202
7.544303584829866
9.396624168423543
6.436915831827754
8.03480826963459
8.97056146754626
7.584836688570294
6.767530890530328
8.087501101643614
7.989326731298188
8.130503019418935
7.679465387463187
8.096631548696555
11.349910673516941
8.232427750745696
6.5352791347522
10.693963873793273
8.286172564346588
7.197299005425056
8.920235819936792
5.639752383195547
8.144523130061827
9.082920794095255
6.506182255636709
8.16901927895781
8.782610377365552
7.479326738400664
6.595642807017003
8.765046971336707
7.028943055678279
5.754836832300401
8.133477207571165
10.181946322750603
8.393370744432929
6.586532625312304
7.9238797794721325
15.326825984236187
19.785295822641626
12.49086849482104
15.643996194495598
12.170173879023103
16.314687060087675
11.263947255640296
13.308443110098388
14.943460239209013
9.679534995305392
7.314638618150681
6.036909938040366
6.929116958549169
8.100294316122627
4.553054437056479
8.841422996945834
13.71037716966807
8.0388790318284
11.669679849542533
15.01040775650386
16.543010442394397
14.179015822307756
12.019950754738284
14.561586434482692
14.579340936226801
13.991685805934448
14.653221095791213
13.816519384281623
16.240120127723635
12.531088348879411
16.81856794041311
17.134486736985004
14.873199441073538
17.972484223418437
18.389542977897236
16.221538387859
18.01289712011469
16.05062992176905
17.771007364365172
15.802714032200777
7.414932097281975
6.041171736493365
8.84258220579467
9.098917261262146
6.655098187613794
7.5904397200718785
6.953698831781874
7.996486841337888
7.765042276137709
10.201794374692895
8.678687775566456
6.721773443413704
0.6613992995401343
10.237066813223151
8.135519625952586
8.512375153984166
8.110247512158088
8.22653584273018
7.199650511693793
8.345714629462755
7.816284841398491
8.124502668301101
7.281155375464466
5.972729817283957
9.073341234059496
7.586268859705456
7.90380183777485
5.84579803914051
6.044947687702422
5.0286804676012915
7.130822441956068
7.774242421982091
6.561102756824934
14.00605362068438
13.116790717809176
12.995076995541005
13.36855179465207
9.987758637821015
14.956351058771697
14.213429070629157
12.199248093248709
14.023841829445985
13.72975253754919
13.525082850704855
14.938321914201804
16.143176269465226
13.72975253754919
19.710100592494683
14.816188082544265
8.16937290539233
7.055514498770985
7.643248403952016
8.55288508908155
7.690963177939739
10.316212027547293
6.933464137762353
5.918579867090434
6.169833508355458
8.517324736452156
7.0738768773070415
7.108704011683799
8.00085539701908
7.294152568526465
16.564888169882348
6.352890761160744
6.526445460469956
8.269293970894433
6.915348577285893
6.2924930763340425
9.345274695193405
6.609050857863088
7.188939426903571
6.252303479393859
6.20227648172901
17.802061558690085
7.644139329625465
9.41006127788898
7.1437812642722
4.476119852239496
7.791412560093493
4.535737266177218
8.263084618618747
7.506130567285709
7.9256354807672444
10.604503029378861
7.239191217061436
6.535913814902284
7.452793457995262
7.145606526319318
6.686906666251529
7.229286544620277
7.4086428800957425
6.814532894103033
9.736397716770115
8.473583432249969
7.419738375772744
6.586034646813049
10.65013622843493
8.994689589761329
9.2592437860536
7.129999884746924
8.714563382322915
9.16595874263353
8.581202942485268
7.062197175193432
7.717901259781193
8.444218050821155
10.548735144542722
9.055035610905696
9.940736484373428
9.989599582987859
8.592203590553888
9.668357959837358
7.863610799713957
7.551423224074086
8.735302287110343
8.087277544282063
8.244993864869139
7.007306997085404
6.227325210421399
9.460393517192735
5.950444531468779
4.319107329489315
7.055361583056914
6.529874852889986
6.721573575722045
5.6489620059095715
7.525488566121449
8.11104452433638
9.731305174566536
6.350306047415316
8.343724473754929
5.806208785183698
7.038321774849871
8.318354953770674
7.588495112946555
7.181947111164768
6.83443710462718
8.450430787955403
8.01050216307539
7.797231519335458
10.058029214276152
6.115844344509708
5.8247037619888715
5.921042122113807
6.352732274129184
9.05603062546978
9.260643786389991
5.160009304325416
7.251799592155044
4.747655552365654
7.670043179898436
8.726496540346515
6.404692759942948
7.243626017959728
7.653423489774193
8.51090859073691
6.78426047745823
8.216156991571065
6.698356533639822
6.739136233275367
7.3799974436854
7.458577596922408
8.198279515266458
7.9070916664486015
6.492476589828572
7.544206132152478
9.040821759483704
7.2892213173862
7.2302529526665005
10.742911803703858
8.290168260904336
10.387836627985639
6.775976906188206
5.264714214306189
8.899868937286673
9.298245413536634
6.186344208209194
7.869394191010907
7.192486226346387
7.599739591187146
6.7234280257404
7.784991743081755
5.107649408179835
7.890828578489131
7.425413036087645
7.6625202854766075
8.80290480972159
11.176083531739634
6.995298921667671
7.472908282281996
6.536428761525917
7.233184650497823
8.442176465873407
5.291096463650448
6.08116228544294
7.47786684058231
6.817342526038604
7.361537742918661
7.23917538228325
7.336727259850775
7.109231671501857
6.261466342381544
5.975296702194966
6.1603996981665965
6.06789709832646
5.927675239411192
8.747907990147219
7.540707454884221
6.986798009476645
8.060362796396658
9.193215185576626
5.5134765463704944
5.240881512898604
7.649641692402531
6.374610811503385
6.382816665045779
8.50663435125116
6.830837195064356
8.034887875791952
8.154021280030213
6.4204294982940935
8.091224273150385
7.251417391491718
8.904114617681385
5.331966763898093
6.574616956258887
6.5278929747259475
7.393821762031354
7.488403168053509
5.790873688508091
6.031405926681068
4.792567526893311
5.733839567745587
8.223035820309452
5.7676283122505865
6.784640782625309
12.405190108754638
8.542163943522127
7.435714553581322
7.2962186913455485
9.915004897114445
6.7146244106523945
7.650216896566795
7.6377998716229465
8.992042714140977
7.429376019230037
6.949608496157751
7.406349732291894
8.119304201538109
8.053847070551095
7.026323148721654
8.428943637097738
8.711707998328118
5.412124819223813
7.0111299785255055
9.021539015466157
8.516805125476834
8.045963365451705
9.075634991038836
7.256837084661731
7.630311320669111
5.6980285143157
7.843418154346475
5.585836937071744
7.935912444512036
6.659427702189681
6.04022300766785
5.454700559668105
5.945729713279431
7.848623244400243
6.6233425898649845
6.347814499576763
4.217921927795887
6.130996328232343
6.209336125569437
7.294904978627407
7.872993144789408
7.141664264552674
10.460436215944364
6.7982610425003775
7.606698251009154
6.041832631619292
6.867538097360576
6.558357161039972
3.7228583688285393
7.560599136379124
4.972673821242026
5.517705636122324
6.297116546270349
8.331553587152001
7.218128172132037
8.551472897301684
6.774005974506383
7.206086973491258
6.551709687601452
10.098115369461668
8.332479582274054
5.734443958043669
7.2171685894389395
7.7522218099635465
7.446208204859789
7.694140020580063
6.452002824985246
11.98741839439478
5.867549718818193
5.781361217596599
8.780527397527624
9.36701421598249
9.214387411738201
8.929326615084943
6.400596141370649
8.467242335600451
8.092204559509293
6.464338057561683
6.515344983214382
10.001771375340224
7.77872498007278
7.029590265588785
8.247323760286852
6.80824420982482
5.6398073804171105
9.94269286722307
6.679074972627549
6.321584861346962
6.683222809100229
7.886124482312466
6.948370332514467
9.17432347394324
8.57845617535169
6.801787088937031
7.99635393084829
7.0499782555523405
7.711931958830143
11.171409393645947
6.109685445768738
7.198779579909409
7.5069635459804
7.642988737006927
6.995601778567142
7.098157509022567
9.303118025248706
7.956308066816431
7.038176178960723
6.322508062170525
6.771434464557991
5.030484385571936
8.865282743243126
9.020999808345461
8.17503996548689
7.706566685832464
7.2400804185443555
7.74055646028008
6.166236744102594
6.8758102750939045
7.020626074690634
7.8314228621753
5.013266299366563
4.999999999999994
5.0039634327517
6.464687173939749
6.016962611610222
6.670324609701277
9.875008513599925
9.525123387619598
9.58115602498745
8.137977338762308
9.397919260399197
6.348885592803511
5.0039634327517
7.423480285250223
5.00701002800957
5.899863714229284
6.505200487189817
5.5738354274153314
5.339656943415012
5.246783969654514
7.035870399427238
9.634237713361172
6.262700829213704
8.209002521775984
10.308948136710974
5.648001555306973
6.759214157450063
7.250962233571376
6.7558296751672655
9.253647833452295
7.084980675897133
4.8635869797584395
9.223648416192356
6.798121956456316
4.880332332635704
6.775423583668038
7.352079550069487
8.352453181913381
5.885556955310535
7.653006522456456
8.549850522026222
4.835335842353448
6.152066633713034
5.63883724357997
6.651962255260409
5.99181644542066
7.731936951731079
7.985928314010889
6.499455495103816
8.2681532461699
5.704530395148848
7.571573110211123
5.8599533474386
5.793069246668475
7.510615130575285
7.310222566913037
7.393154144602223
7.49602332652642
7.310146369295801
7.976187761176753
10.362910095667939
7.27523757826025
8.217724613978273
6.7725822126472055
6.809961311356278
7.53961575087009
6.963750521671018
7.350943546896497
6.768242189402714
8.050197568815356
7.726212903806108
6.838524857803809
7.292084080625942
7.221186275142462
7.8299223935978395
8.617839070825724
7.796981406825903
6.662739289526876
6.721439768704148
10.597877909880907
8.76838113647368
6.712962773730085
6.9451304589709375
7.652286342460078
4.684610543679526
4.758526821970302
6.317616485762702
6.3203330427591045
6.8571861074222005
7.958613614103685
8.73426964984887
6.330603520334963
7.844679795599225
8.188334311362857
5.590989148643851
9.240075414551837
9.116958250531694
6.575933693147013
7.682467082986195
4.652756493071985
3.9276124042167617
7.97808478716204
7.16053025826551
8.198424841593267
5.93064240670889
7.864761888429538
7.868970086642871
8.30921940207598
7.771353298126733
7.3151036798873825
6.522891502627617
7.5451982534000415
6.517332582880182
6.388841616262037
6.793135268092992
7.037871008573831
5.502609181785001
4.963256678171277
7.141841699186619
8.991236008644796
7.106394935399329
4.048859135050151
7.956262696878204
6.539300292050518
9.195578765534869
7.323972154999816
7.462696050858455
7.545146257483844
6.538120854904954
8.797238169863437
5.228248484759818
6.593996019641628
7.031366485307404
6.8394066676906276
10.53148537292623
6.841826810863387
7.775944317858703
10.681722421096076
11.395642038697693
4.425745300804783
8.503067712656273
8.092182170760665
6.616755223216803
7.746887170494954
7.841796395798751
6.2956727520342
6.363667405826832
8.182117874596353
6.952122724676977
8.576290623016765
8.148691157616431
7.979757458762266
6.512007395219925
5.995807268763956
8.081021345956257
6.711847084096753
8.386948539792776
8.237098587324697
7.097831441477672
8.958634145593024
6.186990805359447
10.441783411503645
9.250718140165127
7.612029367351728
6.926246062196359
6.109436788154748
6.310635221566373
7.22390553655387
6.162618685866917
9.40509453092001
6.447779229892184
8.37517805315188
8.134627159367293
7.985328146121988
8.114710841319813
7.609858098973619
7.43158010189156
5.460975841986993
5.882353856976715
7.240151715807574
6.696232918786268
7.9696851243794775
8.263922141621006
8.860419265831768
6.068393350398784
6.118100456849423
5.425262908611742
8.281048287434587
7.1819468307564165
7.471682325349063
8.209756578539174
8.078855981835648
7.631880002970413
5.261068830991976
6.8184010154069075
6.6570129085593095
7.213311949015004
7.7033703703382646
6.314123367527816
7.262232855030962
6.46353851047354
6.741369011128263
6.138877631908044
7.101369564349267
7.674673637894616
6.965457610528362
6.374058825734166
7.253693234842585
7.448439019238697
9.278265865249828
7.442085877345747
6.750391983413482
5.300049212958965
8.4412433296459
7.544100158643053
7.266238704446598
7.076923289049369
9.932240579874694
4.728118987569057
6.983358763452486
10.621841026960706
9.17048808692037
7.186875905536068
9.370426889781342
6.1917616814794565
5.806169056208171
6.1558073836461356
7.604685311810029
7.672045447289515
8.155338653179228
7.989614191285758
8.742792156601178
7.413247277740691
6.196117903235558
7.084662510286385
6.870828108682943
8.098658943011557
6.632213671890953
6.956970069276907
8.089189610046336
9.731565990320338
8.653557454398287
7.523154830736965
10.075184943551106
6.731150173471743
8.348027423803417
6.592646584506505
8.842717785089622
7.087423304114733
7.59253030755024
7.322107407970702
6.647175504032881
6.154490680969868
6.766856435589408
9.377231043532726
11.132697211461018
8.997316564593879
12.63234024698954
9.353468465450826
14.21429425854533
7.662118091950349
9.259404799329666
9.486517621867698
8.482821527417672
7.455482763908627
10.092829946873644
11.510347564653813
8.87471306165388
10.453713475240749
6.489058586056974
7.18264998063934
12.549690898374838
7.691664957365332
8.325531005702075
9.145203959951107
5.062051008001898
6.02065398692922
8.789835902929461
6.741669536305577
7.528534906109665
7.699790815552521
7.6971034300250105
8.996964985574227
9.820672037609823
7.9657499940427225
5.920135807938646
5.246049551275966
6.624190284781142
8.393054557884033
8.486991803108834
10.914340814221925
11.988128267587683
7.10901496793782
8.58100710638969
9.358533440576888
7.999320862637026
8.963547879657833
9.84278995994373
7.582997128406194
9.504468792671801
7.331014120144132
8.00965791041324
8.98335706814207
8.790397459370787
8.195416193289546
8.6259276332366
9.163004131827241
6.676503604075694
6.809722752673538
8.229591676936437
8.576646924424788
9.157752762418024
8.020711662991433
8.509482773801915
9.083240846621141
7.270971873660413
7.503120270606687
7.44939185951582
7.0326082285620934
8.347925655327327
8.509713823970921
7.211572709920285
7.867685692645821
6.3582884566424545
7.555792380710431
7.039786939228164
8.928233056393534
6.658409950330396
8.411163439914173
8.195822514086675
7.37453744231891
8.200417627343088
9.77251323986665
6.986065908339644
6.128936073287175
8.83495088883578
7.922524172982256
7.447741856028987
9.852660016048489
7.4940845840877595
8.302248925088696
8.160007784775523
7.152301133929317
12.2834689828269
7.786791234682559
7.5260102062645675
6.875561156043215
6.577297040596739
6.464954768582112
6.8294824638086675
7.693998935373188
9.083895545541928
5.866241071085356
6.009964429030563
6.3003834616614744
5.5823308633096165
8.334173155945738
11.62771863373094
9.0835563314722
7.433162019478931
9.3047608874842
7.557996529735313
6.37187232852961
6.917041014841446
7.716024878358935
6.662123865180429
6.7977369303824755
8.456338499372361
5.778084436032416
9.316169604401981
9.68503883192848
8.551621581290254
6.502044399533531
9.935997398065876
8.910154404058549
7.90910145937878
9.864823241738975
7.8572122093668035
5.522643601697838
7.477692239759338
10.030299634828031
9.533472436475812
8.843520196676405
6.893439937574497
6.7182873111255486
8.747192861330191
7.083172849755926
7.316918491612246
9.16507306310528
7.050201381595255
5.82585102602469
6.715885782794535
7.367553680472611
13.782623755003126
5.271650117029729
6.915994128196399
6.061522992769998
5.95322352063665
5.025421037398647
6.232606113873729
5.929731612132435
11.138707191908992
7.186122529112009
8.75496881715364
10.026627800259693
9.568743055787586
9.855440022615223
6.118986104938017
7.87333040128982
5.52644020806366
8.352098786690108
7.828118057066916
6.246826605052161
7.69961368751673
8.366352506638323
9.05234838477142
6.8385646142405045
4.677953640673504
5.401731837780324
3.325383418135452
5.637479512197297
6.47072040283574
5.953402458502916
6.176030772423831
5.508996910417075
5.881331401776859
5.383333933012282
4.987981457938087
7.2230641900095875
7.130920952725752
6.806223156197731
6.029480960778205
4.7907363869404485
4.8786285092645585
7.025726887163837
6.013274143014236
5.912714485780584
6.732239646610844
6.195318520924115
6.575920205550684
5.189963054514424
6.223927890323461
6.6259816476756415
3.9464203391406985
5.887275358657067
4.69718651399002
5.374989005680646
7.689491590148985
6.093232722963003
7.162334218602823
5.717353153092917
7.12105646008281
5.754502218082519
5.202943449621339
6.655018507359359
6.741913508709866
6.488620255588429
5.096742821441547
3.9698675827730647
5.880998345010132
5.937882489902226
5.556877214808848
6.048261928806171
8.964576973425592
6.79163112091409
7.089774309119801
6.855568033261761
6.007273118156302
7.382859828654482
4.015616599850455
5.220548821127562
8.132606289959504
5.253560913679769
7.495789832853412
7.367150279390896
6.124004454450661
5.711549765851036
6.112185698107482
5.379686904019026
6.873832372705149
5.489932511255264
5.246839222968292
5.109910050871266
5.5338602023193735
6.203927170576952
5.981516171287387
8.4946895011494
7.215266492876455
5.256057112144241
4.495505411830514
7.559620997081423
6.337154595348631
6.313369904372566
5.414377399634677
5.871467638218244
6.6219706296566105
5.200441302972939
4.811483304579443
4.135398937601055
3.9150531691438064
4.545452561639216
4.40805353454598
7.027021923969295
6.8455763658268545
7.112097698083431
6.914875024984337
6.191540137181522
6.6336942363732145
4.908348197724516
10.326580363789006
7.1392488606967275
4.079424342943604
6.079585083300288
6.3141826056861765
4.726141435271251
7.376136084647571
6.8166857635491995
4.866719366515889
3.921230341069789
3.8031513078190096
5.267776850789291
5.096571881597786
5.170976144703561
5.540042514028045
7.075968745744149
5.178979286894775
5.02322171993757
7.854832157965283
5.719566286125571
5.528057377606905
6.837705500471718
6.54107475077404
7.693342523651601
6.442805003371925
7.84491364324378
6.384558931064492
4.7831433632632745
6.4408390951625005
8.343455866728428
5.849803591588748
5.550597027925086
5.963148311296617
8.154289429633893
5.741159975243459
6.962232146059296
5.591052532757758
7.723289035321042
7.6646475368334395
7.66907517147336
5.895316229987706
6.73258159647931
6.2973116022729965
4.673660480299658
9.067652247964931
