21.612723293254827
36.923164478080956
17.45144345921667
18.62491365755838
9.420250713707565
26.984390172559742
37.0663299448504
10.800993906417844
6.377595970989922
27.11967774266591
19.656403206244757
18.061897210906036
51.430280787622586
17.43975840659341
37.14723789854959
24.364077568944438
14.025448422942086
19.697954126610156
19.602373009817086
30.66800901822519
20.92294765637337
27.275364226911282
23.852828058030198
10.585786711991728
15.179683507744206
27.530397653673557
9.319607049286319
23.905106793125135
14.602502319536878
10.335489617081754
45.88673691537872
10.746417338642239
7.887485907018588
13.03575153601482
13.085749946058272
12.752058717614373
16.441238850235536
30.200163604069985
13.062989642315483
17.856729585104095
21.031581316327102
21.03652711434099
14.585550908965093
7.8787956106110135
20.237227291279844
6.361621996139499
6.5068266050976185
18.77713323670042
25.431462482860205
13.664333731880363
24.627398583439295
36.48375832781667
9.229722413163309
28.377982018283735
18.354743189391826
18.95509867636959
6.875332672364931
23.43175446570209
25.84884064903733
14.95931340985929
26.30772272922621
28.024978796499088
20.888830762551827
7.333582525985785
14.970325129425593
18.27420373871037
35.31853249587146
23.03705249818393
7.377166327101105
20.5395535844664
28.095280998256953
19.412917630278493
19.612049557736096
33.454967128344535
10.994058966200482
25.683585713902545
16.158149704732054
16.930571102852156
10.040567575782916
25.275285710582725
24.941366390176057
13.965068095025126
16.019247634595697
15.481539746947897
19.801651424841147
39.99336509382235
1.747099859079377
10.064967345135475
12.440128517014687
16.524693241647405
16.019247634595697
17.218529146165483
12.949269030821664
11.16752100215554
8.692397456009017
11.456760359415869
7.3363299020900445
10.193427894020042
4.0173793943377225
6.589236048111592
7.035035755530669
13.963136757895523
4.885955372375949
11.031019370945575
12.330152818753596
8.105433799641053
10.101074280675816
8.926421917191615
12.821279000730918
17.279308744432612
24.093889065621326
12.805821382027533
18.794841232813315
20.354853408256204
19.46407815962077
26.296158538925457
24.83136974339914
20.046147455589622
20.412823808874084
38.100734247197806
33.15910947131298
21.183615638108886
7.234440845271206
9.464965944909375
22.569505712231436
8.8367541368551
13.588126357297634
19.079213842751397
19.445630043110416
5.386398848232743
13.04623437900676
12.993197526063092
30.351358173034953
22.227232179297395
12.98879798670676
8.160231102301118
32.005872727833115
4.209597676076729
23.628250562244702
8.930292245656554
5.104175147262749
18.96753989245813
3.515112861549178
15.15387517180942
16.56425399862969
6.9810856502632985
20.7776245315461
12.938142665446284
23.34576357422492
26.212989344004576
22.032182942307678
19.7964942481862
19.203324879296595
10.767924659235039
22.781328689010124
6.862481088787868
13.365479884180335
28.897793545002006
26.64701268528924
21.843370502215155
25.233197225047284
3.366889653028288
18.578806191283828
17.82608438404156
35.95682104213066
19.496137186748165
22.34300665930167
5.902293825744342
11.720014951053045
10.492520761194823
24.154742915215294
9.40545346454502
37.251915131008815
0.9608136645195436
26.380852408445925
20.726289761269445
11.975049725309862
9.47288417454853
13.400062918060073
23.510604543136715
31.047771443924308
33.22939882953295
11.59284975124774
15.86577670769521
13.198336678275332
15.80893338892222
26.000423624972207
20.260793241326866
22.880718948168408
8.861447153624773
9.34022430372039
27.880338411348763
34.71996854688616
24.998053040592442
28.614725820721635
23.35580779541848
43.12532329476533
19.55438469440335
28.533635028148474
8.70903131449963
36.59514274876723
23.817917254160005
7.981786191502483
28.91651183157102
27.198714175931634
24.134557839837022
18.539735984859174
21.627191437327564
25.976168394227045
12.905938379733067
35.95675826313785
24.155124618443974
21.300180650510395
10.121096464171988
20.816955536020444
26.94076816179829
34.82780368775935
34.992795253642306
28.41246716666029
27.798222897001654
34.26030779077767
36.72267992471591
16.795803291968692
15.601391876300866
23.046743022852546
12.476152785314731
6.497419942901367
11.741447794543978
44.1350262491755
15.134979214878028
36.054618366412406
24.886860815785187
13.958374177437081
20.06955542009243
31.27363660003219
37.226049137615945
14.987397654836663
8.223219205334306
24.09365507112809
22.198899197360685
17.25283332482019
18.47230389385051
15.586597797541145
25.4980532038608
20.71098207140639
40.86263377965719
53.124554057085945
29.195602139910612
46.22695893778082
34.85900518483365
22.393244884585222
34.79135852110881
21.96300769176473
24.668722619013554
35.09448086614552
12.01213976161683
8.756547911668948
12.266056731578924
21.726482460663544
6.765234120550519
14.995915600649235
21.619536560103903
14.55963367707788
18.752754709062856
31.277827140790258
45.033127432268735
22.80856267816764
21.26582451525557
10.341451899734045
22.491840262520064
10.41205446243929
14.685089948939332
18.27424497624935
23.521848219912513
38.71784411707908
19.54326819112589
32.629935894418885
25.625050330825054
16.657721213879423
16.047043195682367
7.072829224095216
11.31586465588062
11.495179275067864
8.462277518886772
7.305460436417579
9.434196294892862
12.096558668128674
18.878904547144913
25.192098707397097
18.83754989105609
15.357135391507017
23.987537829499317
49.14958140640988
23.90953430210431
25.790347621651335
13.697132708175454
18.729812782574854
11.084871772792463
11.414545259664589
13.264637746529239
39.803023594394
11.583883902837687
62.34028557559163
17.458131995613254
23.02595940657503
7.272314572591266
18.305798369886947
24.51382766967993
10.753492397459347
17.190563677687837
5.507335267076096
14.326966927707852
14.366858355561451
5.873444240204359
22.52062916169895
21.29205381701432
21.116904033495434
37.24155762101677
33.06716351634374
13.925338950997602
12.888597159999126
21.408869697354902
21.10719800710305
33.575691172566955
13.806038279246303
8.573924036868677
15.565531089295957
15.813344659440842
7.979124678447385
28.801595722879927
28.3730543744173
12.76657201369691
16.178832316665787
6.705090991567081
26.776011669866733
42.32065222781403
12.52147232850964
6.655419157339595
39.97299572684632
23.84923242799924
14.394615453671577
1.7675633141648506
7.749923658773531
44.95704593848215
4.805951222152997
2.8263389895069007
19.015912487065034
14.074106296508448
29.858483714732245
19.225035837615454
18.938719678711735
12.671095306091306
24.486339140082137
18.97604845803878
19.976411683171992
35.115521162460595
19.266986027433013
24.870002129937188
13.482912275252767
4.432307470164538
10.27995491523437
21.587036991063496
11.010206113236624
22.47646665637234
13.238903025115759
15.985048670483835
20.032494869263545
14.1349297065299
23.995115123004215
12.779006115771734
16.89765942233872
18.245462503891986
32.85419515981505
30.30704057522472
2.6530470426852504
6.626352464987604
15.079898599268686
8.168170206968465
38.662131174459475
16.706676031584298
6.675577197127272
8.366158170229806
14.422505190879424
7.622676922473309
29.87878565249004
17.464282211635716
10.516370738055338
17.855871243179624
14.439210776195294
22.745084518444337
36.20754024718403
14.143798806129091
10.475754981386443
24.053057664062848
11.51125645602439
11.130368333202943
23.245355257334467
22.94728940890151
2.2044502204525283
8.245245652262224
41.41272160090725
12.657540711960412
26.88526728144159
3.608835691692644
12.581612836228
12.784228699469946
7.745445023934094
11.11207350883658
43.88988916749937
16.17528109885466
35.365020668506126
24.31488453769582
11.121230086474963
13.223148738937452
5.587930564170241
8.93240052980764
10.849723168459956
9.118567123445153
14.85855377187451
24.72722537222506
12.920986631644363
10.467181906273755
21.204041178638636
33.096576929335974
19.588627469715735
14.939193032498338
20.94999726551933
27.726532988194748
10.569075276792448
13.377063252450995
31.5439943137971
27.202461729879953
20.19913185624226
36.21498261298746
15.120362292165153
7.01583781801467
7.977854703939486
15.319045243515326
1.7607958064205311
12.612883166434585
20.984606769925872
5.630062736614683
14.902789833697707
17.95690002375396
23.038639147521057
16.411979614711647
13.950685198661224
14.570403009868944
9.253281229386054
18.714986751863783
18.537898209502004
15.757430389806025
5.692187130666348
11.37368589723016
8.044766889714625
9.74302534275995
28.424486895169427
11.912670071351483
3.533343273098871
15.176040589222461
8.068432090461794
6.098706672862147
22.669983115312917
20.493049514291314
24.4881738518428
12.508586756848509
11.699944944378462
5.162800948107396
18.854213366337273
10.095274903972411
25.40811728981508
16.044988341844228
19.48015329766242
6.573860003259387
10.254000845491555
5.521416288315649
21.397554826334904
27.789889062362892
21.82521672560436
49.01769416283337
15.137327403691643
13.5439334242369
6.4857185443654535
4.765720910648463
18.03152785525843
7.641562659318779
5.043623591213452
9.242632104546173
5.245542936613042
17.190895011447292
30.926462117405393
16.782465826260527
37.4236227460813
11.790338462368268
6.616898629725465
3.1918897239313733
13.724090416341163
16.305492831935837
18.621245936173136
12.181852988909016
31.563201451843266
10.42712700674619
17.876682220054064
20.507599500492088
45.55464142693223
11.005837335465431
32.85252215196889
45.927386791979984
5.846454261695431
19.299421741411717
13.940793524481647
29.75855225519412
12.45844154465192
11.05540943805626
12.110118257625354
11.70885363386828
6.251001618913347
4.452120374901106
6.720767224243136
13.217306971306838
41.335839903097416
21.8861416631069
14.287563406244594
33.253940155976935
12.986823756150022
3.3706133601755726
13.41154688402742
6.742057234517856
4.5621141440588415
21.670185588644628
7.811941737755097
8.376243611532233
21.9892149844297
19.064214890920507
21.5570537254157
14.536422589798597
6.432744194641214
19.15848756485286
15.16439398517034
18.538326258953294
10.966534027787835
6.132380500428099
15.121378737074103
23.978356016332533
17.759481360312837
15.603109798106376
7.7257287410022855
14.763356538252818
26.15565046370786
12.373013814966322
14.316405582680266
38.87090201353748
16.632410538407825
15.859449033365873
18.02913546056419
14.57383160476312
8.846900687637758
7.895793933953415
26.410447445091616
14.013760784358974
13.491041144639485
7.582283171561664
18.86433199871042
11.917102002488646
26.207347605413975
12.80090631303221
25.65347146223096
34.6324300851045
31.353265495288667
21.229829468833596
18.69970935378811
6.889230127677297
17.5616837029184
13.24807996519383
5.426046493876595
12.459008581055079
4.435102320128201
25.009467183299332
19.19771920124738
11.892584954615808
20.981625902334418
10.98755123862814
5.542676710186911
15.071854299231259
15.345578310634158
17.017049163730405
20.74080507043441
3.7604115967673524
27.34097556178724
16.98951983423484
9.393891016522625
11.80252081222182
27.69261086672042
10.362558358904275
7.760451124558963
9.422120596783188
7.453476563089678
29.843737308586302
27.507226256800607
13.79639153735728
27.91579333871427
5.125997759409267
8.484945683562117
24.899243922607873
18.376128244248864
7.15749860889688
14.196370681928695
10.986239105284962
14.57102905193359
8.813081338760007
16.36782615744565
16.10134359837128
4.935061778422537
5.2115620071144075
5.0483391040005445
15.487775734331242
11.471954879359895
16.0305027439655
28.93516282580298
17.908175718616775
19.632696486263583
24.74647995118804
24.957631153540103
19.960634279068348
4.930513379797973
16.65070434406573
4.884823836339685
13.843670735048992
26.191423239311877
31.415904559453104
6.243055251921241
13.232793344004161
15.031395001092868
23.010671274611152
12.353567777130282
18.586406636443023
10.986789543214424
17.383462263078616
10.123659778711787
4.332537163726012
21.357151571363197
24.48016625072368
10.229354294064724
13.52040571274058
17.960053323816645
24.04868774004687
8.875225702646544
6.392884214615118
23.679980402624725
15.18600995307044
21.451515373771873
25.617342760648622
44.456434553112544
21.66055746419448
35.71337239565177
15.847217811432847
18.238644255495267
16.907809684264645
15.689403764616353
9.437485590478321
19.305240320032976
11.064884133226421
5.528965428307696
14.757015315326688
4.293804232655163
6.51245529013033
6.6726965260803475
8.30566122568403
30.12518786872559
8.0295819396516
8.085343994579985
8.562221950903515
16.115318255456643
19.27717850482657
18.94276371573127
14.229143004740422
21.599344836966644
24.26172768749447
6.930944873638578
4.1075766155368765
9.342576873646225
22.370821325231752
14.335885519591638
3.9595438626306376
8.356951746307029
23.312581029396938
19.06353749384462
26.04741447106106
11.495897759759949
34.77071416363014
14.12970227150561
12.101562903008388
10.289958837917874
9.977534078320025
21.879712055671924
14.447315565283866
33.88363377770986
4.199493773890687
14.659886557465061
27.56786348224217
9.611228429449078
5.049364375753342
17.337623276648273
3.6542634573770183
17.335201032888765
18.970658548551988
7.17205770706373
15.207344419981705
28.895500296738973
10.880502600513378
33.20968711941774
15.039313281417249
4.958346200974004
17.5578279576493
24.024591001867254
27.969001039892
17.479080945636472
6.771015676630627
30.739676401981626
23.021261793368286
15.75971507266096
13.675313433342774
13.989216688993576
14.952463832885304
9.38449091528996
40.632815813612396
14.265882877425755
22.054075062460434
15.553419054724
7.9582999043404214
9.646295362427047
13.889462562712685
17.92102069408161
19.779528762452554
21.073405589696005
26.225133020189467
29.1134424960761
22.746942558481194
16.837275022598103
11.673136229070668
6.525130084346463
19.299012739883654
8.580955925500868
7.648772290716807
12.070037022634589
7.194959857265809
18.49527010964933
7.220491502673929
11.687612062595361
8.090237466046554
5.770771018801097
13.718474401577097
24.37108734351439
24.652909622483246
18.19670780396903
9.932408654254548
18.88831352241566
11.97115057191384
16.736054045370523
13.632368680644403
14.421484901580765
28.962524926386777
14.921353804880862
14.45785005895134
7.7022145514857705
2.8643365448329754
7.462574680090052
12.039108951955958
19.545746316180576
18.087225973444212
8.396702409044826
37.668156274517706
16.969434537749162
11.863103712436954
9.423518823823251
10.299297174767064
20.34799059775597
12.362698671620922
13.779210311335685
6.59431093353644
20.684622693387375
17.471196406996444
11.690590288056276
14.090030248168278
15.629521374025575
18.863764842163746
22.5647222249581
11.524605250625285
12.008601872572084
7.250785517970733
13.212285383733125
13.672965304535518
19.72435843297808
13.87638758306986
16.495509209703194
17.249643482444476
10.63309826320621
9.569692721056159
15.68939573579915
27.961778127511828
7.687606839316515
21.948319162979487
17.548805893035613
22.09180569392697
14.898197642194525
14.417590750962848
18.413950455649687
7.185575866381721
28.479822900324546
20.598851336925332
12.494938348546263
17.07170950140465
17.32070742302839
16.3062684785537
15.794620947386624
18.603073741325655
13.381084592315908
23.650288483091845
7.819901488781991
23.81380369322391
11.48002835419107
20.96202431710385
15.885779043304714
19.792138238075022
7.549359960134032
16.322165746738126
10.652288389035943
23.45395652755719
9.117005559854103
13.429945297615342
9.117181278159851
17.09510475285677
16.53997664758428
13.82523375095845
8.62498612276704
18.552471356580323
6.110898468420379
9.436347477605205
25.35903923754533
14.047307390535126
9.508855840086143
14.155232188056228
27.47136998123418
20.708653704384627
14.316054900000404
4.159947810136791
15.93758559816436
20.72871809395221
35.59992927036223
36.952993825612026
14.70585489528284
14.49967112780308
26.33032385972951
17.232436017567032
11.66725608762446
38.015396393085155
18.92468812584059
16.601397426760755
20.343457544376797
17.868222089525712
17.213909565902913
9.386550870901113
15.624164972615677
8.568811222728858
5.380028313986794
19.12073544921022
7.525398894699983
15.710582283737411
17.2585884459188
21.93130886376526
23.052189869394415
26.612647832853636
18.834185606175545
18.329155371447015
17.1234818330424
29.039522352999214
25.952719730634204
11.049860340815238
27.00997429133959
22.309323269954117
28.514528629470156
9.771605227075952
12.453058429885838
41.98908266532676
12.469709578832312
5.500174703181309
9.426594193239264
29.27819971716469
5.058915615262809
28.243053219519094
9.17975714292941
19.173409114594882
20.240893490337232
17.999078239189224
29.72822434663022
24.035631350879857
28.721963453931714
12.73342886022088
5.41953865565454
12.43211024548398
10.745804143285293
22.715224174587714
45.00875698052868
14.255000900473771
15.379215835063524
27.266521968260417
16.26519242843517
16.868454855325908
21.339374681431742
26.633408467575638
23.391068750168518
35.57390761706735
14.703760515317006
20.138849819034665
24.486945951732025
18.625048314411387
16.064089436303373
14.540331008337562
23.381383783362754
11.31513166011474
14.316785430331796
15.89800054301313
23.963392424361032
35.040868398532126
19.728071963615665
18.3768319721853
7.402065745742566
19.31875419553783
14.529234858397942
21.926266256706533
15.634792990076756
41.190431562648016
30.010842442628796
9.538627565087443
3.2195602134627817
12.359301749905931
28.67525274259328
31.508011576716292
13.08416246967114
9.483782978062735
13.986497899533981
38.828040420881116
16.89235552475113
18.53099295438542
26.656453447780866
8.019149426708678
8.509102110781942
20.544809873331637
16.751193981498574
14.238553263898773
22.958650527340243
22.861555624443763
9.132849264812817
16.76135776141954
14.491026082351222
52.19440499344044
12.00911207127683
10.495127397510975
10.772056394485059
24.51999888249392
30.170761730830268
10.273008990578655
32.89545243498782
19.130423452420857
6.205445720767994
5.069484673536549
6.98023724051821
20.340491130396796
39.0225129661757
20.41661758747735
21.89666492290931
19.980085740441123
14.211039113451033
37.12337440735764
9.938288330650728
17.222770444573825
32.30363652807354
32.28563015599449
20.409058529191885
47.674330535105476
12.564806190771048
26.367211818404304
14.18055906393969
31.941990816425623
7.9205143473197674
18.331782374613095
21.137113475571663
12.40070355756763
27.445995953058546
15.867931425496641
12.183566824517579
11.33835587721365
21.44899641650132
15.293643823344564
7.488952615917654
16.107898095723375
37.66973165777738
22.2596860382006
13.408456493312736
28.775638910788533
14.102200841336684
19.914933211987883
31.35442069744488
18.414981109966625
20.223113446414207
26.56030195053282
4.640988911356481
6.353383012437855
8.168661438858463
6.372801506529273
5.3400503831190465
3.712577747486464
4.457038333733601
20.62466877013136
17.89270717753183
6.5775777287452115
40.26717406364575
23.740016517612048
18.109893463576764
15.183514830258009
7.518393740525883
6.9557364693599535
12.825120756333634
14.240165766344308
9.539402433772485
12.4277069523874
17.328070496855585
29.579778191082696
16.73001337584467
7.3796821667297525
3.336268761935039
5.51353563307616
5.517698354665428
6.353383012437855
9.143593575188293
6.84843535531042
4.688223195149783
9.38805562270474
4.747835153610975
12.077842405000938
12.532471408802493
16.24734658055842
12.909432564702113
5.079434532945292
5.878426358909166
7.959175479546868
12.974030876499157
8.84509600129652
6.865172178722097
27.378514650635278
11.49027710986339
15.120724215813347
1.7060939557512214
29.810796238849388
18.008198967377893
0.6121790174433023
23.65125256340917
31.412956483219865
29.167708662121125
9.297640826685374
1.682533477084576
11.129131699467221
11.204985177084108
20.87244034203441
9.214431157945333
11.347959019103227
16.145463232193634
12.1248778160057
3.259034178087651
5.5462707275257985
-2.326926276845379
12.446500870373956
6.263472150439233
7.827346042122865
24.496293201668802
21.051707910458795
10.331268460408332
32.280199907241816
3.1420882099789225
14.655663887743307
8.658389582865675
-0.681289666749558
8.791678010293777
15.302697075857898
11.2122849887146
10.43158409554086
15.71800121258928
23.45986845300227
8.818416553633517
15.566309483993821
13.909961644783268
18.76015352235748
8.253700959700293
4.514216068431235
3.797053567849332
3.7161387703137936
14.327573462163095
12.580371191777662
14.613449374292232
10.965028156521832
3.5758319802263827
12.113627948964398
15.040357744389302
11.312596537223076
10.059034899244446
8.649716044671425
5.43797533661836
9.299287357091963
3.7878755564949236
23.303698277133492
6.810472585186472
6.266276727730467
26.143160935782735
-0.053901785143375694
12.608879231278166
10.403613718166433
10.936354924879296
7.039445013671548
21.3398999394627
6.29121002307428
4.00123332089414
31.036198246745418
10.862675401219885
7.293478932480951
14.464407036105811
16.446273323002075
3.3070904178568123
15.754679747334407
20.861907810724304
10.203782389135883
5.147622393061824
9.876584196966139
10.266123458405486
11.20264421033911
8.630379102131139
6.938184337769211
25.649664617391824
2.1172822525165005
5.8524875580715285
8.051050829966604
7.02419301248627
7.247457528136697
25.608649509415148
16.795499769660605
44.86443293775329
17.538554267522684
11.757048216224328
9.807651475437769
4.386039051920058
6.667921321521155
41.23932087385269
7.749523962686821
8.13060104564946
1.3085420840549964
18.80939653999847
7.896690343342228
22.360731259112114
16.764645671031353
19.600913201003976
14.213255352501909
8.548641205590773
10.995482666658972
17.08504709614061
11.047877464186188
9.506727822202812
26.602780122331527
