6.638949226117342
6.81526678997502
7.755900042191622
7.441747762567797
7.644070174123847
8.583606355102942
7.272066869373827
6.693823714339654
8.856563361167563
8.15926164807009
7.487633597729076
7.625748880401553
8.031057059504136
5.521121735672107
7.453223477545764
8.3859174999649
6.5030166793058
8.33086556870627
7.356256858821939
7.679359109482484
7.449142989002199
7.002369896910599
7.026298858262381
7.588630241412429
6.841435237962912
6.111849400541205
7.45594671578552
7.578245718471434
7.770867853118437
8.221666731930997
7.0523637056539705
6.4470000728671195
8.083863389074486
7.582636807929671
7.984950555043616
8.466896570728302
7.8136619146205195
7.223720870843923
7.52926766803442
7.793341942568201
8.342457401909863
7.957017723713411
7.65435079847637
6.913900418317888
7.324802964623328
7.089813301189468
5.212473263571809
7.265927304419501
7.9917166498742915
6.314584293633927
5.712015841452768
7.369650159709245
7.587248616978994
7.336839608048661
7.507781628181432
7.737930982707753
8.444938036438366
7.878836418418572
8.034053829165755
6.457787609222636
8.21527646585835
7.454104545002699
7.037936644106562
6.815880167335915
7.92162634692634
7.946418382123399
7.034867600402172
7.248577230575615
7.560153369723786
7.9040575413449385
5.225036676267922
7.865402955634913
8.475288543057246
8.242474931398869
7.71256570327637
8.263963648648316
6.242505178892414
6.940995487836814
7.825272748820574
8.456880384466057
7.944511966876506
7.036852090583011
7.837182597124334
8.411532445488712
6.728786497107333
7.490058979709087
3.906262068561803
8.404998653595182
7.4951775172472
7.674423746077591
6.788177854238798
7.151268458564813
8.120425854722935
8.683649888658541
8.035874075078627
6.974406471157602
7.700945022681493
7.870629220857531
7.887673988313102
8.432408578537718
6.676622851110479
8.42854778808484
8.105314948841087
7.605295379659021
7.853127474031394
7.977405401388409
6.580735980994645
6.992227452758568
8.374266588448613
7.203692623737625
7.7663605711239105
8.450689565385742
7.146113101817407
8.101139631194965
6.63098233608632
6.983168783982732
7.899104665228995
7.111705588331727
7.281771045868963
7.627722234189564
8.064534093917779
7.061232949591772
7.599613385813076
7.9788237910021795
7.792014831438608
7.6155471145670415
7.272140511582993
7.142988554986674
6.907843643639025
7.810293956221633
7.622687173183705
8.127556280176895
7.681518294784172
7.618753361385643
8.097410019093715
7.479878038890656
6.468733076392592
8.054478304454278
7.7705509027688375
7.712956176511565
7.659808814331756
8.239761942853978
5.3716884303589225
7.642730271458621
7.614615349304842
7.95090279561429
7.7803793680123565
7.932123230624221
7.727543855643839
7.754306028489646
8.074740179875036
7.909084337408648
7.470738688453785
8.322975662082792
7.395604453855537
7.156831263029846
7.556905598287969
7.663067140091934
7.921415292780134
8.262805077952601
6.6282568760351825
7.178476860558856
7.9731457158441685
9.121968784302746
7.414084173109144
7.8907808058933595
7.132029887265181
7.6604026474351485
7.658460343986761
7.730888616271296
7.580714008393311
7.2416854141735705
7.426121042713282
7.376448825102065
7.997086632607365
7.4936509179078525
6.931230355573238
7.20709822965563
7.824278023594799
6.431858168479217
7.876369154042454
6.381415914985607
7.696800259720225
7.8714978097311
7.899398506296736
8.512585855676337
6.528365512255128
7.749308202665144
7.452122049276803
8.166038431506022
8.245390965989586
8.37208583960472
8.23233566102428
8.109554790202736
7.863588555550287
7.908648137697267
6.992157186167534
7.782381420066317
8.191970825097826
6.240246569733035
7.693919200071326
7.7149763114551
7.619147805432666
6.591974346479278
7.497224829413764
7.800784574949786
7.756314982671972
7.714545389132406
7.771208942279854
8.607550022351154
7.392339642127618
7.8245573648721605
7.770334612336112
8.159162754227221
7.735618946622655
8.235137130903661
1.677444980952925
1.881452825624221
1.3839471173392943
2.401958252162301
2.328742026158892
1.5379107525869595
2.182451856749998
1.3839471173392943
1.3839471173392943
2.9882260909962657
1.8304143679493752
2.2837095243052774
2.5177986261416527
2.1609763054318485
3.081507626502492
2.7752457077929757
2.9945521192934574
3.0673115909016078
1.7250699555705764
1.5340929114535773
2.8413926775656244
2.4535156922363113
2.4506833070889247
2.2755970795115843
2.1441097936250273
2.7388252677701965
1.5340929114535773
2.648018158958698
2.6266885331949275
1.5653054391476378
1.5379107525869595
7.850160531280887
7.94921852000238
8.030525075787494
6.485014959498466
7.482381457563565
7.288558099343833
7.779756650891667
7.663415226934026
7.907506470017209
5.937430913082817
7.678132209931655
8.605291257019818
7.682349232396701
5.429085896477358
8.690720714302648
8.172641534357147
8.858512882683314
7.94782448622617
8.295445364047438
7.970157125500936
8.548220525200357
6.660993322315603
7.045905885402259
7.513887743163479
7.267958968962665
7.9679253234639
7.874508341378212
7.295096672651606
7.941646064635503
7.970116620973092
7.991569508227606
7.738031916666245
7.812109083857608
7.003894016950192
7.458900841671889
7.159898254065922
7.384775365959259
7.851099209678051
8.311859587541377
7.5368877958655
8.58016468709855
7.148170447719728
8.208708515080254
7.581383709786336
7.8901997714427345
7.212927803632203
7.433177190337091
7.484522710258567
7.202287540754075
7.941697651038991
5.953357585805358
9.486919552461268
7.7757778490745455
7.247748737428059
5.821976580321838
7.214557381432165
6.711470126530122
7.793812570618181
7.174932605853408
7.922174021322185
7.464647266627356
8.087557673405055
8.129072225206015
7.8405859656895975
7.111742065445673
7.948214075229258
7.077257080871725
7.595137545783492
7.867664626207726
8.225748516186824
8.167550467033276
8.140449446930415
8.44464356478429
8.22238082233312
7.714605286331867
7.140669418867384
8.038420088684394
7.802860638377261
7.954130629314423
6.314136592941059
6.562375571950916
7.397697930398346
6.912228882770475
7.395290236716219
7.743378798075044
7.750073903783614
8.262816427167781
8.341456593161272
8.007544262282922
8.427287925785592
8.109020959043903
8.033059022701787
8.430613596164182
7.9423160861221405
7.650996964222182
7.884572025481639
6.936164425561785
8.461926163306309
7.690169718658344
8.034330811121055
7.845070545518832
8.114069701920876
8.120862948584897
8.088645661480284
7.583116374104568
8.20598573062996
7.846955574348655
8.199491167693889
8.451399347920947
7.679901230874108
8.680357622334515
8.336322989671302
8.565817213004667
8.269755103633772
8.285824087067372
7.946202743121162
7.4885583223090215
7.335127354701321
7.669687109909161
6.431100079186205
6.868654030890437
6.939918319327615
6.95872063657093
7.085397406774401
8.060831858717368
6.933425700360793
7.539451314334094
7.363528743304169
6.398980501191347
7.581618860017937
6.39046755146282
7.995820684201478
7.402436478201647
7.731382255782764
7.429273340214771
8.08822283814315
7.137712337091884
7.871746369727054
6.802936769469611
8.521584333854271
6.934275169034301
8.111081690770336
8.03660403512852
6.426717895363705
7.8277002793003065
8.339633249452067
7.39838360125578
7.556518308057103
7.107468568644768
7.268449054670432
7.542994000332024
6.617807256161274
7.8459219293569635
5.415389647583468
7.275252404741519
7.95299450538227
7.728062509708696
8.344854623017742
7.694053009493887
7.824660216453935
6.820176860799776
7.720976147572657
6.9472448880810855
6.72231450949455
6.567357562538051
6.809706431490804
8.791730531619457
8.17231000366762
7.329575476314466
8.118371681020149
8.421632287052034
8.216234961272935
7.6315826901741755
8.082592285458722
7.885318967506457
8.242062201031397
7.974365484224246
7.804371452577877
5.345574674448507
7.15220033973464
8.030358996682647
5.9974971648770055
8.574477004683356
7.417997281214436
6.721697078146333
7.281417871558519
7.473588868582645
7.562487721362167
8.063562093078108
5.5970684865328195
8.149738553361423
7.6369752106241915
7.5419488114636035
7.639955778345836
7.791903471795774
6.758191627260474
8.91090951392577
8.567819302891326
8.230588520883128
8.676425310296654
8.969285183991666
8.030016738995473
7.428576508377809
7.843282341424985
7.8872283412430635
8.118628970018722
7.8468921470117285
8.287560393587327
6.173364399711033
6.279240182226328
7.528842042189286
7.686582424132304
7.32476725473401
8.241905859118056
8.187743014901166
7.4705552035597265
7.944314952970962
6.635948500603524
6.937497699704956
7.854192958566075
7.727880739650143
7.238458820535061
7.166015170661095
7.282914305237572
5.041777226484692
7.414685227856488
7.531818751798404
6.8343146029560335
7.190952251395748
7.510582685327234
7.31264728146781
6.418031358736102
8.728595037783773
8.678331683585341
7.2427167554538965
8.01482141755286
6.781960160251778
6.873651797188647
5.752843913628006
6.658131412530129
8.308980119522824
8.043268909756273
8.149698788537236
7.6769055135387205
8.019792468585978
8.144945416169886
7.744893977066123
7.934287784753673
7.929250819817186
7.814351486829347
7.2841887691812115
8.269576885156802
7.049880596820891
8.236675702063401
8.04091875661677
6.838436463524885
6.458751458174746
7.367454331636543
7.18345055960914
7.822220825992188
7.8466125082238305
5.310467871745641
7.553335892142025
7.461791289456565
7.948257647335217
6.420830901598632
6.199253810007072
7.278981807201376
8.251812742673575
6.888482516616652
7.086662272483906
7.653181733529784
7.529124581808016
7.825935291555384
7.468116041210946
7.556027093956983
8.227496352016942
8.603124818600687
8.688006973779043
8.234959351045065
8.266697353097952
8.761979291986506
7.819411566242084
8.326530047474659
8.411079195052178
8.115960288022023
6.390948623464765
7.102011565647918
7.379135996609605
7.604092552466703
8.195420558704349
7.604808960856003
7.986721529451524
9.118066366163855
7.767805752857157
7.930205472071359
7.573955263979924
8.115153856150407
8.019903840024075
6.756907059885613
7.592413038937192
7.546147178118451
7.729726295613705
6.950461690735939
7.966922225753139
7.299699481642151
6.986745762736196
5.699174097355158
7.9633008987505
7.373303762327095
7.8214212079089735
7.730013325693995
7.828903815801288
7.726118572159171
6.817026660589746
7.934185058141256
5.794772621870203
8.525774078193177
7.390694739538901
8.307087390765941
6.6819051696276155
7.5284066367564
8.349334793398741
7.46775039701891
7.883688960944663
7.4903303973999265
6.602509141294256
7.897387376535527
8.089888288466986
7.343148054445553
7.72920417933746
7.266601766876146
7.3402286017711535
7.942149548635827
6.93739963811988
7.9698841705510475
8.124444464938883
7.918727577006434
8.605036548667226
6.992161374756408
7.683044602982033
6.308944228789863
7.624929742775972
8.107063990839066
7.695914725297204
8.249395106615335
7.600104548245965
8.172932623617502
6.357158573682465
7.278018685885007
5.522914478556142
7.392137502418689
7.3760178310769895
7.743079165200744
7.741081586244297
7.055565239223382
7.872912338004609
7.196225566202798
6.915324614542973
7.471227478978211
8.046507044192648
7.3466948418480165
7.321639710043254
7.000868313321
7.37191196020656
6.691814075613506
7.23679736082636
7.654408772969675
8.205721915651644
6.94024949811225
8.160954534879112
6.934585552569366
7.533324140176118
9.224359205421663
6.674803940966708
6.538584559284749
6.32433301739432
8.300404368775666
7.009478593889215
7.1956587660130085
7.9966123719274265
7.9871321747074076
7.411524146402895
7.855271265398799
7.831268342434528
8.118261627614496
5.9263084480773305
7.682152625221143
7.504554716554024
6.470778268647131
4.406657110758578
6.100538499928877
7.606833660048236
8.063535079838708
8.13909713360339
6.813807021147858
6.75955009340251
8.934485355550091
7.657996627328675
7.910284419882853
6.959212899305779
6.956423565361227
8.56545090443033
7.005569764239041
6.6665190440216024
7.439968021365502
8.495743528096396
8.22011430741306
7.946150333042718
7.600947252752821
7.954199023136888
8.097269176473361
8.085806849745312
6.562568878982733
7.908738691994425
8.203167840606262
7.0730333440163875
5.354377980628576
7.839204358448146
7.605355859846906
9.391430701319035
7.063809403300295
8.466267719975075
7.315736201916324
7.831805830290731
7.102832790491101
7.812729347156776
7.899640223837111
7.908155511880299
7.572304563129434
7.51221095951492
8.057445429128737
6.638434973697866
7.980136460837844
8.21974871058956
7.414882736169744
6.798501877025081
7.814166947198197
8.265018639940692
6.420365830833489
7.3695344357040575
8.05023221704269
7.943552834289164
6.957388624181391
7.358942035172683
7.813051910476315
8.255591399418114
7.0595332711579415
7.493578769677318
7.039284056860134
8.937673903949896
7.096041234244814
7.713845911907974
7.237402387919182
7.815433731029403
7.1166695370373825
8.842406564157285
8.64200973335327
8.858074189314603
8.931615840596958
7.097302853556079
6.948078089898244
8.12622269191942
7.630711088042048
7.91072805690305
6.691328667228376
7.258650589357069
8.186839299283207
8.127818053230708
7.734650817094671
6.809435592915991
6.612300229997215
6.913555354035623
6.529308669974229
7.781542800930599
7.045294405107596
7.869844456284564
8.24150836716082
6.803672199845746
7.944749727078425
7.295330837021475
7.77303141562132
7.481874776838708
7.830293650548702
6.719582859223647
7.720099880735502
7.470948717758603
7.324395773464943
6.805029435102085
5.612378125503681
8.714577782765513
7.9084465961456
7.492325870414108
7.7247149691719645
7.66901586830756
7.006897986342838
7.54188198237909
7.922231662816353
6.68553545563787
7.165387119380846
8.252274019834173
7.791119828603385
7.826734901557312
7.536121170017911
7.232330620537515
7.189626794749678
7.859124527270164
7.908175641480628
7.1800005354711445
7.968841059904513
8.298104068415233
7.813085289424778
7.834713047128136
8.498480394918783
8.16854176207654
8.066874013848047
7.201373987801977
8.220206783926782
5.4432756333318535
7.735547468052202
5.492382202106589
8.102623717021478
6.49823954554781
7.685412415853039
7.30530138048381
7.653626123791276
6.620091361426022
7.571686710747362
5.984756498236819
7.916557681045532
7.95580052103315
7.653675778054874
8.171632452780342
7.981379188455172
8.043524120796617
7.8562526573723845
7.091985560111226
7.68824685928129
8.20688738747338
7.681049237290447
6.427664408298189
8.736824726415218
7.9189693479761605
6.872333512430679
6.964920356156204
7.258858992291694
7.062455256636006
6.418579191674526
7.248538431133431
7.114507923424263
7.944774601930176
8.263238293670392
7.9422526247033485
7.1065746934310035
6.625197767950336
7.997799339875083
5.6579105218864365
8.122961019406938
8.136816275415145
7.915877308851977
7.271182425203374
7.331239817465004
8.533374568131588
7.449933342443583
7.590399484418226
8.484201053193804
7.1536484377334535
7.2075260036453646
8.354414956105803
7.51811782426114
6.279831786111329
7.201169772952723
6.915923952206153
8.15016780966717
7.405190875242151
7.909131428365308
7.024088736611103
7.198360423243649
6.284936847678529
5.6850274641813545
8.237056823081078
7.244468401548715
