2.463636363636364
2.6452991452991452
2.3804713804713806
2.7884615384615383
2.5668016194331984
2.967741935483871
3.0
2.6487455197132617
2.913946587537092
2.8906752411575565
2.439080459770115
2.9361702127659575
2.924778761061947
2.7152777777777777
3.1379310344827585
2.924778761061947
2.525252525252525
2.5901639344262297
2.624175824175824
2.6755725190839694
2.5155555555555558
2.855855855855856
2.8333333333333335
2.9842271293375395
2.8187702265372168
2.835214446952596
2.588
2.67601246105919
2.470404984423676
2.5759717314487633
3.009009009009009
2.7565789473684212
2.933862433862434
2.566666666666667
3.272727272727273
2.626086956521739
3.2422360248447206
2.9842271293375395
3.414285714285714
2.925650557620818
2.7046413502109705
2.6818181818181817
3.1904761904761907
2.752659574468085
2.4916201117318435
4.3984375
3.282828282828283
3.3473684210526318
2.9019607843137254
2.6835443037974684
2.4916201117318435
2.5942622950819674
2.7050359712230216
2.7565789473684212
2.6178861788617884
2.867857142857143
2.470404984423676
2.542955326460481
2.5492957746478875
2.7982456140350878
2.5
3.3688524590163933
2.5492957746478875
2.5673758865248226
7.6455696202531644
2.6755725190839694
3.050531914893617
2.752659574468085
2.855855855855856
2.7358490566037736
2.835214446952596
2.4897119341563787
2.7465753424657535
2.7037037037037037
2.7091633466135456
2.8345864661654137
2.6861313868613137
3.04421768707483
2.8333333333333335
2.6666666666666665
2.6452991452991452
2.924901185770751
3.1359223300970873
3.3473684210526318
2.624175824175824
2.6058631921824102
2.7857142857142856
3.3746397694524495
3.201201201201201
2.7091633466135456
2.6271186440677967
2.3648068669527897
2.620408163265306
2.5668016194331984
3.3689320388349513
4.930232558139535
2.7142857142857144
2.4897119341563787
2.6885245901639343
2.6178861788617884
2.5
3.2336448598130842
2.456273764258555
2.5351170568561874
2.4507575757575757
2.5942622950819674
3.588888888888889
3.216867469879518
2.7454954954954953
2.8188976377952755
2.5668016194331984
2.6842105263157894
2.6818181818181817
2.5673758865248226
2.683848797250859
2.6452991452991452
2.6861313868613137
2.5186721991701244
2.3419689119170983
2.474418604651163
2.4763779527559056
2.6861313868613137
2.5942622950819674
2.5020408163265304
2.7468354430379747
2.6885245901639343
2.535593220338983
2.6755725190839694
2.718045112781955
2.542955326460481
2.8655913978494625
2.5186721991701244
2.535593220338983
2.5020408163265304
2.8450184501845017
2.432098765432099
2.626086956521739
2.503529411764706
2.5203252032520327
2.5142857142857142
2.5
2.6601307189542482
2.6493506493506493
2.5142857142857142
2.5186721991701244
2.525252525252525
2.4604651162790696
2.4507575757575757
2.7857142857142856
2.6979591836734693
2.5925925925925926
2.463636363636364
2.4925373134328357
2.624175824175824
2.4916201117318435
2.823529411764706
2.5668016194331984
3.0
2.5351170568561874
2.5668016194331984
2.439080459770115
3.559375
2.5179282868525896
2.463636363636364
2.6902985074626864
2.888888888888889
2.3821138211382116
2.8726415094339623
4.198275862068965
2.5673758865248226
3.1355311355311355
2.7142857142857144
2.7050359712230216
2.6137339055793993
2.934065934065934
2.6271186440677967
2.816326530612245
2.4183673469387754
2.517948717948718
2.7241379310344827
2.5794701986754967
2.5
2.752659574468085
2.7278688524590162
2.6452991452991452
2.731707317073171
2.6222222222222222
2.542955326460481
2.67601246105919
2.752659574468085
2.925650557620818
2.8421052631578947
2.764705882352941
2.67601246105919
2.5203252032520327
2.5826972010178118
2.925650557620818
2.8345864661654137
2.506802721088435
2.54296875
2.517948717948718
2.6307053941908713
3.909090909090909
2.980392156862745
2.9627039627039626
2.6058631921824102
3.121794871794872
2.9731543624161074
2.6861313868613137
2.439080459770115
2.457777777777778
2.463636363636364
2.488888888888889
2.5186721991701244
2.4953703703703702
2.4897119341563787
2.5186721991701244
2.522448979591837
2.4753521126760565
2.5668016194331984
2.7291666666666665
2.542955326460481
2.731707317073171
2.624175824175824
2.8
3.4407407407407407
2.474418604651163
2.5351170568561874
2.910344827586207
2.4953703703703702
2.7758620689655173
2.503529411764706
2.7291666666666665
2.503529411764706
2.5826972010178118
2.6601307189542482
2.6755725190839694
2.470404984423676
2.624175824175824
2.3562091503267975
2.6137339055793993
2.6452991452991452
2.439080459770115
2.4977477477477477
2.624175824175824
2.910344827586207
2.3648068669527897
2.628654970760234
2.6818181818181817
2.7857142857142856
2.457777777777778
2.9965034965034967
2.4954545454545456
2.60352422907489
2.5673758865248226
2.4925373134328357
2.5673758865248226
2.4183673469387754
2.952054794520548
2.910344827586207
2.6835443037974684
2.5203252032520327
2.6137339055793993
2.3980582524271843
2.67601246105919
2.8
2.7358490566037736
2.6058631921824102
2.6666666666666665
2.7291666666666665
2.5144927536231885
2.4897119341563787
2.7278688524590162
2.4763779527559056
2.8187702265372168
2.456273764258555
2.755656108597285
2.5492957746478875
3.15
2.4507575757575757
2.8726415094339623
2.67601246105919
2.683848797250859
2.5668016194331984
2.5508474576271185
2.6487455197132617
2.5172413793103448
2.5942622950819674
2.6861313868613137
2.7291666666666665
2.5759717314487633
2.463636363636364
2.463636363636364
2.7903225806451615
2.566666666666667
2.8188976377952755
2.5351170568561874
2.628654970760234
2.4375
2.503529411764706
2.457777777777778
2.439080459770115
2.474418604651163
2.5492957746478875
2.453125
2.54296875
2.503529411764706
2.3648068669527897
2.924901185770751
2.55893536121673
2.5668016194331984
2.3821138211382116
2.745318352059925
2.457777777777778
2.470404984423676
2.7050359712230216
2.5144927536231885
2.719665271966527
3.0
2.619718309859155
2.5508474576271185
3.3658536585365852
2.535593220338983
2.5351170568561874
2.718045112781955
2.8
2.457777777777778
2.5826972010178118
2.4507575757575757
2.624175824175824
3.454081632653061
3.1355311355311355
2.88
2.522448979591837
2.5073746312684366
2.8518518518518516
2.67601246105919
2.5759717314487633
2.5463917525773194
2.3795620437956204
2.5338078291814945
2.470404984423676
2.5930232558139537
2.506802721088435
2.6283185840707963
2.474418604651163
2.5
2.764705882352941
2.7152777777777777
2.542955326460481
2.628
2.6755725190839694
2.6452991452991452
2.6363636363636362
2.535593220338983
2.3821138211382116
2.6493506493506493
2.6222222222222222
2.515151515151515
2.445887445887446
2.6271186440677967
2.7857142857142856
2.5351170568561874
2.913946587537092
2.5925925925925926
2.566666666666667
3.3389830508474576
2.835214446952596
2.709090909090909
2.7358490566037736
2.3821138211382116
2.5794701986754967
2.5826972010178118
2.4953703703703702
2.4916201117318435
2.764705882352941
2.5338078291814945
2.624175824175824
2.4375
2.5
2.6979591836734693
2.5794701986754967
2.5073746312684366
2.542955326460481
2.5658536585365854
2.5826972010178118
2.5203252032520327
2.752659574468085
2.709090909090909
2.6979591836734693
2.67601246105919
2.5351170568561874
2.4375
2.5179282868525896
2.3497757847533634
2.5142857142857142
2.5351170568561874
2.3656387665198237
2.628
2.506802721088435
2.5155555555555558
2.506802721088435
2.6222222222222222
3.068592057761733
2.5658536585365854
2.7346938775510203
2.6755725190839694
2.628
2.506802721088435
2.910344827586207
2.566666666666667
2.5508474576271185
2.6951219512195124
3.121794871794872
2.5
2.75
2.5144927536231885
2.5155555555555558
2.588
2.898989898989899
2.5
2.525252525252525
2.933862433862434
2.453125
2.6452991452991452
2.474418604651163
2.6666666666666665
2.432098765432099
2.6902985074626864
2.620408163265306
2.4507575757575757
2.8
2.709090909090909
2.6861313868613137
2.7465753424657535
2.8345864661654137
2.7358490566037736
2.8451612903225807
2.5186721991701244
2.525252525252525
2.5203252032520327
2.897887323943662
3.164285714285714
2.503529411764706
2.6951219512195124
2.5121951219512195
3.15
2.835214446952596
2.6902985074626864
2.924901185770751
2.7152777777777777
2.5658536585365854
2.5142857142857142
2.731707317073171
2.5
2.628
2.603448275862069
2.3648068669527897
2.517948717948718
2.752659574468085
2.683848797250859
2.628
2.6601307189542482
2.422794117647059
2.535593220338983
2.4953703703703702
2.5673758865248226
2.4953703703703702
2.509009009009009
2.7903225806451615
2.6283185840707963
2.6666666666666665
2.5492957746478875
2.7291666666666665
2.9731543624161074
2.509009009009009
2.5942622950819674
2.4753521126760565
2.4512987012987013
2.67601246105919
2.745318352059925
2.718045112781955
2.5020408163265304
2.8036363636363637
2.55893536121673
3.099644128113879
2.812332439678284
2.588
2.517948717948718
2.980392156862745
2.5942622950819674
2.8906752411575565
2.5492957746478875
2.4753521126760565
2.764705882352941
2.439080459770115
2.7278688524590162
2.7857142857142856
2.7857142857142856
2.5901639344262297
2.4604651162790696
2.4954545454545456
2.603448275862069
2.628654970760234
2.8
2.7050359712230216
2.5144927536231885
2.9627039627039626
2.5826972010178118
2.6487455197132617
2.439080459770115
2.470404984423676
2.6178861788617884
2.439080459770115
2.4954545454545456
2.522448979591837
2.867857142857143
2.542955326460481
2.5673758865248226
3.164285714285714
2.6452991452991452
