22.918180014828838
19.854093775356127
3.9257164339176156
8.757531764208705
4.544683814963769
10.980310818889633
22.2680845888494
4.922785987285902
5.2670988921941175
18.030091028519095
1.9061870214894308
11.452372428983113
11.635256288607431
13.903671379377741
15.575576600331207
13.03801285682262
0.14923525317248632
8.78685536542641
14.715565521116774
6.183487549283935
2.641116503175548
5.254438073768911
10.900467646154036
22.66739238417146
3.9063323234971827
1.9156171985628054
5.543454219021592
2.279236468252972
2.365019218389765
3.099736265812413
1.3802178073669849
6.326509964188199
0.8484802967173595
10.474642659637617
7.961058742606756
10.219864767769883
14.443424144822272
5.001445461430219
9.231925637928406
11.881038467897497
6.790975556356802
10.25350707244526
9.949304132203116
5.798532567343003
6.097075137881467
23.199021653811606
20.284544732638533
17.839110724404993
7.747758856165121
2.180616887436738
3.559913331013334
4.371711503076709
6.443016820400178
3.9144666418305034
13.099479232066152
5.830817561049719
4.747361732644609
10.367712319095904
16.99237302264012
15.476989277612615
20.460316884171544
13.27201300902251
7.03492668909762
7.520112463502549
13.984730722955812
9.084615649053733
7.505857093663409
7.068871728941364
3.747534043717982
6.316986547042347
9.141457424397077
7.129345762209466
3.4196453683955825
5.0428717611451725
2.9905018448641987
2.2408283585098854
3.8472243077498827
4.9167821415238455
4.777898010635327
9.93240791398139
9.72314973765763
3.2773139571359415
8.40251402381178
4.731117868499553
4.215265713570493
3.6680087399170773
4.530401906824955
6.5013565032878295
5.567660457040255
7.934903329772004
4.835217130707871
9.855204193920697
1.3152010960076528
17.30165293607842
11.331930113374009
24.544833872099915
2.1207680678201304
8.39801979755927
13.201467138173909
14.849234657302913
1.0111150260824326
3.311805499896438
1.8279538143351588
5.169107376756551
3.7464238896410875
8.538766188177886
5.717216770279277
2.7696989097271603
4.967834147544104
5.4790358167329245
6.784916832919335
7.02104459407896
9.503970300773771
8.900531564386212
9.413729998573704
5.5820282167110395
5.632884055316415
11.595697339429766
6.869452652761192
7.704067970301547
15.72646390083304
-0.9727534130721154
66.06453556845447
7.345683793531405
9.245188675785085
5.989362847948562
17.012434811785546
8.955636400182847
8.200122580880837
5.913000410951025
11.110447823008185
6.11116582885745
6.023125093988334
6.4445198337527305
13.64456706086146
5.4060847513149355
12.489584787364256
11.831809887545065
8.504435388993835
1.9560445816628325
10.262910703794
8.4116695307046
3.9255238915656916
3.293488153141018
22.403180750018155
3.897124699543287
3.0559786796889057
12.359915029529727
9.45938681307155
18.21927548789276
6.314151814847505
3.263406515764944
5.584002967520872
10.6771721818761
9.366679413405596
5.729573947129986
4.2338044510020145
-0.5219188713631108
24.508612879418443
2.6353090862721866
6.787121069784263
12.473712246993239
5.286638329013674
4.836856799112045
17.57620290603396
2.3278251966340515
5.067451909338636
0.8856297271111424
3.129744462565531
5.261108411592906
1.359301177135912
2.1499836099316756
5.396059128662148
6.191410548919174
4.659358766109927
8.444215778538712
5.441220281689463
4.8058907612218915
2.9254239645467237
7.5890454270686325
11.199365832238248
3.4815574583256788
5.6138815096472205
17.819001717245698
15.055813152009721
9.028960160462269
13.069414935286748
28.72405826567311
4.010464382225528
4.247819497214989
2.2737205270248078
1.4090495263548894
7.043184902680514
3.742053927869026
4.420928497700793
5.751646513835034
7.542249515587572
6.768106042791054
2.9001659005631435
5.484333694807815
17.613954741169184
0.6773027450498442
5.4593145307124695
4.756870402524626
2.7416918018209753
2.571265941967022
2.6146978393349096
7.3239968554068895
2.3939084262458996
6.402889282524597
8.510865661411477
3.799793684362849
2.544510546440803
10.359268301446212
2.3303471342204243
1.2098064507573527
7.418129201363923
1.431231898069113
6.895513784800054
4.087212187465413
4.680549109102732
4.182926704226429
1.3046037099081866
7.631918629195003
2.330406500614493
5.882251610214966
4.880839458144194
7.047375609504931
8.999517809844715
5.927835784475624
6.0209001192809675
4.197893331832688
5.920151960555758
1.448094288441012
13.80784671363959
1.6133456198251956
4.624622439219817
9.207229099770425
12.162883317515702
8.4301096813437
14.069751490408311
2.714498143196421
1.6588385228989435
10.214350392836606
8.15169117070123
5.440252531459266
5.254486979224284
4.87222222210111
3.3229938305201463
6.0587537396994575
6.211665633535412
0.29686693010996684
4.116770505296333
2.013078143866211
1.7760212144544072
26.28469513758515
2.9433865012907185
2.2344720435718863
30.249087459927672
11.781730196281536
1.542222733505192
7.872732591790774
4.463757106593466
15.795190597852617
7.559358938599844
6.375028107493021
1.7190720798508552
5.807793977580482
13.22182369781175
13.514677002278473
5.783242022819765
3.7790894169351485
7.1371081940210175
4.235571545985516
3.5195028207294565
6.146079547110827
4.828724113742562
7.291976899861017
12.82493333984536
1.3127315520503855
5.950373849418812
17.20848906201775
9.677866483018255
21.952233051882292
14.30490534558115
20.236100415632258
18.663540739811058
3.884050446321874
3.401967195363361
6.250566234329461
14.589794459710753
14.18777811837126
9.252456301039789
18.38194285069418
15.5654485462539
9.315538145240861
5.009401951639488
3.2677555246988947
3.045963250147692
8.368164879919945
3.662478871691677
20.08026398293854
37.431977581163814
2.9860467447607646
3.7944805911565256
3.3400991061122935
11.906019697274658
9.01029080724537
5.6426892218897295
5.1307152258587045
6.389122946256614
12.566656011252487
6.1455100299654575
8.513728651851634
10.08480016093634
6.889293717479314
10.37310191450692
10.000326348530535
8.043214307384366
7.091662211736018
5.561346595048688
3.6412330499101113
4.052814034412827
1.7676940668968057
3.6017089068742365
14.294998901150318
7.064357490944671
3.3992559475855075
3.813381843601222
3.253589509500808
6.687594987655467
12.280074919447205
4.477877579626774
4.867364750693088
13.633162750757874
10.068073284111877
2.9307970731962993
4.698375104798324
9.69752931782917
4.189160793919197
1.6075447192271297
2.7118464598251193
2.379061264178156
2.379061264178156
2.406832538956099
1.3656656851427706
2.5179748988026143
1.3656656851427706
2.1176690986161213
5.761994392662127
2.579426642605958
8.214782491293915
3.3912032317760588
13.53224074343027
5.408007612265
4.047582849690604
21.103902418782788
5.966977305864361
4.100349387615374
7.440355309930272
1.6653678630058515
4.745547001763754
8.967632046886393
10.02884241582422
3.8632942430768114
2.5128718996674904
16.424332335271387
0.5557344252018794
10.863627070644938
7.629620388859474
4.6604133720684535
4.705816890190924
12.638851468842166
6.01772274299958
11.571365179483344
19.254754241827712
8.31626312563885
2.0508890247559703
6.032051095251754
4.270375489694618
7.734645835039615
5.011893863425276
9.823140470194897
3.027864423932962
6.3498187837144195
4.351016053371953
3.510331376921475
10.099787400509467
-0.15238032758747042
5.773554619361108
3.7874644822177497
1.232505988599356
1.9894278709093787
3.8860319481650594
12.558119286218737
6.085640778445489
1.962925327640427
5.053935758631445
4.976052188864327
2.796942180547567
4.072184783171986
12.987310904612903
15.18727003437414
16.851435736911874
16.722815810853824
8.851432070495438
11.787943643423514
16.813272860811136
25.23096119921807
5.641375000789885
7.267072938067004
8.752131893544233
13.296801868027096
4.80978627694596
6.206539123911929
2.3809961429421374
6.047300950089472
7.579513806939093
14.248200605095509
5.565086060829588
13.62676260118681
1.3946743817362948
4.478508293018841
4.8582468975626725
6.617927335722333
6.952086108318533
17.400159134452746
5.956869009239758
4.965320670622534
1.2426320760490697
14.971298992993196
4.79373646087807
2.012269713634183
5.6333284375695145
7.125178497830696
7.778001403670645
8.609070753924893
7.980729430282473
12.673507781822646
21.37774462622828
14.905546620085328
0.11591125986740558
10.88833793334557
5.358587317475633
26.820267557667226
23.126405319270564
19.511880830623557
18.189089156749112
13.925820780703214
6.547635706763783
5.956246257574082
5.080718809418622
8.798293934299396
7.941052488410973
9.661191193647225
1.5172664584316178
25.924777890156403
18.454675678131903
6.714515435090135
19.30421862718957
9.796971231638878
12.082881868574734
19.477922975550225
6.539863213944409
10.702118378991273
15.567644867317318
15.476240206007633
7.327999133099741
13.066816314325806
17.20966436036737
15.459423997219409
10.083923059904816
13.186896973435633
8.857451365173201
17.373069153339355
12.925579958717217
7.0476609158702415
17.46423762406041
6.688195504960949
24.516149957996653
6.585949852517531
11.265073150102532
18.603461594320443
14.916934708340783
11.75529050855572
3.575413438422288
2.718491846503566
4.685784649935513
15.603231427690739
28.888363568745195
12.691768968296145
18.069074891651944
36.124200470736746
19.678770146928045
39.6613232254197
7.84590982800419
3.9611383600337637
4.158249384957764
7.263261606881972
5.719473000062079
5.044318286504846
11.045109255207878
2.3880821423549268
11.61039751383966
1.1649019080613265
10.951760642602718
2.712066822524024
9.282398334257076
4.722716058369485
3.5849566960001193
4.658171525727528
12.955258095627602
7.364014691045983
13.144970773527229
4.679369150297525
4.488441811453381
2.808055752916108
12.608549470539655
5.316317456826705
9.087477553051645
12.676850687967885
20.186517301065855
3.610992007598933
9.7159862377392
5.0810773737196975
7.248112856880093
23.345522239825936
14.367251737937053
10.632419552161062
2.3922062142489318
12.759853276937852
0.8353798727234343
11.336080167628243
1.9047401330404883
5.4508503329255165
3.9588780908804377
5.202297568793142
5.597356565833122
7.193492808176001
9.695764890367496
20.07816127899217
6.923301944983311
7.729366260022173
14.041560697291644
29.65765610134955
9.76134423348311
33.0407963682069
15.831112031941577
6.323475941479626
24.782455282528456
14.02719415256074
18.465082340731772
24.368870679402388
2.532510167494967
30.925309062104972
34.0905209570541
6.556264379029734
44.64804788254762
27.997853701389374
15.91709630202931
53.57877407964097
11.663949453856542
16.112060346810814
28.73766463454774
17.531362916514382
57.260956277805825
40.49866247928517
48.224409689453275
27.65713843022721
5.513692881969455
7.8182704910644185
2.3186044727474058
0.17265036227181624
3.909584355244218
4.785830153067112
6.960649896443289
5.091367794442554
5.274854272783883
8.14891486870722
9.390934841796966
9.630651641574577
7.979022008077938
8.843050611822008
7.39932459814642
9.678267584049848
12.983898982164375
1.3404236651101893
5.269608092390717
5.263315779844583
0.9635030235750722
2.401129076268793
9.39350888342277
7.266225023151038
7.191661736973959
2.2823953216777273
12.306889668779924
6.151156312864761
4.357620049506946
8.303728036576928
10.19770405310945
9.843965791859084
15.92363463409992
3.307216327746053
7.072686157747821
5.326335019917931
7.816198428842584
6.394854865566373
7.519868900497675
3.895006192997347
1.9169653228241033
6.480398727576764
7.877814867469364
4.265799207812005
10.59753391823801
5.986591723979678
3.6783649111013688
3.0481542912843507
2.513938686237624
4.918616411037818
1.5642772986648124
9.91153699217193
4.639602058831286
15.920015127096235
5.314922881357186
7.761179605419515
3.1274678316350495
7.515179830892397
9.811449412430054
2.751021023279418
3.678649058498176
3.051419278252784
5.354935959303918
-0.04601861093620271
4.159633372884778
7.165131012220573
8.001047904423237
3.1922898444802223
4.91823588997082
8.0464116940107
5.868717994019487
8.112749132763097
7.810876229709751
10.40387736201343
3.885726969993102
3.5701786392891552
4.919704813249583
8.770766636465247
10.066496268793845
15.94856873200252
19.169170340448773
7.981626479741006
8.07233931039009
2.6769873236019457
11.262260536287029
2.620186412546622
2.0466079784196216
1.3405961071549233
2.9433706917580533
8.89438632438589
13.685830085467604
19.76754977344533
21.554795204970944
8.041779031393178
2.754293462912012
6.354857532155644
3.9912898662705
3.716960766444035
6.903814618477606
3.5924907232816197
0.7732337479195375
3.439186136424154
6.640438287696924
6.957490238746936
4.192694877058237
10.439287873457266
12.730009041575654
6.888013204718515
6.80705513470862
30.075921866759973
15.291913899678772
6.9521658140457365
2.4608303840490784
3.759517744205995
5.158810295496163
2.724749187506811
7.135659199133475
15.022670238373564
0.9368701946803755
7.583266162663604
3.389402207962342
7.218662458463939
6.896357655898582
11.112325385290234
12.986531776362598
12.636267029512835
5.629865362029864
3.082061254637777
9.964292514565877
2.331770602404175
3.456036608757864
4.6722270662050525
1.627564196638553
4.8364423184528755
8.23270967977135
5.777125930013966
7.2531331233642415
10.490800653651396
8.575179949719594
11.171530289214607
11.741173719208335
4.043801029306655
2.593054667561931
3.5533419197376515
4.0525425259876595
5.4721138281428185
4.167231118339096
7.686756897589054
4.640427807201307
21.48789280491308
11.620507753247876
3.925270204931214
6.287802945182509
10.227587246004516
5.520512496948205
2.860454614347174
6.637240580545619
34.484922970328384
12.229286074161932
6.345700220736452
24.75058633728096
3.463627172369691
14.883736516396327
17.063211987126007
12.717826378799682
7.191112590431405
9.157517081402053
9.250903814789902
3.4256421701709185
8.972975212028302
19.61275512137314
13.675071583492864
7.213050830830565
6.397147761093812
7.013749872748274
6.77657083878871
19.84295531965251
4.322533125105714
4.9723859207828
6.631523350992049
9.790986079818916
3.3083978434480117
7.410031087399032
10.283315292109219
1.2511268717569384
5.208347861503796
15.567368938921444
3.735561289199154
21.540567600479946
12.761648388486643
18.867177530445545
4.992801437839922
9.89372412292532
8.147638745011989
0.5209369403709618
1.7482082401183034
6.206966313337596
17.694749623035477
6.851475678835134
10.404036892299608
4.288545981493156
6.625968257777743
2.328790438006618
3.247307680609934
7.367757281720482
5.0910201409568945
10.00197667422353
10.913262848597208
9.201296180001654
5.361460163106402
5.46974286931984
12.969936077554694
11.44805195963743
8.645936062086195
13.087064527277569
8.918688761100782
1.190761491479199
6.904550491583875
5.764342425752246
7.508206935495184
5.789439684175662
0.018513391987905387
14.817989784085304
6.540917080121427
8.365381513356274
6.333694214259601
7.687183573928088
7.75407820249922
19.54727167271394
6.248842170693917
6.6818768577555705
17.435748318129498
3.0974087570677504
25.331739678660323
7.707618700048508
5.496636292746091
11.527778681235075
2.6060908982846427
6.80705513470862
2.9386473495236154
4.581224418850843
8.188075084329764
2.8119839106769255
11.841494672652347
5.3263944969378825
13.166330140852763
3.018325110995539
3.1660355902851913
8.423795661899211
6.684363190736157
6.3073413014766615
16.6455435075681
2.195430327027084
7.829337947808627
11.700618280799494
7.223270105704246
6.805828643231349
22.538961153844944
21.92710816304216
13.670741174415312
9.539663715452168
10.294972962946044
8.209411006017364
11.57536268888267
17.15491694643713
14.188609866781114
25.259149559535302
19.580376316026598
18.024093794117313
19.214053588620203
60.22119108985826
7.734092962912774
2.341380951922682
11.639089902306194
15.952542975045631
44.95881822834033
7.370159862143315
9.485709467226153
28.233225903868185
5.17165739462393
9.395062166676496
9.18346583213648
2.373746779621715
9.479168872803227
10.400937230431884
2.1986763044643167
3.7698492079771477
0.4448985744800203
9.239281329660646
2.9676731629638304
14.385215496731863
2.8430900761825755
9.339111663110076
1.554855165235341
1.7678896529555934
1.8726484310399198
9.520872289590507
8.384963132889824
5.288568289140769
5.775037844318477
2.75904108329184
2.1063187716269005
16.057339149105047
64.81811536904141
11.871434447206594
7.961501400634721
4.369781921129599
8.269959927709909
4.739516390741432
7.286521146909618
4.763008502432881
5.818180369729607
7.497781690796573
5.088070983815228
8.255643772716232
6.973745027875033
8.457419691807583
17.567876580979423
5.922289214364517
10.17187429497594
14.609903021226284
7.66976706293791
11.565899432707145
12.309349159052012
5.2458210277366115
7.125720365999396
3.0301316726650835
4.952894104922318
8.588691887090596
10.907769912700962
12.693322539772483
0.3913222280423933
7.2375904046692385
7.43773956013024
5.249774290263302
7.1865751025622755
9.316719230683598
5.786968106607952
7.5145227676787805
10.443410950413641
10.431065723598202
7.712351350011299
6.80832577640434
2.0344720102400737
4.34589811748056
3.717032136745718
6.0149111928414625
3.856528560685699
9.586505412177802
7.614216081420608
5.160063627063109
5.81965213005409
1.5657761570817224
9.197002052434764
8.359365352570547
16.421138926370187
17.5999005788088
3.381633218292206
15.22647322827858
6.953351090519807
10.720360628154456
11.080334048861657
7.563521152888573
4.224529996088112
13.733902698423666
13.634881806792908
10.409164967492817
9.585388868660626
10.32017205662744
19.07652362211806
11.61212516163447
8.7894309493616
8.618377868425735
5.445226515164315
2.0575416647428644
0.9109197884302607
2.900801084945455
10.013471389560529
7.696296742340584
13.126955297047056
5.55915260045599
19.457298850978564
23.20385045276338
1.4057375955080096
34.11717109947028
13.787771804338826
16.37642295029521
2.573863005786386
21.16860508795188
2.663175790108782
14.926930414622392
6.799725016852789
7.88260011507721
15.785368066119155
16.966622272397284
17.065159216527714
12.838656445781206
14.88963508126426
8.257573826525283
10.914392503117327
29.27955964921197
7.815342311835892
6.378140532583989
10.527839922424157
8.848792339218603
12.145648313247529
25.989015742514145
5.450013769346491
13.819571533632171
12.509842260313235
9.45807226378799
7.020230932178848
8.798185116130645
5.1738412625401935
9.339659429149616
5.407552983228506
11.207298142560713
44.07488060868523
8.564858563874786
16.427877587520292
10.449386501348915
18.562486157121896
22.20026453494794
29.308552703587516
6.765979332210843
26.15381194969893
9.60734194989311
10.540400743968195
4.527310452115949
6.45705664473863
7.205700794607822
4.45737001677067
3.485223537608624
9.245155869953157
16.835592485312894
7.106355328314307
21.26102117570843
30.471490671318435
14.206581967934884
6.888013204718515
6.80705513470862
7.013749872748274
6.77657083878871
6.5934323616089126
6.888013204718515
6.173147930314838
6.6818768577555705
11.513267242426224
13.349909563078484
14.436351969590396
32.80914726213815
3.1318598918938356
16.206092325498016
10.773010557542749
10.344896414690085
7.883547598353684
12.384834203959684
8.27087553088011
10.122533665494503
5.337457080698348
1.4067347924372167
8.924519975074437
21.93041898712634
9.7282702152122
11.842747467056139
19.67534646974651
17.105381934603134
15.632571042866495
16.82734956597898
16.514892992157797
9.07624273902147
15.54543102524942
8.709544038686092
1.2166208698642937
9.247876226068653
16.068984832628374
7.191039678343945
7.434150533445177
8.359398317930985
3.6288315796972412
5.407808887359655
7.0577659113227025
8.116941040784962
22.686190710480354
21.10779909878585
17.601945793045452
14.383884484731142
9.9474519371947
7.0185803150939545
9.616156954219088
22.015469935771158
12.386123915717334
7.983927156193015
15.966909566685873
21.14088895644976
30.288269094861295
4.214886303873336
4.690758976782024
1.8271485364745537
4.772093371647081
4.027829851726845
6.8182427513204615
7.323434924631754
8.028679725661101
6.1261554350483
16.224131754083352
10.731267630458063
8.12016368581976
2.6194106431763484
3.8906361822831554
26.40106870068536
6.820919468370144
30.444280525099526
5.637516517912824
42.953266361176624
11.08500927880442
17.176879684879125
19.657647569505485
7.1271497859711594
9.917391206241819
25.019558734863875
8.1156447110818
23.83643800669261
21.715781082965556
12.743970176142195
17.90120713411758
54.08438505095987
60.866552148108056
16.099914509123728
6.575892066223893
8.497871029181463
6.4504351170778635
16.939010296710975
12.250095676166763
12.91387928383117
21.662805993849382
20.967851944678042
15.922827199786573
8.188550757458067
12.117566253801645
11.77737221715021
5.74866042710334
3.7255403502404887
7.339053297293188
13.248334081018012
4.330887318620807
7.199535053619314
7.331252702823766
8.777997960325074
26.964957488627547
16.959951712872794
42.04086756213475
15.058608275631968
22.78382483667129
73.09691944637814
9.961239646154322
47.844100260664284
15.150352969598112
18.895196088927865
16.92914251967997
50.61676516988857
13.179767223253235
22.970368038408765
34.17301038643119
28.822326948926552
29.3478426810626
36.88361812432605
22.06999708056165
19.12013354110458
6.842954168116535
19.366026485550737
9.555240348115488
4.706928006384738
5.498974586243149
31.184779923307584
2.5264865800038163
11.863585862155398
16.531815126371356
39.75933856207773
40.03496422020207
5.279763962708675
56.88425747244057
41.970878571334346
22.52116693014036
7.916134906437132
10.735012198445077
34.086520949455355
19.070821731676553
31.45489711257988
11.92742379016886
14.113375970500275
15.072456508733737
16.754493838879092
87.11734752591883
6.794476396786016
10.489540915314995
17.202537794946004
11.257297163004923
9.96881493729596
1.4179794602395104
17.88900153178826
9.369895159366669
44.86588183333507
21.97988981440963
6.4314139385689515
7.589235341128787
2.3994787194025817
7.471684190924022
13.950152815163316
8.38169595926659
7.07073749788776
7.281636558270279
4.606517079949643
4.231888875547459
6.597070172217434
8.287316874553843
10.506565849552773
9.422164049463921
2.4112429068812022
9.245717277875862
5.975599928438347
6.941849243974766
5.392491821305766
26.241765185862214
15.948142983875972
1.7532519562989872
4.307389168445433
9.012557193645785
18.260098968982962
9.174709117374904
11.927495427503613
5.501275899278556
3.2845615836488737
5.820780676100066
7.199512868910267
16.917738109193643
0.11429617282289013
1.658941742556073
14.519142921320974
9.993515424990196
10.288868795973443
32.302352831487994
37.989251920183044
13.892906312953025
40.27601855163247
20.42571054893548
9.019179904306325
31.081957277679972
73.23954986698138
52.97297769756565
18.65764712373082
21.392164541556973
14.38630138755548
22.253947224928908
40.64492174261772
45.50173968810065
61.61433389787977
17.034399700604233
4.086289003055931
4.150878906987007
4.014400671700987
6.397147761093812
5.820484037076924
6.173147930314838
6.173147930314838
7.408592162492426
18.113154456972765
9.560809105347825
33.63463715201152
38.52746249282441
5.534892198913034
11.303472657323688
7.6211208421258165
24.987633611927524
12.083440793387107
9.37045288635995
5.988500830810969
7.905005968790818
9.711767435937317
7.5148078199865145
21.55027240815079
4.692711823020809
3.1240252381859697
16.173648724232546
16.50238232010746
8.57516684796065
5.065121089880357
20.295288216297223
9.673035606689915
4.172720500838006
11.354561683323046
2.6560679125160482
7.873207874310821
4.0569796510508915
6.935371294027343
8.942469899654812
7.808617112388566
17.272300900473216
10.954613773940372
10.807596132633535
13.472742317109736
12.90233601176264
17.6443204187533
37.59297555760965
17.414282398003433
8.815941710893966
6.526869913769523
8.20763491886311
21.53257480466921
13.048967546431557
9.692297762407783
18.252560112555898
20.29146554410844
5.6513464627406
2.7389732986791215
4.351988945542935
10.117439425502331
1.934227339941242
5.938733672765902
8.532008220854026
15.918996033901156
6.968900390332654
9.97689293269604
4.20812611201724
1.3097973817791977
7.411282748285787
16.036247171868823
6.132008671445201
15.877691592784332
11.244863632602915
29.43315341590749
14.672987157748604
3.2979026649241447
5.545162354650309
10.446887948092549
9.15948165478122
9.075335213395439
14.64304765592212
7.508621786619589
10.599991736247944
8.772826160759234
10.246427936995683
12.607107850500517
2.8167727873994233
6.45916234490075
0.8329659209319078
5.659694036439285
5.797707597101784
6.553620398955089
2.283905069961226
12.965394929550879
14.17198660373218
8.320347180467232
3.5188813489718176
19.580901113262065
5.6690302510756005
5.828903127051894
10.08636754132779
47.243071227624036
1.0716213364620235
25.521781960450088
9.951291475327412
32.08145147947303
47.058784087068915
66.55582126694308
66.70943875353016
66.84106632354799
49.530894416429675
24.51317896465322
5.033323374476132
8.324188090077051
9.762643257650863
3.7665849562205143
3.2505763991550327
19.149389348903643
8.268472917118597
15.31267604101932
4.202410192229351
7.535305304102133
17.879658999349267
19.957615004435183
8.222558818189711
12.029330656946465
13.809462612231206
5.793903842536162
6.084907669448774
14.698261989142244
6.535473741004377
10.23398075569869
1.2257413790618052
4.8941414668893914
9.239488144867348
9.743574440230045
7.994924289161955
18.629614513426926
0.6908146753477734
4.460546237224152
6.817475546383575
6.501112182696586
1.322003847182557
7.30063297174651
9.194290649950002
6.404922506241357
4.695574223015014
8.921955514481667
14.255271977499653
8.041993930865633
63.58522446462892
21.098777573525616
8.3261887208264
5.841540425495703
0.3496461046523861
1.4499839303837436
10.497358774534035
13.950085621705842
2.315545377768564
6.65380392962621
0.4530983702840572
16.376657865248347
10.421064598521042
3.139322001427471
3.081639733362741
6.625825157744386
21.299799491907404
7.606334705627398
11.735810769924036
6.291137691874438
7.876974111118797
3.9150102833735723
9.69885565473063
3.4155497601309808
17.296146269273436
10.623943308399076
7.204135668104419
36.99945862144787
13.280395960432934
9.924598041932306
6.627886032231696
9.924731539713664
8.607156407520176
9.651468183002978
5.622859129164552
26.74568418645862
65.31652774459343
9.857776005781
0.6201358004269186
7.944045080177951
0.886446385039608
9.238479998523317
7.007440475758617
11.526206500782628
10.907877970551846
11.194914665247328
15.3108041774552
13.307010181116064
5.776578893194411
7.5583519309723854
3.4268596705545957
4.670186568295594
11.802303997496043
4.418403396526739
3.330006854472903
11.894902062337664
14.674564227463161
12.661111202643516
3.161721564358657
2.3417268886289837
3.3237600072145024
8.435990944342112
4.154118471760129
1.6066436786729743
4.064457387633571
1.8155402343820835
5.314766229088856
5.741992575802055
6.228513471221828
9.493269404789002
12.814137175367064
15.71859104839602
7.905603433971579
4.121533924116686
15.21276108317295
5.793210715736348
5.069231895892245
0.7561241718894994
5.152255115383473
18.436140392568415
17.53133450698331
10.460794775432449
9.521180503696126
16.105590429103167
13.399564712845356
1.987267193950533
12.215114571859209
13.998432539631944
11.919682119719015
17.55151917087936
3.585866547878566
28.021917605614
4.195059642287284
20.51502990347671
38.13955304159998
8.370319994092117
9.233394233542603
59.16732056397338
63.462101794327275
62.51938742978857
7.978926756699961
7.277743798259734
5.7604221049499476
4.2410668552791275
13.419297289463405
8.703377960142765
14.26041472075207
7.045402448460314
5.38907237606975
9.811529483699294
11.378959153947761
14.679177848947461
13.153254938831438
5.292249503471282
8.127623796719451
5.959294200341761
14.294495370585059
19.911314424943868
7.34022563103579
13.879108908116148
5.598032429987143
4.184152686877572
14.72654152675758
3.2624772547570466
20.573480583522354
2.2110421965529388
21.427470816567382
6.96227659225965
7.344934176407204
10.422170217564148
1.887293453897652
12.484908126733337
6.8920002891758205
7.080364506028292
8.419885084657489
12.038090407474355
9.715963343201556
10.132609304886692
8.292813551691134
11.701469062169076
10.192878343260517
24.95349668750183
11.571342263912417
13.143484827679062
6.345046951214521
9.354095223057586
0.11429617282289013
1.0554930677217156
10.154165479055868
24.894480380433325
7.674206630482308
9.044674128177398
6.368693351823854
2.9779379533635524
1.4241569836665864
7.049614487789304
11.441651155572808
2.6844821296870256
6.368284663085542
6.244260150894904
18.305300182776612
9.532737865325082
6.649646654934868
13.697363017101315
11.245349862603378
4.332902625794327
3.7015012359727386
3.803435162037959
5.847835415747261
38.13932441481386
5.2719378246919915
5.270188674253179
8.202157611229309
7.631655661152676
1.1297570223137408
10.111458178021017
12.525107868610645
9.0668184617026
1.5463435899472209
4.87196447715491
12.570810836299216
6.709005008705676
6.77657083878871
6.397147761093812
6.709005008705676
10.574763059675025
4.162178203054792
4.69779499104313
21.434280437405558
5.182915967207019
2.2137635276161616
15.12981714253486
5.601493823000678
7.512436093840504
1.1601885278723192
6.21033543721121
5.710479562257242
18.97172511635504
4.1352780524226205
3.9399370523081267
9.70739320362279
5.162460855686736
8.141088379420069
5.596836362103658
14.374628071897348
35.03888609264487
10.214225076142728
22.36067684803395
3.277015867621057
13.39367884136244
3.6571582495517156
12.264526245843891
4.736302076479256
30.076304799196244
1.9810331022491565
2.221715957222338
11.972106246341154
4.072981733165662
9.248232217269486
4.602045234613793
6.306669323305221
3.3145259444373596
11.192733178433679
5.7164033274646355
6.391437805090369
6.07239636875632
5.7544041916788125
11.635116707580925
13.651427773431204
0.47864608300980205
8.674309948825046
5.387024446593196
35.09558641725634
8.633862879886424
3.454388238495227
3.2989489191208676
13.375240970486438
8.758745115855104
22.439246947689366
7.968317663878288
21.424200482551477
35.773477246765026
18.895196088927865
7.9072150684458755
16.946813676234378
9.386229062321052
11.405822185146846
17.47955473887232
9.176718641270636
9.172838127743036
16.650359863313106
5.707487684976727
20.927611561032077
10.437066041408785
10.80473085695983
13.750115712340794
10.420155187737763
12.076951477018376
21.30165866827261
10.839746643799806
17.208026027920496
14.040938570624876
1.473627790319549
6.80705513470862
6.888013204718515
6.6818768577555705
6.709005008705676
0.45984345240278923
5.303184185496396
0.5363496779893797
8.059956687347643
7.072326676067036
20.20825998949647
32.3924997444505
8.453906118787005
9.352062505272192
2.265790984738252
13.784134120606698
8.419258138737822
11.305336762401225
2.360227775386228
4.155262070623012
4.536199822852717
12.391637702181164
4.766479049762622
1.336172978033833
9.459744368029163
12.08236273775761
3.5316313913132578
3.143324161700789
8.759641755632572
2.9205220776269316
3.7967925643858154
2.8810812595809763
2.994788757272212
2.251175554606871
20.362697147046642
4.251225927344252
6.750521481850343
2.6426612142454227
15.638291072253017
6.204866277668036
10.867123009106388
0.9762050532683324
15.92795062670997
2.9380296349574593
13.898464787551706
5.028300340108659
6.3623940351340735
12.62636501878837
7.764431949793539
15.422736904077903
5.1255796923756805
20.096853224702652
14.345910751446954
6.770015410197092
7.57863104710541
4.3720478271832
1.1169813389803387
3.0049820702015966
0.9409986073248532
9.174175825197498
26.87519587057289
5.907561211775216
1.2176109137732691
2.9121502989953143
5.302032777836146
5.194465513276754
9.470699299686235
7.378087468451192
5.446214225839566
3.5976563204098833
4.539673025103761
0.49113941355595114
6.698750310384995
7.00639423626029
17.368882717707994
18.697015557691337
10.167011744812408
3.303528088287679
5.141448286206969
2.1783214301418203
16.8077581201359
4.695841155554924
3.4236456380900115
4.8557044120887545
9.237974750106567
3.42407466059432
7.494557460044753
5.0343251483430205
21.009979107842597
6.949475397814046
15.746389443364631
9.40651995627645
2.998453903815423
12.659763183922612
5.5723080418408095
5.004461945883366
0.591703974332561
14.528007021290158
8.088392512498173
2.045972986154132
6.357169320365119
1.1962050506130708
6.367126901960654
8.675498167270268
2.363478056724748
13.774451543163682
9.673480135345114
30.21413129231937
3.948858661607276
4.173399168994046
2.4830259984400125
0.8561651201824773
7.345753775756523
4.108069972985486
3.9253541761172395
1.762295502428909
16.67731678646065
4.514079560896436
8.500312055289326
5.933737882531478
15.742694596213525
6.516260320358086
19.569646074243
9.025018003238115
5.296139664719691
8.579257805738607
11.169064684139833
21.832603202599888
7.460209251058846
16.4951192606334
2.7410023126218332
7.190198410812948
14.886856703195674
10.764441167668725
28.535448279337157
11.56590772310004
3.123844677936831
4.708167144501382
18.601736917980006
20.72547581615923
9.772847335417973
21.841094045395558
2.97079121054126
6.38417577619652
1.8749891908231158
9.870892002158554
12.001519395808122
1.0405199622293169
7.013749872748274
7.213050830830565
6.173147930314838
7.213050830830565
4.992203753095638
11.750718227509461
2.915423041052608
7.341188356978038
5.372030885015286
7.358361228078952
4.699174824952077
5.813342801657182
1.1596959865191077
7.149856000331526
13.70050649331441
4.3457543399959215
37.72085357008572
7.87440612003131
20.359097418495764
9.701996190967108
13.591775216031298
34.697458917179326
8.838419829522735
6.585846770807132
4.424758482631258
8.279290931677542
9.055409966047268
4.816223817762982
5.2006633690598
14.150317477978302
5.040651246054441
12.58060594568822
4.580234366099026
7.800920039794039
6.271767455876799
10.892518145927133
15.504182689613932
2.1963803850620685
2.164489308873738
3.9564456334556173
3.266585520985377
12.18588431177548
36.03716098278498
1.375536406978669
11.531071401023315
7.4849233801647745
6.1755050861095615
21.788806191833284
2.6615607653272466
16.526361058159186
98.56042958449568
13.065266650478481
2.4029765474009226
9.728533354848546
-0.167590822015121
3.200940056513128
2.895528020124862
2.453195491210198
2.089521174342093
2.089521174342093
2.089521174342093
1.6508095908853437
7.112169154193025
10.763536343479487
4.768141255435385
4.902131631938782
3.1464738709160573
4.464468518121871
9.453978368039856
13.812190058869325
5.7376638038827465
3.321577378239211
3.6470618918702957
4.557402843477097
19.42805549216159
12.943726338131459
4.008292205621542
7.058524293423135
5.952019040644966
61.50423302755741
8.78822453100419
2.432406036682952
11.279915063984964
26.556436105461067
12.388652833307988
5.049310659789548
12.861602846099357
9.358689021245393
6.220273373137948
7.268182265248287
7.360630883392156
9.546157108556756
2.813850896897583
24.966448269353496
9.43605514374147
14.056318446634217
12.872844395509984
-0.6514219824337915
9.784251373462848
7.173514761376919
8.49806380111226
8.912785774968452
5.153994305581796
11.159006256845728
41.179276379345445
11.338518656541419
17.347028674746536
33.603657161546025
10.26218128769594
4.199337872470904
3.9365565573016537
3.123362957146309
8.109909168435097
3.1859799050739515
3.165607972397915
10.071781178786253
32.23476614593534
5.4866537665166755
9.901775429060116
4.051625967877102
10.338552288297713
4.380164067057068
1.055389420404576
6.6228220794109305
16.780214214356487
5.709931848357919
5.852112475693745
6.513678304524083
16.29271099852708
7.957205606519149
4.840634414507119
18.895196088927865
3.6389126575767734
3.8472019142766336
20.423992886156995
4.863181471815838
2.981597442751552
5.022253020514703
6.0962632797348615
6.671754631579498
5.477354016584976
7.359302956132986
14.614547779936736
18.269679501081445
7.2352368230171376
13.396722941557677
10.206871367338442
4.986010771890332
4.893090273572022
9.59560486232972
5.951376885289935
9.392972544029696
9.009071320052495
5.867747308332382
36.378253528880364
2.3593620784185996
3.364446273917617
6.615589659429959
7.255868722217169
4.846416097674563
5.800373732413035
16.601885292386314
11.759095553337477
7.133029021708751
0.8240270077235723
14.974312351274795
4.402564749774853
3.9085597489815345
11.426623324720337
7.742591272770093
5.032842527901052
2.0782781746055075
8.916051455473454
2.145998377276085
13.266137244122872
6.56431364524687
12.320873598543525
8.529065609483299
2.73446548845296
3.012206934550952
12.16654869122623
25.281993999424024
6.768381040820745
9.87369989572981
13.040447372857004
7.6121504615034326
7.959920545901031
6.693471407261944
42.29124686501169
8.966425374217074
5.268918589022557
6.598195184930049
4.246658921845338
0.2271925592444079
1.6656690636720153
-0.2516706951235346
6.489716056913465
6.98714251724639
5.473143036887984
2.9661796544683883
14.891288477566116
20.79897300614613
3.0988597642926488
0.9848202336616121
1.5174261367926727
5.642790965260898
9.939224404695327
10.071513642982323
8.762460823555154
10.4769863368686
2.9996213014447246
2.489989934369718
10.323908573401464
1.9307162558416773
11.51629466270483
17.493539361469672
9.833334375453129
17.51585462880034
3.0804540695781673
5.103380797709862
9.005623693967003
10.771761298438236
13.96852235793583
5.110656914072688
4.528845437910375
5.543463752825765
7.0069822293824915
9.1585677328017
9.087555612026241
12.831143248434165
0.7675764053595725
7.187520626314766
1.6180439023963695
1.4777837497384096
12.678133697719407
12.662566484972878
13.177927363746832
12.582714627683778
11.240343245462656
12.658017475625043
8.735571542162733
10.401426619434615
11.422645294498247
44.02093376320585
5.477458714288253
4.741393871977377
5.448337481861917
7.42180450514179
5.562449029749549
25.210675820747465
2.4501346008606424
7.423175021405285
6.260773835819046
11.065168484071688
9.497283052355527
42.50394401170919
11.285903721851113
5.113955480459949
9.3782497974767
6.888013204718515
7.013749872748274
29.966777331346673
8.551546625584104
6.835844756707588
12.496237285272063
4.4362610027194
3.143163294236356
7.1582974673563795
10.011955366842214
7.3126167532898965
7.61412203526548
6.679396075169676
15.517752645601702
11.091000053575758
5.634535571758316
40.81790727964321
11.486237398119265
12.530364223735557
12.5870328347901
7.483983853784018
4.397993927764607
16.05452956203754
5.854331331605174
11.968114449467377
14.266411045668455
10.830376946830876
14.16103817681726
15.0412205000592
8.715619415050234
18.43180635861192
9.64403329941975
20.583777882306894
4.156924182862354
3.679774456116607
16.064806955298636
7.1024662689362525
2.8299874468723574
15.240774800181079
20.65187790238743
33.25681166611306
9.060681475946161
17.504577952723437
14.247935619048208
24.894881034828003
30.16065288696565
11.836120447274418
14.723396456957108
7.077783121045398
4.870556501698803
6.80661921090283
23.265567401335932
13.099948084527892
11.871706232217992
7.508733669176045
26.048599805496373
20.4367657418175
15.148196994349096
18.759316625737576
12.97438619378452
14.968258586723076
20.486323920286306
-1.3104811862873547
5.583115360247285
10.050565524547551
21.483838366774982
1.4541865835242178
7.5329028821576935
4.963689098221481
41.40190228592902
10.926639350289603
18.25441287649307
4.837849524048853
4.805511474839948
2.9404898411521403
9.836923142433598
7.623990682420934
16.023469214267692
11.504912767698427
13.55315819928734
7.796282623834031
8.563598730426623
12.72276845281506
8.324664248337788
22.543503092867137
2.0717622451863833
3.738852880970617
7.781473898958649
1.182867971152457
11.651066720038864
1.7609369036346694
8.49947397040238
7.937306380253975
0.4789821708370642
10.456906719054608
5.9956955955540066
18.152686753281994
4.133135347202102
5.5113749858118215
23.4465896984256
23.4465896984256
11.721874442896805
15.705509400548936
19.231013821899275
5.070791381334653
8.939873305454475
15.064270776043603
6.85734075568711
7.387128794858499
3.777619375961179
5.252709750473214
12.488909551879154
10.41266183550536
5.213211920344389
10.836818731396042
3.547515058280643
18.8333215081025
9.858673459770282
6.747420988705769
12.943885901931438
1.9673940874710332
7.131654998777622
18.058592035774453
16.9611128811038
9.035324456858843
19.830924451259406
16.307397799797304
6.044379495683111
8.871760952059303
12.296028117749572
20.26731728625856
21.948700022024024
24.76039043291765
8.391801760375944
3.9438275271455927
12.317627991314218
10.822353166003749
9.73765033698383
1.0829077737461383
3.271764749165271
3.206503812639575
7.597200631246347
7.649987006054564
8.461563709499156
5.812211195762556
10.627860654092514
7.655281409595154
9.560377940998873
4.4049709052559605
6.338794454791565
3.942952757559075
1.668236587484797
12.281368704534668
37.01022500007481
22.89346431048702
3.486494006931278
13.291326800152572
9.511997164536826
17.017498442418308
5.881526223879044
3.3704639905640787
21.22200898336893
9.50793512669492
22.129319752773725
2.4870661800760514
8.528167594784774
6.99184753670141
6.0942241852939905
9.814365922348669
7.221050606195925
13.141519278018801
6.311265112303138
3.764933552929519
4.231978753063358
7.1859915343364165
7.614594823707155
4.020737421472394
6.700694226426809
0.012208164371151988
10.249617699785134
12.39891076269573
14.234130177265323
20.33905056474455
15.4041479503264
16.463349370540076
16.709466529178695
23.98314367554785
16.653233927433416
13.343720651854024
12.870932097811895
2.154514381882381
6.9579039353669385
3.5647378016303097
1.6209657452343698
5.198443012651417
6.799948514503488
1.8039772087905581
2.9895486500367503
2.8093717403339427
3.550918322091356
1.9030482718312927
7.08681875691147
9.157918767069235
6.46735194781671
12.31116094248274
4.479087180079031
17.676316678061408
7.479943976223302
5.809501361640017
35.409968474025376
25.268294755072777
4.040992495932661
2.1724577946482255
34.2179145187315
7.785451622350616
14.648792447571543
32.11190675426546
8.961595384459496
7.8176852510209125
15.687330603678518
6.216329348163139
6.563295014376362
23.341458124766756
22.041697303877495
17.199155988614745
12.669569529896892
13.442205598582888
15.428760578176297
10.347846385755803
4.103232673635919
1.9729593624203068
4.101880131515424
2.869640673374919
5.009841028437936
5.406176445056065
2.7211182843091186
8.422644431351877
33.35102483218491
22.000033429358076
21.8868761521667
9.337442403157137
16.589087537909585
21.73004364771766
15.708624264720102
7.855195074250278
44.43830268966236
8.565640545814613
19.79158994219794
34.32808742115257
4.114301854490449
14.593394854276417
5.106703254320696
15.919522707129742
9.289531178192894
6.867546277068054
10.87601561280793
6.409742935205259
11.48688629411373
2.063315322507543
11.316703910045607
2.8429822527716397
8.178097742682022
6.061398349218231
19.94071075194529
12.58248610296387
7.391023082044388
17.43292484208217
9.156678123592883
0.9114413291918686
2.850599154243869
10.293660066381502
5.3181802864839005
23.587131086326558
5.030397415518878
8.65379614113245
8.872564440939097
5.902877092587179
1.5724153490389363
4.12650345478962
5.806465305753551
2.001623565117901
7.455548805788359
25.519891432963146
11.175166263416724
13.304024860868756
9.076303850929389
27.530175147944163
25.184616398828897
6.634766779065584
2.4488997388500455
0.6612352800806846
6.856378328230614
8.285147013377543
11.862422406667262
4.528465194203704
21.77976850194711
6.4149926099459265
4.871491851319183
4.49758183585381
32.03004871227394
6.320052792046206
7.996287309678037
24.87769834020169
6.276532978560142
15.65143628750926
6.123713317887071
5.948469591756813
4.198703398109353
16.66578883252216
7.196093026048433
18.28299218789455
6.0786018974356235
6.941537391497066
7.960063874933336
10.410715205369849
4.209666597631753
3.718024280745965
9.704015973574277
11.937224910031551
6.347114409556257
3.274044780444357
1.8213777346845093
4.373706395988505
27.055248754293203
13.07192886108919
9.27559302306628
3.4531080896320856
22.864241566033257
20.84019653948195
10.25666947269427
11.1423540701991
51.9464783334622
19.930325571880672
2.33466958782406
12.535831661616198
10.3010271781256
4.595908231824491
8.31978834455377
23.64843731897193
10.98668927695177
6.665753153102502
13.346945143445977
9.122440391831903
22.60224246134203
6.8469802194470715
4.629690557475929
10.426596540246562
11.311386201060477
10.178905618043986
7.510356864221818
12.120894542391206
6.049408816932402
29.504760954664317
5.0711865186130645
9.434299144151883
2.870294491997989
6.5164678727878895
15.8241555472488
4.543450986322749
4.64880731449895
4.031777789093063
2.870294491997989
8.141470911685078
1.3111522603954069
7.293677268156195
10.411848168221733
2.6722620342543983
4.668072985497966
12.976120921558499
10.334792648748488
7.552692663074222
13.684384234098456
7.6455774110823045
-0.1681666058689118
1.9837619025598758
5.315114761285284
4.807472275645636
6.33780015951685
5.241971026831243
2.376319157177605
5.544409067387214
9.885679337924925
8.102802755638082
11.45690971118798
10.91507931755451
3.90868646429029
16.171038529994057
4.325646321918701
2.064492493801528
6.326769225282412
7.757931318930689
12.956147394831525
5.638810259818678
6.6598754411627805
6.022267567368021
24.22666078008618
7.315805095929919
8.1620418050273
4.016500002417269
5.164548863866599
9.570080284146243
13.597820061516865
5.469984500106743
16.528228817278496
7.2434952730657125
10.672851615408797
15.18050969119544
9.040587609935686
30.1613327897518
7.902489885803399
7.307964362373363
8.062740103251327
17.899047735975227
23.29151125535802
15.731101206173278
13.083724485667318
0.5213013277454739
73.09691944637814
10.399062723888646
17.354093213167236
9.61648468798265
12.949980704714344
5.46252015849555
7.117741492756071
7.418966630708902
8.280985574870543
6.967180136439884
4.945313544946551
8.083974312554826
5.197682123304946
9.045916089194113
1.6621668082649719
6.438199288041199
4.606151786760027
23.671696068310517
2.200837309995634
7.19035994298988
6.07474778781813
5.473361538089184
1.4509615509792582
7.515261645009981
7.637971120044816
1.2612713902098767
20.309858055528995
5.443650925781199
4.052587335943316
6.426889387126139
4.264997664333785
2.0846908985853725
12.035267583520268
6.410340933707972
9.900661437391367
5.4757481738572205
1.981454450210699
2.1580424069376782
4.3732360140244495
3.957658733670499
2.2197794612936983
11.833317759163325
11.406450256402858
3.657523557335383
1.739847559930835
6.706244129690166
4.164481277041006
1.9908263824246666
12.117163079976125
22.18711468353978
15.76150356324054
15.927442353930427
3.9559742820918324
5.015838325255654
11.450096906921976
10.538230354442891
10.187392214364966
15.242267953758235
12.544437031716605
1.1679914097127468
8.390118208735856
30.141880522071627
6.695373653750445
11.137285598352966
26.309554328578084
7.457843339892894
2.8936192626849713
10.983671713565927
11.31451117523203
9.511217066825461
14.893349713094517
12.334268388313918
11.120244510119008
9.095577981483025
6.996994801165023
9.916667180134278
6.520050799154237
7.497291191271004
9.749708054178331
8.886350003425227
20.284316163954962
11.649471626208955
5.647601184739719
8.117241027824216
7.6487315883751705
6.787942528049152
6.1813289344907085
12.511494162965528
5.6844609282640075
11.766266021760066
7.764580697193909
10.76890766032889
18.676778354559527
3.0842900507367093
3.78140189455829
6.678334629127214
15.797939775695717
10.801499285243366
1.3795714317813303
13.106775803287432
6.269190945365283
28.83895478712819
6.671586541229341
13.625406294888922
13.447220374113668
10.870740137661297
17.340615012292172
16.152381398864833
26.012666694276724
8.22026984638797
30.76307352528788
1.1838578512971698
2.1556611737810787
6.260406566557867
2.7621405060732
2.8855029420731535
3.830087654416593
18.17829363548688
14.691436733770372
14.273246675599507
16.171718703242806
15.154126024222348
2.566297812650262
2.2648446227196577
11.381130598016721
4.3207967829506035
11.535537165978027
4.564137162022871
9.184296188635587
5.32611136054791
11.029864259229432
3.5592386624782484
9.0994331497414
6.074436349558821
19.469376295295483
3.580578892619409
9.187879313450425
6.715114490199159
13.558684116434163
4.666662820633929
3.547873553684604
11.928245724442043
4.986001812758738
4.206142965867213
4.206142965867213
2.4297137245035216
3.1689638760700074
4.026465990925576
3.592182460329729
5.941518159880235
7.0556887576790235
11.52993031824074
2.7040389839618264
7.343902087118175
0.5473144559551176
1.738006568479887
20.948851339264202
8.561468272868648
11.47091616946779
18.263725348096546
24.09392621999689
1.536916858144819
10.303694321735305
22.45783339548112
11.834382671286686
2.5501991829836412
3.2357748710054905
10.639341291877972
6.102031877177401
5.756809237221036
6.082648618821707
8.463764854267298
8.871031930243543
6.875268346881413
6.619477669393839
4.502089341303282
2.3406609842889536
3.435506706078038
5.568446354385484
6.324310170868973
3.9907722970421657
3.2613064009591395
5.063567277359455
4.068641599592115
8.004565146475665
2.669345217480437
19.486485646904548
4.954385037316797
6.401656928111062
7.3350901401462645
2.9781948910612783
13.43887123729701
16.150969879517252
24.41577372019144
17.368512675557145
30.096197560598924
4.934163460636587
5.395286460396297
2.6944725168243857
5.995523678654251
10.025609305453308
2.6177275131481887
1.2026195553502361
7.325208935530226
3.5290966542807922
6.031406862115223
18.895196088927865
17.273260305341513
7.960120924901483
5.0778480011948925
26.311506488339152
8.05987421485444
23.530089954128606
9.972527727414299
3.84062752027384
6.930422854773376
16.63192819111301
3.413897659046277
6.744053549925641
9.358959188229747
2.7137568334499975
15.05160222055419
5.867150651654415
14.127142272851474
21.404919262705782
5.535973641343473
4.611043788504897
0.6437491402028657
1.9663814722101984
2.695612561447634
7.936436241684588
1.5361190298412501
0.18550051370532503
10.702325905094058
-0.5271690266641467
3.251881694790972
8.403963473696962
31.70277336480079
2.4931539072744595
32.00418000897368
3.841240720866549
3.6341037188666365
9.040237543126079
3.168148773860391
15.705157137668039
5.168988596847876
6.065626281361718
-0.28293806078154965
27.461032004557275
5.590780201101789
3.0962553563136637
5.9298814973896325
11.164675810492168
9.77056928175715
11.717398708743964
14.788069972736768
18.00854428169157
18.768771199781536
11.091022189674517
4.8535147551213225
6.462971532319886
22.91526714323797
17.201039681195784
16.219909554246655
32.39789747820179
34.46850818670632
8.834512407916177
3.979325701963181
3.1832166975421323
8.609338565819037
10.63723242365738
0.33626191886415613
17.030562056636345
11.103627137975868
12.143875052672263
7.764105025175154
2.8269124818213314
12.043142366015852
26.042552240664023
10.500389131419448
13.394555042816918
17.481983699604637
5.658555083590211
13.594575133382977
9.789032907367739
7.271542634926942
5.20652841254566
5.294414638977139
3.731524183224959
7.5888592132874955
5.118080105610883
12.076387768973413
7.656805098984248
14.320635149354839
20.328765409112833
8.881111334832228
2.902173560214871
8.877838047360328
18.5415254655771
11.245208940345163
10.896668567589344
8.484148304158163
9.418139429991172
6.608841900950588
9.464297749640906
7.541478492977971
10.97085230149221
4.47043603208696
6.545797620403492
12.199173772892541
3.5674176677903264
7.382981247096719
13.49014422653524
2.6374163298696103
3.959079605154577
4.400279001620008
19.733335985819934
15.644191449373025
6.113992470066186
2.791255416078547
1.3776151342199132
4.762965395722318
6.938166783960073
8.488179438207903
6.865561759391949
15.538400449701827
5.016870831878262
16.974347894967337
11.410957073594698
3.7892628217491935
16.031456357297373
9.520672109962039
13.642976566246238
7.329854836375469
3.400058071978923
11.421073188919582
3.672073185326564
13.152178442566287
1.8498117094400612
1.6640089513681553
11.872573639504811
3.425257324294498
21.400877836234567
5.2256079959864765
1.3207277782446565
6.381261172758195
4.111729656288386
10.095849203351213
6.654516260753527
10.34224363289094
10.63738122134621
4.725989173036144
13.352848006577872
9.234426511966952
6.460282013711434
3.9990219356919168
11.953931026247849
7.458629872089648
6.305289001091841
2.9524253773135545
1.686143775711532
18.910654506957652
5.021028598929327
3.366144204111405
10.661441834978088
3.8817902159660873
10.867421078178294
7.1687785878330255
23.61050780082314
7.561986866503581
4.484469322287357
4.749863359061621
11.49198147680996
3.306399385930824
5.26750524182518
13.429221561916055
14.463228089246183
9.009625718077453
17.08776915705975
13.475749142254779
12.621215636075958
6.073046945326771
6.078601894787995
15.976629342260255
10.028104661585989
6.175588486488483
8.53118636837964
13.567815193057642
6.735274654970248
6.9224063458687795
13.607095450054448
6.025554946215255
2.3503793963475057
11.356384117860571
4.170841498865843
0.9336165540670058
5.240670154862166
10.2402966614041
5.072060874030626
5.553608537998949
16.077504922468336
19.2164713899014
16.45723718332216
7.85634536795721
2.129153214884665
23.99034683938781
6.2662572420052705
10.133870272675832
13.912800281645954
10.717371956428074
1.3323563814235446
3.3781045066324635
15.508402158955095
7.006582281462094
3.788451463558882
10.121652948547741
40.850472006338286
7.51489551256309
2.7573059049686717
8.964837289780597
19.51788379583189
11.454676267729855
29.94099323916214
13.56008830980018
2.13104078344254
8.10105291972016
12.238479488635079
9.586515255352056
4.942796947098763
2.47237442699743
4.006993798777927
11.487346508068173
13.775526480338126
19.11561633125986
1.6028330357520146
16.762207502339965
14.209852310954375
16.851414819507077
18.358186733748514
19.579732494988914
7.463558165313489
16.75859788918513
15.52751495362374
15.453518815557452
3.0449845354884224
31.29164862139088
25.162588344666215
9.299065158298285
4.906171858895158
7.2760859509936395
13.605502742737666
2.763033427622209
12.679843377091768
10.023376652240515
4.902986905748782
3.086208531269902
4.842173507171031
11.252269212091385
9.647847106087147
13.189562474186625
2.2458592635980166
3.1374198385531726
18.087213605111096
11.248940365357726
7.423803003866327
12.592082982718356
13.068968297615385
2.9469915289754716
11.592518950929469
11.756923521199745
13.325741569305547
0.9177736963007087
22.322620250974456
14.24423325600269
6.551032907425707
5.4593601113113746
18.000997084640048
12.618720075321542
4.182488849289466
6.457122914374775
3.0574423609382153
1.0940059393396557
6.984977596957868
4.298745525407253
6.72398861323233
5.298552172125739
15.888810393562055
1.9245356148884434
4.584687713111563
17.615736558114286
10.154368992436767
13.64300937809003
15.256577006329852
18.354327608617186
15.706913264467717
10.953844693180095
9.2776977883079
20.80324590286966
37.54755166335996
5.521159589519596
8.119735780900754
12.905324333450363
18.002892368383495
7.413008164615336
10.589868864213138
13.097857266500066
6.0320902469611575
5.140046374609616
28.95190213546055
11.13784994878598
11.45268743298081
3.0058897352633047
2.8028579495487405
9.375569529323094
8.179103575441347
5.751485914900901
18.950324168258554
12.939510341198655
0.3568035089352033
2.6337549884547666
6.383273543259963
2.5618571311920233
11.900830151864959
11.49484181324671
34.79593656243962
9.25074697980606
3.8400059906599764
11.129262731175034
8.117627378723384
7.836681113777525
7.045457665869841
5.2289075843752
26.672309888197294
3.762456334321433
3.1703815752445665
6.6483258672490075
3.2094431119319453
5.055377741949404
9.818147075112595
23.29636587404861
5.50756762390335
6.935633279289806
13.609447992977927
6.577437102989571
9.312495401754243
14.765906450997715
8.08106114683618
4.126071193503637
6.31060937176813
15.654786843301377
3.262471433319962
6.529173979297413
4.238982158347219
3.7187031898528295
1.6558224592066546
11.234296676648706
7.456998043891677
5.051059879758539
7.742154403100202
7.174386027107655
1.2599238106497244
6.865238124441819
12.171290709220743
1.299337843976662
7.9560754583509645
2.2823806643472015
4.393634765390432
10.56064956140139
8.953400569053601
3.6488090733702254
2.2487411414413088
0.8095533229171872
5.486638912929264
2.6788148340650495
13.361000958249077
3.522185764712093
2.825073727904938
6.165223217811407
9.439057620568935
10.254666867814194
6.327039351021217
11.45203897756117
7.882860564227945
9.412702051118233
5.966816879587476
0.09722415795572101
6.454576037396844
8.548923886920536
8.441223108174881
8.167847158100795
15.951541411494599
1.3564024288574503
9.342245353785197
27.758886555321524
11.702226251882893
10.940115479590643
3.453377235725771
5.269203480035783
13.432360062623982
4.440079401681262
7.186975266808648
7.787545915355373
11.589367730402317
13.05007161771884
24.566440293117463
7.022307333897295
6.622481876113865
6.42982552033967
8.310700794607616
29.424078031368737
14.662045087604898
19.15774045476948
4.301222472759694
8.27030874157363
2.8336407611608383
3.4066986641190318
7.105637748408898
7.0826609602510695
9.5720895164926
2.691188411991714
6.2993174643797305
5.980710485788824
7.2232932429612875
2.5707440195881834
3.899830969967373
13.028128894950292
6.310289137216662
3.5936017635537048
2.9490789736552894
7.096698035624198
3.740395677404592
6.964792174418148
0.9925762263296227
16.926783470485574
14.943451319528016
2.3044255189003944
3.6893858905059607
7.41371395659025
9.518506072803696
0.4146578374439347
3.2173953750268764
3.809446749010598
9.472995455643872
7.848563176264774
4.522228214533069
5.094376681655502
9.687498348404606
2.8853097460162074
7.816817390074937
3.5951285943044193
8.851347625725827
2.6011072062287544
8.22444601481531
11.264367484602744
11.817957240909085
6.725818201606255
6.0291159292372045
17.335833310392765
7.818467345380589
12.584282059528151
15.30214181555103
6.467535687069195
6.528285416016351
6.179801251889216
6.824575106853509
19.613094489574628
10.6120669819446
4.646311752318543
8.800791925084676
10.683941712404259
16.69130295101674
16.897399362156943
3.652581441728069
14.042553746238932
7.869111526511364
0.6065074524704694
6.122248319426394
0.5231502809705145
0.9903595509595308
18.644254811907473
4.7967211628960245
26.202257659613807
8.717311848161353
6.693328698688143
-2.0484903158085452
2.667821608551382
7.697118672321438
2.5494892619784952
11.442665167058188
12.980852394292652
10.208622297067484
4.237050901131467
4.823844438880352
18.981787592858407
8.76730893236016
3.4505757822711414
13.023622688851175
6.8216922195119345
14.49884691529732
18.11211045854219
15.467583592577709
12.567809406064201
16.151584057980724
8.365371281392934
10.664742611785977
10.577217182311822
8.775435953777828
12.969313457352944
6.781658649315574
5.389725667284783
7.144444927437756
9.276492439395495
7.257683001688811
8.817972850346287
9.60361371974147
17.472282855014253
2.027056404979708
2.0961189903705897
2.528950890180817
2.1273854000521046
6.797916464402307
4.196067189699782
17.6597515151615
4.847759483859101
6.932454791022794
7.199734257760581
13.503623413264762
19.17777522327314
2.724150400620345
2.534546627869324
24.478605408645713
7.239896501470763
7.323165175782907
5.0843403080672465
16.101371927907838
15.494847156743587
1.4099378027520806
6.7814500767779515
9.517043993669136
8.609666420468722
12.349428054039816
1.4910155673494483
5.4577839271751305
10.013456890261583
10.303663801728604
10.125427822638024
12.336984630670727
3.3592779618030586
2.3242851877439934
3.8132116267007152
5.492627627401997
78.55155254060877
78.43664443577151
18.644254811907473
73.16401160724406
76.95273873821706
73.16401160724406
23.263669062620462
23.970276133018412
18.644254811907473
70.61053061988996
5.8448958520043925
5.91633014084216
4.498134885960327
7.873422468674504
4.287020868594695
4.669552917451259
9.393653196030584
5.874415360204087
4.980294865391021
4.231410051187936
1.7928182130079813
6.791057634998931
3.4374074862970243
0.627660213136312
6.013395987796604
7.869125826973814
4.669292853967881
2.775345219581524
9.083994940777274
7.681682856861213
21.223206285597975
7.440094039641341
6.579169273071562
4.507485344176594
4.7766207741041855
11.027115373703372
15.660235994436258
12.582021109736036
17.306726132030256
6.590684249282508
7.573586781552048
0.19266416912366732
7.670629723690873
4.2633933412235665
8.271774658274037
5.395653651898807
7.41422882472158
8.957000283560038
6.762403131270326
7.249951469798712
11.796369097248453
-1.1295979266710998
12.096841707358971
5.409233776042148
1.8083229653341015
2.7459732229522524
9.552229475157892
4.888447380259732
1.222938287679751
7.587467321069929
11.243666954316105
10.134714121173957
15.542673674291269
58.01075728267688
3.3895604807460136
12.231800666333127
2.767011190140397
4.766750837403904
5.865829453266328
5.076401194854626
2.335936275607924
4.759294300224062
3.6326570133436866
5.904871395114541
8.021781293923217
4.946073755165989
6.767203184396942
9.003209523234071
3.196152455613601
10.43214285844916
11.818385935063771
4.067462244643947
9.794213826245391
16.177381590678593
9.79179254608879
9.320383175954802
3.935750573112501
7.0913339879687465
6.274876729051861
1.841436329443723
14.143686920157549
2.01895781601246
2.249137180408484
14.294326416753604
13.024759796590821
1.7808785910874643
10.491471903607328
8.607466086200546
2.8196914570743297
36.42090583770747
4.61241916880374
11.132500481607922
6.81917144655955
5.663505515192853
7.809458040354369
3.874636521567754
5.61504305398795
10.826268463727356
5.132221315189029
2.2889878463098428
4.0181103295587
11.177076781148555
2.3712193540594537
4.922984464184705
10.298571230846987
3.7555852361220974
7.944760058249407
0.2766365736792938
4.958960592549289
6.797929694881334
13.631609951182615
10.702430404728304
5.100635964312225
15.164796909008698
7.791077028860367
10.526398065002113
16.871609410665474
10.726530673694999
6.981148019232118
12.549437019668359
49.971382404908525
7.211599011379754
12.457221195249678
11.107241963759478
4.328841737206369
0.02256370580210159
5.252773551740717
2.67139865898197
54.282883475731396
8.963368614154218
5.484897618123015
13.422085263270317
5.747171037462626
22.507205332266363
12.883548522094504
12.146616295531198
2.869262969143768
15.452415088197393
3.29321667541531
3.3455948860984064
2.056208561653343
3.7731036909722624
3.471291780526873
4.790297319493645
3.8153813283615223
14.042920505393168
12.660233953127582
7.161004845538714
6.1262195812407265
3.723745712534292
9.750447229114203
1.5545454920500412
3.12692774814326
6.336541041908899
0.18506865438097644
6.792314634064275
29.49373097124468
3.457816930064645
2.327229544612474
15.435668386073576
9.21488418789406
5.564105209422533
4.510020029225793
3.707992976393976
28.9635864941391
1.5799906622091902
7.478408025020598
8.648950235186776
21.328565511093085
5.941844807088563
8.764354621012028
7.23361018819564
9.949795834702982
16.830396325327364
0.2814358005883405
11.750499982343
5.82651418710926
10.994973937747993
12.038898091693857
8.657947968578199
1.9271425251496481
7.32263169657135
16.71169715146732
9.886723943344236
18.600149969120494
21.947472484077
18.878900610117977
6.100546063699418
17.931505449322646
30.326425218713503
12.938450164303811
13.816302383747056
5.255752340292833
2.01657022411006
6.983070159282929
3.0121025683452416
3.7979161546422695
11.035889370168455
8.80452938509945
6.388481907057773
13.736718188661454
20.035662838197723
31.024429889861647
6.625172150720272
15.34228700487214
12.797719671134887
10.879862512632856
1.8712992833633342
5.073916352249784
19.17800362214728
3.989066672224454
3.408945005585974
4.070146445505619
2.3622173757047853
7.9118316068280095
8.93690291883029
7.747098161858896
3.2484824648848063
7.578042050184033
20.631817192593857
25.215571639391428
10.443981730421182
11.600194039333758
23.028936775211907
4.852782694629304
11.585327981853776
3.360520509379749
69.12045575359913
19.872574706035365
17.442749146768257
9.962528800833587
15.529927474954478
14.696144860973652
4.738482405911886
7.6224778148451255
1.5203460096656956
3.695704345543371
13.183201171740558
9.929979690056635
8.761620696967524
7.43253575004963
0.6442511314258764
2.3732042169788414
13.287708905766165
4.037655917675607
9.625997683559612
15.84532035199487
5.1071947022916975
20.19951065002091
5.0312301119272265
14.412198807474253
8.135656668562895
4.081598525028458
6.976748782803329
10.747568439572197
13.433572351794126
6.315336874404123
13.771797509010879
16.20286221686749
15.17616496853737
24.86353389916218
5.45271242872475
9.71906568469412
11.528540713311829
16.989424436293795
11.020283796751968
20.81981788987753
15.581636297834748
11.51824480691102
18.740985500115062
10.712853603736027
19.6040700298651
10.135117353932186
7.172951069894414
16.169059230951785
17.599318612919713
14.123087198926473
3.9077989798926853
8.012677881089743
26.143839875422252
19.03514834276879
7.45853462649097
13.425780651311348
16.801494784608423
24.416760935587916
6.478577579594808
10.622564675288785
8.173302840839842
16.463228908394335
10.65870210664804
3.2705635507070614
16.090535575237908
3.1287838735936515
5.06195973543862
22.02649547237291
5.396868884968693
26.4998428703946
13.378174516326643
7.029782644873918
5.3811397414147795
-0.0010683950443416829
6.372906315696599
6.88473158983798
32.274061651387136
14.981184693218342
3.0187001753938683
7.936008596167555
9.16565030095079
6.959097567023514
8.84696133231592
5.892541571143836
28.676958918194366
12.113759200197917
10.796429910525989
10.364110285532249
4.172380358198482
7.388286799815949
5.455332710548849
6.370549335256229
8.264362107397668
5.485845156707035
0.8871137589176199
0.42430670181763247
20.806775387928976
9.177262485200842
4.5590120460999914
4.678811711024654
31.092570320606
14.293321475986847
45.4664911209258
6.299965504809032
10.785751300829421
1.077858087684834
14.520365722902167
12.998413074243333
8.128718052353722
1.0336273169036874
8.762477658301323
1.6732685534133596
3.793509767609659
5.0792347848139885
0.24787353502037104
6.332635698169833
6.706616074367376
23.689207795583908
18.679766029685055
12.025397562327733
22.688393014439587
25.286766258244327
7.803394675317434
21.01900785261929
10.645693225793899
10.93038143308698
21.230793659184368
15.62514798988431
25.599604451799163
19.22233388444936
15.349685369955473
28.003024638437182
27.098422629524187
7.117320739047893
12.2501029836753
1.3245039868669162
2.4387277478291916
7.419451157958361
7.302806669863944
3.7995100477748665
9.153137602958523
9.874350483631359
18.18294551680374
6.281456000423272
19.93185186277431
6.650009661922713
5.873086147054289
8.357826120956867
3.696968848203322
10.022138104976026
7.201503860194254
3.8294443241790175
8.59446808047087
4.156695437310156
4.351801168232594
3.4066878432278234
3.4066878432278234
2.386095393663172
4.81090026391061
2.119156771196198
3.628889672434126
3.628889672434126
3.33023235114244
7.709491293399668
6.080550873982103
0.052521306862959506
12.41864856249556
20.620147998296236
0.3152363145200322
3.3643170748481834
6.103622007413473
5.5377166404657245
12.685988438020182
10.761724294434755
16.394490006531786
18.916192468529573
9.468901537026206
8.643169657677632
6.641511249299028
2.946467656496674
9.052878223866008
5.366177318083155
15.473764351463993
14.84933972740626
11.881462581644302
14.67143125216091
8.885596133107464
8.659711369191061
7.162897399166514
11.191005886039852
36.23353918463454
30.5096798695304
2.8994920568532465
2.806826085438941
9.744992539040393
4.867767719988756
1.8156689731163804
8.261448812951143
5.8133301433654445
2.159140540289874
11.41597900550057
15.066933974020936
20.68156181947982
9.962222791591895
20.2380826270355
10.280665697008446
12.236292104559165
33.90468620534969
4.416909554284784
42.569180962568026
6.358372863452305
2.0532003661817577
3.3015093852875106
3.2013504186489663
31.16777094968547
4.851533378002183
8.507704610353043
15.631364883073033
7.53999021041261
3.6116183119210477
10.062173029290033
5.248357261785569
9.7493013348177
5.976165857372702
10.464323891931894
-0.2318207032230297
3.1239153837624167
5.33663771793245
6.78547121032955
17.646144854727925
2.496059246347411
2.979440650852362
13.59887148393494
7.962462596943817
5.0392346293863035
9.768230247578265
10.214749401248564
4.696840551904332
0.6236560161250291
0.3210449952512668
14.805840852411965
6.659978579518462
4.760588059471724
3.8460799165367474
4.949766489136425
4.950887489667127
9.384357320736259
2.7563994191675567
5.64358336122776
2.332770746933544
20.1968643135833
3.917543164876397
2.9599906433221173
5.571065501209707
11.768990671831748
7.043543644332478
9.8257304885134
6.773208246853841
16.533799359924945
10.673603881000043
6.65836374730765
9.444232690292386
16.799877207780366
13.70463328522082
11.971938875670398
4.915679864415266
6.649509694725113
5.930337069945178
4.486593568865565
14.549860627413079
1.4194066295413872
-0.2538178235343853
12.029577530854793
8.769892979286864
4.038612574532353
-0.34267266179259565
15.611536488254055
9.491918409629404
9.996165635333728
3.805333668817533
9.433116521258405
2.9205588831897993
8.125185718308323
16.314379538803074
3.6214761143223138
8.586644670404958
6.919877473364103
3.651998943370199
6.613873474196513
9.761894966291745
11.972886880284433
3.150318534050015
2.0391010362102184
4.720236829087163
4.4741584844671065
9.410105747505074
1.498643690851121
2.4524076143040525
8.715291291537223
4.272765500107446
1.973002276729406
2.3365134008900927
3.0760817867072334
7.967639181569877
7.998368181102824
6.6310851130588055
11.036580294264382
11.063195972789504
6.06666103961649
3.688631277039783
7.798722073806399
2.2500672351345328
2.3708284895351577
5.091254828771815
11.462211879942087
8.251799316885027
9.020548060678745
9.326504963057985
7.145370538970226
13.658343602933867
12.196274803164274
8.004431444833081
13.970915344648452
6.826609975784695
20.43434608671837
4.75613686137575
0.1630687331314081
4.3493406865453
16.98425352117374
9.90496602397679
4.7024855499098965
14.876566468698526
12.364570600108149
11.622605459415476
4.045520702825664
6.0071554177577084
5.3723820267565525
33.04347593390529
7.475226937724382
1.9156200150750622
5.915316698442046
12.47748426489003
2.994433237000728
14.783650569986593
7.662300726876609
19.78076096650725
13.57145643577313
29.79273806716277
13.077750425183185
4.8607947382417365
7.289632597065913
8.852840836203676
12.729570630528308
10.98933505187001
11.501339265701894
8.230083465370898
20.710716204345573
18.362477052299184
14.933356579129413
12.052492779812178
12.412220295806788
5.2058005278219746
6.463258364902895
19.96926368640127
10.286066247009035
8.186466870197139
6.03826731664085
5.6433030823731105
5.972402080825589
10.412591942680189
7.031396473331408
6.013855292138227
4.46034463043887
3.3399796983031584
4.362671115695949
9.342918054485521
8.091801647109095
1.5875385746760393
5.459600232942494
21.983959528371383
-0.18400190442941075
13.56011653761492
19.99897056140324
12.65473748849651
23.561944998841675
1.3520596957041553
12.258182399456468
10.638731820592145
29.130673285613852
5.8983103995722335
7.021500216049466
15.055163199046792
11.1626733758936
5.956350467352737
12.13674350669151
6.221833242427937
8.604244784915945
7.600342437082777
7.543545563380229
22.840965324335215
17.1947878655303
13.950085621705842
13.640211352399254
7.02671428115915
13.075921889424214
8.512618493459605
1.780677063944995
5.0132962702523205
2.512225207085487
6.760751861470694
11.216315639425206
3.024144659211335
4.155689995978455
14.177500012124584
9.921184918246267
7.855568741636018
7.728054618222538
5.863195934654312
7.894985242697546
7.18833065438781
2.7687153423278286
11.509149940648701
9.50293090927725
5.368630276406466
10.28802478821354
9.925999819900651
0.40805543812064676
4.397769054625273
5.696515135796648
4.600776428161657
22.014311353787193
14.184566446706764
22.812428529400478
16.381932922815192
9.682048939863467
8.1718004487413
9.737091897170775
9.256213942524301
2.1550045474667456
9.188879081610354
8.085309328304081
8.321019707103837
7.755657319171822
6.538157894958678
7.843374843227021
10.636380294076664
8.954122796821533
6.756787479570006
7.893596007368751
3.9517326765156686
5.369474035716561
8.759751552376388
5.237212057017449
10.870371102154445
4.411367424237884
5.636660950749061
6.873546777071898
7.968267788891472
3.2852136906420855
2.7459732229522524
6.3099969493368
10.089308990136447
21.1652782367566
15.521073275653556
4.376546195004644
1.1690288593691196
3.9819575342315945
0.7670667508257365
2.8881123512941556
4.2355886982705915
12.742669347358369
5.001976463691966
5.097410845018119
7.614533747750843
9.574806815998622
6.684000886683379
12.96901551101666
10.305579054620203
2.324867139724618
8.663115036075983
3.290393511763389
12.587888644988432
1.3183113622380327
12.370206327868937
4.684209027569647
4.368470272602186
10.647792454863582
7.334685774789439
6.041743875231974
6.777892910653929
3.2592341688605453
6.922844240002631
19.82401272626312
8.187701183891434
13.818431085007957
10.444424846554444
12.290074179699253
10.707930029625194
15.420102407056055
19.072442875188106
11.362179410203227
11.373152942205508
13.185502152788516
14.009320157792999
0.5515078982612337
4.9091622768319505
11.55344147198459
12.025403574663969
7.247906351550656
5.4393459528674475
6.452296753151632
2.30363615445008
6.165755023486485
10.938159918727916
4.0063947251086365
19.884749889866715
12.338205758973398
4.618057098436163
12.561955180387995
4.781528822871383
15.035147635437852
16.939693590163532
3.445071324083974
17.73323408643547
35.42006757479156
16.853114747749718
24.427999191801646
32.87157787693463
6.086895067134728
8.27661074529834
12.15776123988713
11.941720735770703
14.649047493820321
24.761777545854443
8.421624577400703
9.022403023721855
12.600473370641614
29.078519942764657
72.24301623258242
49.791982474631574
8.034395736416489
25.337711499080367
13.645960506678497
18.413029886879798
23.80469459940541
14.118246229855043
15.210832555695527
13.560470222333617
14.273096235830353
18.38836395497224
16.494604327336983
16.121252519834762
41.94235153533171
37.84312042158088
10.10607906004055
30.148073117688824
20.462982005231638
1.1442778617400402
1.2064640410308074
1.814984793146558
22.48405071486141
11.788380994684019
9.497491697593528
13.07441969168754
27.23357084149062
10.419276520412986
11.586689866779125
9.804653516544848
4.278328784905743
5.2185003432182295
4.852940001844678
16.638901287726593
24.626177047485225
6.2501692046258785
10.237870907517086
8.717279885933715
1.4845114459735498
4.082086847041704
6.232490935843119
12.832582824018024
6.036098930768275
5.795543719668516
6.853057276551374
3.636950994188225
19.560346111244474
6.673128192276349
12.37370664235913
6.185419639889471
5.424111543685566
6.86701005008262
12.222047346103466
2.6395816149386
5.255141521057914
6.280638423018054
21.11327885649989
25.415695959070558
17.177938028144464
17.559900069528474
6.881274275858331
1.1149300247818006
3.288490609330872
1.2891960437982184
1.7133115416857319
10.281173331208095
7.953437227576036
4.930154708812326
2.8437516965647416
5.122517493375433
4.086710266143833
5.194311103462851
3.992076513043631
3.342769293038686
7.54803468647563
13.222025397248467
7.8233021990736
6.0951130656354495
17.357687701997268
5.2367093121997295
6.129972864785561
5.72364741283766
8.93520253494933
-0.8890567623408694
2.6057143733232735
7.829903317654562
10.799697356603925
21.79263997509287
1.1810930962645507
10.003920443145274
6.0330577339515745
4.027866604416285
4.966559403237017
2.534369944075396
5.445082716352725
3.691023529129151
3.445506224879684
10.638882249924738
9.749842033545894
12.920896137537303
7.4627107991798445
9.929260700863717
3.5087028208517537
13.723326417735914
12.124890767735588
5.761974416181138
19.778471363494635
2.147857981397468
3.5805129933193163
6.525062099535797
1.5619180897683898
33.344989276794564
1.416871745069247
1.416871745069247
1.416871745069247
4.5911594689465485
18.53582909889121
27.629882271187196
8.929108090124783
13.148586945045535
13.296301693618277
1.6403470322432314
5.552856799402648
11.88502384990741
17.138429856089054
21.333434668653183
22.548216730169944
8.464435291363674
11.957700714747174
17.161786066822
5.344455241197122
12.982721890133682
8.488291476539375
8.921410680178322
7.803489237965273
5.477940714837549
22.13539671830476
16.034843162362385
9.76444744439191
16.269875849717682
27.490954429945926
11.150084759844178
13.887376426346794
11.367073022527046
8.584333428898809
12.194019122675305
20.567214311624216
12.46754273677494
29.82725603142966
17.190076681962424
20.784569912658842
2.383336606104325
19.746844893266353
14.94963779501418
12.284496673213193
10.32195389976733
20.857912937027073
12.904907168091876
18.4125994951649
12.77018744071212
27.68659390471253
7.905566049016472
20.009140673019626
19.785714065483717
4.035096048171104
13.895963242590335
13.355812422247453
16.60799721044024
19.838688541902318
7.479971117155659
17.23747695163998
16.719122998301568
19.007918289102374
14.464043901179979
12.311716432090153
15.10408008777537
20.230082008467296
15.329319328792657
23.548111353741472
25.870759657447753
54.89356748768766
4.7060641285797615
0.7318285880637755
15.60583307892055
22.82364786687682
19.127594956446043
8.244591064845658
22.323720403483602
0.8701874553618449
7.767681504259138
20.816150186809914
42.259501319435984
42.458458186702885
26.557315649769468
24.55046495275482
21.26075957610666
15.920611694080211
27.00007215974994
3.6045249117033666
18.39051001939848
10.314171921074205
5.222828291955528
31.02405776817282
14.222080085220995
17.76817111904648
2.876807190627029
9.861801184617788
7.091019883122086
1.6383212593414873
1.2988408414805608
4.4976253353489035
4.586132735576279
5.608382780804975
6.999622162048709
7.74997432321181
3.182483556486712
3.810492564499941
7.514820085946166
2.5340449454910123
4.710345918316089
4.062296299677789
4.463159796298767
5.645353672978603
3.2254656136561684
4.53254398179702
13.841259622192227
10.481762670382537
9.10372390806243
7.081476225973516
31.836957822951607
5.504592662131754
2.8631449454031443
4.290680681154632
16.473956636312348
7.66191856113109
11.957262114360146
16.027193761550393
6.391815409238527
13.4400969424315
7.1444366149224035
8.346781010635326
9.611462593023072
14.936492246185226
0.879165320009939
10.276035805496488
6.778942787276071
8.779662702432473
6.143440224955458
5.002180723203468
5.872577991868326
3.7420803906616076
8.992997946347865
2.527306605997729
1.4484162375092389
1.7907332662482087
1.5505946324450013
1.590300672961311
1.416871745069247
1.814984793146558
3.6104624650707264
4.088935667660027
24.19796135401269
6.411609048979575
3.623726157809504
11.921776556646115
7.228692195243094
9.193640267979456
7.441839506816105
2.6334007317811197
20.60602064519477
9.304594984838202
1.3539636015288856
6.011900096726801
9.940496662346693
10.067249001076481
6.2123526128916
5.406279946819877
5.4620252212011895
15.247208399365327
6.315123400318098
0.9327420805223838
6.525275419529655
4.393239878499005
8.787989698022997
5.074071182678109
24.693289561736375
2.698589857685021
1.3593604557390413
2.3290954378173514
6.414296440400557
8.351355025915305
7.04186715536344
6.215786775572536
0.21232046256670994
7.752348882458964
15.439655834388686
16.255555664540672
2.960811708006597
8.526923378682165
8.325305329891634
2.2586517227372735
0.5797618043052541
0.9766803465807793
3.2407895374964637
11.606861981516634
6.9014798155323644
45.05655458835336
6.618833710572623
18.92587253822274
11.689671030738449
5.913904674840032
2.4350479715653983
8.585446387905732
4.948396028714559
6.070280996419631
4.520000311009203
3.4795758618967305
12.18068716059306
4.833297626346725
13.088238304324914
11.396934071332213
17.088418906971892
6.198828402130739
9.060373020683546
8.845368837532506
6.990141690321396
16.888246948326223
10.007315039796739
6.344090942625573
3.945672729915658
6.653704491511408
4.303965566801975
10.272401101138062
9.124000626233443
9.528128314471202
10.223105396433539
10.56746628574889
14.85217969964932
7.167602193659116
5.04132278042474
6.30651852574081
7.335900683392539
9.092980136797234
8.981067044107666
4.0061282111613945
7.179050240079512
13.049827264362873
7.532163724823509
5.993929599232145
20.463030214391917
16.79497812819609
14.590759553739169
16.49225681104714
4.766037296294847
5.49165899796325
4.760886150906665
13.409314305086788
3.5163348928651996
3.772242337973388
4.760886150906665
20.423772326348733
14.70041624204588
23.57535457851526
26.78713990768677
13.270953292962812
9.65122226967254
18.45689381264971
2.913955168141234
11.00612020670496
5.508981832691964
12.70554704649761
7.410756903697647
8.871411019456835
6.17673305314499
5.1499637644602085
6.304469040642893
15.487714142219493
8.317263800235368
19.02924526205109
3.7992548984901204
1.6155716203102952
12.275720145050338
15.788897485063456
15.41830268664087
24.474899981031182
4.736267926217832
27.267800329763944
1.328271232421924
2.4720604629331278
9.357852859447839
7.811470441045108
9.806799238275763
28.849424409120903
11.804670687314342
9.809231083389836
5.716366681286255
4.598533035976648
2.6112877520151123
3.3289270409981597
4.258500074575619
6.104127300910691
2.929941271118079
1.972563162396024
3.5545444064927567
2.685311215285674
11.497827832046775
4.002385714918887
9.541695965444283
6.428243049236854
3.7700385720313725
3.1407007227872517
4.026039545383859
3.8129524817084612
4.388368934365449
6.097862114644144
2.6048706054574047
3.41364821940689
4.33047339499974
5.324367126272451
4.5461149305337045
0.2777845804526713
1.9892934015829666
18.241678665185805
4.16851337841126
4.203861276069899
21.979679772396526
25.749569877988506
11.587358143915313
13.950085621705842
13.77139263780651
8.438743184295378
13.075921889424214
16.050144636334746
14.095502300996893
17.414428373776495
9.696796957812877
16.95455198965831
22.686756465187795
14.461778403926155
29.130673285613852
4.200879767134061
6.960217820103142
15.055163199046792
13.437194305359721
13.950085621705842
11.09378728677922
7.02671428115915
11.222997589106116
4.848400067453034
19.436494593608472
5.614575131994112
6.1170688231105705
15.009786160833357
24.676804229791014
44.26472174062293
16.31956419682657
8.194666691026345
5.736272040287805
7.071993682671681
4.947012830944248
13.307799745769737
10.931913774302256
8.08669536058652
3.788077419518134
2.3559040214621776
3.422688523075883
1.537282623737935
17.39271650396388
14.77900981354055
13.531444756754006
5.892005289064899
5.901007716766449
15.24197043068412
17.566302734802825
6.976936028604499
9.67125106315537
27.588889058091336
6.8160315356584515
14.256578346017255
16.4982711226615
3.6032455585348875
8.733633690112594
15.279048851218075
7.001850703780366
7.244402001873736
2.2350321026075206
6.27985923258098
16.75158739407212
13.693018748710875
4.0777622778768
8.321023722294308
12.676137885536603
13.918658525804277
11.878168689198063
18.51576004311509
15.032918874853236
12.670614862294931
11.846019125051
16.34123736196285
8.841257438580229
11.22920359170779
26.84963342994619
24.457011033543047
11.308230820159993
13.358585237840746
18.88994816688824
12.441492520318073
13.26271519225033
17.75058348657503
4.151597105882802
0.49795404282036587
6.953491604818907
4.979265529786616
22.58509005600982
5.019752823091307
6.459604170316042
18.354703712958194
16.66913480767543
3.401388052062351
4.270296385506761
4.5026591508389275
9.66154541071586
11.1901322537234
5.584955228697714
0.6828268851765645
4.635511895276156
15.076858400904431
20.552219578922937
7.250111077346617
20.944968764967744
5.797190570789377
1.2536281401051346
0.2714565855565144
4.587444984189497
9.743711568590378
12.422943223007017
4.133497041177333
3.0964629719257473
4.09603519610759
5.619433634379247
5.228919576355161
14.434471929247355
18.71397790274584
15.510306686760874
9.433688551746057
5.908703676451049
14.2606215958355
8.53629987477536
8.884151412171246
14.421996317056657
4.890159341960908
1.185555872626895
9.930292533521738
5.614856944585022
6.44352441853761
3.2027823562914937
4.902214602979084
3.2642255988230406
8.452099287296889
11.53606725394804
9.057773729737988
6.154168429142067
9.13040247083929
6.026381456975108
5.570495919194461
10.592267558639842
11.868117744980976
12.041179526479556
7.488701777263152
12.956547736000891
10.63059616580093
23.897194002922085
3.179308532473761
10.364572070605602
3.0941145344962906
7.879193169488697
2.5976848665058965
0.3073692094587859
5.50510403040158
9.402219595315325
2.561410636747077
7.987514200355267
5.751829591263823
0.8291834124587864
18.46480631128237
13.397446991020558
5.087646582209976
8.297026350597248
5.375201689621589
2.4538048934151235
13.859759245707208
4.095605099666148
22.694366484663522
11.056007440532632
3.5216334326727248
5.778646890071263
5.195192118617741
3.863755856791186
12.816693695191148
22.688346180146254
3.7538863820968276
6.85390017806052
11.765449334312999
2.2071196381051603
0.2589358851287892
3.157971006968148
8.271053037549068
8.245847562043501
11.686148131881902
16.315012868958625
4.536182706310219
6.762206021159284
10.273516066353077
13.599649389530711
8.064140363379272
5.482428863810557
8.007646807038084
3.7514995574273597
8.860722993871725
2.875969078144542
1.2605639914875422
3.4951535221577927
3.85358504545099
10.201821081042887
6.957510162027751
10.2542099292453
7.473616648676696
6.502496173588291
6.284904281618404
14.72587241920165
8.305929118187738
5.261766824958588
11.884669746826921
12.963617152990143
5.561479181258483
5.179501199577389
4.4899729529954895
8.74127993909051
8.332609598550654
15.1013730641686
7.872529264288502
4.802709178114948
5.66954702675231
8.636706715432444
10.961118579528627
9.444611437308486
13.507777796333809
16.61297351601923
17.016331957813062
9.321997370004645
3.2153537870820945
2.9041332979779586
2.979298032748524
6.333677950272833
1.4837933342237313
7.344086764990949
13.91308561942407
5.6634628011881105
5.190428862779759
6.467692922572983
5.135094579978938
5.765470319857318
4.104110748141103
15.796725010058443
2.41170150534191
14.720333967656154
30.112729178233828
7.6311334897213365
3.0592908380590895
14.039301982658504
3.3952730195679233
3.9444797422008193
15.498758876339435
9.665534984889907
15.013693364839
17.335747995746193
6.533398007881423
5.695561065518749
4.12899459334167
