3.696155231514069
3.8207046995160643
3.9602084591630047
4.527957893272999
4.090963858348825
3.9352559511609098
7.309680914394634
7.678790549497031
3.8087385188112366
3.9662960567668146
5.795046744438493
5.747369071511146
5.485786938853513
3.050722012521222
3.136118360745879
4.471796141780013
4.572381564901283
3.630227683684174
3.6523975439977203
4.170611183095484
4.343342504570963
3.2487854216273093
3.2487854216273093
2.8119452978495416
2.8119452978495416
3.413770833810358
3.0790859434021844
6.969102028805371
7.086308340853563
4.300129803380622
4.625094423243042
4.186126236770211
4.316613731567936
4.987084338842153
5.1336084018459465
4.648626151700987
4.547292059804113
3.922316831905207
4.085843384344976
6.353189262469631
6.047936749311461
5.719226141406276
5.958827742196695
2.6125519473127734
2.6125519473127734
4.459709769591099
4.690689052548856
5.688168186647232
5.959609527671183
4.104265770449601
4.948534010691283
5.199125263412647
4.782884988191154
4.446244131617551
4.35986943411361
2.3403940770896923
2.3156541998911426
6.083329681424797
6.275642219469882
5.0494815805366065
4.891776846480112
4.37564612463672
4.37564612463672
2.6830132791619272
2.355432709761718
4.38890928470163
4.331883977710745
4.192524682107216
4.049028318940528
3.691738215581603
3.8343713888153137
3.64395963731655
3.796535223302786
1.8877583481667257
1.9839257743625371
4.054045902483949
4.054045902483949
3.4203903311840795
3.7222662660143624
4.507682105354149
3.406734741971286
2.64658564877793
2.64658564877793
3.7891413248406747
5.341094984619512
3.473896738417181
3.473896738417181
1.3505889551065868
2.3772406900424468
5.166528184406599
3.1110194170542607
3.8597031190834086
4.187497410365293
4.552568262525314
5.291326421726339
5.418157657472663
5.1871670685038165
5.6319180552698525
0.9554365891506249
0.31284412255570193
3.900510995563344
4.008613920541894
3.8987417267664046
3.9759249878928413
4.600348881772656
3.386495980383153
6.511916794556416
6.153076225978412
5.886099844926898
5.345230154041177
8.170591866533064
7.546482362251573
4.115525269465169
5.3010135738572615
3.9123510851303065
3.6960391965777517
5.821691440469352
3.6835925210616622
4.648915339932334
4.397103230631454
3.7108353099718867
5.944460685659537
4.6167238438587175
4.617948704288109
6.504314742193953
10.584495063903747
6.3664288546338055
5.466888955967354
6.848391912990933
6.423078305387911
8.73101347034891
7.314831316287907
7.101508866366283
7.159584656729544
5.379837134422496
6.134606152471613
4.004855204886822
14.311137097619648
6.317157173686597
5.904271666239674
3.9802562897195113
5.780740442136849
5.869396142930553
5.690901519434198
4.614341906251693
3.897144939743885
5.123290053728014
2.973121853123652
5.637843012644712
6.6027922205498815
7.916498629546162
8.22021694653214
6.960749472052722
4.65574212787882
3.6196967176074386
5.202408499654388
9.883259193291897
9.152894955625005
1.183677863803916
1.0913827537138518
4.0772748517377755
3.685270578188641
3.98090259211312
2.3729474595323103
4.114700043472915
4.153309750922145
3.705228201936336
4.9439423739284125
5.338346139598332
4.3394895889383855
5.245084318340134
3.8417346132349577
4.184840540541049
4.677953773184252
2.29147805876881
3.9427076193813813
3.8663724761157865
4.65402320221781
4.993832516363162
3.964100717441553
4.434423982640312
2.623195553613576
5.443480847169999
5.443480847169999
3.7657613956727305
4.309667225106826
5.47215030606029
5.5263314897077755
3.0453162072978732
3.2471835398248605
5.661337191654526
4.168507955434508
6.31759427725836
5.648678977015676
5.683486090971161
6.249699908053711
5.912993144618098
3.3850995094340472
4.369922698209712
4.818835140882444
1.4302516812528279
5.349357697061415
5.7701341177571335
4.533681257756498
4.852352048996632
4.951515548078698
4.389308066350544
4.2987080883880875
5.652086288016175
2.786015155789043
3.362322158746139
4.874121547709962
2.8170051223164134
4.793181930807699
4.584873471651079
4.416509162506615
0.3005977409426128
6.157444248531831
6.157444248531831
3.4929638564787857
2.7864194712264396
4.588147987841011
5.78267247715941
3.838092769674224
3.007145749777281
4.222031219539832
3.7201744280815
4.8848382174210805
5.749551259482973
2.2546809511628645
3.1078574776483645
5.13721678809686
4.054540511082948
3.4556297499187996
2.411792279425842
4.698231248773832
5.440933898774063
2.9369793086250384
3.8181771159159585
3.479233424962597
5.5183554358659075
4.931116944555273
3.9652203652949933
4.432666634555283
3.669516997917748
3.8530460205154013
0.3194745628764815
-2.3948333493026004
3.3607232517763928
3.9419860491553598
4.848458489074676
3.447419747419562
2.5221504776175863
2.7810885630916693
4.4643785664923685
4.198368354957488
3.459666104868645
3.097402584080964
3.698630096665687
2.9270632868392155
2.1024511129814503
5.240503590825957
5.40016013126089
3.3373128433350607
4.32494281971504
4.369385082220288
4.207192332220444
3.4361240200639456
1.8966917647619828
4.655964216803792
2.4790903503191233
2.863477670038812
6.394928285687482
4.6014248411498055
3.019102439616003
5.0778081976074905
3.2708537254952117
3.454237718360957
2.7838706834943205
4.589425873866917
5.100713408863815
5.041386845918315
4.967165935882578
3.3436071296573884
6.687721918077762
4.080016412947091
4.602871790857637
4.252595984948109
2.1241652258247563
4.068589404257167
3.6785521495259874
4.192095317829978
3.953027895270579
4.213502991729681
3.849463090631592
3.928289983569457
4.044371476444052
10.604202623959695
10.090613189111748
2.639341302504
4.883209819347254
4.374570109903216
3.4821149252157966
4.500989840248125
4.315702698816586
3.2974929455779245
4.7321294259659465
4.053506365568978
6.058544426111209
3.7630019872781846
4.755969001014692
2.8860252342547583
4.956114022259524
3.6653604630245877
4.654589367893191
3.069458813072154
4.700112769875672
5.475234352513523
3.8028524998196516
5.912259518283766
3.3642741215384397
3.290427825512997
2.7949578868755154
5.50652586695769
3.7761846419411627
4.706068448940847
3.019525711685771
4.917926962498911
6.931706281472037
6.838673031271747
4.527513518111694
1.6551499070710185
3.434676960574321
5.053793155156634
4.521638873902456
4.583030484594491
2.337696692800599
3.1125870577545993
4.295114485730487
1.3419995247352854
2.722340252586421
3.2267420077299307
4.455851792762903
4.051127684293102
4.51357608267317
3.6164999848475876
3.820687022097756
2.258578046614146
4.805153910836744
2.0997250955154136
2.5065128213152343
3.115822719881366
