4.991018298236916
4.998211287099293
4.992201789462432
5.013727579183409
2.0107473758083447
2.012795977462757
19.98813290849702
19.986085408476292
4.976810684922418
4.993732103022019
12.960388233957483
12.963548049139014
3.3914618334471704
3.004349097759158
2.9951932231305647
2.011688296762787
2.0039840259906163
4.990620159085549
4.997061495976864
7.977507038243383
7.969286517966537
2.0067555254631038
1.9969058171463578
3.8411285875070766
3.8411285875070766
3.0376999111730525
3.0376999111730525
7.987000130253062
7.986573008469283
2.0248688609732617
2.0121527257410032
3.008193044384939
3.012596658276168
5.005157872194176
4.9936920618032845
5.006360469159449
4.996590240744641
4.982640750564403
4.971844808319692
4.996616469986082
5.002157846625009
5.000570149126256
5.001680843346658
2.0044286767049875
2.007263718712897
7.964244937408333
7.962509357150798
4.992400008832346
4.991764118299814
5.014016187586451
4.993221295978207
7.985180936219888
7.990701116677088
4.990088721740192
4.977086807819263
1.0119652664779133
0.9971658856345776
6.082982810136014
6.082982810136014
3.0038311451254787
3.008461099013288
3.0068290194119616
2.9984252139243557
3.010768551767273
2.9987984879307623
1.0191735161508295
1.014876210011284
2.0167314598859423
2.0085460926894987
1.0335328912186756
1.02351015790013
3.0014975703162357
2.999096312322096
2.989214005558612
2.9995932075575094
5.0057266263998965
4.990095408437289
1.0219173341544676
1.0120906304156223
3.786916616170093
4.026425238027084
2.0037853219480586
1.9997272642491108
2.8150990831454004
5.077644711007195
1.0098013388484472
1.0068104649221872
0.9952340489267119
1.0134392681787645
3.8775330930722864
2.603271065915762
3.000504302527751
3.0050570817699342
10.499102263249124
7.992939041757617
7.97735210994569
3.964455356389743
5.266131217828183
1.9917325874164817
1.9977924993690108
4.9808402779970145
4.990954870604452
3.1135403279085416
5.172727489511693
6.2100311870879406
4.769363788380234
7.247280896204948
5.118765163444808
4.0062667634577025
5.870944728770761
12.981775524504016
12.992367040111375
6.372069326161186
6.167311144602393
5.465444457681693
5.284611963494345
5.423635008444068
3.53122116277733
5.861311835986951
3.090668703584152
4.884347282468751
4.352453423685373
4.658627929613506
7.36001471858583
4.93781051013886
18.54268558645002
8.099746280888276
3.448188313772365
5.195676302279729
4.162469093255149
8.557176549227146
4.68586587158721
11.37618877889035
11.37618877889035
5.072016769411569
5.372971616968019
6.332582890536607
8.442718464360828
5.905883304383087
6.603866566825271
4.383654703143082
6.425909731637481
7.982492134294303
7.983926797669184
4.199959302785266
5.948757479443083
4.829269049360269
2.489362181469446
5.9716303725430215
6.102033224173401
7.991002292649562
7.994434258062833
10.85250741338226
2.824528988916316
3.0415374959103274
6.314472692602655
12.993199707466283
12.991141706621113
2.566900750508805
3.8622776811374364
4.507502598801482
4.043467557158815
2.7168028798854498
2.7848683894208115
2.943644705800137
4.994816388238727
4.995217660275186
4.984728357640815
4.984728357640815
4.149908426420002
2.5261037067495344
3.7685142487109773
3.843658008103845
4.2466730399594965
3.111825627468336
2.021677564778927
4.531140124983874
6.894776096814205
4.024814069462886
2.5423494147252996
3.7899273519841654
6.247879205881475
3.020240572541122
3.01072044508303
3.554375524927468
3.8101147551256846
7.986580492846191
7.984628465730024
1.9649758369315309
5.785958771054757
5.542420254055642
3.3338009551776677
6.062911324285389
4.996275460553946
5.001624319514523
4.97356025138954
4.999682405500125
3.5224171780310547
6.191508297310967
4.289186725424858
4.176973904045167
5.396120591739966
5.286544216506653
5.1370079714076615
4.318539740425915
3.396060944811109
4.164374984946712
4.006182181390035
4.703921705130745
3.369126443410622
4.108811284713099
4.323091623491356
2.327201036123125
5.8161179331848185
3.4882442821694766
5.068259597260519
6.868322722451027
4.998759452246917
4.995389442545179
2.1317381194220073
2.205963438719683
3.2156314807946487
4.91559320892279
3.068747698818663
4.303921799451125
4.874547208401224
4.661232511186591
3.9158424013845767
5.41844847566252
4.755095873956393
3.9221153251622005
3.4507181916583756
4.4865411461361875
2.2617528011584107
3.2016507793047873
5.264288964206987
4.739591547724304
2.004843016984793
3.9717255962562716
3.144578542384137
7.770999316226412
5.44532343690974
3.530030447578901
5.874630664986447
2.1348239096982193
3.8983476882439074
2.2622278650003116
5.182457184499623
2.5331661504337655
3.551721759912104
3.8660588303704464
3.6828576733150675
4.980217547339179
4.996475104051851
2.9246591839653857
2.013547626988633
2.0196134950199776
2.74933424830587
2.6826368809691443
3.383457487264499
4.189178722437149
4.992882665594637
5.0097422599316985
3.9340092134346833
3.6427190813806805
4.498798776968579
4.226097338668446
3.8338358697955974
2.3696391657427744
4.457501922990421
3.5562768866022783
2.511564664630399
5.892487424210171
3.5107045239674
3.941352146019395
5.869708838807066
3.4288623189479965
2.472031489239125
3.080046230926759
5.556176598920629
4.315395600868772
4.315395600868772
5.3330867646102655
3.0801606311340373
6.69477919009287
3.6577310034487462
3.005357577488542
3.0061116043977445
4.323972592120568
4.967390334808804
4.985687719941866
3.128348117871622
3.144886678087615
4.261436652270066
3.0163163335039695
3.005458916038128
4.458016735636705
12.981084761806024
12.983388284386884
2.966840477895405
6.270393515701922
3.9653654783886187
3.2943133877018322
4.001010565489806
3.6843287638986464
3.275972454711942
5.380758738076035
4.238811815188718
6.793939092505258
3.440496023879833
4.153719196381068
2.665894051246283
2.934682168965672
2.848529968796815
4.581885557490953
2.9760077049838047
5.199055435910136
9.82079817994156
2.711447747492717
5.790725159741448
2.978006148550909
4.500923448079337
4.8867393053365
5.17763017485965
2.796512873106591
4.214418357958042
2.519390706098559
8.56546027412966
5.665350878129972
5.909683665368732
2.9525357533513157
2.6066480995506827
3.369975464942589
5.125442830109415
2.009227452727659
2.0027366297370652
8.522938539400153
2.2908533120673944
2.9810643956064835
3.534573485091694
3.592163057161612
3.4286611360095107
3.0026812557314444
2.993550603905498
3.8301250732942327
2.988002802576994
4.3711074978619475
4.1695611637353895
3.655006519993643
3.79087393156646
3.346140842542545
3.9318737543057387
