2.5787501
2.3673365
2.412927
1.9305649
1.8106562
2.105665
2.3961997
1.7581704
1.7949238
2.1129746
2.2257292
1.9917405
2.591365
2.1454089
1.769954
1.8922852
2.4147065
1.6281096
1.5964421
1.5459826
2.6269088
1.8816574
2.8543146
1.8587425
1.7579255
1.2769523
1.9362435
2.274723
1.91737
1.5504221
1.7863128
2.0868406
2.492571
1.7953577
2.5237544
1.5494901
1.2532579
1.8150203
1.8170301
2.529073
2.1741781
3.2544765
1.917649
1.4971995
1.6712358
2.1273327
1.9287113
1.3067248
1.0131898
2.3206606
1.6595473
1.955958
2.0064454
1.9100473
1.5294244
2.6764212
2.3050742
1.6985625
2.2204628
2.707926
2.0028603
2.344922
2.2648916
1.4493062
2.0627956
2.1502836
1.7029372
2.3369145
2.0439098
1.7374887
1.4897821
2.6792676
1.4609876
1.6812768
2.025858
2.420102
1.8825656
2.2431664
1.8460529
2.0382698
2.225412
1.817431
2.2560964
2.338025
1.9100374
2.144813
1.4457583
2.2629478
1.2644169
1.9007183
2.5022476
1.3058984
1.8693249
1.7719657
2.2448547
1.3683082
2.2051156
2.1277134
1.5895343
2.1293569
2.4044988
2.5640025
2.5464826
1.9170998
2.101738
1.7172618
2.221032
1.5706302
1.3200638
2.021094
2.0361648
2.4435225
1.4672573
2.3830614
1.743612
2.032897
2.204424
2.1781158
1.3571274
2.3641806
1.8848835
2.025155
2.302227
2.0418243
2.4417694
2.4218118
1.6288073
2.252521
2.303286
1.9518661
1.4319823
2.0176454
1.4443622
2.066588
1.8446409
2.1711602
2.4140534
2.0188503
1.9607204
2.0259962
1.825623
2.319851
1.8106312
1.7921078
2.1447625
2.117288
2.0780342
2.897825
1.5466717
2.0147252
2.6521816
2.8198187
1.9444118
1.8330722
1.7195823
1.5724101
1.6520541
1.404496
2.6969206
2.018883
2.5140293
2.7301888
1.6787022
1.7527921
1.6155086
1.8780782
2.1418853
1.5333205
2.042716
1.9520327
2.4708657
2.5973735
2.3213258
2.3768077
1.8470566
2.2493029
2.8444362
2.7527127
2.477754
2.524514
1.9830741
2.5394742
2.3624792
2.4259963
2.520186
2.1941504
2.2249365
1.8151178
2.1547241
2.5718267
2.4825187
2.2953243
2.3613153
2.1009927
2.0103977
2.224976
2.172184
2.565877
2.1697469
2.0330245
2.3040981
2.306979
1.5740274
2.7879996
1.9056563
1.914595
2.5973082
2.0729837
2.7725365
1.6406887
2.1042392
2.6333492
1.8004618
2.1516752
2.0324597
1.4190218
2.2651315
2.0163789
2.0149255
1.7005553
2.880077
2.1271434
2.0053873
2.0954099
1.404496
1.4369576
1.4497371
1.9075496
1.996225
2.1601758
1.9738556
2.0339074
2.1455984
2.1613743
1.9650469
2.2565575
1.4493062
1.8990221
2.1567235
2.9983852
2.8225744
2.9776232
2.8742166
2.4181468
3.0398088
1.7049927
2.689014
1.5986081
2.085123
2.0793037
1.5900366
1.739787
1.9577211
1.7587315
2.0862145
2.6374586
2.1568522
2.3520606
2.453835
2.8414035
2.8126724
2.13515
1.5443963
2.2557194
2.2181294
2.1078138
1.8722585
1.8029305
1.4770937
1.996559
1.7150407
2.129849
1.7438897
1.4319823
1.5496719
1.4602392
2.0264149
2.101534
2.1403365
2.6884716
2.3870776
2.6933024
2.347361
2.7091017
2.4042797
2.1657112
2.2746735
2.4849794
2.242498
1.8921616
2.32053
2.5707223
1.881818
2.859677
2.4158268
2.5989342
2.3365085
2.4189622
1.9252245
2.3924437
2.4474049
2.0150065
2.0678267
1.5687405
1.9188854
2.4475605
2.350553
2.3346
1.6487198
1.5802662
2.2250276
2.246958
2.190472
2.395165
2.7780812
2.0672734
1.8225864
1.5866671
1.9868062
2.356234
1.662677
1.8975581
1.7111335
1.3939413
2.0490255
2.2601476
2.2259421
2.0039623
2.1234713
1.9994498
2.4635882
2.2057657
2.0348654
1.8457189
2.4125605
2.562611
1.6452475
1.5139507
1.7861247
2.2543736
2.6616452
1.3459995
2.162746
2.0056963
2.0959058
2.4729204
2.301538
2.5362566
2.5796754
2.6067624
2.3857746
2.2706647
2.2113206
2.1798851
1.613052
2.349912
2.3414197
2.0699143
1.7237159
1.6859078
2.1717806
2.80505
2.495473
2.419044
2.6400676
2.1940207
1.0282811
2.308124
1.9099253
2.18072
2.2620997
2.3861685
2.115889
1.8937426
1.5599447
3.7312474
2.4195151
1.8523706
2.5115557
2.5364785
2.9804466
2.494498
2.1796427
2.1976228
2.6151295
2.9423466
2.3236592
2.4633136
2.3939652
2.565751
2.48598
2.7978113
2.1004865
2.4650393
2.3028574
2.3021219
2.3217316
2.2972636
1.5348977
1.8272829
1.8838872
1.5347164
1.6109352
2.1662803
1.9424529
2.0734916
2.3489308
1.9579338
2.0539165
1.9439007
2.1648688
2.5394633
2.5680108
2.090583
1.1366737
1.5187534
2.6039734
2.0875351
2.2363007
1.8359431
2.255312
2.482841
2.97719
2.6047559
2.1062827
1.9630578
2.0689123
2.154964
2.0996656
1.8878337
1.8367553
2.133478
2.0159826
1.4593812
2.2346687
2.650012
2.6765504
1.5774686
2.890718
2.469831
2.5674345
2.2394073
1.7568924
2.0691032
1.9149296
2.0328965
2.5957215
2.4960723
1.9749337
2.616441
2.3829088
2.419414
2.0480814
2.1764326
1.5443963
2.265937
2.187787
2.5340092
1.7058512
1.9278328
3.111032
1.3729291
2.7003434
2.9698381
1.8248969
1.8611676
2.1896281
2.2132468
2.403244
2.1004336
2.423758
2.1666603
2.8901792
1.7817698
2.1249723
2.2812686
2.5381584
2.1222653
2.3572967
2.3728876
2.5451417
2.457283
1.9131559
2.5353534
2.0131776
1.8954976
2.1953225
1.8894666
2.228077
2.1405742
2.278164
1.5496557
2.7075422
2.6602144
1.6182677
2.2203557
2.7151814
2.2462616
2.010017
2.1932337
1.8626585
2.4941807
2.237947
2.1789489
2.2420096
2.4057407
1.6525581
2.5827708
1.9524707
2.9119313
1.9813341
2.77055
2.0593662
1.8140514
2.0703077
1.9562099
2.2611356
2.8860521
2.125517
1.850515
1.403063
2.339395
2.649954
2.0804002
1.4524341
2.284071
1.7060736
2.4992194
2.4280972
1.9460422
1.7290024
3.0374644
1.2135953
2.1730442
1.6184479
2.6528609
2.0413232
1.4529786
2.0163126
2.1599808
2.1578894
2.162982
2.623897
2.502763
2.0058088
1.9305989
1.5383078
2.0417204
2.425541
1.4844486
2.516882
2.3089952
2.195123
2.017097
2.293155
1.9533991
2.3100073
2.048225
2.2184095
2.3991296
2.3852816
1.4858824
1.9897159
2.033886
1.9386786
1.9045956
2.25631
2.0291348
2.4320202
2.0636048
2.610682
2.3921642
2.2438436
2.3728113
2.8954873
1.9756147
2.0539079
2.4162421
3.0783575
1.7920613
2.18795
2.0953727
2.4376495
2.312389
2.3662019
2.3122623
1.7229508
2.1559265
2.6069467
3.0121484
2.3598711
2.525443
1.8601849
2.080575
2.0299747
2.0792785
1.9592264
2.7162235
2.3021045
2.213677
2.2538471
2.535348
2.4227562
2.274388
2.2060306
1.6215895
1.9155661
3.0355814
1.4964008
1.8313493
2.3281922
1.938297
1.8507539
2.5529234
2.241791
2.1857803
2.2095938
1.7603707
2.1343746
1.7366532
1.9332249
2.3635912
1.8601292
1.8935738
1.613297
2.2961702
1.9955261
1.6780388
1.6798285
2.2499964
2.1372151
2.0065718
2.1060333
1.6700171
1.9366965
1.5569344
2.4105844
2.540634
1.8640275
2.4799366
2.0758529
2.5248566
2.6228292
2.153123
2.7765436
2.2880912
1.8205554
2.2379284
1.2992617
1.6980003
2.0846682
2.2034667
2.2971306
2.1403136
2.3250673
1.5128386
2.6640108
2.2009494
2.5843945
2.6660182
2.3710914
2.0217004
1.4603168
1.8758674
1.3737046
2.105441
1.9001303
3.4542084
2.01192
2.369406
2.4852462
2.4306607
2.8631642
1.699543
2.1822758
2.2387705
1.38608
2.259399
2.7494013
1.5781391
2.3593946
2.1375966
1.9343491
1.7592626
2.0312777
1.2229209
2.0617225
2.1126626
1.5527741
1.3200638
1.9827203
2.1432183
1.9447299
1.7094575
3.1128125
2.4800959
1.9729437
2.2531376
2.0191166
2.0191166
2.522375
2.3058636
1.7053293
1.9004606
1.9916607
2.6483803
2.4946728
1.4365008
2.193972
2.034439
2.15582
1.5419848
2.250114
1.8823372
2.5667074
2.391314
2.216322
2.3710408
1.9421573
2.8963695
1.6839424
2.3603628
2.3698478
1.8150241
1.9236714
2.368117
2.1634283
1.9862773
2.2953024
2.552413
2.4989762
1.6944145
2.340782
2.2566266
2.1975965
1.9302666
1.9626074
2.2552085
1.682209
2.516024
1.9781013
2.441685
2.4976401
2.4548602
1.732671
1.8534558
2.0339043
2.319672
1.6677297
1.9781555
2.2398756
1.9529365
1.738721
1.603707
2.5979242
2.6071906
1.921268
1.771722
1.484321
2.507889
2.4110525
2.0623217
2.1311707
2.347432
2.951957
1.5123683
1.8370268
1.7239541
2.006112
2.4387543
2.0950978
2.1084306
2.371852
1.8236802
2.802766
2.0767903
1.952124
4.2346754
1.9655969
1.8937463
1.9492372
2.1374633
2.0895028
1.5976577
2.4732332
2.4491377
1.4751072
2.2889264
2.3650076
1.9416554
2.6720355
2.969212
1.6211294
2.4538245
2.488391
2.6947892
2.1007576
2.776661
1.6880541
1.3200638
1.8117213
2.3645082
1.6879013
2.4973824
2.1398852
3.1320548
1.9863101
1.7434454
1.2678666
2.0804982
1.5731506
1.8993828
2.5489194
1.5219705
1.8474114
2.25699
1.6428663
2.5406833
1.8659924
2.74449
3.2394078
2.8306596
1.4197927
2.0480037
1.97372
2.6656733
2.233017
1.5006337
1.9270204
2.2314982
2.2365146
2.359775
2.4782596
2.4750302
2.7557538
2.3364835
1.8115559
1.7791557
2.1266744
1.9022502
2.605414
2.0977411
1.7830331
1.5955244
1.6167252
2.3335028
2.5289004
2.2542048
2.0953832
1.5508363
2.2481384
2.204372
1.7522377
2.4232368
2.0473151
1.9215634
1.5468872
2.2058854
1.5922456
1.7185467
2.320353
2.2216568
1.9192756
2.3460612
2.6065843
2.6209733
1.9135885
1.9952877
2.458291
1.7199622
1.7060472
2.3065615
1.1468418
1.5485117
2.1680558
1.4008672
2.4295113
2.2343616
2.1776204
2.5802915
2.0009427
2.3757665
2.5380192
2.2061648
1.648958
2.780351
2.0671835
2.2760496
2.358181
1.8092914
1.8714582
1.6671278
1.7724723
2.007938
1.8500024
2.0633469
2.444581
2.8305469
2.2418973
2.3630664
2.351835
2.2794478
2.846066
2.6442735
2.0818367
1.8513929
2.0313616
1.5986533
2.5463357
1.9969664
1.6463844
1.5725392
2.3968384
2.2147155
2.533832
1.6081237
1.5196353
3.073041
2.2072463
2.4247384
1.8711747
2.303874
2.1722085
2.0275564
1.4497851
2.1559258
1.1934277
3.121492
2.5399554
2.140006
1.7390338
2.396038
2.5277333
1.8227811
1.8885021
2.4942496
2.194972
1.9156315
1.9332693
3.2631416
1.315556
2.7109284
1.9661595
1.753147
1.4036427
1.7550355
2.0800977
1.8456144
2.0244405
1.4068395
2.3261108
2.16897
2.137862
1.7459663
2.06276
2.0836475
2.8363173
2.1425505
1.9431057
1.7703809
2.3816686
2.3342009
1.673689
1.9331664
1.897591
2.3987389
1.9539664
2.30899
1.8852297
1.7459147
1.7064693
2.8781943
2.8445098
1.8041129
2.4097266
2.6653042
2.790733
2.4708805
2.4465127
2.374355
1.9341539
2.1335683
2.292009
1.5385035
2.1747856
2.1466835
1.8614658
2.0113158
2.3568
2.0160832
1.8087138
1.5792634
1.9709504
2.1507802
1.8522809
2.700782
2.2209535
2.0572207
2.3240728
2.6964116
2.1951542
1.4356459
0.7303412
1.1077576
1.1174377
0.907109
0.907109
0.76594836
1.108515
1.8102993
0.907109
2.1137133
2.3172984
1.9420047
2.4701743
2.1594949
2.3286748
1.8779908
2.9369574
2.365325
2.0323792
1.8375638
2.1832752
2.0611954
1.9609503
2.8892608
1.9142039
2.0679507
2.1021204
2.2429066
1.8212637
1.486095
2.4192164
2.733611
1.2008432
2.1731696
1.9477429
2.0052152
2.6743941
2.3128095
2.0942492
2.673235
1.8402982
2.130921
1.4236116
1.9711639
2.3313951
1.8181051
1.8130479
3.276541
2.015123
2.2630265
2.0717416
2.415021
1.9313984
1.8181987
1.4977453
1.8352139
2.2751217
1.9252446
1.2883539
2.088149
2.178673
2.4684682
2.687168
1.9246464
2.298896
2.366418
1.4068395
1.8422788
2.220656
2.3665614
2.390346
2.1354067
1.6636014
2.4367816
2.4238763
1.4491299
1.4623759
1.2468934
1.9954394
2.5809388
1.5711578
3.2980256
1.6300229
1.9538813
1.7221725
1.6858013
1.9445488
2.4718385
2.2090583
2.6609669
2.3951528
2.3144062
2.0504193
1.4192626
2.100153
2.0001082
1.5476818
2.4843946
2.2804878
2.0775971
1.3633928
2.2940388
2.4022307
2.3843184
2.3124628
2.3805223
2.4977593
2.4411628
1.9708272
1.8962086
2.2690253
2.74449
1.3823817
1.6321692
2.6501954
2.671517
2.2054815
1.9333615
2.1562061
1.4153223
2.2355654
2.0261402
1.5856402
2.3740892
1.3142295
2.061411
2.5404296
2.1379495
2.5345976
2.6966941
2.8213677
3.498919
1.5618063
2.4583666
1.9294091
2.1919954
2.4284308
2.3451283
1.6039951
2.3837194
2.399124
1.9595797
1.5493919
2.4417202
2.339137
2.6783636
2.3726485
2.0196788
1.6811662
1.3985248
1.9941262
2.0086179
3.1738267
1.9240329
2.3912601
2.201353
2.6136203
2.359249
1.7853557
2.1327248
2.5479152
1.8576252
2.1085377
1.9397585
1.7939249
1.5196353
2.380573
2.9803653
1.8638003
1.3200638
2.216844
1.802415
2.075736
1.8868779
1.6475577
1.9708328
2.1600342
1.6703056
2.4311314
1.8183453
1.7194926
2.2986271
2.00527
1.6003268
2.043612
2.2854195
1.824662
1.9942918
1.8107793
1.532948
2.0697436
1.6581663
1.921187
1.3200638
1.5196353
2.0323083
1.6435019
1.6925015
2.1432695
3.7357094
3.38045
2.493617
2.900439
2.045495
2.2011747
1.6927321
2.25846
2.2005334
2.4520483
1.8637588
2.309296
2.5794816
2.2472384
1.5017014
2.1566215
2.2423768
2.7259665
2.2755623
2.4518065
2.6496403
2.3932624
2.8297358
2.6884816
2.1690917
1.7036648
2.053553
1.9732984
2.4691231
1.7613752
2.3143368
2.6534371
2.3090158
2.0087519
1.7114023
1.5926805
2.6036344
1.7027539
2.3833723
2.3824573
2.4212427
1.6803408
2.3728251
2.5805109
1.5928842
2.2349906
1.8697758
2.0769367
2.6500454
2.3439388
2.3533373
2.3159072
2.535648
2.2488499
2.0115426
2.3053083
2.37644
2.4417982
2.1764674
1.5550094
1.8708634
2.22338
3.1727328
2.2021008
1.7585207
2.2011662
1.861121
1.7208486
2.129085
2.3542314
2.1721098
2.2614539
2.0482068
2.4976418
2.5042126
2.9747667
2.0889397
2.1632783
2.2012837
1.6698127
2.5385976
2.1324863
2.3645172
1.9021742
1.8433629
1.6302977
2.0748506
2.153238
2.2109628
2.277947
1.7835528
2.1958678
1.4518422
2.158279
2.226828
1.3965893
1.7564826
1.8510469
1.5661657
2.0640316
2.1924834
1.1521021
2.1518452
2.2590818
2.3743463
2.3124862
2.2631383
2.7076046
2.54974
1.7421923
2.3895826
1.6996857
2.2252126
2.65785
1.7270733
3.2597342
2.134997
1.9616126
2.7109854
1.7515028
2.450212
2.0962741
2.3516011
2.6207905
1.6620767
2.2875776
1.363841
2.2808552
2.010004
1.6812629
2.6826854
1.881062
2.5366194
1.9941174
1.7639565
1.6927514
2.3516693
2.7830002
1.9970001
2.2104568
2.1447158
2.2243452
1.8849573
2.5420554
2.0955477
1.8733181
2.083547
1.4358552
2.282414
2.5860186
2.2453647
1.6288073
2.366517
2.500054
2.1366062
2.477561
2.2398784
2.4322064
2.2187233
2.1203723
2.4531398
1.9992195
2.2675605
2.3635902
2.4717412
2.2022989
2.3284135
2.640663
1.565987
1.9617156
1.893411
1.9449594
1.967644
2.0347397
2.3476677
2.4715986
2.8681264
3.0563326
1.2638944
1.4401171
1.7853316
1.8198544
2.553325
1.773432
2.2633662
1.4895688
2.4988003
2.0552497
1.7720801
1.772593
2.009571
2.7785506
1.9132692
1.8970104
1.9518815
1.8985612
1.8074285
2.1881564
2.2477598
1.6293346
1.9483722
1.5594848
1.69887
1.9536908
1.657017
2.1034963
2.0135684
2.3480883
1.7493436
2.1688628
1.5994186
2.232583
1.7665482
1.3421167
2.3540063
1.5248151
2.5513532
2.4211528
2.0808797
2.094641
2.4605713
2.2170045
1.8985598
1.7391409
1.7047855
1.29124
2.3571305
2.0959911
2.51775
1.9692363
2.1097324
2.3870957
2.399928
1.9717647
1.6625218
2.1979747
2.419194
1.4380894
2.7301369
2.5157802
2.115375
2.3407357
2.401879
2.699735
2.4944353
2.0742908
2.388624
1.9088829
2.0087748
1.9769372
2.5352273
1.7439481
2.0269065
1.3251483
2.042719
1.823759
2.0686388
2.6437
2.5427334
1.9891877
2.4754634
2.1618252
2.0771694
2.0225353
1.7833389
2.8483057
2.0367274
1.7575366
2.4930596
2.2980661
2.4911668
2.2919283
2.2405233
2.0013602
2.1884956
1.6477935
2.140532
2.6592033
2.0252295
1.8448075
1.9321343
2.415892
1.6150638
1.9950265
1.8987805
1.7337816
1.6361848
2.2714067
1.9181918
2.9530604
2.7485461
2.084188
2.1736903
2.1532822
2.295313
2.0436132
2.1983762
2.0457082
2.1720648
2.1128979
2.0467396
2.570489
2.220615
1.9408511
2.0747402
2.6031556
2.2804437
2.7025476
2.5906491
2.1094975
1.6923087
1.0917344
1.8085308
2.1753771
1.9997865
2.3466644
2.062358
2.8352675
1.6799122
1.9290086
2.0484982
2.9338608
2.3251286
2.1055214
2.4399972
1.7849729
2.3163934
2.3294277
2.100205
2.6550925
2.4064727
2.4192696
2.6112187
2.4819403
2.2427797
1.0366495
2.0699265
3.3959305
2.6656613
2.0156865
2.0465913
3.1726263
1.8626561
1.8427705
1.5325434
1.8254666
2.4825566
1.8455957
2.3692603
2.1243243
2.2545533
2.5682428
1.146014
2.1224651
1.6432774
2.4692452
1.722084
1.5946416
2.0850146
2.0289412
2.1205976
2.7004082
1.9730204
2.1738088
2.8462832
1.9769858
1.9835446
2.2238123
2.4343758
2.255616
1.9417546
1.8576094
2.4684658
1.6941509
2.4665875
2.9807534
2.643854
1.427104
3.3476036
2.8263066
2.020254
2.6580358
1.7829356
2.2726285
2.5146706
2.474877
2.344809
1.718675
2.1596007
1.9333601
2.0422814
2.1444497
1.8797842
1.6835184
2.0506501
1.516153
1.84045
1.7814885
1.4468054
1.8129386
2.1280065
2.3596475
2.3542368
1.7790085
2.0013475
1.9397836
2.4742963
2.948986
1.802879
1.713123
1.8580365
1.7782177
1.8310221
1.8747153
1.8809788
2.4897556
1.888221
2.197979
2.8407621
2.3578515
1.6088167
2.0886965
2.2032094
1.7680523
2.252388
2.014964
2.1902175
2.2794785
1.576649
1.7410846
2.2625065
2.147244
1.6953368
2.4880917
2.110208
2.6568053
2.3168344
2.0504642
2.5524902
2.926715
1.972173
2.3249717
1.6310898
2.296301
1.5928842
2.5149512
2.2180197
2.0960612
2.5201428
1.6679131
1.6516266
1.9294294
3.0694547
2.4157147
1.8186349
2.4788885
2.4091077
1.9531184
1.2340915
2.1925602
2.0363448
2.1032696
1.9023954
2.1562614
1.8969891
2.229197
1.7667091
2.077092
1.7771469
2.132939
1.454201
2.64826
1.8698301
2.3791304
2.0163784
1.9933124
1.9520572
2.1805654
2.2674332
