1.88294603394318
3.4412290820525495
2.401879466993627
1.9991966170719437
3.345794655514311
2.7719227203538095
1.9694430000649825
2.4086049788584636
1.7514801843144823
2.461185667432154
2.921727790896191
2.517425184247859
2.256038539344429
1.9859556428427352
1.3528178639761033
1.225041464857473
2.043629317839015
2.1143379129101376
2.2690872672919236
2.951099233284973
2.087384856184147
2.524777138925198
2.7406042873282983
2.608983110054377
3.2693645198085575
2.577915535672756
2.4067767931017423
2.662001354515285
2.2206962780619137
2.296645400554112
2.3453155903759386
2.5653104886395752
2.235636025130069
2.446365060191286
2.135345692503215
1.8636583663153572
2.725098397561318
2.1788392639514695
2.5263662961004716
1.8045071395392294
2.1103450834544057
2.2141908672864155
2.3121336887736614
2.7855619722788316
2.561293852061465
1.8692790576640315
1.9572149274702677
2.135037886478458
1.998875607415433
2.773632651738307
2.085919770254873
2.0624888485593527
1.1399639440163558
1.5332499078729858
1.9451189884302964
1.1431089723261696
2.2144540855397765
2.18090512769576
2.2243357422209526
1.5382079506505024
2.481242101472744
1.8433352334400213
2.328089801030787
1.671690647738226
2.8312254960885355
2.598215997189002
2.5930707466455027
1.4742555829206478
1.5102406412336356
1.3688010474667762
2.022463029471276
1.6652311284733656
1.7171598539755002
1.43391527982045
1.3044177201697211
1.922892165818996
1.8303843262066373
2.1843518873324443
0.9224607612689666
1.478308345951865
3.6994968831518014
1.218406895272164
1.9246527838036314
2.3171306251692405
2.1273952825060425
2.262906263310067
1.8715690361996837
1.9250860282929023
1.1861580387324606
2.9238354580352546
3.5018248451314857
2.8104876670838896
1.8207189830949502
3.2462252584110853
2.9527147123182766
3.279372711070752
2.8538020420848387
1.4078328642879299
2.483356431358429
2.0011158237699713
2.1077694482539937
2.625742478564938
2.137393662818386
2.279621594734247
1.6713174483580877
1.8292464799167778
2.5941869986531376
3.1075625458955836
1.7217747513674084
1.4985548007376361
1.7625568158674603
1.9578173939609052
1.1859328637528397
2.066956635238591
1.132424273563494
1.5603497942742706
1.617350338204991
1.2996223896125108
1.5593333855607727
1.757201960720397
1.4126566023823244
1.4454345901919525
1.3578068253605822
1.3018434414674942
1.5692703354513386
0.9879639387826235
1.69625235428197
1.4527140451526386
2.117570821481967
1.764740771555679
2.3271346086864586
2.025154928038229
1.9679382758626454
1.921907056653806
1.078821394418712
2.0370096613553255
2.3871136006971305
1.8373858376053969
1.2333701539911115
1.0235057402190804
2.1064870682533856
1.6971259798965395
1.5515737154381675
1.7074281159532232
1.3983740700603708
2.11139834678282
1.2755367716656514
2.5053288377874776
1.9511909297729875
2.1913852331078365
1.9399064879123982
1.4200936682419047
1.5417410617417893
1.6980412121340391
2.12394367028905
2.153393239402419
3.0234807289836665
2.9830796885667272
1.578304258397343
2.1716553079800645
2.258581657042654
2.2618042771047917
2.4705986221451166
2.1478063023666607
2.029379217591199
1.8413394339624658
2.2620737557426707
2.204455846971214
1.4028092707134219
1.6643320657833152
2.2639433121507033
0.7030432079384261
2.1176578474264276
1.6422391298292256
2.470099494624595
2.078530243066357
2.206690178017584
2.074990590294863
2.2898501289708886
1.1501459060019148
1.883377155832488
1.8319389061376952
1.562022765528282
2.238153975839243
2.307902712199307
2.161111553453035
2.296777844936118
2.205009843048837
2.3236959087699987
1.8021256503355205
2.1562375748652407
1.6240102803149072
1.3885351849779326
1.5206912268664186
1.3377435688148989
0.9612973078222933
2.1751679867390425
1.6358154247714933
2.0906919160631268
1.949996305506627
2.8514754919602696
1.6696995932549497
1.449248056040641
2.6406546402962823
2.194864618829488
2.915552623979594
2.0997452596156867
1.9255215233415197
1.8637953579396822
2.11618327320591
2.60443095528762
2.160311959495866
2.5268180301618113
1.8309323374349156
1.3722560796542458
1.9656928119050463
-1.0107063433494214
1.4840134305504624
2.0931112841593427
2.575469226993567
2.0438488711574343
1.6377913177928012
2.1226824975934875
2.083726857847906
2.6624281117881674
2.403769190203322
1.0594146569161815
1.6647039505938839
2.1620800086691876
2.0106017666132336
1.8529916379312197
0.23209888976466764
1.6321774300975949
2.0209565628712696
2.396829926439107
1.356364194833694
1.6108580626663898
2.463119866252893
2.190994274376491
2.159950369868683
1.2342680049678016
1.7342386430072023
1.9634399520518944
1.371832080357376
2.288680061710155
1.4574971674259058
1.7477269506509028
2.1716224584895745
1.2854511656696264
1.8545506281487751
1.760509425770234
0.8994996322448813
1.5878195953704393
1.4787043348600835
1.8622145366245666
2.242148466069023
1.5593167731972402
1.5860755187861917
1.368775144794877
1.9162506540822444
1.770542006903707
1.5860323279240134
1.2892153545798528
2.234794050390558
1.8229002313577487
2.1522673054088233
1.7630039202625531
1.7859001085404536
1.9009884734917524
1.7884254671987916
1.8069049392161247
1.9618118745571895
1.99993142662778
1.4546456725022703
1.2638823580249239
1.8523274178898181
1.3007667679680497
1.042035162959731
0.877862853720855
2.1000497336210353
1.902824373970546
1.018743957095871
0.9835909458160197
0.6342516201576417
1.4289906897927278
1.8623498054175713
1.7541102521604008
0.8899020935970817
1.2627361987764503
1.4132243078366622
1.5118980074441424
1.520572185479393
1.7946106350902185
2.0889066504907468
1.5600767442543977
2.7956664528015036
1.3414864403474394
1.0391965018257054
1.4986050918168696
1.6662104299989722
1.4972233755065225
1.1272215140178599
1.739736807871217
1.1216655603377184
1.6050321808895034
1.4798202865826533
1.7854355191995916
1.5152835540973901
1.6027046748516671
1.2705203323659813
1.6904376200938025
1.698506238904244
1.1569335712079432
2.013028813734198
1.2614881955431572
1.6671447066828478
1.9630723034700006
2.1716733134676804
1.5951549183580522
1.4188556072281964
1.2491068872919548
2.0535375157549076
1.4917922532043222
1.8628427189991563
1.715182824777356
1.5545289359520231
1.6957158149212725
1.6390597047045257
1.3383126027755685
1.8380553107486528
2.1396006601522255
1.8321493795161543
1.596439590653209
2.2055831473685013
1.961271586283894
1.6898074849642766
1.7537802313945137
1.992691383988175
1.951825297858415
2.1909051044761485
1.6981579179132489
1.8211051545220385
1.6167427062351167
1.6211158129029792
1.732499837680198
3.2145736048670743
2.1531120981869725
2.343858392701148
1.2960285287693951
1.5620214010508553
1.373708666458616
2.968480584994201
2.122112788439322
1.5844909947587902
1.8302001139643798
2.3141327409990655
1.2552398811170407
1.313555794936736
1.3342023605133249
2.0534347882307613
1.8562710096785975
1.3179509185877876
2.100607902642186
1.3437163699629118
1.9391728564192512
2.330911054123322
1.617829400159609
2.6293637588527083
2.275601262974334
1.8344523176954686
1.6538476195695682
1.4318725570697641
1.146389903420875
1.325344472333013
2.1296192061215065
1.5444648307908397
2.1806678502795442
1.7508574099660503
1.2665997825723219
1.7765969187849049
1.8891149005753272
1.6927176652709905
1.8303620130344573
1.017500614409097
1.0548515078447318
1.572336356483567
1.2208769482891109
1.3738175768192675
1.9181436886782723
2.201900523984702
1.1146622950826777
1.58262405907947
1.3465205756033494
1.519184433662231
1.705529977213082
2.5119767124184063
1.8514678539840652
2.0150194218297557
2.3328616467783716
1.652616360643731
1.6907395930472506
1.7856417743440864
1.7786436204547014
0.961352883183456
1.7648543436439668
1.306945867947322
2.4961956906391256
1.9867091732543822
1.0243044278955102
1.6403902947435358
1.883087607418674
1.9745272568355867
1.8319632774669534
2.1300424618014917
1.3882717589607503
1.3816125735705689
1.6115766651358585
1.508771079716669
1.842276482971893
0.40309163722775865
1.728554131334217
1.6663447436907086
2.518862651439411
1.6693384977581145
1.4514478978264327
1.4514114156823192
1.9406532561988117
2.1436564111648284
2.305380820973501
2.1350222572265993
2.081493178216274
1.5048206386329754
2.557208479885781
1.9661481773020162
1.6034543015803608
1.149738149113739
1.0152161576837564
1.8957104115571712
1.1835812069592542
1.411580536845619
1.7802149175097086
0.8266756889413804
2.2120468015045405
1.975807442374479
2.290030517481346
2.456267910028192
2.5032401408676743
1.8448062640108827
3.4294703757743723
1.9181862684656417
1.724168334907882
2.106823870524587
2.1455170823663936
2.163637801209928
2.9810107165546684
3.0482317627626045
3.5423554561373516
0.894181381054574
1.5139929187644747
1.3679461896862788
1.458057573902031
1.0421540268513243
2.1305480778377675
1.7592284892124002
1.3873025860306263
2.1106100810450963
1.0507918773057214
0.9524774137602514
1.9861475540488902
1.3984538050347881
1.7024425823929263
1.330979845328452
2.1524147468520867
1.4035050031588652
2.520881423268298
2.562093823978798
2.2942633604464593
1.851617048068256
2.057009987994538
2.0943505435044907
0.7988413016001061
1.2285882023666441
2.7699388389102104
2.552784777139783
1.0007287933962377
2.0141471897727943
0.7118516197717739
1.4711895809070652
1.047359309345174
1.5545039655782094
1.513048415388075
1.805049714284884
1.2873722203105467
1.9319975116466483
2.1796965041975276
2.33655899952158
0.9447763817464021
1.5267924073440478
2.386532287043493
2.778287164428103
2.003704180688672
1.6366435672914932
2.1138723970549593
1.6522925945080902
1.243768496386312
1.5667923568906037
2.2959409148475234
1.817874062255666
2.0097955472606728
1.9104602253642116
2.4107430296183328
1.882641506976864
1.418251740058955
3.3542523679041505
2.272046188630937
1.6046639797423803
1.0494133686330418
1.4112638670172768
1.5176406454904
1.4344413264378908
2.176081723041953
1.8622078543662635
1.185769859952518
1.272359731624206
1.4854986061384097
1.583996316503809
1.923061656595527
0.7622371154338425
1.965713378734871
2.1562916427125365
0.6744832423503125
0.5061516168721729
1.7221618236420622
1.7410941906023136
1.368143407133539
1.6404012552623306
1.263968810104737
1.45731234421484
1.4096521089737921
1.484784616569872
2.131656746304404
1.6047804574916649
1.478486494251522
2.2365484612383533
2.043625829980399
1.5489483412471978
1.521787046749946
1.793790837117582
1.7628650495232119
2.4214698810845263
2.2668676775993095
0.9839665584619395
1.8164685716702442
2.8062762591789525
1.7225617994541318
1.3975561173751487
1.6861147294805512
1.8198118177327798
1.6614100785315913
1.7372923465238599
1.3630968251923603
1.8830237132093377
1.9271334994634048
0.9901349401560449
2.1927319183564227
1.0081443827664052
0.7089358876649454
2.3463849624830693
1.9052800006842476
3.100282998417929
2.3024970093466415
2.2129091384451134
2.2555244151700804
1.7201215379815975
1.7878400837884276
2.1934921123799036
1.9552256765572298
2.2875074381723635
2.164628460601356
1.3957848467573695
1.3496721143265293
1.6851142135593464
2.039469148686865
2.7894959918364366
2.506054867607064
2.0809871146421015
2.163961958021277
2.5403749327865257
1.8108277424112618
2.0395451860828233
2.302976671319369
2.4481532210416646
2.162452268452827
2.293495578993118
2.7064210091320904
1.8524356268103226
2.4439877472551603
1.89428128630236
1.9177754276793113
2.014297505884305
2.0533614077707876
1.32253349077251
1.611385305970532
1.2713486329948518
2.1011351901501425
1.8230461467121375
1.7862505798423454
1.8021914604004947
1.775174772000244
1.6082834107196238
1.8116463714206357
0.9228960424107796
1.0593975749220452
1.9321541026536497
1.8634667432250636
1.353307551821783
1.8533040231710314
2.5467835585105885
2.5816446953325336
2.002923260922353
1.8777749404125323
1.9982281797722912
1.626338913786546
1.3532016213984934
2.388287935321224
1.9233406710263825
2.317512596809894
2.314572358454515
1.8770888352984152
2.3108181091282027
2.312098647826803
2.058079865544471
1.7460690562678238
1.0856804889743015
2.4531620289266343
0.9021946102064351
2.355587915280492
2.0359935252681147
1.6403607339318436
2.168266274846178
1.0095591691124606
1.6550425879202992
1.6820670079635367
2.2411018143227768
2.2142991735725586
1.365015684070529
1.4135918365336806
2.1153508372094763
0.7543165713249833
0.7475547966023349
1.5855661747636194
2.111105699974564
1.3061332283741007
0.9216268023894597
1.0408791664809682
3.402829575080074
1.5904303737829786
2.234812354336612
2.19119508707392
1.6060865041684624
1.2156576777148618
2.1761288914806465
1.8418079357559323
0.8378621646296928
1.6524714413671173
1.7983144595163865
1.8320410635019346
1.8375709318176876
1.6273371791543128
1.2332589740444757
1.2061105747293948
1.1121990802134771
2.059778735412077
0.8447441538543179
1.152419609333751
2.438131011643102
1.321568699812419
2.0455509951384014
1.5682803988231744
2.2311148604290967
1.6253588981947655
1.8579241446195196
1.536757873923389
1.8731711159691118
2.1267504957753594
1.7360147426030204
1.9720938579580862
2.2012915893844545
1.426726677105026
1.2569455007385768
1.3885191005338444
1.6350604773762607
1.081855367043512
2.1131660975779716
2.1465007871440394
2.2447230372669082
1.8057501827774498
1.6954225646044137
2.451599492191316
1.3801851810201993
1.9622922138439343
2.3982116950437318
2.432198436723872
1.8805294947826012
2.10159002783442
2.024965343635593
2.019266139497939
1.8637474440271773
2.1068663480870446
2.1266473148877885
1.6021768101898575
1.5831798283383751
2.3405208154099335
1.8365115350241181
1.6078844865731001
2.0377116175075694
1.8249659906908806
1.6387170231715675
2.2483599612425547
2.2571845239583226
2.360414049810668
2.12245157483589
2.1614039522795916
1.835364509598279
1.9984259440319114
1.7641332712552664
2.2607566344977936
2.26772195034899
1.9128899155401484
3.4794956888351347
1.6995893475008073
1.3529557218252048
2.398538464908637
1.7429783452042058
2.458182659804562
1.9226636181754393
2.177682555303396
1.9613913084578583
2.3335108650894125
2.2574645732875664
2.0461795834168437
1.782722966309692
1.394814118133344
1.9236733448285965
1.6836480670881795
1.9053815895923532
2.3246366927274504
2.147520136594076
2.7029524879114613
2.443225468230202
1.9758422186860334
2.5470912239336245
2.3618488872397454
2.2824181464852407
1.6904885287185185
1.3641916331788528
0.8952819630590838
1.710678064307901
1.9776275097262612
2.2773519075929705
1.3808615134761208
1.8164228407811027
2.273425000461912
1.4335808965525392
2.264514339450279
2.2885721874741622
1.1145611644990143
2.26428547831379
1.8311733568185242
2.067683780260398
1.7697770246245352
1.7794925896130298
2.2187646009405233
1.8757170396535996
1.9759440654304399
1.9980988762288818
1.7820692257314417
2.161901257380168
1.8298391484283376
2.0527459902455933
1.9369372673190346
1.0641916337496442
1.3052599255648638
2.398060873890652
1.8538133548045794
1.4455390723617705
2.2653913026562296
2.1936648980368156
2.074036664562202
1.9071945395243972
1.6611150427724826
1.841665848917256
1.7351303249119265
1.488163853808153
1.9546882986218805
2.0158062250290003
1.9788154068166417
2.095454073295082
1.5957324425997685
1.3750932480429474
1.710461754691113
1.2635965798482345
2.18539649076504
1.6806730088570117
1.756363610588038
1.002508648514222
1.6384419042102965
2.2281056997191024
2.1499392813577503
1.922305665790574
2.0769391119905487
2.3209114536627085
1.9264107479478532
1.6124195751880857
1.5421790835542526
2.4337568553232507
2.4768876960465134
2.8055098329055452
2.254886518647784
2.3375700013406764
1.5633306266171496
1.5828216462129294
1.706127320130705
2.238594831590359
1.6027105427975594
1.4737470259999155
1.5101083256309915
1.3690891067848843
0.9540588002787013
2.481028449282377
2.2021949702110897
1.1129204193669329
2.1160343055728585
1.6957390888075965
2.505306286705377
2.1658747132918776
1.6734617368747486
2.4283525598518927
1.7565583553827187
0.7223047215140205
1.737307882566688
1.3972319613816382
2.063299674867236
1.248890177870045
2.072713658732336
1.5788466629471918
2.040139589930501
1.247355628605736
1.7551693924081953
1.420444754699205
1.4233379518078701
1.6285602853545353
1.5782423634411051
2.0713513759286117
1.59947747536494
1.131324329396974
1.5010570713344669
1.126747209242276
1.413505434715892
1.5471045042317912
1.8713167926544578
1.6666889585202598
1.7711408131832094
1.6924562038484048
1.547984843680314
1.5197025850489612
1.9604928989777588
0.8823680934954762
