7.707741271063073
7.212146386269521
7.6186625068653475
7.819560180605162
7.892958500613426
7.555821124856218
7.76362248226998
7.575275848118439
7.542574301397556
7.850220158345634
7.509956103421242
7.773306623388592
7.451081556150731
6.347251742458271
7.639139440554418
7.4693342395857645
6.308753460602164
8.251859320011782
7.50867620510517
6.5991134350115495
7.949957996460098
7.6420806638502565
7.361478253444747
6.297684813581978
7.655179554153206
3.3318768235549623
7.636903445385769
7.510992245586508
7.297134321844354
7.7378892703865665
7.575193200270416
7.4687035959077335
7.903206082842598
8.280095085921948
8.308971857246723
8.116970252199327
7.920411928691445
7.74649084185987
7.959746351655207
7.940553387448318
7.496087298016548
7.997789334792035
7.451451872418392
7.362970468775661
6.771087698275235
7.465607795899117
3.6961278012726635
7.7335855453726
7.243514201992622
8.031254006636683
3.2726441440629386
6.214356811283972
7.099402050141986
8.10547381885711
7.666808436465175
8.07874919950087
7.959163809902661
7.653850795409749
8.15651189460582
8.180621325480658
8.174572650587045
8.204615390077096
5.867735813055639
7.44348625934986
7.4252834570364
7.892490953513162
8.075664985661664
7.53431645036332
6.668602122057174
7.899241328781454
4.384111998065251
8.12699815574038
7.910422641124622
7.924923223648641
7.8728226488349495
5.773740306268098
3.348955376422805
7.981530563263842
7.51507066067358
7.801731832595549
7.583397476433677
7.778457639300868
7.142214508483207
6.62120378593804
6.982841330021923
8.359249515871307
3.3384198236295646
7.150609844913518
7.6432385310036866
8.122899490904148
7.960731418040535
7.917956060918342
8.22670347488101
7.614228145105354
7.926353782612502
7.7177660274058475
8.117072636698362
7.832494567431374
6.980643212073847
7.742535524057574
6.725090021732672
7.631741424838278
8.020689427959402
8.088840774882218
7.614985547021452
8.010049191596806
7.655062511405274
7.761780234488501
7.569220196462425
7.861904801573241
7.300395040627618
7.574248235554545
7.847199330542917
6.930543373988759
3.318845651812279
7.821663898569255
8.299139023647186
8.403749602709476
6.2475391610280475
7.151189282193915
7.5852973593439765
7.125562805128535
7.79523729061603
7.558896151072711
7.448255146583641
7.5751959779820135
6.25300822116469
7.796769880839127
7.516585481406231
7.881465077362284
7.4038259727190034
8.232743144586383
7.534853399510931
7.80059971988318
7.63673555956184
6.924542229768397
8.045757336093804
8.292108586651478
7.7406897930929075
8.33898532728452
7.793701342636047
8.499996846213651
2.3065115221210064
7.940414250572632
8.163325915849251
8.09855696827092
7.7344262970043305
7.900798089664351
7.92609655035743
7.824609695271222
8.565328155395044
7.458217255718476
8.147720241333783
7.786795496225294
6.98654875532138
7.6738219330986475
7.959947558102441
7.671518216242859
8.441292831385212
7.413674344219489
7.318990913002
8.172427649785531
7.769262750274091
7.576116739374601
7.430009248890486
7.588697382420332
7.306583747379639
7.773778892975853
7.560080123750717
8.039377806937956
7.727263414116832
6.715020918950076
7.3763833696758425
6.796068706751527
7.767666033503717
7.801737843073598
7.580075040720398
7.688142213644987
7.26213305431352
8.5722041561826
7.6826557429955695
6.81275068010612
8.372818874710143
6.141464354575806
8.08952181328995
8.02498306486627
8.317656966269313
8.166792003414638
6.764915898220797
7.852384946102489
7.720487838042864
8.02176115817243
7.880077253705079
7.67372684327533
7.843619065968779
8.062346176002466
7.996562760357026
7.8483784101935345
7.94386083105608
5.825066833984964
7.881541725287338
7.977923416507853
8.084500672388447
8.079318425098476
7.439168369104571
6.209159800347196
7.7348258766695
7.90273038482384
7.563179167287187
8.19510492219993
8.275093997174478
8.008850111204751
8.040071925728475
6.472017973446196
7.735608184408337
6.9418542350824275
2.00947795510088
2.079772679515135
2.0065606416295294
2.032767568656248
2.091016274598768
2.009941861193074
2.07793240014578
2.0065606416295294
2.009941861193074
2.2130068187830467
2.0922120659447696
2.243216254105455
2.1772994974955964
2.0664963164932666
2.08805159436156
1.8776328175780908
2.12422096081716
2.2455001636689644
2.1705419318320462
1.9856729797007047
1.921044088174578
2.200647589242873
2.224400808389881
2.354899018081304
2.133721375097774
2.1469812322773163
2.0026286402763276
1.9935392427599443
2.103623142642613
2.0325382863109507
2.009941861193074
7.688216534900561
7.66733186679966
8.592203740833504
7.313953280997938
7.6840689906795845
7.411442845635028
7.629385536816709
7.855706634629297
7.203517025232937
6.8127506957257005
7.851871826274801
7.668941986915899
7.609608204295986
8.100608280759822
7.626223385413464
7.185116284227511
7.854539524959852
7.020929598767068
7.767126161914562
7.97253398459716
7.49091523151
7.658762431644274
7.841074835793236
7.862226734860119
7.822972677656814
8.005186172700501
6.590026957000685
7.637692594648196
7.710110705520801
7.45502659795244
7.751098510839155
8.417059612394127
8.04220226912462
6.870612148262024
8.04905691036294
7.4236598893611365
8.382075984267217
7.540215699797247
7.057022527396853
7.722065336423602
6.924075593537159
7.9741372935879005
7.8001373732291395
7.661644164337979
7.987867397289051
7.730818543792642
7.766161639552067
7.716510912891291
7.863601532737871
8.185274403706813
3.270527916706029
8.315384786849346
7.980229474193678
7.791102109927982
7.791102130602576
8.148258788287635
7.686894038515554
7.995060010577779
7.8346845473196645
6.843262907231886
7.590157815288725
7.815151034461096
7.279593102806481
6.675864677125731
7.675787137298103
6.724010117150144
6.502221395219623
7.865429984208274
7.66008166143618
7.840972941904272
8.26410592530587
7.096627001659781
7.013987928287022
7.569593686041753
7.201183520176729
7.38444301255066
7.584031335695636
8.20761656903927
7.761762031135702
7.860655315501077
7.822892514487108
7.906370349320227
7.941742916186707
6.846685731714961
7.724205676095403
7.1591418800610676
7.868894911637048
8.209069279542726
7.798680163816703
7.695280509764899
7.774545112125283
7.998203055487348
8.351217706198945
7.670490127704926
7.750646578376518
7.408213884034962
7.752876660047461
7.3342886597435
7.831051171900916
7.910197383137549
8.085326447959517
8.033073130685082
7.250431597172765
7.809697892677574
7.0955756229759475
8.22223941120652
8.004526176156077
5.3544507793147424
8.221730072665872
8.527332402667831
8.231173951405964
8.1312205320631
8.022854626811911
8.034172346834005
7.978106955121957
7.877807011087597
6.343801308316885
7.119943313817247
7.822771267850257
7.92533062904288
7.96996416123049
7.000383012577473
7.943129753011179
8.062986379973312
7.660205624455914
7.325935404137317
7.305074346547396
6.594271774532893
7.612405312210259
8.065271119652563
6.2475412014334415
8.139049481590684
7.8606605942756955
7.671765496925007
7.788735364062836
7.882089095909285
6.933235882313198
8.088889489625597
6.953485116160454
8.031158448061221
8.477107819127085
8.06065837928223
6.822331214395243
6.332514992368618
7.199969602272189
7.562225657239388
6.357128855991865
7.709186242440127
7.551632312054769
7.8568530839577
8.19561705420002
6.258597127089512
7.192243283107467
6.347072363448664
7.775178072057644
7.33416426858201
6.314193679528646
8.309494122535886
7.585790608226873
6.761160996600332
7.6881506970032785
7.517400005109712
7.807818102742388
7.879940706293327
6.371579584704365
6.812681788265514
7.76902551021271
7.822031564609771
7.190002248011407
7.831553060425332
8.12344119217281
7.706450716653269
7.325631097121267
8.238857583336216
7.7748650191093
8.166844853932083
7.119181995194698
8.103109540240235
3.3912959300033543
3.720907895044025
7.5455913532442755
3.8625819168868736
8.090760958929588
7.6590214386324496
6.394262681964658
7.6445919222598135
7.311397067797472
7.615958688730682
7.774528987644819
7.684327113950036
7.695346658709584
6.237063218873031
6.538202053732276
8.263889791329722
7.911949056994322
8.340869229647605
7.729345283430055
8.193276711834546
8.186182855461322
8.042545823220422
8.042545854660274
7.843723600253679
8.401853943459617
7.812814782225864
8.053907248383023
7.057119471739588
7.967101921967575
7.691206463699413
8.094727236124164
5.973778636936593
8.122672188465272
7.844494678961045
7.886393926357927
7.356145472049319
7.432040449032319
7.862196497028325
7.247071511609036
7.878365468177707
7.911544614382695
7.572875890717601
6.702670592450834
7.299167082405205
7.710068974696082
8.373144109685816
7.24783620784082
6.3470726713021115
6.337871210969275
6.812681754917367
8.269314610616506
8.090480419991893
6.875773448501247
6.481614389385344
7.520119103456013
7.80939452295782
7.624195508995744
8.546316965803639
8.011054598612754
7.796111861785524
7.383589985595197
6.8130032365845965
8.310670099117019
7.929478353579542
8.567665939545885
8.268620704573234
8.06601080728132
7.546379095042645
7.844122899920869
8.071482884983535
7.1710033310731855
6.533388559762095
7.507654103991445
7.573243193034283
7.124203680811792
6.901529847647353
7.611524443944553
6.664110194326049
3.8901075884965084
3.229412464753458
8.089551687129909
8.187591059332977
7.647833778223966
7.789866568196527
6.389015948770381
7.8380599074609
8.130821789432494
4.02278374943317
4.215862074607316
4.17744581578819
7.360423427254108
6.367215095973429
7.711234720857979
7.739938122448976
7.959518118062457
7.346120384397138
7.517751690203042
7.0710138304794405
7.677297567214285
7.74814333583431
8.039205327488851
8.114543465937679
7.959089415436192
7.823753798534022
6.342184806872945
8.167879860912581
7.927571112973075
7.771139921993572
7.821663931021132
8.130365617000468
8.212771727745725
8.171212568804794
7.898302321805209
7.634428598613638
7.72854187165346
7.728607657582905
8.037555267898538
7.64836067986555
7.8234660475200535
8.284975915656021
7.714391128607981
7.407363882155654
7.874056965473706
7.573068306459997
8.28482288674636
8.251778935111426
7.446394681341531
8.28253561502601
5.603970097663135
7.454768692072309
7.883365348487209
7.3363867608825934
8.513647843563305
8.025278232549066
8.632089510976797
7.731746824038055
8.23249189139937
8.038155339795392
8.502730942473336
7.4933725831141915
7.684577414095565
7.900332618528589
8.00510376357392
7.6173724008298445
6.820753219418135
7.818831576555022
6.738706713257401
8.443242238970008
8.097369267868755
7.838693400783292
8.123528493234707
8.013681346299279
7.525108622604492
6.051305529892805
6.530212321677215
8.082783086096876
4.065249408619029
8.438034969205987
7.969157192955878
7.901649551130461
5.718389108641789
8.020935229768027
7.851078865625965
7.799384353928211
8.171685023875723
7.566986706683848
8.082789806460095
7.845594451936544
7.5739209376454495
7.641837030855868
6.357125974639491
7.247048839325589
7.667328148866337
8.176779097926012
7.7786245087936345
8.127147763830827
7.67715334189095
7.734829900087453
7.885674286839886
8.300548665816667
7.944600509639616
8.182575637599665
7.884466400804739
8.269425716062372
7.869533644191549
7.23927449739001
7.420398128037055
7.991131627347751
6.379610945354139
7.917471306203841
7.821680310425252
7.107460841020995
7.728546497849229
7.78986577954603
8.237401822274029
6.262171311884779
6.822219543343596
7.914167368212376
8.30534569099941
6.230671665910795
7.986058477903525
6.919651213799278
8.09515303922845
7.285124921219261
8.10414387096201
7.898368793270838
8.140639212020927
7.98376353600756
7.131796647429337
7.894720653497133
7.789868742857328
7.990842762732023
6.258285208277437
6.357125993627255
8.168676151975118
8.26627353595048
7.827959359147715
7.990154664969079
7.821660650777131
7.926774627608748
7.770998152305702
8.170046696322519
8.247558327907832
7.464825011149983
8.378847654809674
7.540263172934138
7.730737644030048
8.026222199234304
7.323525476393422
7.539246327785355
7.86843453577551
7.8151469238485625
7.927294110593913
7.7978578953027
6.398994700353201
6.3559106433054655
8.049038926107237
7.844076652171211
6.839881084571118
6.347075974436077
7.912797034680453
7.011364408623646
7.858071322989709
7.745221616158666
7.963925984716399
8.094359145124214
7.851024851679185
8.353871364804009
8.027654455442187
8.308781564396607
8.021186103674834
7.759456288364547
7.901771654596636
7.881594667958527
8.035210057848571
7.989649677519678
7.670953763469575
7.951147139881034
7.994667829780644
8.108034791275536
8.204207106925232
7.493309588795164
7.114661655211345
7.362329060182412
7.661427570026476
7.8076162423654925
7.937802290305992
8.037321935754619
7.294246049202664
7.822933255501814
7.876323217978692
8.092318217194393
7.850944689929426
6.972011758862417
5.6701247658635525
7.253798486924346
7.8238347416999545
7.317144724384437
8.076712053321653
8.011881704934535
7.966590224750869
8.061472116592448
7.920154785131661
8.264981345183225
7.580595002052982
7.9162541968594535
7.794227137541589
7.903270584911336
7.821660610366953
7.182496812663071
7.895141253371486
7.3007127349804515
4.424213679202403
8.700656823044374
4.637791813570105
4.268048062177611
4.1068019854130515
3.768327583311958
7.974593409642212
8.170734702969266
3.8616463496978417
6.135913597914783
7.670817676309408
7.989233801450823
8.226885167663845
8.359970568012566
7.9408382231782255
7.647209328790019
7.817692475346366
7.802881908301174
7.595578881970854
3.8043399184856037
7.651805280356177
8.30436220452211
7.826250874549467
6.1278430251608755
8.005435614647888
7.499911904858642
7.434606335755625
7.784789680436928
6.357000222529709
7.383586831104618
7.695822375565347
7.382527146695587
7.797996556597731
7.542587851379684
7.627173663677103
7.995865221463657
7.983510875883983
8.119448266156004
8.17736621845663
7.575725215334142
8.253276636965836
7.940488910542024
7.75982980695599
7.006383189909852
8.277582006664876
7.616768797714247
7.899062695157971
7.745686843007038
7.803657369719659
8.447322159251602
7.205992248473204
8.447048055923768
7.770375914275387
8.176969300915069
6.319155355270995
3.9836352655265594
7.386582348786835
7.821034041757391
7.410987875261133
7.991202072946628
8.443505859257263
8.242126702590538
7.858121477468925
7.659583008074003
7.778724244332341
5.934926250687758
7.374664534064756
7.738878797270232
7.659628497000876
7.672667294333815
8.13993283986286
8.006248268217345
7.589978122905738
7.442472942599531
8.035576990818281
7.567756023993365
6.8718530168938665
7.821661354600453
8.221781769829644
7.182498728004322
7.442282268049539
7.378302247984377
3.784573294881705
7.942387722468299
7.973541342994242
7.77047330009228
7.465945630827061
7.781159908176839
8.205391155962378
7.623952252255391
8.31700812621281
8.213561610175773
8.228735043495105
7.987465681962991
7.958931773508557
7.903954543936752
7.824976925944457
7.349419556215372
7.895219295338407
8.781548170169822
7.621291110581102
7.451450132139261
8.59727689481533
8.125427922617455
7.901795085241105
8.1432942375244
6.095708111280888
7.646339353927058
7.083603664419239
7.906700012676994
8.27596486472357
7.497181095361142
