9.76168249593997
8.237237182970956
7.959904675353076
7.05840621970232
7.318123145049385
8.47088758000655
10.522756926935212
7.709098133121527
8.446301042774223
8.199550073914676
8.022264591000832
9.015941533448089
8.43704085287122
6.802013694743794
8.254264694209791
7.322905956307731
7.699825159096031
8.435002129571956
6.977843028506955
7.750348320970139
9.150856032163322
7.299759575613751
9.018517685542793
8.254297610398206
9.900393756013559
5.654502572703349
8.268970704470151
7.271097729928628
7.391248383032142
8.26220659711834
7.746602435200582
8.237787377374147
8.038773573762501
7.527110455954969
8.897291734325682
9.879759821003951
10.150102012008889
7.967240679566696
7.184243010908679
8.80482534719366
8.987009291775585
10.349759599006331
8.135692297272179
6.725487262585637
7.8556787142323365
8.062560459683532
5.690953738742339
8.459606967518697
7.499409783993038
10.1078932093579
5.570582415293972
7.442151266667278
7.6723394667086815
9.316334238933376
8.276568707691911
8.95400299157547
8.399704671184265
7.619142475168024
10.809434950469925
9.143847707625882
8.761016540771386
7.576516758769047
3.6032790009507045
6.152608520641169
9.3206756624472
6.64595133250863
8.272495271773638
8.785895826581811
6.919651904044696
8.06423921445473
5.871880340849172
8.277855607942216
7.499393020706695
7.751255426845841
7.773416284153809
6.0840046792742015
5.769044692557131
7.28361029026806
8.227858895911583
9.727857860582205
7.6740284106173515
10.180817564259115
8.636036476822328
8.653849565529509
6.740390307070785
9.607269454342415
4.519039662551586
6.502498385426198
8.78120519524056
8.329611233193843
8.86594622550176
8.118870468227438
8.29370056413102
8.495324661907892
7.55503338691518
8.516845734750246
8.022754100994934
8.325943360060723
8.607127189716522
9.114981296173926
6.2235827574949765
8.995103773688417
10.396629559180754
7.704359293771493
6.817951219891609
8.985714214561524
7.972578375802733
8.075498383524044
8.174036690730727
7.163305355379349
7.4708325937137525
8.061096084497473
7.14246454987247
7.773407568077766
6.255921661748818
6.869560895524553
9.096767477387445
9.711961084424178
6.878061559236377
9.047699584935089
9.198842497388881
6.504379310615883
8.394155072395144
7.61099951477638
8.855630399470384
8.883380670041516
7.285573190417063
8.255731775376395
7.379975656340307
11.07823704986413
8.141064127924974
8.539344473877541
6.8129974146668095
8.208218892604112
10.221487119537343
9.338163542629673
7.736897737052117
8.547349746710685
10.54443898212693
7.515536830420626
8.906265944230514
10.302197517966034
3.8937819081686103
10.676598453814918
8.793601863109634
8.761207700996067
7.605155842423272
8.390363663571211
9.65009802388071
6.880709688091462
9.510663155801923
10.105885750211328
8.321513549799397
8.608385046133069
9.706824548691952
8.433145068858364
8.189948360319258
7.899987970997403
9.629655433272541
8.102363658812381
9.602714373159206
8.47365994684022
9.654838431464281
7.717093672130858
7.830560435512931
8.1706921739
8.014134141290064
7.538132003348875
8.598253845596076
7.929101546772129
9.51965237305568
5.126300658560069
8.156066926704042
9.798345514549514
7.366559835339004
7.751947929579126
8.426976796178327
8.399299085545925
8.158588868372235
8.195180154195704
8.567264212351487
6.899836249505085
9.094373148695347
6.880438492489432
8.325741011856039
8.002074190101611
9.733480499660466
9.176158076084844
6.69006653118656
7.419902540821423
8.712660651945002
6.919124355632345
6.998558825060236
7.851915968884211
7.745335148967861
10.913974411850731
9.24286208971538
7.737860827619243
9.018665865345536
7.289107389403721
7.790284431413109
7.739419915218581
8.959591999731373
8.642548314251325
8.94989297688301
6.855421151931732
9.154270191423452
8.747041307141918
8.172272078368549
9.658563161394374
8.938854210175462
10.941504660452026
10.936173525788
7.1188497208159935
6.817829679715183
6.784144224984853
3.1013196840296957
3.2435772556316547
3.1013196840296957
3.0328664399381244
2.6568316014412896
2.9466174269855716
2.6427885935032385
2.995988863234262
2.4550379080918256
3.5369506396437282
2.938470313614025
4.589443564277369
3.015171849012967
3.0810049713230674
2.7643376095840706
2.3257558224220247
3.30898255946045
4.175415750235653
3.441203063465325
3.1104578917998134
3.436563878602749
3.4962102619104094
3.7885176960968225
3.4126271801670662
3.0648827900562314
3.301004508178411
2.4550379080918256
2.6930887360973883
3.488218255260214
2.713664083790129
2.713251010890412
11.00132118397406
6.952124644647294
9.833157362118968
7.648865527861251
7.776476772937938
7.923884720207258
8.682429497148755
7.67411179595931
7.999823115774073
6.661342379354458
7.8290963567881535
7.303913852355526
10.035093880750418
8.832665766739854
8.271031793607364
10.127682541683981
7.629371907724217
6.667190273644244
8.088596130951704
8.312180966653926
7.976617079185877
7.6797467987323635
8.336346749574444
7.175016460269871
7.941845428884908
8.668351930475396
7.447488615681329
8.121478467942946
7.913921562956807
7.200555862147676
7.308443364869204
11.307303449436457
10.039734039885309
8.101237165267857
9.499475688682805
7.852134076869213
9.507333971946718
7.451228464570681
8.047003339171056
8.444263914579414
8.266177436630306
6.888175367242456
8.929660193491172
7.899377443463291
8.651682178044874
6.74739217358097
7.202939784099367
6.79431709912778
9.104220828746802
8.294472198735408
5.249214775840689
9.5541287844807
9.532460332513276
6.766656196462604
6.52665217034989
8.57856968552574
8.550040903978537
8.605929241155536
8.230733205465283
7.14206705228172
7.261531600737958
7.758710793142301
8.275367058992105
7.022015145910096
8.238020372408691
6.614563754819952
7.0044884545052035
8.508601967849824
8.52737919454534
7.532642394049755
9.754763108502273
7.650219290542074
8.449322828303805
6.692877611706771
7.328896057496415
7.446989389698547
7.869773218298917
7.286118985897929
8.51233211641777
6.898469928127095
6.766653964927617
7.111297096314788
7.1401661422876845
6.680880683711541
9.293189094339379
7.392746489481382
8.727355309969045
8.358505006467388
9.086458682470845
7.899330585270615
8.080643101272889
10.321815596894712
9.61270998277515
7.369263763923164
8.47374690665221
8.21911687607099
9.176409164672968
9.118535835249592
8.42537684429332
9.399759761859142
10.224851837589862
8.370969570473745
9.662882564501416
7.235405247545208
7.483743141309178
7.683785233752486
8.446695168522691
6.657819190611655
9.035495856880706
8.748641534287845
9.22956206100199
8.072582673569965
8.273639819067423
8.492944252238761
8.565010878320985
8.776968955966783
7.110402139820774
9.380232597317258
8.08074386182022
6.728948796349235
7.118556698533608
7.271259498524548
6.7856855184372105
8.191255703248943
9.074234594220634
7.750248884413658
6.488750740245967
6.986886563225304
8.738381389439152
8.827602669613745
6.869560858277321
9.078353497119545
6.898550215128469
8.204168032878934
6.784574283081523
7.550301457272355
6.977750336620146
8.919374092369829
6.900117211011965
9.77527214541812
9.421975962821913
8.43073943844613
8.316329010531433
6.6648024841869065
8.13077053607617
8.610182106853857
6.898732126352368
7.974655193413915
7.6834298079938
8.321747356202657
7.772285321951494
6.566834393457265
8.005861442945678
6.344399817222943
8.891041904066885
8.677035829316074
7.269048357464325
10.247044196070728
6.489292119774088
9.052278885332996
7.5459788092019044
8.40334601472454
6.568615948076757
6.583021897924568
6.8457068688221705
6.678870177930127
8.376636266357167
6.5432460062457745
7.4222162045461095
8.73311894408331
8.561359631407878
9.196888416850129
7.651213390485931
10.230234586271596
9.022717400118102
8.849292322187187
6.959978760757146
10.540886240996139
5.3346160323253775
6.636910820457435
7.152333621482513
6.06372818987604
8.07966561126533
8.301632514628722
6.973350668763322
7.914538507526188
6.831935659956448
8.72277456116818
7.647225914800901
6.639483317600237
8.529633945785996
6.4885731876315464
7.314583078729382
8.725928929778703
8.914922025126234
9.25309311668603
9.605233778077706
7.975996204050318
9.113397726429458
7.919118225874802
7.694544533455074
6.8769788061940655
9.505033485953973
7.917852403830093
8.657597967234993
8.688484467847575
7.96845879063986
7.280081385353109
7.313600339778753
7.923005248290209
10.115597858531158
8.39334985371132
6.938993742151676
8.939798616587408
8.714015420691219
8.422090599984992
7.632739607621817
8.85029684612488
7.641239508032464
9.2184930378416
8.477492807632244
8.839145738168328
7.618510405778416
8.916871309059328
9.134893445070805
6.9263852077405135
6.581009370782549
6.869553730638689
12.084569999790487
9.089565097680456
9.560653674534016
7.479755086281254
8.006190939447933
9.642276085188646
7.2133749546918535
9.906482591323092
9.577174078126001
6.678875861232696
6.344412506641272
6.908696943912394
8.647341746657075
8.31664620912829
9.272691050898604
9.387743645290533
8.226836496889108
6.207916540950407
7.847762824476394
9.885999933336372
7.69816390462644
9.34109779032388
6.26120957101015
9.331349621906385
8.384286473794901
9.433760875948037
7.642172097140761
9.315640505308206
6.052156066544872
6.12384688244031
8.206676691028163
9.288146026710955
8.169097069816065
6.6788702642533915
6.831538267292453
8.139248731586138
9.06050495680444
6.081609658432305
7.064069592735822
6.764935322584266
7.056309064290575
6.8254149662291095
8.133781635016215
7.331437983735028
8.362017411617819
9.320564982482525
7.358129886026404
7.512731883073511
7.8268842589101
10.088697854141211
8.426483191370902
7.164252813146263
7.794692395288923
8.229567206541397
8.618497428655036
8.44175697454276
7.652899137164936
7.29802249409253
6.758455127925588
8.234652474156892
8.114792370465464
7.7958469280315335
8.050248280396504
8.276517592264527
8.797748449691953
7.473031897902176
8.50913436576813
8.763520960524577
8.220889706501648
9.436549535429606
8.644019714328802
6.45740157266585
8.383159396637149
8.63040524319526
11.166551977151544
9.004900245988074
6.9844401111053385
10.025683864931075
8.11855259439586
7.663439425802124
7.12727443412186
8.31542077996623
10.46627060613689
11.35633522410135
11.085038381489788
6.821646874880029
11.40570037601897
11.201086249843412
11.338035458981503
8.696443031136704
6.953563189157825
7.984766398478827
8.02797073537522
6.089923930604868
6.4258762262863725
6.2611014887644885
7.589724787978973
9.697188458415132
9.260337807381882
7.112844756945759
8.144710952249653
7.738726225191349
8.807446179470173
5.902056752493532
7.387232411591027
7.9460552544339045
6.224498791568562
8.258731965221926
7.112227308267908
8.90548947836042
6.59141961596908
8.283820498567081
8.660583506612388
6.4108548324300525
8.685748419415754
7.746269264696262
9.11374174909221
9.231255021742262
7.132418497152205
7.849034487784619
6.505550108889477
7.407054196317491
6.717602985159252
9.347506625391262
8.263934098224494
8.355852226590322
8.725315131796947
7.988759336566531
9.332187460757165
9.798034452400632
7.03119396266349
8.606712776078554
8.203516237123116
8.692706040191759
7.778074589796052
6.891613462563297
9.397209735014489
6.998094505462557
6.76664971420877
7.270826962590561
6.87798600595948
7.541941340279051
8.113298657328814
6.898547867968326
9.380389748314753
9.354340777062424
6.904351291156116
7.083202750643057
9.228176501690285
6.3593144368445325
7.302275015171228
9.234034624366634
9.914954731284503
6.795557332309708
10.147016383392614
8.448194658940844
8.188308879987693
9.13587581310826
6.722863539453796
10.501245169709792
6.67887589322667
7.300785048486879
6.732813625449059
6.926395352678047
8.7487346071378
8.941894417343926
6.948419703306665
10.942400079840914
6.898547858225617
9.077738585165287
7.568451931543072
7.546006945737358
7.510626992018567
9.608818434182066
8.651375676609236
8.616658698658314
8.851897313606399
8.179720288357954
7.824652983349654
7.2700178260108
9.428404596215046
8.71804121901712
7.805003722609469
8.234693480430135
7.032583017071582
6.810215647568508
7.317336751191496
7.778806237237719
7.414120631679351
6.7584552748703945
8.644767354625591
7.019465397915297
8.16736362212332
7.826024265410334
8.703201497224466
9.208977622551394
7.639515767352358
9.122546477589392
8.85275846106984
9.685388352467365
8.741641941466769
7.433598513666839
7.925103575188608
8.087954770907414
7.911382754339587
10.076863111868612
9.422360655369463
9.51889827855573
9.71194237045255
9.908839246689869
9.384792097076302
8.719465867878574
7.93733039493745
7.14631484162251
8.056208227594336
6.82322617868772
6.715008019637293
8.495566663663228
8.023477225317293
6.513104152391735
6.063038946469085
8.967546198517974
6.968840434512835
8.266051975254179
6.8435563035514395
8.831481990058355
8.317400373398641
6.667715885488751
8.01575665393863
7.166876239399494
7.6945445717546415
7.684279269158853
7.451258458154709
9.250236076891483
7.6770501463504806
7.947044076688426
8.019027124237976
8.738102215644663
6.660026160310884
7.71406688972273
8.474879851159791
7.101940036834421
8.340587753721604
9.54699389325861
7.299514065552769
6.827227057005816
7.486647967143282
6.811116869238815
6.942105501493397
8.983593496195082
5.8094398883496625
9.041616618099038
9.234414427478717
9.67572933070172
8.46329480348991
10.581342688132066
6.2733127521056655
8.574310309240362
7.9042963780959985
7.154442698074212
6.814178763248304
5.597093807333644
8.497583535289165
8.755157029011503
8.059221591582837
6.863436830689935
8.612874987545695
6.713607236998942
8.97357854359674
8.398962478821428
6.357977660199685
6.878058635791662
6.655469570276478
6.932925563625376
7.990104679843797
7.9714800231697565
7.83910572347045
9.266184593469447
7.1060831824347765
9.584364179746695
8.990922326079943
5.292372135397619
9.024649742135042
9.120594603116924
7.381714550917002
7.181752154703422
9.913975488428381
8.993689546851236
7.884535272349199
7.652269775981113
6.967154130740847
9.054129867101176
8.978727474004806
10.547068415315138
8.228078132407816
9.299439950923622
6.735379697754263
6.483716529194813
6.823226109138709
7.148099526379256
7.935897943555731
7.734349406761292
8.694056538264743
8.301898715328038
9.72253366502864
9.576470523465105
9.576337946660766
6.720851661883877
7.756118277233613
7.834466488571407
9.576497783778878
9.722246387635911
10.432541737701744
10.793744135076238
8.729787637596404
8.092225098497456
8.095858655069856
7.9478455855769585
9.982160329371268
6.516714949298932
9.046064719272357
8.1875172401134
8.117279569801987
7.678932223824337
6.212099660461301
9.751541986586929
8.031452750445874
9.763729053555197
8.095733003330718
8.51392893966786
8.262369036048922
9.423762867864022
7.1403707507146885
8.740988835751141
8.132932433996974
9.357119589952063
8.13087036601603
8.209584045675589
8.35194788716055
7.869810258999696
8.055477544647676
14.30814521203315
7.6181599947760565
8.20936230729118
8.931925169148851
8.353332311166264
7.432685906125025
9.141043323270836
7.914962651517629
7.356293825148469
8.664225892992924
10.394183578317788
10.45552530727737
6.864771022420468
