5.715151515151515
5.7
5.780487804878049
6.036764705882353
5.22488038277512
5.509727626459144
5.8465608465608465
5.6735751295336785
5.659574468085107
5.612021857923497
7.050541516245487
6.649214659685864
5.186813186813187
5.3977272727272725
6.175879396984925
5.509727626459144
5.366666666666666
5.030769230769231
6.088235294117647
6.0
6.054545454545455
6.0
4.509677419354839
6.465116279069767
6.7913669064748206
5.965346534653466
7.337142857142857
6.635135135135135
5.34375
5.543478260869565
4.778443113772455
5.965346534653466
5.375
6.175879396984925
5.545454545454546
4.866197183098592
7.8494208494208495
5.715151515151515
6.063291139240507
5.509727626459144
5.852941176470588
5.0134228187919465
5.725321888412017
6.285714285714286
16.253012048192772
6.0
8.497536945812808
5.763546798029557
6.054545454545455
5.7711442786069655
7.236607142857143
5.418803418803419
6.5162790697674415
6.889400921658986
6.858823529411764
5.623333333333333
5.449275362318841
5.763888888888889
4.750809061488673
5.8465608465608465
5.387254901960785
4.836734693877551
7.534883720930233
5.33125
5.33125
4.982758620689655
5.204301075268817
5.545454545454546
4.716216216216216
5.83030303030303
6.100401606425703
5.3977272727272725
4.360294117647059
5.465437788018433
6.180232558139535
7.065637065637065
5.780487804878049
5.545454545454546
5.430604982206406
5.1066666666666665
5.817021276595745
5.393103448275862
7.371980676328502
6.387434554973822
5.387254901960785
6.036764705882353
5.970731707317073
5.947643979057592
4.76875
5.523809523809524
5.0134228187919465
5.299492385786802
5.244186046511628
6.953974895397489
4.53125
5.33125
6.572192513368984
5.9771689497716896
6.76
5.387254901960785
5.763888888888889
8.450381679389313
5.375
5.612021857923497
5.826923076923077
6.049019607843137
6.84
5.852941176470588
5.922651933701657
5.0546875
5.0546875
5.33125
5.105263157894737
5.512820512820513
6.024630541871921
5.366666666666666
5.545454545454546
6.329670329670329
6.107142857142857
5.475138121546961
7.352941176470588
4.509677419354839
13.066225165562914
4.9748427672955975
5.430604982206406
5.6735751295336785
6.0588235294117645
5.301587301587301
6.576612903225806
5.430604982206406
7.050541516245487
6.140350877192983
5.475138121546961
5.293906810035843
6.285714285714286
5.0038167938931295
6.846153846153846
5.984615384615385
6.703703703703703
3.901315789473684
6.333333333333333
5.7711442786069655
11.26984126984127
6.140350877192983
6.049019607843137
8.402489626556017
6.1980676328502415
11.707692307692307
10.892045454545455
4.489690721649485
6.1980676328502415
5.965346534653466
6.140350877192983
4.982758620689655
5.465437788018433
5.780487804878049
6.661290322580645
5.22488038277512
14.846153846153847
5.475138121546961
5.0134228187919465
4.911949685534591
6.773148148148148
5.105263157894737
5.465437788018433
4.778443113772455
6.881422924901186
7.402730375426621
5.3977272727272725
6.635135135135135
10.126984126984127
6.387434554973822
5.105263157894737
5.852941176470588
7.406474820143885
5.947643979057592
5.1066666666666665
6.142857142857143
5.7711442786069655
5.186813186813187
5.545454545454546
4.982758620689655
6.180232558139535
5.293906810035843
5.83030303030303
6.2439024390243905
7.450847457627119
5.196078431372549
6.140350877192983
3.6414141414141414
5.023255813953488
7.406474820143885
5.186813186813187
6.649214659685864
9.264925373134329
6.858823529411764
5.194444444444445
5.449275362318841
6.661290322580645
5.340909090909091
5.965346534653466
6.297752808988764
5.299492385786802
5.780487804878049
5.387254901960785
5.73
5.671794871794872
6.700460829493087
5.5656108597285066
8.44927536231884
5.294478527607362
6.870967741935484
6.460732984293194
6.15
6.088235294117647
5.008
4.458646616541353
5.387254901960785
4.694444444444445
5.299492385786802
5.947643979057592
4.489690721649485
6.333333333333333
6.572192513368984
5.780487804878049
5.1875
5.387254901960785
5.8493150684931505
7.522491349480969
5.623333333333333
5.6735751295336785
5.299492385786802
5.136904761904762
5.449275362318841
5.6735751295336785
6.858823529411764
6.100401606425703
6.085858585858586
6.115942028985507
5.2727272727272725
5.922651933701657
6.063291139240507
5.545454545454546
4.872274143302181
5.33125
5.301587301587301
6.5162790697674415
5.626315789473685
8.767605633802816
4.903614457831325
5.9771689497716896
6.352380952380952
5.9771689497716896
6.635135135135135
5.2011494252873565
6.387434554973822
5.105263157894737
5.612021857923497
6.1980676328502415
5.3977272727272725
4.618705035971223
3.6414141414141414
5.5656108597285066
5.701986754966887
5.611428571428571
8.282608695652174
5.433333333333334
5.301587301587301
6.054545454545455
6.661290322580645
5.0038167938931295
6.100401606425703
6.329670329670329
6.858823529411764
5.071428571428571
6.2439024390243905
6.100401606425703
7.689655172413793
5.7711442786069655
6.76
5.194444444444445
5.1066666666666665
5.626315789473685
5.8493150684931505
5.984615384615385
5.301587301587301
5.340909090909091
5.22488038277512
5.22488038277512
5.679347826086956
6.049019607843137
5.375
5.817021276595745
5.540816326530612
5.136904761904762
5.204301075268817
6.953974895397489
4.716216216216216
5.679347826086956
6.1980676328502415
5.430604982206406
5.293906810035843
11.6
5.852941176470588
6.846153846153846
5.780487804878049
5.299492385786802
5.366666666666666
5.120915032679738
6.153409090909091
5.543478260869565
5.008
5.465437788018433
6.733333333333333
7.029090909090909
5.244186046511628
6.140350877192983
4.963414634146342
5.73
39.483870967741936
40.0
5.6735751295336785
6.142857142857143
6.576612903225806
5.701986754966887
7.480392156862745
5.780487804878049
5.763546798029557
5.096045197740113
5.372262773722627
5.071428571428571
5.612021857923497
5.947643979057592
6.294117647058823
4.750809061488673
7.050541516245487
5.322368421052632
5.0134228187919465
5.984615384615385
5.984615384615385
5.623333333333333
4.866197183098592
5.5
5.387254901960785
5.351485148514851
5.593103448275862
5.701986754966887
7.787878787878788
5.817021276595745
5.33125
5.8465608465608465
6.859259259259259
6.378378378378378
5.0134228187919465
4.489690721649485
5.988950276243094
6.140350877192983
6.635135135135135
6.89247311827957
6.297752808988764
5.33125
5.0
5.701986754966887
5.393103448275862
5.545454545454546
6.085858585858586
5.970731707317073
8.44927536231884
4.889589905362776
5.22488038277512
5.780487804878049
5.418803418803419
7.645320197044335
5.244186046511628
5.345864661654136
7.689655172413793
4.226890756302521
5.277777777777778
5.449275362318841
5.523809523809524
5.418803418803419
5.631578947368421
6.216346153846154
6.0
