3.992833909879583
3.3462735007016557
3.859426055492576
3.5192409022068163
6.341853599048502
5.808286643756675
3.792036669535312
4.9675603608907295
5.075067892395814
2.8865764694616334
4.535471667214234
3.0710755812342625
3.70760348351258
4.2569110211069345
2.555920715261374
4.3042110158999
4.341911980064453
3.374205648471888
2.771771598745369
6.310498285992061
2.847957735231981
3.5118135994805177
4.815272233267633
8.946005907524512
4.584706348785145
3.1283219150879895
5.463194395003676
8.947476026352634
2.415672195812135
6.040513829482721
4.452794163292351
1.9207108561670674
2.6464010309004413
2.4237538094639985
2.5334868232933876
3.9737127134128403
7.301136727466356
4.416071816375627
4.710553975827665
2.889039697062449
5.498395065899163
3.5060375133633332
3.740530857109517
8.63105840457088
7.707274690363878
4.485041472516366
6.210627599149678
2.5086151801742114
2.7166137027360766
5.873346530270458
5.383492286620364
3.6800100186999645
3.9613532244238048
4.282052409618799
6.517771441065209
4.983359912967393
5.755435064056949
3.7488839753981575
6.237304188999156
3.8967975456786843
3.8615017755784775
3.5817610941459708
8.079689983529105
4.824522448090163
5.4216175223782805
4.498337355675377
2.5027457465493272
4.093169469150995
4.215119373542637
4.897054059131378
2.7455212454071765
2.991795852474893
2.856877007443103
4.158076865394447
2.2572534171447636
6.375935587004681
3.6598524425165753
3.101958755365275
5.1294234104084016
1.9460074918547137
3.9952700044662937
4.137330773404157
3.9535068459456184
5.37225825362752
3.0368400829162514
4.228885901034308
4.974074228583354
6.172287225017408
4.435270726150953
3.1932579213852144
4.128029894928579
2.5982340323228708
4.024639363758308
6.912869825200841
2.2740477334822344
3.1732102802983464
4.719444570893182
4.720450245178646
8.513709953870249
3.863046281002179
6.019661170645056
5.297898281652397
5.822676966399739
3.3577921752956086
4.302090344328458
5.310466596529891
5.619331346693363
2.315466869220606
4.0374444851545634
5.155708093537322
4.672057497149309
4.675823566086247
4.96879220009547
4.70375693941168
5.582140796043419
3.6838148919980798
4.914665170896662
6.216287178352105
4.090127894611091
5.397255397473083
5.678531956100432
4.280220761650836
9.173334610922252
4.045045163475416
3.6558065050186466
3.826797282015275
1.9661902894610668
3.11476180200759
3.1138117688723925
3.328921588791376
5.808854365806435
5.118592005040162
9.701409671491012
5.920642492938269
5.989698552873352
5.295569118585215
3.3497667731519627
3.9492674766973153
3.532794519123736
3.725867621563305
3.175255727995964
5.358006102987117
5.616452078948446
3.2363760653113234
5.7805973888808895
3.679472334278085
3.3752260919334076
8.239179674354975
7.757583692431906
5.594387583462288
2.100055569669072
5.319357062765482
4.5229758247071805
3.158891468366599
1.8116158689681219
2.7365109197780235
6.7013953152178845
4.161503144810116
4.517049081115832
7.224159470990964
5.593317221371543
5.300166318117916
10.846737733447195
1.8870197927813643
6.594734850919511
1.671082063730929
8.501726754239549
9.028255080028742
2.4769360119680846
8.133246525412849
6.268457466025057
5.901625786623711
3.0177146715370187
3.8445685711063056
7.454751699249438
5.544214610450694
2.254023894997633
5.580250675750049
3.1599957508217793
1.8172570414657578
3.8583060551421573
3.834808186282195
6.055325443501999
8.193929874356163
5.033960663300938
6.224780976609126
7.177885233610233
3.378209884784241
3.783397599596906
3.7467815719172948
2.095303382247626
7.664038202061679
3.8733232784358615
3.1674449964537796
4.374538035536968
4.110455634983549
4.642956751410915
4.770376769755265
7.1249930530828225
3.871673481355116
2.1975761631141397
2.049717275221778
2.3970602549233613
2.5353722726245955
3.2524112759001644
5.069142819001721
4.775416666196657
8.441465448980153
1.9787378541395617
4.924642438676576
1.3849192915318183
4.813071109919375
4.71701353232386
5.832357376080123
2.5917207624989946
4.79726851260217
5.355489509729735
4.64073577515815
4.913733746784078
5.0079173302055775
5.776252276892738
4.753397004663896
7.307829137136758
4.600093359686976
2.679900734567739
4.202047811632767
2.782457216866752
1.939936368754712
4.14037868205364
4.398235000032155
3.555539085342112
2.500560928590091
4.685555969730109
2.7325205448455807
4.334549276718033
6.232877120859305
1.073609843514527
5.252967858873965
4.395712609364527
5.098613345085129
3.644466190121003
3.6697815192303778
3.4961471116945297
3.488894509282725
4.298461444414758
5.028346544113327
5.745424958516498
4.096656728199766
5.3935292777806945
3.1073685811884535
3.491425265204138
4.00807834669173
4.331732897101948
4.637818713503968
3.958784496994822
5.711339948253545
3.74380981416397
4.97984832974398
2.537470087578611
3.213706675410211
5.277483563947025
3.0049125696655783
3.878992586836766
4.069434896354302
4.227650972974171
5.48654590366097
5.8528043138208865
3.439441073464574
3.8902894846225613
6.704543931135089
3.3074358369008134
5.299479344685523
4.318108372487293
9.965923348571552
3.9453136367684825
5.158289703232179
1.894239742293779
6.150394750236888
6.669589336255569
6.622456536305645
5.858227306763216
2.3010320446894794
1.7925453884749156
1.7406739743552684
2.4643842199886015
2.091023392901111
4.131293460213391
5.006730462516502
5.56415481074396
4.709587112116734
4.365060049241873
4.331832078976295
1.7268306038909
3.443843180998841
5.892837561881124
3.0199052681037526
4.891904303104058
3.858580649925902
3.859130582666581
6.546829903206609
3.370043058365576
3.2200699393519985
7.672891670929711
5.047462521631165
3.2124221371228847
2.8434375375019276
2.479811363640914
4.024603277265241
3.5743900963253274
6.119776779229183
6.077683569178744
4.937333991934418
5.159216338595249
5.569129734537203
7.721887567907863
3.216932864854573
3.115250453021629
6.069019376041732
5.812029304704645
9.390860490342964
9.996349681125947
4.596716647599202
5.1589369534958145
2.659870108489317
3.9055289624647003
3.9764712616141247
2.491006632727618
4.323867881963472
4.732542302605732
2.875438354573454
3.304645908205859
4.424932449626373
3.3166761051736597
4.727071064448268
4.178706797062577
3.435517185246403
3.692969131178639
3.164178120234639
2.69930135932391
1.8449702854594137
7.065500178372057
3.7914330329765047
3.5177625636959404
5.408046340649177
3.4426953188727083
3.6748536826423317
3.394391791141125
7.836949513380522
5.4510919485574805
3.581968898227542
5.504558747861096
4.9918540136815075
4.246704782352972
5.0336607489277165
4.088270550994963
2.5593713811241154
6.639999296826374
5.750250065909693
1.8706969005107792
4.383774477001728
5.146550827104709
4.828400342455045
5.272545427576459
5.706163959640124
5.1231452964174675
6.293695932820213
2.4657993616919667
5.039104390032406
4.151465946832489
4.101176961526158
2.5857744972155356
5.636791480249731
6.468118654122329
4.9565394046910995
6.269921822177322
8.116970880967626
5.532021356521487
5.31145406006432
6.787439655182221
5.8947298434285536
5.666382836466676
4.88505141667152
4.191410375949382
2.826030370204404
