9.442384388118656
13.49596602002284
10.87963631558197
7.25489123393547
5.365083519721883
8.159311027889865
1.041858583557469
13.254142081466963
11.649341880952468
5.339789499337881
3.93020172622951
10.830235968733536
14.378738832709322
10.497400824531164
10.25517514008978
13.58372557452803
5.321405532000321
8.66477258444362
10.148066996968101
13.326935469609007
9.579397985301378
8.574075678741568
48.00101080212814
16.008317784133492
3.908051575771093
3.8887781880802046
9.469626933438857
6.0130515220301755
4.183728717910602
7.6386217066576405
3.9165505299077643
8.225687490505669
12.18533465324205
4.861848607603122
6.33188333073822
6.755651808048421
7.01347521613699
5.906184540952806
7.32877668711491
24.635328245528083
48.51039027258924
7.455789179888829
6.721418490952078
4.288130759898732
28.5564486379774
8.520487507221867
15.640916226345501
4.629096281581436
10.4349287655528
9.376749862350064
6.796872809710116
19.399573670065497
5.439041398201674
12.944745192384039
14.597009337861982
5.127494924595005
5.0967783052176925
4.397849127218212
11.954070584797526
7.138506059722935
6.818748406923573
7.018180128632219
6.803005224095879
9.285976293338747
7.6431820294874235
7.246701757964236
2.1237413338354845
12.355310865523895
8.22154530332147
7.096136025666458
6.029680319560453
9.108183464343954
7.474199215408245
6.863266770880651
13.286688529147135
8.091786637122986
7.341920623579443
10.150060327125507
5.965790423009019
6.042698603940604
13.463220605625832
10.376846306117198
4.017381517394783
13.702049750775425
4.331159673731503
8.28449260705652
2.7727740329697057
9.437067954321304
3.7431794747091343
19.034920423815795
8.671415016105188
6.751439502102041
2.799754165632356
15.791234054564779
6.31429830010565
7.7693938146497015
5.293210210187934
6.726466267024782
3.960780528501591
5.605133893710787
7.4199538503884535
6.0739913028678725
6.664273136956554
5.687962704588291
6.664273136956554
5.69991528403181
5.816476459723203
3.4867310518045933
3.079570719357377
6.449569058191416
5.644683191559203
7.323464614459816
9.874209911498015
9.305603539844515
7.104886700478992
7.3587795088517876
8.742284853397162
6.009869424186567
6.857585441015292
7.366176983381603
6.750356194398722
19.04029423389158
11.105129294909341
31.057233972988264
4.931345358901424
4.512845866313662
3.8785445430428633
3.1821222499765334
7.664609475307925
5.311300754141683
2.4440525068865124
4.534282563750411
13.582815696008366
7.085054130486006
4.233320260219777
42.89024151914264
8.82665604147755
5.8540945580612584
5.448463410335907
4.182447510232298
7.2763114168473635
4.8128916066085266
10.699962422326633
3.1994880204270024
13.852786040297264
6.6834486114092835
5.889822781212578
7.2581191880214755
5.397846038189119
3.9835090118244305
7.9405243391967755
66.86482537686358
3.5826467184318074
3.8048333202436018
5.3742056969428775
3.5826467184318074
7.7210728975907665
6.748189095483804
12.547580790984087
9.438902479042873
4.190795796662256
7.270998904409737
5.187782636618037
6.246748996521534
6.478438573546572
6.469474662091582
14.580348081521313
4.0511182992641785
3.8100386550091296
15.02952772189658
2.144052645653616
4.293164439700579
13.655093060320832
25.73511483681175
5.94595455039483
8.370921621214874
5.323726757099552
18.28840456686781
4.844702519174849
6.049973001803417
30.138518348425826
3.4904405354411505
7.538477375518751
9.274600273046621
5.383396195959742
7.738692942612633
5.4921417493859295
6.919295295963612
4.718166095985559
13.926511403256265
15.15325700175757
8.383308751432725
5.822883659535961
3.767362242434093
11.219054790890723
10.622103163213989
5.160122553586223
11.102721826746967
8.223279053422475
4.2225011550159115
19.964722019646903
5.589739034358673
3.3240434859449586
9.468412932700438
4.205533678874792
5.894808832302727
8.037853565610869
9.228626281765798
6.211945240594147
9.622578643843081
5.552155374937918
11.386999231961928
9.542406549110241
12.499957114294704
3.1467711093168473
7.9797619268247
7.90030735536334
5.235798338952241
21.066705114276733
11.048802813502308
10.816868566020455
3.4762544436858045
10.0361186625739
16.033614647990753
4.339773228693169
5.154513993478133
7.325858922744558
9.946488115665344
9.535079013401447
7.135172266427837
7.276348314338438
1.5685284572692422
6.273550916257949
22.416640682957578
6.414402999769979
2.2828513458411615
7.140514726987926
7.787153808250206
8.966287103982497
6.504726013391391
8.686353828262774
5.12543849324476
10.14613821137854
7.95744627209204
8.749861374602974
7.687690444892521
3.2485355994197533
6.254083396134829
6.671894178533102
8.824093795282925
5.738396025442477
3.3914275876406665
9.510131263599385
22.93562404845073
10.534764459455651
8.526134786824253
5.882287646040646
12.213897714192834
3.4322280094402338
19.732804958185994
11.357476456878802
8.04826341469942
10.035052408070696
5.8221061222831505
5.3247184027284415
5.3358685538912205
15.522261537544018
7.399961698965901
13.4203133284038
6.473153410470199
7.312657334807762
10.143012698005538
4.7019370252991175
5.865413440772837
6.0947688324677625
6.988218919955776
10.100414317764665
6.036885965973211
9.100008868364046
10.26068877738619
11.160954474093092
9.301529041284564
11.744809575337218
35.986765978131416
0.7203795265993714
7.294971955527383
6.01828926296695
4.720064055416016
5.778752901798413
9.369658213618532
14.880286823857846
8.501475021279555
7.287774983688543
8.23649607283546
9.94216240298461
6.321237051449442
6.179324435220423
4.522954005543856
10.076890940314401
10.909678623632766
4.980164559226167
4.3613072175771235
3.7590034305238325
7.04526500381826
9.71208266353726
9.869020144647157
8.8726595295693
6.559782023291723
6.462012223309922
7.848746019984337
8.432246259886545
10.079960248827447
12.245388391130353
24.14751422165554
4.783599347984135
5.122809462802111
6.826800167047237
11.430768155222045
6.950838702942466
9.210420943213146
8.972142774740309
5.909376989993871
12.658019101642823
18.473241099102815
10.412329303792877
6.093763043978759
5.399156114536708
6.183541686781763
2.499219695907592
5.702057220041142
13.113586285600592
12.022721746217025
5.468788966442834
16.631619473997876
6.3062371310795875
5.987082495190793
6.964452466569814
5.706901116426042
8.17180740583622
7.0179965850277854
4.237343677640296
6.307947325989379
3.60239458844464
4.630871242365436
2.917115287521996
4.7900704516378525
3.832631728262304
4.7900704516378525
3.592058497886307
9.470133459428569
1.673722900805442
5.293096296158428
6.0479315612882525
5.025329163956953
5.854373011690544
6.108720591440204
9.091886393266
6.20108548317979
18.800523208674946
9.17869248351217
2.9889391052795053
4.867524336243665
9.7928050612497
12.369940461139999
9.301477218545232
3.649746140955973
15.01091238710655
9.567823606666352
6.017643337716278
4.4733796279179225
10.242239763527765
23.755511684273873
6.955895681689595
7.024032127664541
7.172832234731341
5.497746557437642
7.230782702869602
2.8142009610275163
8.494414104505367
8.293033916567618
10.857578111497416
5.2261941917437085
12.496027719169103
4.830801104147353
8.859326339407767
71.62172402890991
7.278085456637898
14.218594973164459
12.891862638251306
3.4738709218438877
3.2366511393980044
5.690345387357004
1.8302069098264484
8.293868371712877
5.069666993647047
7.707042279197524
4.4484345553048765
5.655843615997445
6.3930619648031435
2.7955737031054055
7.211458747152558
27.983356260193972
53.40307590295296
37.745498586592895
63.22691772546055
44.19148723082926
40.05365513185325
40.15942182463622
6.393273858832738
5.479312717863335
5.77487321669586
24.81243097822204
45.59202998587656
6.581715852121433
8.3975792922772
6.805026728959339
9.12561061639567
5.779592839025774
16.345447575771818
41.70333026927945
8.018643565155964
6.359773530729189
5.705476666767402
14.477850101008869
9.28873361676575
7.586262143773804
55.813216798782825
12.396971974366178
6.482601307449804
5.144437646277329
6.6560742861396704
4.484757956819951
6.667799399479544
7.001500840675595
6.435431045181903
5.275575349284781
9.424073931823933
40.93072414275624
33.28358653755167
25.67370304780457
9.010606442324866
8.03854085611754
6.84689926034698
3.238689071463855
6.780492729442692
58.8655849085406
10.327907009136108
11.872577159046164
9.09606407232198
11.454556587680838
17.170701863050507
18.263350324393926
11.447560273943783
25.405915591260747
17.42242748967244
7.935214340365969
22.315124871889516
27.601068808845543
25.2204971518555
16.697701509578913
8.18112205954619
7.031882389598752
5.826582677613272
14.089967505909042
3.5032505300619223
10.95924664114148
7.1157159744786656
11.579455110495378
9.962593380745039
6.565711135608634
9.749016472035036
6.99928491910749
7.621905821464408
33.200143506763915
17.419457932576872
32.47714503269272
16.153212238821375
25.872431990259432
11.148589296049124
44.428078534688304
8.914213869003126
6.223065702362146
67.9810761683379
44.365392353103765
9.5245364922634
5.943348111106921
5.41056775862391
5.739909626454862
78.98579082909583
29.458766022149184
8.989402478464655
27.528349483874646
21.590448879599684
32.72009339334197
22.715781468699824
6.3137260440645715
7.457733472083704
14.208993404404055
5.1445196839079905
5.040998455232785
2.881556438436017
4.401477481366689
13.187481489158499
7.286481491898873
6.039449535312578
5.641767346576033
7.507851946847486
13.776629472813173
4.317256263112508
9.082677935352343
10.04793217903057
8.385639887097343
6.0087763342897835
9.100444992592806
2.482314934766402
5.336718293366333
6.206071632007486
8.80377580543904
13.950160057943583
5.685853796614455
7.533169878472609
8.139122396522913
5.162360442357092
18.333975740761474
10.05592387741684
6.708754279540943
10.494940848359047
7.64445825931122
8.141217034058972
5.418174994842621
6.7683012061810635
5.595978030070022
5.262642291412759
9.427796062199372
3.905679176443987
7.523557966196565
11.294601659902483
12.040913089108573
13.127087845738707
6.682165985282303
10.429548499649822
9.428720091791698
20.202692165801157
4.087251615258688
13.275378350906008
8.625103122738949
13.54423703211003
5.658407744947425
16.487308446567884
20.663991474969553
27.55460309271066
21.340987872747437
22.06381213778281
15.534623728455673
34.75857318882324
61.004939124029846
16.944645045180554
23.175784008250655
47.68165426954239
34.26413222952622
30.0627258873263
22.04294691719553
32.30455028703896
41.23235809850995
24.864157780923037
37.24679914653387
29.915321612452022
26.30067630138884
19.166405480253992
10.182799108362609
8.07343141662724
1.925968513240506
5.561637582299
13.821789416024384
4.427313048488607
19.15973180545617
9.405355499066244
9.111610995340806
11.503069902248212
23.695946970723483
11.438083128869872
10.037061410849208
15.941510835444252
7.077864945531493
6.4058427687647335
7.771197783685604
5.466842690126609
2.2731071557372875
18.316690266185933
5.413451152633345
4.693228844147691
9.180388624337938
2.762992950143659
5.379979896212392
3.6921088999741185
20.774931429052998
11.472583422726828
6.991419808895544
7.564134212407526
20.605785764584276
11.514937211820888
5.263199871015145
7.124845587759337
7.55033248766693
5.455710897491801
9.763339007979921
8.838936913657845
19.294311464269853
9.724927426550188
5.50257061620518
5.246650289789514
6.835661846908433
6.9633906641949865
5.39027260692673
6.765364891282043
7.344354218754357
15.715109338726883
6.21651292108553
6.0342558717687025
7.645066472653375
6.693245996663444
7.435405521053995
7.778665411958645
7.3580528091564075
6.372740288191333
7.170088670244475
5.338284302845343
6.958003663549072
7.9906819903328365
15.812111388871287
8.714038636893639
4.478791638778
8.269917420853263
3.845829250674279
5.2480771759897085
18.348988559929506
6.3308770567183705
13.476695839882005
10.117942001491903
13.829724152344031
4.600300578195287
4.700980748975737
8.323048471622489
22.577814690835897
6.318017355793366
9.326095998825844
5.37656148727819
6.229901834830363
5.601258094458915
5.455338807010549
6.482274277084149
11.744073499187145
5.278483676763532
6.48649235939483
16.63615979383411
12.697493230591204
10.343127614595252
8.676406244520496
7.602394547084661
4.7204656327215435
13.124503850121107
10.602346225754706
11.211810280751083
9.025261130212561
4.704563795384642
6.123157128657036
5.942006838481728
6.276076343027943
12.058702434093618
7.810715138488348
19.49295928902198
8.595151175981675
6.26705876267636
6.5802482860746645
8.119328749900784
6.431958537942802
6.082297256594284
6.033494792081308
11.343481855991389
5.842176755763131
6.686717022888591
6.267433251525147
5.825820902547869
6.082548704982288
6.2477471107222575
5.165663584769708
5.488900522058053
8.538385972053135
9.709447998527484
6.237901121724493
6.622954941610186
4.421663667938336
8.277080825138652
7.597910151781285
1.7261999957229275
3.962624355869881
8.308597184316694
5.782178551431904
5.714970143028015
2.3205585147399646
9.431504204195921
2.7066242918621257
6.036624177885697
10.747497545547155
5.068281294714443
6.346901921782
6.3670871076569995
3.951174111601577
5.581119085528136
4.860901395797738
3.3437067874657824
4.439463342624429
4.6118566014995555
5.986135085225929
10.343788380128716
5.2908450276744095
7.425519637623052
54.83270916184575
10.290204928791821
8.057142852641986
6.645067818990498
8.394820760979371
7.40787824023376
3.077828979452222
5.547765658577435
3.16756781823392
8.324565845598194
20.040342949768174
12.379685901931692
4.860737956323791
9.629657781609442
8.755478915563716
25.901485317202717
10.3856621745531
22.500246900274725
15.875199886743971
5.80779000897013
3.952113354864028
9.144372714452162
10.291672918688535
6.173487746417923
6.033494792081308
6.044247239433496
5.829385777002146
6.033494792081308
8.291088044640913
8.43119528962573
7.533607433732717
3.345895981838155
6.021296893361074
2.8882802564660577
5.082608929697917
5.7579175006072205
4.890915962817129
6.7378199780858505
9.007182220981816
4.3520780167925235
15.286433573627342
14.42130770015128
4.140414794209211
21.010421629439126
5.679822332549316
9.081554877317938
5.225861803395799
8.36953474463584
9.656313085698036
10.27001746355871
2.324284150430761
8.477091608848612
6.314640297340704
2.8887562737823997
8.623581739541212
10.870500077747973
7.838792671761065
6.593490076899671
17.603804224392334
3.8911533919754495
7.947144709791358
8.706719546222844
7.409405284682498
9.099975696922836
7.644186420609459
8.540415931362713
9.960829544203364
4.378057659360112
2.0395501572014
5.161462484428025
6.826194938171812
6.535039348978291
7.439849659395172
11.446580888284265
9.288836725125249
6.580573336357001
3.6671283127438965
7.655581969982599
10.800750472962168
6.692310596731212
5.488115463507128
8.157192785315118
5.869183408794868
20.39152244351251
9.90334729262227
7.726915843678921
11.511919245595658
11.136545785598019
5.401280437177292
7.364869719691907
5.829385777002146
5.403795728148976
7.66455920258981
11.268639147832403
6.2982720989500995
3.996543597637042
9.094435562571444
9.835731841339499
13.00263540963791
13.233183835989678
22.491979529537048
5.861982117752878
5.478135850685341
30.189404414889115
10.473741410006474
12.437639133886195
9.470173095743748
2.2089073539303032
8.120247258128487
22.522778666907268
6.573126089258101
6.589585303397984
8.870934624622311
7.8488712073296805
18.675182119141915
62.666554601204155
9.23834185888176
8.602525351610119
10.122295392387501
8.934222579045347
7.386391369554976
12.387469928523743
49.018210465464044
3.359814667368325
3.2849885799946863
9.3672000689922
11.579061851967081
12.576743215422157
6.056132391500942
4.549808424291606
10.908885806640301
5.196934763730013
6.058342423939399
19.279630416079453
5.929238949700117
14.5922923342521
4.983758113408824
3.6272254072313843
10.529904425613102
4.328893265749768
8.983371918640978
5.557803616415981
9.374732380385815
8.213244826877505
7.0212700796313285
6.52628418536163
2.9602996096879997
10.881189057491675
9.888035999274276
15.038897731392058
7.087814104889827
5.792201918815215
5.795849520829278
6.347981420384173
6.674589921800096
27.30575614837475
37.07179924422206
19.752210966993854
5.2214754379849575
15.876315721637285
9.920139648181202
6.542843983424059
12.221210316967776
6.067442499166128
6.367793622813951
15.788517988207232
22.833876681309434
12.094680575706134
9.018980755477566
6.304595525542443
10.274376821186207
6.2788839767674975
13.73992867213466
5.18580411897472
10.513284598775074
9.109043891706776
6.582799836599024
5.377093374583482
10.418087772182982
8.456509727056977
7.48046778616539
6.144062091525309
5.757564052145866
10.61620109561649
6.7888212890364965
4.878156953762847
5.734780764823135
8.290348139192316
4.023180238289079
8.290348139192316
5.681264525070153
6.0458564380615645
6.4862098308569385
7.955443814790968
11.129985326086945
5.563327956943773
11.023272783831581
5.842199785419458
5.621740796142667
4.446677927574756
7.06049680731657
8.451461349709485
7.391908375877862
9.135528533874835
7.099735144154337
7.6870977398194
10.600029710511484
8.71519521899982
12.704348184434041
12.644276614807826
12.299315658372894
10.597341526258612
10.295281386115668
17.071946894429857
35.656523453394385
10.477026798942013
8.72193584461625
7.385826682007079
3.5276755973487814
9.276116375581903
9.655327519961876
7.1576995840471955
7.912434009280173
6.836645730793025
15.698644550107915
12.880164520112196
7.866381990972679
5.173720955062164
7.754979108989287
6.05454623844066
15.105725687931853
8.90013811834945
10.635025326657132
19.40391751732513
12.091462870782703
3.6453982842891186
10.84551823466737
7.254325116007961
9.922105177811398
6.465088408609819
10.057790964157489
9.224776332235294
10.301591252658607
5.814948558876213
6.554146320909536
25.499503808614456
5.212081890535318
12.106919932542272
7.696057157219974
5.449326701116608
10.382571314556209
3.9051896863907642
8.88270317402946
5.124305955270353
8.691976341660155
5.392438796905885
6.542019610943863
7.381437219565531
19.317276094352216
7.277771843360222
8.428203712253136
21.042489756299595
8.861644786671244
6.881454946332278
7.243270236253237
4.377183126708401
7.966243315805142
6.185104201436481
6.392168034185592
43.21972133144527
3.964774904266785
26.354734550586333
6.756202346209695
9.124708620292928
24.47643043473525
24.47643043473525
9.159497633330682
14.573798033721333
14.610204162747038
6.307106623485529
9.148425408415518
16.67322765700029
4.7462874960718064
7.12138995684764
6.626009116114866
8.115392768233
31.321159330801766
14.860903588086687
43.53724767343053
22.264635129430527
7.6171065348721285
6.033494792081308
5.829385777002146
5.232663473823022
6.307406763016825
6.307406763016825
5.383168849910653
6.307406763016825
5.24531854334785
5.204364678072533
2.1243130555800116
10.065583474838933
4.893237757878372
3.7896624416305564
6.928959318303397
5.427625787611413
1.923997127843406
4.825401459295131
8.061906445756712
9.83080544724255
10.328054046447923
1.9049681612707692
3.019677763945813
15.86923527139032
8.975006881369445
8.489963893137285
5.900427712364715
12.732166163013918
5.015091509083211
28.539141420680505
10.081463679511247
14.550201704467181
12.037296421459454
56.15936463397842
13.445494897118394
4.163368643971329
8.786470711199307
17.745547264604024
9.53881888249449
15.262103541211582
11.057141704261342
8.277881712180928
2.1286281443788084
3.043890386922779
19.37423672153966
6.061866151143116
6.828968816804512
11.206800524290994
9.784553105878771
6.0642773463593835
13.524611166058913
7.0275335128162935
7.660306012190921
9.459865421300426
9.443387239302206
6.332724876051754
4.1719601090916365
21.781901969852672
5.442594846207312
6.638242909551902
5.059671835043425
4.997037742213264
5.800712976206165
5.614760341565504
6.104122165855801
5.998613987221167
5.738583901381486
10.123746352652713
5.505317991775542
5.359352648244705
6.665451926501498
7.970384563644585
8.730048947854657
6.748536410502296
12.195114088712472
5.675149830663854
22.629927455165166
30.262858862311287
29.925566106222234
6.3364458427718535
6.1982824806202395
5.168169165202052
11.046225365001936
8.128036141090192
11.979660120882373
16.516086807743058
5.055765863503478
89.29807842796731
70.15329994129132
76.72055531119379
7.71523271793324
9.788310568449248
7.2241216641392
23.578140211532833
8.089840993012256
6.687784981920252
10.14916663811508
19.605397050282733
25.03850557644375
27.51408615596886
39.93751194627954
27.51408615596886
33.711293133966116
5.7399123792281985
5.677231966060089
4.828666551720897
12.126135919520811
7.91779253453925
25.323514069195927
5.557302644504472
9.225139383361018
87.2164538130703
10.960880045143831
9.140629119141648
7.527358226234785
10.653875498811464
39.986072307227055
23.418505937080912
28.782865403811332
14.238823920845311
12.015799971922718
85.02202709799167
84.16931347234848
11.564932606837335
10.00182434706908
18.48660515630087
40.37068107952752
24.845592952172055
19.206225470849645
6.982609746178305
44.224631115863126
12.963324414129737
5.229171517285876
26.43977772538526
8.464836055386709
6.501633006009642
7.63536518956745
5.250623278791184
19.64282832827728
9.3926753518213
9.730717561833872
14.49775953292074
4.684054004462266
46.57038564843648
24.531319307808264
11.70086700488077
6.956620975579946
8.470606335620971
49.67341325055612
56.35735692357969
11.302884140653507
6.804325970059211
5.888766212763846
7.057200170917479
14.112837134883106
35.50370039293862
4.2310153913919715
4.466566618375269
14.290872935873322
9.056625275710113
7.142975379529536
4.637974899653026
13.922843259245308
25.52952668014744
6.487557585053315
25.88223301203998
7.661123073038084
10.932556520219347
2.2824384367138952
6.821219843637095
7.70989946008441
12.078564218658324
2.774579392305519
9.636357994343083
15.472773596806173
8.534326813582537
3.740121694665523
3.9557962421148156
15.613830293887299
8.603717924120392
16.67483156688754
19.669087174350942
8.340578162813662
7.221631949547451
8.37549225442036
6.5741561872079
16.036138709855003
7.713977050568237
10.478288758711715
4.763583070548776
7.515044700499169
9.710144213510429
4.878610928673517
8.358401672184163
5.867527401921913
6.212621611974605
28.489949987139106
8.190634407831844
4.262411865983939
8.17915343737883
6.25202480807679
5.688355395846291
9.846328834376225
28.428153557634126
16.90172575837351
28.449109885458764
79.20350755465991
34.44415588188442
25.710494250524803
38.281393927955136
35.670984430911695
39.287620879056526
25.366460863940752
32.081710650267944
17.19846300330939
6.004854535667156
45.86895529558679
56.740504137901404
42.069549092513206
6.044781600690864
7.502635126320052
7.735580501288148
6.986675474523555
5.383168849910653
9.048101987143658
5.24531854334785
5.232663473823022
7.7740094083289595
12.04574744839166
6.942363402856716
61.49296943557438
33.97999221066643
5.612037067838697
7.078359249038551
6.35247567424263
1.5465901191490627
9.447366441367977
11.570124949945793
4.548727956222868
6.020879204978008
4.916352757834568
8.455798786934512
6.540600523528423
6.925123238854328
10.366818044976743
4.435280391195345
5.951647433683692
9.24697198726584
6.342639479237094
22.38470631791991
6.795696390023577
10.640419742135025
7.300213649328842
2.905163507638605
5.177236501704097
3.6012102761790032
4.7523775624073865
6.5970222943217065
13.071428468411536
8.454060715043852
10.048912139458354
9.709471483204352
9.606503396073226
10.585352955458236
12.867460739399107
13.085815744675477
17.63287441407595
3.1716686832555103
2.958179112672333
9.80928233950238
8.640570008521786
5.600985513995429
6.066205634905658
11.305977625682887
7.6806202300156965
6.504124680263798
6.4308338167176755
11.374452312836423
15.01723189078475
3.897721858851582
3.8862499796418297
10.537384564216682
6.02708491228457
4.8050932416212655
8.383070231425377
8.165614995621763
7.433464212642991
15.585805561556297
6.0841996946725585
9.917516237638319
12.719563117806516
9.153206464791609
9.646486007397597
16.96763146377195
6.042028441619487
7.74495818731444
5.5499500189071655
26.02335798620272
7.281980475218542
7.69418136078666
4.9594684527402055
9.711132190351147
11.799114710016525
8.143899481710676
8.318230501259888
7.906519943058323
3.908315194710741
3.9009065400404275
8.208858915795776
8.231163407902752
5.186118640802758
8.86152183765259
6.392225401746105
8.39686626129762
4.71991867572903
9.107792832177461
6.014938572010805
4.2495575457883765
6.921778109391473
3.5819657061745445
25.139814714635136
5.077736885462124
10.997053360295258
18.410569345707213
12.358037008343835
13.628546813730182
55.45925171109364
53.60160519980956
52.76359268589126
38.04346775719124
15.479874419906082
3.485404628420454
7.416403409263969
8.541792396719039
9.374358092625569
6.2029838620188285
10.412313884572558
6.259750826782029
3.4760514371412294
4.57202925174565
12.23371904950491
7.26562155690282
5.045664564134197
5.343859934645914
7.473127735898575
4.759327653693038
8.105788367669433
8.424872651342236
8.105788367669433
7.722819350508211
1.7622101271439852
6.879027468109092
7.051283698703425
7.164630812078584
10.020865939195145
7.670478569503201
7.557102716068549
6.782038866443544
5.332327161041565
5.8242076278049355
24.04148187251941
3.1204230048387487
3.319736495029025
5.208908922421007
7.919773456422342
7.11745582379948
7.75039664513837
24.56018502919436
13.972440581862536
13.183180114325374
18.653124100306016
9.803176219333507
11.72185293681728
8.853765733583307
6.17000698012819
8.077269005815412
9.503691447336744
5.973070451923704
4.197813407818804
3.881183552472549
12.860074937843295
6.513653044327362
4.9264856897010505
2.880685708306799
4.942445539997784
16.23879119380454
5.222117874539733
5.304087316176401
5.59782325905625
6.450407967213648
6.240404624278139
12.979399733676157
7.477112075204492
7.992404657310466
16.214788728206347
9.89217891474808
5.681957322972084
9.278500381373497
16.119139641437823
3.058884373250074
17.981779047487787
4.61326601097193
8.264298378185256
6.413519142053369
6.772431017698734
8.076013221688369
7.539082327987318
3.4567185060256
11.737176498602011
16.266031140885715
9.546104217603439
8.980746467342007
3.994495525576404
5.129403122993613
11.736963341455693
13.785410210993973
28.618248680498397
8.360062069791928
4.298489666537342
6.9808170128492
9.985163910092563
5.941527401216196
5.343282488102791
7.554366907735676
20.947160273550033
6.031914342911434
11.558328372132248
5.685579920582273
6.973056185295704
3.9030621894723874
3.388884236702427
4.99600278695039
7.567727104867006
6.8647390083297495
2.8430461294401286
6.2841598022880225
12.001532116757376
11.722441877778643
6.471825104368124
15.129761513126978
7.11641269288633
5.62152122897294
17.67072910156382
6.4830149524569
3.176741191312518
6.509530043376602
1.9249612152335747
7.930774636319927
5.767367474669491
6.965223004004445
10.52726721459425
10.543203039018383
5.6227726824946265
9.285425214952431
12.094823651120468
11.681159463691879
5.610534128142763
4.400248772031189
9.564715366773553
3.928321139735827
6.570787740592708
4.092002459590576
6.015279171216941
9.881263992174148
12.523730591800282
8.126181351817904
9.793295746315069
77.58397098151468
84.67306052520289
12.801170070395356
20.833982206922016
6.588089012757623
15.209879692361419
7.438931785086938
11.055006165949917
3.830216639048355
4.739944174913382
5.715265591599191
29.026219693601472
8.066261730857047
5.0775631069732805
5.3846080184010585
7.726242529060907
8.304920647871327
2.3906580136991833
8.225151558488484
13.138884258549998
11.421269896499428
16.582853945406335
10.32277879598354
13.165689351635411
12.453043043147073
6.035158058034232
4.68121987747423
9.189927276853123
7.593847098124603
3.5553611041104674
17.17777224875271
9.084830870504971
5.227430467905793
17.436798968518836
12.66119479767745
6.71253313665218
5.081172951766733
6.841703046599829
4.93776078559609
5.1189139347116726
12.891590573687033
4.949768197767779
6.946078334430631
6.012136470491119
6.6239881704223125
6.364321602099558
10.999784019606327
5.129078235426539
3.673517475855095
4.262411865983939
5.6099909636530745
4.690102266809952
9.111265076937622
10.30855702328435
11.685052697934148
7.098189488067073
12.355036439057857
16.100808900144816
14.65072749468615
4.422096506109943
9.804121727498613
17.012464949254003
5.782845929481827
6.837445708126605
7.793701056601437
9.37234331856464
11.561760048711045
5.476872813098939
5.4478501836703614
6.161378152180612
10.472227419928892
11.654594787915043
3.8046483571444853
6.895675458036375
7.706993762583521
5.61195451266371
6.07372104081022
11.78725294483739
6.754440894312028
13.336069782962863
4.757835048445776
8.235376190289996
5.751860614774875
5.24531854334785
6.044247239433496
6.033494792081308
5.383168849910653
4.389824464435133
8.217705302778667
9.310506311459692
2.246819504776025
8.03829067334021
3.824492921796277
3.64431306998853
7.215381953652178
18.220474039748964
2.0186203163684735
7.003224670904315
19.03541908384134
8.337766028213602
19.348157679271853
7.082411152574929
9.55994677598509
3.272459096068095
4.446067053307013
2.873698682695672
9.780845569182356
8.724891495848752
10.243852383659148
8.819998955397077
9.242890363361559
13.906771479083666
6.977192729845638
26.494669103458772
4.54557916252113
10.252641837928703
1.8313957611604055
1.8313957611604055
6.743567397049361
6.277940161225234
7.066810709441946
20.49685113273894
4.452064154245852
8.699361500537753
8.589020137372922
2.908018075599103
14.881618652736234
7.7448508535110046
9.519105879022954
8.841512731430782
8.11909961888533
5.362234526436023
9.560497129767764
6.838971359440751
56.273861582934806
6.248539216285895
5.816688748355445
4.880761349370958
8.62179417644728
6.616455716384147
16.352923173557098
16.444235378414664
7.896214313843725
35.688528176079004
14.403538945381838
36.45896944388144
16.612175133091327
10.55159163376106
14.131301752862964
16.147321586155076
6.054644521154807
7.066498562860765
6.288666795690322
6.569170721059417
10.082174253957577
20.27810247560178
10.549008321344658
14.500802434786385
13.63576354130415
35.05512744136632
13.931866530902672
12.972531960378737
21.224820361802085
2.7814456061962707
4.483971740808888
5.829385777002146
6.307406763016825
5.24531854334785
6.082297256594284
6.7085660273611625
7.636706839933289
9.540546488045084
5.356953295593891
8.416613097009998
9.646903353639535
8.477692887473003
7.682842014896233
7.959969291618386
7.497974761240152
5.450159170355363
8.242308589387234
8.19078809135025
9.722446966876431
17.10347960537583
20.611679884965472
9.395258706175657
14.745975829404676
5.882225530720158
20.405794515881475
8.122561258778724
10.528265463606324
3.995051625128826
7.087476670139826
4.38492465305297
4.38492465305297
4.165009842448139
4.165009842448139
4.226794474796098
9.172032223974716
5.818891237148209
6.923589372443609
6.514951908975165
5.936754505396404
6.840102617297438
8.951048633665588
4.543941473301093
5.439600355696619
1.1675112831880998
3.2910966138384774
8.135611661624857
2.4398126432648506
12.938470120537108
8.34061917911402
20.103356618546588
8.052422529469645
2.225778006090574
6.069335719625211
5.004629977409162
6.131131328018054
6.582593925572342
3.214038582122075
6.084812143157663
3.474900669204318
8.20626021166184
7.2030212804706135
6.547590716707486
3.4674079060473972
2.856480884767314
11.502454237838398
9.154483765668171
10.264905715105149
14.31728473153729
4.655783962451261
3.426839470890707
12.686652094570599
24.45581540738732
16.360271496701024
4.641952174703355
8.767950693695095
4.4991158328392
4.6867462910613575
7.953190760505883
5.553886301681242
5.866143961255415
7.885997472703055
6.129825892611486
6.133216943486317
5.561626851382239
4.718328751205293
7.954596380831086
7.912058368425594
7.240664987641857
6.154663085733763
9.261604064351395
18.070866752873986
9.3348038667187
12.967181303965479
9.726334084423002
5.058367029569707
6.462705634724693
17.681541048583544
8.938778514521163
6.501617812514529
4.8243488398388665
11.419856765215028
4.898499458483418
5.270879895407457
6.819944904767943
7.732281089649352
2.3077032380430254
4.813363217988453
6.77464366504999
5.8383542402676465
5.763106232614599
9.320999172302756
14.504788096580002
6.263298949509375
7.671285217475924
5.432659693993539
14.81554316729582
4.949026117647416
8.283379346410179
6.900669944144565
11.430790985073243
7.158291064945778
8.756884084519346
13.252246112577359
7.183178356884194
30.696362443899194
8.061749067865765
3.367282466319617
23.219466848161044
3.0050313215891333
8.299794719073127
3.405736915680383
7.135236713815695
19.05534596083336
48.58577638003858
11.369834536141118
3.2270156987104968
11.763439358639872
4.589050439737928
8.1655720089592
9.49436320191806
10.8800409898653
6.884206799346023
20.560832718188777
10.49080245890759
6.344170347948576
10.12631467885635
6.699891590440183
2.695411301722807
5.829385777002146
5.24531854334785
6.082297256594284
5.383168849910653
4.990239128005856
1.8206940907618003
5.37199062136549
8.117957476635109
8.514156901439204
25.650398387580914
11.472913951243548
10.170731730020849
5.511290879998603
6.936904887621084
7.796613621912911
7.643626027271641
59.613021846247506
8.778156055585889
46.70630637839377
4.599135276241133
9.861932314915643
9.706586072049124
11.955701665206488
7.140526515054283
8.307459498416359
6.159339996066235
8.255280079468847
6.752086633539827
14.375345714879051
12.357626145004078
6.370621233593553
5.274009600818426
4.2152260681666345
9.751110087556613
1.9545744834120007
5.611828938914813
8.220648769227296
6.049127653595599
6.865070989513162
6.4080429364530005
9.565466465809372
8.186379366057542
18.708556049786633
5.839676867842357
10.916732145352382
6.246782235900917
8.753198004327572
17.14206962376198
8.74169115401713
11.085082745867737
85.6767310514692
9.117810465668562
5.579457928302864
7.238872363328936
4.163368643971329
3.4788741237408196
3.7052871694628853
3.7052871694628853
4.203410637072707
4.203410637072707
3.8150279761121557
7.686866778744424
9.310537551495115
9.925413884000594
7.5760216754044265
9.828706716741252
6.119494268033267
5.02727883343225
10.480511041641517
5.627208407816623
4.756171853521732
1.6704941322765643
8.300988978563325
9.22308887234045
5.406324988817252
6.986490756735304
7.142792783470958
12.070430556986722
5.977409206615814
15.137586634318403
5.583382949267007
5.206662303671192
75.08157735753504
48.10904596829124
6.421003784876653
10.018580351624328
4.313530965306999
7.649597541251901
8.076750399266409
10.709574061240245
8.37023231752414
9.33313467308087
5.122162970881154
22.266654222587782
6.446895719356867
5.119254203295003
20.78735830858113
6.604602700199058
12.688105657832901
4.2073655979969375
14.171663788621995
4.345551110256686
5.3485888909019765
4.1196546501545575
11.431157683270925
16.59441835603256
13.187526655744938
13.36859255480818
9.49598875387114
5.127172003643972
4.055879517849703
14.099485379414077
6.368701916900177
8.521994691488917
7.549292006823192
5.363491048951741
7.255442328022612
5.3955868874087916
26.6307826440211
10.37527060258221
7.416641630503332
8.350265478857153
6.023213595634686
8.22989255468222
10.560669173151359
7.053475679689475
5.782054936016509
5.430959325581604
3.817385447696329
8.09866231727212
4.432614840250794
11.192860353713657
17.44024148200132
30.55543646116778
9.163857592664408
4.192589623781382
22.68943408211822
5.499728669034583
2.4006534291314154
6.934772186967683
5.0882363492228375
3.2956240736625384
7.535453459412647
20.034086663086192
12.25393380528527
19.440491048293552
6.569234745289923
7.886080966212552
9.81645872483453
3.842304412699046
5.960468886268724
7.807821420871867
8.595069504767864
6.79274390189723
15.464544943207596
5.518645205225451
7.405501532303128
29.99211795211877
7.70085249177292
2.326356878098984
1.8814284418481748
31.44281309760603
9.383490630361486
7.931216250532533
2.9091646525278163
7.763493764440938
3.833673659345067
6.786105804825247
21.897204239722527
4.381667480992754
3.250512721795803
6.765819543718814
12.203733567497848
9.737167634128927
7.43018533917747
5.6429407064145165
9.183700675267731
8.323131208425497
5.383384036787372
4.961684852604901
8.830528074825756
28.079546264818493
6.81583128464607
2.7054092435984627
6.705160717243206
7.6743418718448355
10.145940377353268
3.61436171370888
14.016702833568164
17.90220242848595
8.182524396303567
8.014119954017046
4.375028835030504
4.292718970455793
6.8221399362002035
8.85520920668933
9.57334445307378
7.666953830475285
3.0788931554227017
3.9800193013172604
5.9825827209626805
8.66462141836159
5.777877549450186
5.388116957474874
4.5148448894809174
5.246339386706432
7.330848036732944
2.0268373036677327
2.4385507015222663
6.164373751427599
4.307714375948553
5.7176551969940785
7.410392751068168
3.7253148069572686
8.91009242858725
30.82529281293925
6.284130389868695
4.078935380990093
9.996886689162245
3.983267600450759
9.272437304850929
5.375269020511278
19.990911981697632
8.80456562373772
8.803984408297532
22.6237700800606
5.325573069606776
7.005926658522418
2.5609670845163817
8.77156275767179
5.435920846184816
15.965716131963637
6.108866726320609
4.5541540354645464
8.184098942774334
4.28597016979638
22.540860339544384
4.2090701938530675
11.522521286982283
7.044645924801848
9.840007727696563
15.073301981970387
12.64230088851661
11.47062206585678
4.400809263055434
10.577574264138857
7.523211423575856
10.885372182702783
12.756223450905726
6.739372136486709
6.101978725987678
11.818630145576714
7.70759544649443
4.392490502473223
8.234851989136603
7.473664674810557
11.412404506047341
6.568734101380624
5.851511977039177
6.307406763016825
6.095289495172881
4.361327624210192
8.790595481974021
9.27663158891778
7.4491165066872105
5.816829528901455
6.80246091439112
5.074437156041729
5.316324251573971
12.295617899599195
6.095010846849829
20.843311043658844
4.63808457961137
7.275319499042709
7.506812049522355
23.79707661336809
13.483012771173188
4.710577154257612
4.757210774247634
5.366788441360988
6.372308730924285
10.984985376187236
6.95673661258816
9.561088035148574
12.755418836493531
5.809204894081903
8.951787445141772
20.920509417751013
4.79881320182158
16.562280341377612
12.094863566641315
5.1522349157879255
8.925425027195653
9.390913964372574
9.763784910967964
6.965038273902557
8.77959850611235
5.845561446881352
8.776218545219262
20.069511916112955
7.7465637263364355
4.879505168682522
8.829365811776592
16.108368891038666
12.736780379122454
5.712537117370873
3.9318231171718625
9.213973342846879
23.9315620185317
5.443340930720733
8.189750171102045
11.484454953609493
10.665207281279189
7.371943279806566
11.89579920286268
8.50164547143629
10.420075815345744
44.243416412007655
10.28341701160991
9.238516702524535
5.844728984529171
6.727695742500008
7.066306148344352
5.717375796063128
9.0404404455205
4.2167721914570135
11.568503767916257
7.51241486438976
15.80366492959385
6.987186450838775
17.364964353471787
20.93882201660378
14.271349999303444
7.0366881191740385
6.8250838295333205
7.849393064629096
7.099773964371148
5.792351645873619
13.726110306405237
8.481912192352347
8.335445697374762
19.23476760132685
12.575137844808204
17.036251575115518
5.59938241988252
5.364532135560472
26.509160017461724
3.6149874504651702
9.17217037795533
3.0388210054496483
7.9167123943907525
5.333258196353519
11.684703726966744
6.268671933858875
4.97353679310393
12.494254888266443
5.642931463726782
4.958863940012852
8.025742436187645
6.720408819635455
3.5809803508505125
5.416578925375902
9.273221093391824
8.172767528893935
3.9845330294844445
10.242151974172375
39.02589045381289
8.465538871535522
35.34988875502738
6.206070120523124
5.135028355306987
9.28369160165181
6.913349379928057
19.310463217158826
5.186146998184827
5.538886025939912
2.79480275062156
7.651168618672792
7.6103381219430934
4.5044267099065
5.013105803574186
14.344021475210402
9.550296692906398
5.281322676057639
7.007379038245545
7.258310001297948
6.706017890918141
8.642484542195875
5.67762409858403
8.342892259729838
12.877190255930618
16.221316172615406
7.74663761038401
6.471320275277053
22.2765849300646
3.4457915589562766
7.975030556005047
6.323661705321839
12.561844488194492
6.759067944783002
10.263088842082178
7.109824551150811
26.72316520192832
10.246633280877106
6.6538889722608054
7.5632100410157825
9.13368905608781
8.16734598366261
11.301187818641614
8.255450022437838
7.508562881864324
48.33525448193709
44.360921817392
30.503622416655976
19.336591378829162
9.182998071452248
11.92321147729079
44.268766959324566
6.667629746609255
9.332268463191543
36.704880679827156
18.2511311231104
26.860762839949018
3.9644142337600186
4.428609574621606
7.715164769066302
6.891992748717357
4.697694275022859
3.912677869855894
8.093134514567256
8.458574766940316
7.846203136049047
5.056710222421312
7.026724964567739
6.098444374661781
3.251040822545914
8.824936535231453
5.303696527862579
5.161440424482181
17.819993255651216
25.16805546451604
52.06109797438323
65.15448579392685
44.36124356929552
32.03517113617702
35.34505535480986
6.100372911443125
17.91958511726837
26.18227610164401
4.0644166471705425
5.160487866870481
6.267587599653337
4.642181325648033
9.357793636203361
7.381434803894786
2.734735640799784
3.6894377227992066
6.7125396710421
8.476191265453624
6.778040390846785
8.381752445931959
4.9437844825358415
7.374316152115323
10.2244494630796
5.410373467054491
19.4745594074282
7.892894263872919
7.295100362971453
46.47992498568672
21.13296255314084
5.2076222594334665
3.183655990612834
5.899467339280461
7.019013461517498
19.41577354241797
14.636868817913712
15.324067991771635
7.490534572597572
52.51020679520545
8.4417606145127
5.201331135921936
5.875433615793272
8.306269389791398
44.27982872393085
7.6183340663174395
21.874617678051415
7.2313966694262115
12.428662769205006
15.527918576571095
6.612073446724632
7.0468617400988816
4.117416797435762
39.3505448820863
5.599426544211996
16.900440383983355
48.95888426410491
8.205234658286553
36.82737397491887
8.604478233122519
43.660051893424246
23.06072484421173
28.944447981647606
40.04117725371928
32.790868506228435
53.552876473714825
4.42095318866869
45.785057854460305
40.100745660177004
6.035867380585354
7.604847005050372
8.44719047124837
6.934351455947998
8.95372794853095
6.573207420343381
5.299231758240821
4.25957439773834
7.974258541152231
3.7716357889623464
7.90430521141324
4.669451651225532
14.114077661562902
6.842232379164658
7.9906738600950975
7.549650967193205
13.9524506864659
14.812253514149349
7.153666919881457
6.883425277379368
53.14978230345077
7.175329683161571
7.769282080046398
8.553538707230743
6.226159094334202
6.592579002449863
6.346304687858495
6.346304687858495
10.28259655505775
2.6921339943558205
23.991641736514836
6.044233594271138
7.695326422139445
5.907057101607057
11.569400112636798
31.835333533032077
13.562341862302308
25.673129933405125
33.72999848709809
13.708147639590516
11.569639525599946
2.6146598808964843
5.585260167823467
29.40148088957502
5.580989680369097
8.74639047757332
11.986021774467023
6.147370156919263
1.69675663201078
7.323186522435356
31.03444630231607
5.427125478037121
5.521331025109332
4.728857712739639
9.180303634287705
24.825376976712445
4.28136883192875
5.303620457435912
3.4128960504889148
8.93545708448863
18.58900905370983
34.02412774517956
9.781307924605006
6.499530148440856
13.344696693097388
5.602359775847336
6.21649839213622
4.6999065419674215
8.95240799511811
15.216680940674669
17.627101855805353
7.784227908642592
7.22767617756585
9.940688760569717
8.185924100702731
10.117635770234092
6.314082275414115
11.008345327589874
8.567007746016204
6.177767532646384
11.270766049107547
10.298225342361272
4.603896482192589
6.205076983865749
6.6940766136478445
10.674951610415135
8.668899231350675
4.296057833842632
6.37215863930841
14.472879016251726
3.713545121684512
7.098154424880931
8.779411972580647
12.90115416793018
10.498692979472578
9.14979301768234
43.183712163193306
9.536894137683138
7.704016625615188
11.636405196890058
4.213497871320583
7.93086056736761
7.677472220049567
5.364453931791836
4.266513599735679
10.905973691658586
4.268987282536449
5.956716182700298
8.457778155661781
6.3391216568602005
4.511257069177322
13.248778671578261
4.518388979200477
5.3227757843360015
7.148607194724922
7.929881378863732
5.832663373714623
11.579057456409522
5.290791385401538
5.250942567753407
5.330397003888397
9.170983374149213
9.398501982868607
11.05347734009633
6.666373778377139
10.374070496928866
5.142713355171974
5.568555541234343
23.661018870780826
5.330548141179135
30.258643939384072
10.47823477633608
5.75827898251858
7.00594203402902
8.647326840010013
4.094624455383294
4.053861143103929
6.796782345265479
8.77746167062007
8.391934435433843
13.16795712287196
10.118080123407669
7.368091806128024
6.145321087543492
6.798475009274943
2.989815758871958
6.338818099885513
9.463121047739705
9.189641411576508
6.4004568391370125
10.32014643328362
3.1120179519596864
17.61527750759452
6.903148790670574
6.206109300802999
7.188377500660661
6.8652559600335135
4.914738077774363
9.871651521597045
13.14354261394821
4.149363440259058
5.770773406628783
2.87160216011968
29.756868218425602
8.407023826348707
22.94459181546657
8.021716964154786
2.100614367311309
17.113197352484395
7.264097563327465
17.31144240635503
3.8114543064016395
11.235773161290338
3.561229371632476
3.872393613738807
7.979886765752233
5.019506987882435
6.1598936443204
11.97872416223442
10.138955424100116
6.824945610365555
5.7847331041347205
6.295497483816493
7.966526963204575
4.993126957488295
10.9744390073963
8.51776127926901
7.339950833401391
9.274192300860202
15.043215457019205
6.2638168126155565
9.863723100735912
9.604860805416722
6.675729885950036
5.241855406752784
13.073038687334353
6.461729613550467
3.5039782058809394
14.25105306059048
7.577578239256439
7.904242187812735
5.300006055983824
11.917723583110028
14.517446667490235
3.734685900167175
7.256706451354063
18.453002827017382
2.6291799485336216
4.139626347014717
3.737763872536644
8.026627078546737
6.075979307604395
6.479152306421733
8.694408880327982
7.779205088023656
10.346941504568827
10.861955194044386
7.428604877862696
23.250519866925718
6.921379546687114
7.930832250849331
6.374374316670645
10.052958736203259
10.199962863990658
8.05540477064627
6.91190325275275
13.406972190025607
6.478313014644314
7.16021133033778
6.8884117963114955
6.724248897714128
9.001445954126776
8.23390238176813
5.230736873902599
10.545140953656501
7.553836168331768
20.00355197848502
7.417029891918326
11.096152453297048
32.53591908447976
10.804435089880048
19.459141232662915
5.475953829303931
1.7148279828745412
8.767722566163426
10.10739702316281
8.511624069793863
5.795291826657398
15.193169233049947
8.345134417956567
10.457694739963781
4.347164422149866
15.697257347697413
5.799551363324284
5.530163788042634
3.743269076486995
1.8295862205605344
13.270674040014788
3.674557904765832
15.810837966833988
9.473082883354682
5.8037760859476855
7.937640326401319
7.040661843920863
7.243338323580407
3.4633698523264003
6.161601804913269
19.40446917306358
5.981829183044346
7.612983779038098
8.489965775201584
6.072448399596503
6.115434965617145
10.221945840750019
8.319817270857286
6.962271912330169
8.901769171911353
4.510253564130916
26.36327739743489
9.585439540585153
5.795593219003562
6.722507366042654
6.14155843569111
2.5291475305285602
8.112868185553223
13.176450456775465
9.69598948167011
13.80752037434396
8.175608738725222
21.85697920784352
8.540877542775736
5.053903386474651
6.575043551734818
10.048358327216551
12.611364381265238
6.0586411385552745
6.161861022608654
16.692974144849455
5.8301028116774996
8.427175981320785
3.0834171729854285
29.436739771637374
52.31518778841196
3.5002125128389143
5.035897711170939
5.035897711170939
11.114931051900045
6.325380627115412
7.790291341926972
8.727440921633717
5.332644592219167
4.68977362123141
4.72833968394438
3.8305568599884516
4.182277831991296
7.445344620622445
10.785071469221569
13.669742637108499
14.169555771907108
29.593192056925194
12.874790440897092
15.48990973755544
1.9541028622898382
3.56872446170756
10.87497914371167
6.342831959289954
10.295645161733525
13.222227173148179
11.067311706242746
6.631899189099826
17.27001686378882
9.272777872946065
5.261440288366626
5.858547887059094
5.435481514815075
4.994837068746727
12.102796460130723
23.090318726846895
6.720781000483569
19.587502436233216
11.84127956722669
19.806358922246254
6.471528411955356
5.5596296541875905
26.53600079052666
10.497713304183048
9.463335561676022
8.003756664137342
10.933432199650643
10.066066017154842
4.374165681196629
7.696967447603983
3.8603346860804515
9.578480776476042
12.188908974350506
6.56136338164653
7.864224396489933
9.654378874031078
5.12773107757167
5.558862021647051
4.628684425195365
7.153041278051635
8.47747273586675
26.08364259636785
3.0301444088813825
6.696171790604679
7.929066579121243
4.032839699495801
14.961153471348757
3.57351349263675
6.610898655060036
26.805223033726175
5.3769339262502385
4.497513149965811
14.680025188864324
12.64968063954067
5.194331417923714
5.961023350820689
8.010176771258754
21.416570834416536
2.7681342178149917
16.630403657923154
7.216288111407597
6.281822156150275
9.471269071821302
10.007309405025156
27.049072688434485
3.8176465933844805
6.667744506188689
9.513286055554337
8.23241271672183
5.7514502666055805
2.832908806297117
6.48370073696266
6.120873408003334
6.298575288331601
5.769492731756949
5.8808159030690765
9.486207067343017
8.844491091655717
5.72090392962703
3.800643737377258
6.613655481788071
3.754629042967346
5.360514619126696
16.1767309663463
9.193528109220766
6.402288771683548
7.327994587284337
10.595924606196997
6.939238753752953
10.55614399914421
10.895318682339205
4.228812477830277
3.2866621114877095
7.411491581385976
13.499734999239601
5.48326800388824
7.796133728682632
5.445385497507422
8.49711147929762
13.814419614817307
22.472907617297636
4.706802376819013
12.335141412809593
8.77473844627198
2.543578531634851
8.378780741282778
24.38945545116376
8.46296266975568
8.148561600584278
15.30491332899217
22.727288650196975
28.520831028390667
3.852004647280175
11.003278357621001
7.826766864480557
6.53622527030155
6.0897418557312895
7.445503637641754
7.919270442586044
6.94220312835338
8.96388038179787
7.830219149949162
4.612337968297358
5.954262002677529
9.624809880374954
9.134469237071814
13.018304350916688
23.413591282049236
4.454846934183038
8.64452047642024
7.52043620705915
15.238503435108528
3.9378295622731114
3.9720304559479183
5.664314122538198
4.893216874923592
19.623867854254236
27.430036100080123
9.874154768260496
37.983832808768994
29.223350102021445
5.7201360330440485
14.69071104071758
14.024390349304149
9.79853246633565
6.472505102310409
9.434089611502012
8.375798218453621
5.799134813762883
10.493805353615022
14.164775121861918
10.499306216604984
8.768714487765271
15.48296955656462
13.544951547625837
11.445157745639365
6.111794211202448
15.336950637303946
32.63429761514153
5.273691458193088
12.870444215210513
1.6883345927447273
31.610025094530666
9.644435143284433
33.25849788971879
13.16658051456917
6.594607502320821
8.771423954329196
4.813081968291981
10.233386876693778
9.665311867464174
8.772493103624805
7.927224790079857
4.901263872819068
9.433294886241768
6.243564409637929
13.381987994547057
6.98343029421461
9.417373528911057
5.018089912985392
8.38155028869499
6.736528134317619
9.505947137822371
7.149045107837148
5.82653493359849
11.809626962196635
9.428897224846068
13.350543362504231
7.083773114386743
13.306050410612729
5.129956031253402
7.732221750762182
6.217273960294324
4.898396817437948
8.286411595731536
7.025452094322928
7.253575580403203
2.4732253065225493
8.314202930817906
4.279354843712444
7.141169084350656
6.7510153517114535
7.0346492104839875
18.16268684415714
12.766706155780073
4.574442313184724
5.810302891880401
6.898175128541903
6.338359005301391
5.397470257625268
14.840450012014342
4.475599602441563
5.060645183032218
11.731446829084192
12.716849253390933
5.337339486352248
9.008180060715643
5.51694390082797
6.583559829513914
4.152712447493475
4.901233221856003
12.506662823728146
10.214376270210328
10.616409075689646
5.312089466192591
2.498565355633178
8.457496015705855
5.762954815739061
12.64074961887867
3.691716096749299
13.774358825360103
5.307939524874123
26.397793162195033
8.203020228275685
10.714086175982224
11.161511812023745
8.000382720795189
8.273688501236256
8.726698973610555
10.530081672696742
8.103974482953632
7.059183524479627
8.617220244895064
8.90235543880751
9.589369586352523
6.826651866477498
12.652891006531327
9.65839240021517
5.226624793978768
8.228184111973484
7.429231143781615
11.459451177526299
8.580516162949637
7.634774789800595
4.696823001155283
6.219149028613004
7.505211068182823
11.13116035328461
11.978137708149953
7.828553082192253
4.226598583904314
8.752834305595208
5.819528939959255
3.9505007522351487
2.4582851709456035
8.577953804689784
6.0675549130103725
6.236937775964666
12.185471726823305
16.148810177781183
3.953784313518431
7.062246962022085
8.666802549637506
0.7184274518040319
4.412468908922455
5.6808756730509335
13.057764087677885
5.867218155283965
13.228630447443884
10.931124106543226
5.473107492016609
11.02893120903931
20.52409666026554
4.253626570662882
10.17209127620308
28.595511113049323
14.676968565345145
10.834686779677302
13.50164385346799
8.578739940240121
5.7077527325637325
15.699599709458209
21.388465365398847
14.20892422847989
7.568530842959891
6.979709358389509
1.1058869470673383
6.26490273102133
7.920301581744596
5.586933664056417
5.185990173725818
8.485463287241382
5.940201612251486
4.594942012703896
8.332661249172583
7.6763693094109655
30.655532173636917
2.4585181876910114
8.15465741007729
5.682204809219
5.989732658041094
6.236676338129079
4.103975172969021
8.279258729246395
4.9151118901228426
12.90717388802896
6.641368403047126
3.3384288753156737
9.073656943035022
7.703304746352494
4.896937666705369
14.140684767637536
8.197908233812084
4.94319766888647
3.8618020048044888
4.982144022332818
7.501257817155052
2.624605955080337
4.6603750609959524
4.781591576663037
17.021557635690133
8.130152899843907
7.190727305720011
6.208843515618137
2.558112073589603
7.768900737623529
8.092771339006033
7.990404807587967
11.511842814423414
28.557180830133095
8.829068648234664
12.374835033287626
6.078365785654166
6.250874156832129
13.116796754047447
10.534705364062216
13.779158171290103
5.258478832113878
21.860183938743447
26.789209877534205
9.775837329983975
10.694083125224244
5.232649419167148
6.265708174342919
15.080264685854655
39.63884641852391
6.1806350687112745
4.825455184564385
4.884625821342358
7.150417364754675
8.076711823307319
6.570723554672092
4.786260393738392
8.913027611346129
3.076592635576989
8.333247473250685
7.519738443968826
18.00741355803542
5.151047249065496
7.979581805743705
4.687136071322443
20.739568834711328
6.610588838829827
18.47052391402953
8.615771355633202
3.0511861834701324
7.175552742923453
6.081975683139988
7.793880378435923
6.274782861927704
9.286492910907558
4.685911860754251
6.659524682525631
8.601589826849532
6.834840379894953
11.618990761997294
4.841800305381431
14.677818425894275
8.3522780764413
5.310275015372072
5.921969563295592
8.413839622440292
18.485356647199833
9.532642716464514
5.051323832328039
7.889205504220691
3.637776295038232
6.83174959572314
11.844474725794841
6.11552025909641
5.396126291467715
8.169133301011371
6.531602935616616
11.471082835944955
7.550958180285157
6.064664467359015
5.472525089924582
6.1594394746942385
4.382901384555627
6.25947930515075
8.49177398480955
9.522392712142823
5.303704148199496
8.821711723407343
10.805776051095112
4.116153371299331
6.1416755443158575
12.87310290571899
12.784720461405373
4.646672483619038
8.22542070228436
8.590117723672298
6.081975683139988
8.318232328415396
6.38778490488698
11.603118524085193
8.929269295178088
2.0305732381797545
5.316539146863217
7.8474246737720055
7.875093920357582
9.022367858267884
8.523193770683429
12.887675986449537
6.46104913662334
14.375345714879051
5.397331184885259
5.661884156762225
9.953283226668495
13.281313335196376
10.551802826815324
7.461876559317531
15.01171712991232
4.7187182027807
13.662029835312833
6.097916764771453
6.889804795184069
7.166540617448221
9.43831309385257
6.110151455729688
7.26858211500731
5.112022126124467
8.60453600495192
15.862930010088306
10.381764178584074
13.148447657347447
7.754468050207993
3.848909931021424
7.411184048469641
11.636103013196019
7.006067903974884
8.651396153934598
6.814491281403833
7.264297723403068
9.71338568357582
8.490725179114614
3.904178596305285
10.052452634647938
5.419436923417948
5.031272739565221
8.648102285359139
6.069313564130284
5.293993132703954
20.166216474966635
8.337300373940556
11.65876177322759
4.043342103954619
8.860773641852365
2.273431244279424
6.340083442445323
7.567892498770699
5.545788331145014
4.099911503656948
8.83837114713487
7.9098682249218655
3.9537580277959807
7.527847331177067
14.048075023331348
9.129683178366546
6.604714295325677
4.288281145809511
5.571067445013862
7.8965919771159
6.349903632196282
7.677392961393759
10.593253745915481
3.214223686573393
4.1564366573617795
11.399659360266682
12.54770004383571
7.505446268705976
9.967480398576143
2.8031672735812476
15.809554456106675
9.995117764508185
10.77912929766796
7.197881316422996
4.874334794290361
11.481363867241573
12.158611553970514
7.325964342480649
6.537549551224899
5.359346222297264
9.454081558512488
6.70667943518108
7.583071644404416
12.465578043107149
5.857737568205503
6.707120685497965
13.497241578817924
13.687697768660932
6.222717999899851
9.58376595524437
9.007257589263448
6.814494492938461
12.614626852615194
7.0371671346043545
9.99259927849099
10.430593787590547
0.9127686710842946
3.3135783229593576
5.05560132100316
5.08324596123006
3.36551515557655
8.81183711619977
7.887892178205404
8.90039806451143
5.0657641780828575
3.5929507372841614
8.143315065180275
8.164582508120455
9.366544413274397
14.213503145282122
7.765862487033635
7.30194945891921
5.640859732732476
16.9443697885059
20.23327249761554
9.805612432274714
7.434002747594068
3.9747900435088286
7.668597796670903
4.263528202453339
6.125567043024054
9.688628762205614
8.800914026739665
3.5204057292542132
8.977890976819234
6.117952534495854
13.888684040349466
17.955281989605727
4.9296376573821705
5.937755603776691
4.950480355061073
4.126072809160063
4.082880752777648
32.33900377089351
10.65709773237285
13.905375620237555
9.718828182956651
3.8008274582640187
3.765638843730852
6.708300905309991
13.870164878767
9.846318677307458
5.504438746403537
5.595300574868614
4.586765120611467
5.209000330649049
5.692130723768139
10.048927054248288
6.889184951715957
8.539028660132814
10.205810557271324
6.2005991937904925
5.601691869122608
9.125925495273524
5.297377905823855
6.117397215658144
1.9727989209124228
6.864607863354327
9.784873913956988
7.521368838994422
7.615240549974726
6.303420663856119
4.4914332985305
6.820579842787234
64.40269879226393
61.911657495506724
17.517272192516597
82.94604743926071
64.29293506327046
76.27880295442756
14.863839577517798
17.517272192516597
19.680223263610152
80.27993880104172
14.155001054117248
2.8842568629595022
7.681431633319473
4.032839699495801
7.465564473407916
4.4588305833617845
10.946271137065379
8.494137985197177
2.830925882116832
4.408952487851529
4.5836841638909815
9.612242348420246
8.74010086401396
6.089224199725848
51.68472094509256
20.67144157488217
4.955055763237537
7.981712185050632
9.433210651105178
48.951985641114014
11.029989864482033
2.1301480190268056
4.522021362028387
3.901397414952029
2.9337778777880903
7.243622742166144
8.579911315740922
3.000093812863452
7.989491756306937
6.600766992197755
6.058235606116011
4.738395902785093
2.4439237186397325
15.524123143413199
4.9849776759866025
4.72614254563361
7.748573626049219
6.992104952669636
5.159249667598728
10.447869027622964
32.50654981687558
2.9882644175756106
8.451271782007451
3.008249335348154
11.527294647987713
4.959439488681607
9.707627042804118
7.655742941110974
4.159433483545502
2.7367152761777462
7.429727395210496
0.28586724068107017
7.932608845921805
4.2664717958697755
5.424034641761396
4.9549242533738385
8.77654229267149
3.870532117663075
6.583366108085901
7.054355129201377
1.9039385159302704
1.9464746431152333
5.90214422734618
5.829049216147289
5.630621936834918
6.048511383131097
12.284802960018352
9.62434034958416
4.98560777246112
7.802818704077318
9.264507931425804
4.038359303072545
13.49533411786245
13.363354701137192
4.427565620114316
9.020074105080182
13.511439571273478
6.703137768512427
5.448500456542676
12.009237250936446
18.349191725117862
5.592196561621323
6.669667374102692
8.398205344067867
6.913805270927313
5.427523421390583
6.820637617168088
7.503531161681747
2.2113748867220293
12.972245806013493
8.073102356858021
15.74559625323727
9.646783830355247
24.030426084255662
15.486458961064967
5.384951701023904
3.928036939355499
13.604388609320354
6.905946418788785
14.85472923870586
17.02075885791954
12.402517856293661
6.294877933860022
16.122759305959775
7.720614169660288
5.251165365733338
4.695775372500604
8.166525483769911
6.943983901563245
17.188329944234766
4.634615883514487
6.696308226827402
13.629420342088952
7.522497300200302
19.268671282788286
7.250162826274452
10.128560072169682
9.209666239176565
6.597062120527027
7.200563307669575
12.591266447612735
9.724136884181005
7.112429720242804
7.155253655097374
9.649302159708805
2.957257962606993
9.17580412228029
4.2672609030049236
15.0242049076698
30.719923411720654
6.534803567991768
7.717817972887637
22.59298540007138
7.4862968273416595
6.353423617412455
6.895134398091462
8.611004144587767
16.216979138930494
4.183713778864427
4.183713778864427
5.1099125014304585
5.517715879292515
5.039000077236286
6.869565105156215
30.783130082868308
13.762536789416105
7.5152097361426184
4.239192259160621
4.892532568489409
8.078797354185108
10.575842496843816
7.301487940828412
7.814339991262851
4.420448464429189
13.552184661530022
8.265012774390309
11.33205119536002
3.536104749285099
3.3701789094573518
2.9815209087788443
6.342337421056134
6.777751698176192
11.732168927825796
3.66486031907918
9.808697859419507
21.79894203875823
5.78376281867786
5.4573401750302315
15.735623252087535
9.33715176167004
6.077376147776242
11.068917188338668
10.21617069371593
6.373866062785314
5.952978176879172
6.729623773376102
7.040497504907203
6.772028771298999
7.586555773970806
6.491601878446553
5.254501403277957
5.2627746141390395
7.104796244860936
6.2642175921566405
5.810930224931567
7.242052271669091
8.492371532600904
7.035810499333368
10.145834820656699
4.265592912517962
18.678377630724246
5.535961412588972
6.426177495316007
4.436374971984376
4.574078309255455
7.415506383006247
5.800225787794124
7.949740973274363
7.2580665824705495
10.151524287509295
4.432762339598782
25.929410102479622
10.218747239628202
6.786318009694497
9.409490587319834
9.18562323831683
8.020599140395635
13.156833191985253
4.904592408022657
6.880977781165145
9.370411946896537
8.02634332984772
7.507771579972671
4.049793643539596
3.605132522297946
12.149609461952124
4.032839699495801
6.639002269970354
6.208914933492805
16.442759845805828
16.246119371840972
10.157052600676455
5.95475686580894
10.51756085432911
6.062712067078677
6.262501721113365
21.418636160983166
55.706778437281365
9.774603090147352
13.707317412166311
6.547812183030327
7.517546015535903
8.677850767077613
4.50885499078253
7.681381987143548
5.232104170631276
5.422667348242087
8.631896725713986
13.095845783236827
7.739813720260155
6.095314902079546
4.000206965590434
3.179994731414275
6.404817272459313
31.8515030215955
9.102516139894389
55.26381230456973
4.628753212515536
8.064759031774825
6.15914197167853
10.204033861006486
10.499723522887978
5.6680238453418825
5.519219769311743
5.614655616532958
5.85710314666736
7.660079665225122
7.9885933700628655
4.952913917154464
5.85710314666736
4.990729440359166
5.383720617860857
4.9347723887040855
5.059437814991213
4.969725379242044
6.530689545318312
7.260801892215466
10.170538920031328
7.207518159739762
8.283112029812287
4.899321017128711
9.450858301305152
8.344399622411506
6.0149117359108715
11.271464681014853
15.766299724591606
7.962271284569579
6.303986020954474
5.563096431989384
13.94786155586901
5.121903761734325
6.47203463847983
5.970096243192593
6.887779277509704
9.97769797588425
6.541477872003619
5.685352412679215
8.787887618344614
7.791110518496289
8.895214755309308
10.515969483648187
5.109407132174324
7.368862212836801
6.994374812373176
7.286664814003961
6.935432910487114
7.256200445229461
6.568927525436276
5.303038087883399
6.622554555407584
7.976447009033559
6.8293922093413055
6.883165380027188
4.791517241474781
6.529519093721005
6.287200177019213
10.985615318753077
7.124891616591438
5.836374493925795
11.075297716133624
8.200028386247554
21.60372937382782
8.94107938520892
11.69031863391247
16.10568545112156
3.9540227362889273
8.404739721930582
7.787261887887809
5.902593221671321
6.995232098450997
5.004199627302095
4.245677063300193
6.072652230801983
10.019466524470335
7.91592400136099
5.637545371601794
9.739339916927303
12.849602262036663
8.431077708245978
13.432555505380503
7.187508786492178
9.880692071291575
5.9054421244122555
8.294389648856578
7.7764447029335395
10.68057693743849
7.4605352565634675
7.622368694161348
6.228502113950195
8.67782408923453
3.588099931626293
9.056155560540843
5.36929974046968
8.739252223861687
14.514454845300708
24.69545226672274
14.827021706610832
31.908368538680076
12.71600564224816
16.396479168733492
22.100715094982316
20.00942880037491
9.661456357074023
13.318770463069505
7.030474452750501
9.806997701049346
9.199816662451118
15.07524595886975
27.05600300754554
7.724449650090895
8.633207096969501
10.865706969264183
6.8087650959363595
13.010366010592874
7.4124952007330895
7.060244994058066
3.491154122657699
9.956180019689754
9.248624909319549
8.562644270660709
9.284158779563649
21.284127312921633
13.029104929344104
9.430125273852214
3.601504152402885
3.6932673963963882
5.018970336841136
5.842867869615443
4.404494288459372
2.2473170017550057
3.3109799918620406
3.737748882151392
6.294496548274597
7.406550935423079
6.294496548274597
6.294496548274597
5.534821322766356
6.197377205361635
6.186711312763221
6.197377205361635
7.849789715448391
23.119105248596785
5.143158712582967
5.722780048497255
11.564427916591395
6.44234398028381
5.575829435733229
10.693508095757482
7.634138142272879
13.950853564030869
5.82853740464506
8.035151801494669
9.060520344765337
5.7783171137162865
5.864901156817806
9.392435335125953
8.16802255874374
11.574820613414026
4.292996912784923
4.548551051643148
6.946209177267734
9.336399990318379
4.740244324923958
10.966902452785112
7.289097439297958
8.372342682546005
10.898947245995467
5.2171021759074625
35.576381950841544
8.140696016617277
7.023869901939135
7.993895623161111
17.18947000094506
9.281360182561162
6.090777969709896
7.593036663918425
7.203053639515914
5.590422684754806
6.1707165876223735
14.426821175218885
10.886849491146453
5.3910171833926555
3.5107144007779754
14.587926942199273
3.6698214839900873
8.353740067433813
8.703290084553233
4.573910323501981
9.09182606401703
9.7568095351235
9.36255787302747
6.2784070532769745
3.4652009477937633
8.411185189497015
6.205304501289659
11.825589929444494
12.70062174429688
8.526117754951738
10.326936010460173
10.857124639154149
16.999122694690453
8.357192707796573
5.408069702048417
8.213509093510483
7.124246351403446
6.940309253209094
5.956676562473572
16.81314357667154
8.450525293592966
6.651440492457991
6.578098815913916
4.931927906800145
5.161969513750684
7.494007997749669
18.489792269728216
12.415923699027575
4.4727706447360545
3.8846924188174317
16.76124446203196
3.0388180851541398
10.8661828377113
7.810355394607886
9.161887046534657
12.301778251854603
5.616706913654567
13.31361635936593
5.051273984679987
5.027813153712039
10.32381189279122
5.805635282751938
2.9882644175756106
4.823689229112374
4.001354595701759
3.6008013494001525
4.260596416706431
16.10791835190567
7.134961014426798
6.208722242569667
12.511773472817728
10.528034992093552
7.071613571079615
10.439759017514367
6.5249341917549595
6.662138199222005
6.235291795028105
5.391597802062432
7.101344231635948
11.353107343945078
4.032839699495801
3.078276638122192
9.520748871412852
4.5269210761916066
4.147844649105968
13.317129405350485
9.086660566378702
6.082898033928076
6.527379745898356
4.373818792695613
6.4608281206009215
5.589393487931502
5.402179886040772
5.729948865108797
7.96140035341375
7.147199247371236
13.01719125733769
7.550362352647386
4.737349906448815
2.770779300597862
9.704791658972177
7.3964378319443655
13.2812789532105
9.350833400762713
12.704859799707162
4.4059435297963985
6.913200134670008
6.1900613492511765
6.357479440173042
4.068330019926185
2.631959604624238
4.379651244537588
6.951566628652378
4.932731495529256
5.5701424873294725
8.788036526944174
5.2991053172012
3.880961214259469
10.331005587180504
6.383277713599935
5.176426986875811
6.338082918565078
7.525358274839784
5.4216584261134
11.59379325898343
7.802793945222889
34.283152178577936
7.391430564969375
7.739453216567971
5.135207979147307
7.763608831496351
12.273407469480244
16.71780779364158
7.788212435708618
4.679358401696808
8.519844355459993
1.9039385159302704
12.641026870215473
4.691716611158004
3.456494256082259
5.296791625024345
5.9063448006188555
5.289583989790182
13.544712626141076
7.25008635106352
10.147607604964325
13.573790239842324
3.4189364103886866
4.8431165948569905
8.536688352285276
7.051245197971248
7.0708222250781825
29.228104435494963
8.11188039294043
6.921827502680425
10.56753895321921
14.997322598479427
9.36003476400532
6.720443647299094
9.461910496013516
15.561214434538435
5.01262009211015
3.9988235897100246
7.854672423249197
11.499911276504452
12.405286101884592
8.573535470585183
12.692046823236817
9.075062354342677
7.849389239123086
3.1170735500429605
9.30109022535724
12.843886735535925
9.012288479091866
3.453732190313376
9.040034490877277
7.029285462369148
7.468649151000403
5.851114134876978
7.881777289702331
6.456087730906221
3.5519029851315658
2.3341091489816925
3.5181517918844363
6.31337604026502
9.266271755289246
7.57781382229352
4.854393714941757
14.424420865347725
7.545841961650165
9.093166379116479
5.956796490994466
8.107996591783914
12.451928831870722
18.07920052924799
6.53229852586396
8.96180079753233
14.668903598594841
8.38770447562992
8.302930581815597
12.856317058004702
11.54782096520116
8.857041505502337
9.788687050083597
10.443076656530677
10.550597137699432
8.260522226469957
8.83186546922203
16.708443899662424
10.92518646576327
10.00686611475933
10.073190592351345
11.164833769368485
13.439338845333696
11.064420352880354
10.461181444824108
3.8432708347044877
4.912965451332975
9.338262123722986
8.185773343624874
10.146220856733427
4.977312436718326
7.772632096432534
5.24199673758297
4.176450647763341
5.259062493949508
6.1769410543382595
13.879714302269083
5.404469135706839
6.90130309274115
6.058201698113341
9.577414413318744
5.030727293521999
4.583642278216254
2.3831070061368673
6.3828434925728335
3.9439773733953936
17.38743822681477
6.315824879903576
10.68694010195158
15.167055538670782
7.280772448101717
33.07482318227972
9.176400891686399
6.421474223488563
5.055643537975194
6.1590121967112035
5.491842074928061
3.362824700791811
5.297162930343551
5.0945786348294275
7.043040952541738
8.568593974802486
2.124549670196536
11.862754537825444
3.4708092693636923
13.178291874042861
7.84451576485608
2.0064125093582366
8.705096289757037
7.171468251790223
4.864988649784364
17.856106359190132
9.980994407362559
6.756824603132093
7.215320857649211
8.385075740457696
7.136741414135614
4.500540375606232
8.620954980499988
4.627673816217635
6.207392327652087
22.9706834827695
8.705574470476762
8.895157042512794
9.826014604726206
10.825463163560759
5.935858510439105
21.82849310525407
4.481871232286832
7.2784259200693295
4.089836675659394
3.833717213200555
12.133882614934805
5.327371313481555
5.608715851069755
10.707611834111225
11.170593072622104
6.945639029244736
15.995765048740527
7.642439573813796
3.362824700791811
10.046835760062491
3.1911375940994966
3.0181434938103697
12.15607467489643
10.225439581109855
6.894129689446575
5.286300418251036
9.449322994931782
6.984924990946045
9.574799332489324
7.920083507831568
7.254981201683192
10.790651241845866
7.334856229113617
12.371000392155038
7.099351452651971
8.792080592286105
14.069574211543436
9.606923203843342
6.5447467279372855
16.04802091872208
7.584129126210134
47.3797851892805
4.533262542135099
7.943582807085038
5.728582864205556
5.9262974357672205
8.071208642190278
6.881858397064401
6.448671163315308
18.21597390583431
7.794198581521984
15.876587679720181
15.87114471168834
10.203108337991468
15.677048034863422
6.319594147911083
6.489965876955235
9.126546907363904
8.238223843890475
8.819201302494386
11.351443417148948
11.833756167584493
33.397566246590415
29.881326644661673
8.25829026698119
6.6570190219916245
7.012529873105317
4.456090633528191
6.405290451520761
8.776358063535763
10.55008625570951
9.819171755410013
10.808110326079825
35.014340045753265
37.896097095358215
34.14717610628466
32.94013834015624
28.79808650889128
13.507643818405647
25.121512243353752
11.111694719181758
8.671542200724913
9.594355098934763
6.904073517367855
6.898191991192775
11.221444975911636
14.985441877216799
13.999099344825982
11.852694179237139
14.301357873498553
22.455493271078844
15.030363456453344
19.281647797092734
2.867335514168424
2.589561616117579
3.1236350971320026
9.47799602275324
4.066521377483416
11.5742258339758
9.359787542747588
5.639095578627083
6.423892110090743
6.389272370418658
9.11324360018054
6.8313930665015565
6.746126464208889
6.325312945221965
10.281687538888692
6.656964293083934
5.315000605348209
9.473057312951033
9.260454736597366
15.438541666860987
26.484490384513187
9.362744047094688
15.306842277089824
5.206175293009843
6.801732788464863
10.016749314445702
4.651443298033765
8.844839693595452
15.712001735773804
15.712001735773804
5.519120494072548
6.237343715790061
5.500911221665371
35.236815269099374
7.00149223770777
8.260522226469957
6.753444650556588
15.034643148091483
31.012508771803535
28.758724402159615
31.929385994652577
31.459966900549226
2.253886580519761
10.95290877378667
4.140726423982883
6.476258499475478
13.017702348554103
9.689394073532835
8.092425466719432
6.1825964167650245
17.70245529187901
8.857388171667806
14.051098357943982
8.107234649718535
5.444764405977503
5.343497523696194
9.188319353348582
8.829681029277289
7.728482020772583
4.465478615217305
7.732652584596448
9.171448540509445
9.522150748109901
13.28291299041321
9.367732600062437
16.327252224506967
7.371505578892922
32.924475305117696
12.288671139582773
13.452727194868306
8.317377004908998
4.707127462535253
6.388203966219643
5.491806451993101
4.219503691141012
4.962375504000759
9.218159355406781
4.639881172645591
6.846010575951912
8.14018766654429
8.182939213276931
4.705235127176976
10.460082361319724
6.964744002893576
9.688493965959976
12.421002444252691
4.579837459585351
8.282310895682263
7.684111762758802
11.81926000940347
10.677399753505425
8.435018070581734
4.937188779337851
2.9435067905830894
2.589561616117579
3.198433586301107
5.801506318103126
6.70072671529093
6.028213599676536
6.645383261073609
8.842067027891181
9.25399569614651
5.512882942492861
7.5749500183831255
25.891975477046834
8.119993780655122
7.638310508251015
19.169994995274372
6.994280014013167
8.394833348296356
6.1667451666120705
21.560901560633408
7.749131178108353
6.238236946514929
6.080875160951188
7.804779622746539
9.39373693970286
7.015632161108957
7.226969780165924
7.631730584953879
8.542445795780635
46.22397428391557
6.855667441402379
4.996260535626568
7.608859938711019
8.627166507686589
12.866499336667008
27.399473578683523
30.776229395070672
20.569356522103227
29.556801280674595
24.622245441311417
8.009846876445875
25.445093419002994
11.103121209428668
21.308994686684034
9.23833643950691
22.568299438161635
21.27646598827723
14.839224485261653
13.793583437294496
13.32244954812188
30.833454395710262
13.385588045499683
14.103768472264415
30.15072578223726
11.644405259707934
12.766360462197335
28.270330932519272
2.9869868251649163
5.043010617218294
11.485329266449117
27.495837287618677
25.34986354093838
24.69904906131136
3.200509648789089
9.620826309477875
3.2245425182824015
20.230128292232997
12.593429844347284
56.44922694083926
43.62627495547581
5.966231297130988
7.557267189096329
4.977756730791762
9.842978258266085
8.638853387927398
8.523447591382935
6.906425806200583
7.023343159966517
10.668594290320726
52.29540252337918
20.58952781366968
20.92705902305169
60.55431340442417
14.68241731907439
11.43491929676153
32.54531033523992
29.776828528740573
7.302198796034611
19.151102828882767
8.269632701090362
4.859558307507235
29.13264559952405
26.106735262927554
32.50795829224066
5.803165396570377
6.84187901238567
5.4661958895451725
5.123770704591085
6.669206766040832
4.329478918478248
11.761946551349983
6.91256826087526
9.82003382537772
9.35783482637222
7.913270106123338
4.838325359664335
6.301192426176938
7.576463872570639
9.655922919105347
6.057413873762966
8.95710752104479
10.67683720869357
6.197026600690307
17.828131765363832
18.317706534518027
8.359050384962371
10.721147092367936
18.428889261113078
16.088177660004263
5.681614446213491
2.538231469217405
7.271481197384597
14.719085929651094
8.65056314849512
4.046543262476305
1.4924343352233702
7.152734345441093
6.013399097735996
6.753444650556588
6.423612397769346
4.982313339041908
8.136355409781714
3.074808959416095
6.1002036286598225
4.6526406969728695
4.342365419395587
7.209871310753212
7.540162962700577
5.362429225885381
4.605388163510762
6.087828393031263
3.8783733875965174
3.6710237656150597
3.198433586301107
2.867335514168424
3.2989059546534034
3.322457052090595
2.9435067905830894
10.841433844049552
4.363752401207235
9.326130131520138
6.22574909828677
3.637916390441508
6.38751190190361
4.629522203731491
17.37029884312767
4.599576963611427
6.738030735997393
3.793842905703835
7.196496025805473
9.431352156183802
8.608927798531775
6.4709572456774
8.357825080507913
5.803706751474531
2.785040521293312
8.63380893252645
10.433401755651904
12.24212306558183
7.429752381526886
18.662154300484932
7.876891624330032
10.99250764632862
6.783770644943253
2.320301549643521
4.549635942851698
1.997281700323198
7.424801252334872
7.2212077156922145
6.054129051028209
6.994251602448692
6.760587512817498
6.1120636994320146
4.991324089856544
7.448273314080863
11.895096515222802
10.406695740377263
5.460277132236815
5.140437811952101
10.930125883245474
6.764565471892849
3.131660186590257
10.148616879381882
8.588329822812675
4.7911820640418545
9.19382456160439
5.517117690142069
9.515869051977225
5.6567602008676205
8.15578920983856
2.1656630535793684
4.185955321032541
8.575420691088986
6.860928683907683
3.112556573484448
3.248869194393002
11.189334513001146
6.829036365580894
4.262892700253186
6.52933300354243
6.670877376968035
8.41119679369932
5.449406248384613
7.485708960753263
8.627166507686589
6.6517217034915745
6.4882714447559895
7.409668307965046
3.553763813541787
4.558448684301184
10.078503807273536
7.471954288218438
6.119002987493807
8.81440999401215
5.5008202608514924
4.639872976073939
4.09149306943491
16.667362599771398
5.658226665713724
5.480322501492674
5.480322501492674
4.294088678925782
6.156234474257648
5.814375512182633
7.065841092954427
6.9979602117542035
14.324103844026924
14.08938829175633
11.5655504928838
9.515902391934747
5.27866030732257
10.496816554235231
8.963667077213653
2.846797259425651
4.473478394684783
11.417570697596444
6.904308742443856
3.476151867700777
5.512586414380329
13.891507495544317
8.776019879653669
10.911567027174522
3.4453699111169236
12.807043465628091
9.047888844014697
9.70977323828116
4.783134134284723
12.398911270077194
7.016957410659972
15.673195688411013
7.960043438525559
10.129062722054854
9.631874859685844
8.574343379325848
3.5868824265897272
11.18473177846199
5.680089103316198
12.931830212641774
6.218899387145694
13.225355193538375
9.7085100682474
11.316371148487878
10.354825599603348
2.8457674058373352
3.6026566083475404
9.190882625515512
9.207165666708873
4.290597658463549
5.683685757442751
6.76137604759588
4.159750620728972
6.998030952576134
23.403633349566284
5.224244267108687
7.627993873689204
17.146911536714647
5.935798090413444
6.156328757831508
5.49665459818013
6.410019982021608
5.02986551166894
9.246456446283124
11.743429598250058
9.249516962361717
19.120690857336232
20.563622460124073
16.979777781290082
67.08005912344879
5.935798090413444
4.042947843655535
5.578447460844948
5.2175117567957905
3.859012607400143
12.105272818670137
4.518767166276543
6.322009712496094
5.729961245445353
5.299101546177416
17.368631476020965
6.3235603021338544
6.029413824259664
5.718623518771872
8.653256214772949
5.311812312132296
16.708443899662424
18.61881307972324
11.404423637486518
9.143375485037758
12.37352108049589
11.161524464497413
13.439338845333696
9.330801124200201
6.077795028364236
10.317023278883045
7.187427831883701
8.96461695032859
10.043220720673117
8.376371167897695
14.668903598594841
6.51337678233423
9.067723375966098
13.092290552701181
14.37665195954701
8.768596292290075
9.58407486455127
10.443076656530677
13.286888608156481
3.966357379715733
5.223395780961418
4.464085378557908
22.502990789366454
8.261197990366064
9.170315060333913
6.473936878062447
9.888749472927945
13.748194442757425
7.460312856394207
7.453123548197307
7.653907620843567
9.581059908962205
11.694958355906559
10.750160821645268
5.619621413416929
4.997361426223786
8.750767152597593
6.173020596533841
14.9614697311818
14.725390239407641
3.397548320288996
16.810804584648583
10.229346719297883
30.513209437433385
8.9505845552989
5.9738681860588025
16.80483577984934
20.0297619466466
6.8667603945660645
16.4223869040834
16.568954123125256
8.97327793819752
7.0676319745487195
5.214737240131658
5.802095760560535
6.342554244963864
5.068843114494164
7.960406137108854
3.5524530432223704
5.1881278469667595
9.817666522307483
4.929122764592627
8.576170266732339
9.300278766874856
11.74979244636879
5.701693145842958
6.794905474155211
5.9557889610932335
9.208792952811258
7.6122030106718235
8.919332036496979
8.847120379735752
15.703851932871808
6.98897038654879
7.1058383511461045
7.968839660079447
8.242339290034572
8.5789390137884
5.441739161537315
5.105512686872535
6.471104592708415
6.216646011312474
10.959232797231564
5.162275516565312
9.67829524124206
22.68230756036307
3.8526929410629798
11.308540189316304
5.2637017401409025
6.1011384563744295
7.955613499393853
6.3462571206294625
7.198022445151293
11.137805044214511
2.875497245921824
4.06413255001014
5.830299735967346
14.101239869893298
7.766805420225658
4.892198083790305
3.7511819102621025
5.293637994199913
2.4408948714891947
5.265800713021907
10.232289755918229
6.592188233615438
7.5324165417192175
6.295041861593177
4.032050948409467
8.69663874779348
8.852126692266355
30.934441508676656
7.358066508292728
4.937820166524039
10.691504775428996
8.645748052380513
8.053836972248197
7.1945861525288475
14.070203316232927
7.8787133900787225
5.281979477325437
17.31041993771416
11.608702129579335
9.778346888325876
9.036166125934997
11.749535468901534
7.040080231038012
2.728653103232299
15.656753000553174
9.953553534140372
7.127897401936483
7.769091242930308
3.8952572157711773
5.187391521866313
6.3022806544950285
18.939763967326336
10.010663879887469
4.534255013438382
3.83127532905898
8.542621476574888
5.907079567863442
6.395597772132962
6.949374207847049
5.278996170682306
5.095275102463863
4.030294476119054
7.1573461867078665
3.10355833092948
6.993289127915331
5.382631982781092
10.312607888600494
6.024638357478105
10.296566586558498
7.028150066997821
5.001923401608486
8.29217066098627
11.554656879079394
5.8376629382590135
6.16219290517326
10.027352177224257
9.351509106904198
8.806054822392221
5.619675262030594
5.178705521122532
9.05861213875096
2.949370249322805
7.461220526019739
7.772251783860983
1.7240626691181027
10.03469694473383
8.846601224440073
8.731225194614488
4.569900898123865
14.78266435528448
6.564567990513795
4.7816571693088274
5.692404567354918
11.65527850464519
6.713337251263995
9.405769856707243
6.158421495197512
9.099422551555557
5.320387143024137
8.353218294524233
7.705963341412
4.237127413176671
4.719048448955273
5.394040749909752
12.940862019867087
11.827145283325969
5.043611952010663
3.5666090764756238
14.728171566269587
4.696581490599407
5.871277896573687
6.420119774340629
8.40525686501013
2.693865635881079
7.177025187558726
12.767752167952239
10.830078864788064
6.646421871202165
6.891284742345392
4.9261285202320675
21.021581516926485
6.996529170742507
18.364467504345505
8.036614152901446
9.046110316782144
5.559753216624144
37.954153125935065
7.452055831943624
16.212683688432335
9.413568413010866
4.697339594235426
2.782019083660257
6.927702397080835
5.300354202479177
9.86638399822463
7.1090238636535314
7.539302718975894
9.22928731944089
6.125131050968784
8.996149524352573
8.49915099065258
5.75119552307263
33.885959039008775
7.343015655707247
4.091913950371055
5.7711077522866026
9.55987969143011
9.55987969143011
10.312928990770832
7.650065763765436
5.07165676499053
7.494593169156206
7.801870980801504
6.73604092869825
12.599063644417315
6.200300433287233
7.303721027690148
3.7797910888080586
11.327551981738234
7.859653063640671
6.086801118668844
5.6241082477247994
6.829727905170905
4.907620144219422
9.416903303408693
9.998595138670472
