2.2310498832351184
2.866262705830306
3.22101974328048
3.3321583798370944
2.746903444635423
2.748684114946893
3.094491628303898
3.1461588672188383
2.9793053465145243
3.1054302961832034
3.31320221218514
3.1969909784906854
2.8493842560014637
3.6316595007216397
3.37154235763109
4.015904822757928
3.739239756983536
4.275184522892149
3.451056564835845
2.8655339191084455
2.5850796165290175
2.240784085707256
2.1688473667548713
2.736867890432154
2.797473232290078
3.1790017294652593
3.1790017294652593
3.802625866587338
4.1627089332847955
4.796578088741301
4.345032333066535
3.0045309753002005
3.363769634369984
3.429066939410484
3.4619475918616454
3.6815630632130403
3.41094438880865
4.497608049003059
4.321360157482451
3.35716327163858
3.5174322001309664
4.077357453174974
3.9096437102979555
1.9999999999999993
2.0836478634461377
3.619687460012523
3.2598763083223674
3.641865069709396
3.8820460314134433
4.99437234785179
4.99750479738079
4.793267343363647
4.629055400058993
3.7945699298447297
4.328873678450874
2.751510679069408
2.751510679069408
4.6588890368177305
4.884178423840341
3.7689611067069544
3.835126029349006
4.18983970035024
4.18983970035024
2.756229822100082
2.433411200835276
3.143581237211825
3.3682174544037915
3.952831387918205
3.989067228663682
2.9668020290760886
3.0446330275265385
3.520614274431969
3.3993916253714636
3.4536266474780373
3.6109287497927105
3.763470240758835
3.5173478980298594
2.835864405933824
2.6714186927405144
3.745163038076452
3.7362102163827045
2.8559206289467047
3.5483243494381673
3.5384874634867147
4.942239435842456
2.8391164060256497
2.619329541409876
2.687659302201484
3.0396505411364005
3.3172942368521663
3.324266999611393
2.999320904762265
3.163651395635371
3.806002002729893
2.262146643750668
2.2533312907226555
3.9990594423721717
5.133209646801673
3.47576526591027
3.5703960956184515
4.476891546948791
3.883396306993848
3.357569802775942
2.644921746355785
4.006453182506688
2.8302721878471426
4.32609639849086
3.2622190539995217
4.702805296582392
2.3169869381557477
2.1996796714432443
1.9752712286720278
2.5745998146627413
4.783656176922617
2.5017707541347916
2.698270619333163
3.8055896885992544
2.741046482045805
3.0496861500426684
4.702034753470843
4.630884563523064
2.364853826302991
3.352514379749235
2.47305675029261
3.465017409830234
4.161173879472553
3.5673642931474174
3.927560445573425
5.199873034290793
3.34193713375008
3.91303361347034
2.4976071859545046
4.238273204134964
4.238273204134964
3.2590034330103372
3.7414464520069175
3.3811890621644674
2.2763951535026643
3.4947922520191255
2.1067285224218826
3.9223872132418522
3.050221891589262
3.3426911381049953
3.708911436428477
3.893503321905296
3.101851294566895
3.9446207835126517
3.102049805789627
3.6951339241706833
3.7210538138813494
2.899151811162967
2.827353005465839
2.72833421721304
3.0322335177369286
3.1030656519351907
4.030660796204449
5.370008865100468
5.2782158892689806
2.7280272152521445
2.683494751875463
2.8483101912372235
3.6420075301482773
2.656322782618753
5.574843078607328
3.3913909348418354
3.3986348754331943
3.374850624328513
3.626486215642341
3.5590420404014353
3.1066569141509786
3.776299327085603
2.210512883172472
3.16448547429519
5.016929797527455
3.5655549160014695
4.062183740824562
3.850139245476261
3.8348997307859163
4.680204207310016
2.8291920027011828
4.6569030269652885
2.8712038341291843
3.1618947897226786
3.265726213955028
2.072071677584595
4.348438858680938
5.542998336222249
5.258311577439281
1.7337072136295273
3.2082565739803495
3.932169750671061
2.6314081765770103
3.0892593371225248
2.6697542080876415
2.2502576253978503
3.2671643861278
3.14343649259175
3.3255609599648306
3.012575219078211
3.561885367074294
4.279357858476381
2.9693701848767895
3.1928878485572003
3.7061902615777242
3.16422772672274
3.3060164058044883
4.047080545986095
3.5466494376637567
3.6393182610746937
4.594453629587154
3.378637053664705
3.654174188277479
3.2345783108675574
2.89508466691189
3.3593358971442244
4.683984594726171
2.0316659083303166
3.075152426820076
3.2770345731795514
3.309906518130712
4.3114413671605085
3.1534008016334747
4.73804693945138
3.847556888536788
3.1494927106692936
3.0075330608190765
4.007591590869058
4.761908273788464
3.219742448134759
2.991125860389425
3.169204669014029
3.9850731355255133
3.8631040946072206
3.273272294446857
4.419297267431635
3.6178647751196635
3.96406399578714
2.7521095368791886
3.3221388801019884
4.4109894411661
2.7623519005585337
4.495737219651287
3.1907978571973388
3.790544857037431
2.153053297648356
3.5049232111376525
2.1115091528198846
1.8552036687214928
2.565672862847247
3.2064049512944517
3.433294882070169
4.035726694589914
2.666002909215652
2.545279850732734
3.1667675626596683
3.804179849051984
3.7561701420097435
4.079646129765373
3.6861542497508255
3.9170442072063265
3.370658835354166
3.4349410377692817
2.9655217725843217
3.0727615416778042
3.265958877805158
4.003345961023145
4.142063648765092
4.513763721799778
2.6846502911970584
4.308623581270948
4.016690718168402
4.74946469539707
5.244905029951627
3.3208948728383563
3.3728920345716116
5.215116240084939
3.876372189422799
3.158084505509564
2.6602129922731326
4.179125748939361
3.6441107581363728
3.3582728279745195
3.5940819964044737
3.53606026110081
3.473249093269885
4.023678158055544
3.199905234151935
3.6878509684402134
2.9024849680123372
2.192024895992574
2.192024895992574
3.151362173973691
3.5782614891795435
3.6150082795744787
2.351196780262866
2.359677541261725
3.5816835401180085
3.3416579242421873
3.4043225693625283
2.5207327865046385
3.5280185021389667
3.522201399835992
3.691923968732257
4.748402413984678
2.8761840055940224
2.3595606345823477
3.1953938542662303
2.6263222852758683
3.6955238593492874
3.034140619340062
3.9310863721994207
2.768776103614127
3.4824206949901395
3.700050609797255
4.100231154754399
3.7440441389298993
3.5654080175458196
3.2268199572659535
2.908365161734636
4.1112896554985365
3.300318145602151
2.9049433164738723
4.413594098436141
4.360697919153025
3.0024989993063116
4.738463914337794
4.163032313379139
4.128331039356925
4.0173279151098225
3.7872996199997426
3.6960505444445304
3.396853711082688
3.0575379398962665
3.309690760069957
2.1128430118495047
3.004897663906664
2.8358293829551857
3.1305516180579014
4.150686951980584
2.6330584730066215
3.0346779121417518
4.478657861254968
3.3820099514219315
3.3926113547850116
4.130202010340145
3.240548347460386
3.455804090643451
2.6609473953025313
2.4028931266021183
2.9221748178845224
2.4953817946078467
2.9537218155692018
