5.741665647565321
3.7637415814651733
5.789803463091159
4.816609956968927
4.933542780057954
5.371473718233364
3.761553094585438
4.004180484923591
4.291614433387481
3.4026611930256334
4.579429988253818
5.229943922345887
4.888026578652099
4.770640412404039
4.068441768472007
4.278373875168961
3.2836888304057608
5.748244981528129
5.192536460367877
4.0189213571347
3.6524911050789126
4.3105239442833785
4.884773878782875
3.3715421492211246
2.88069651246639
2.8227468767338344
3.5306551963332113
6.633251294592628
5.539376561359404
5.817629637721368
6.192057932354023
6.381953840278849
5.532049415062351
6.279680663461798
5.9909761983942795
6.39478035416692
5.294644814043426
6.428501816056745
5.019297096758282
5.807246283615965
5.728699569460126
6.6273192511800305
3.943900346931853
5.361133240498441
5.529071720301859
5.592180165663863
5.093138238288759
6.203919985667553
6.221036091233135
2.5112934613611655
2.550434477495905
5.262211021097203
5.774874545513169
4.350644753006011
5.2340343387668
5.5602836570523655
6.653763887238158
6.441566922665217
6.366588850560179
5.959604153063722
5.574465031176708
5.479379120795335
6.15535479155989
6.389389086653189
6.353322008108981
6.158583048955842
6.210135611757049
6.231348899513505
5.772178107630101
5.9261075942081884
5.288082634032397
4.416050818804441
6.346453123763796
6.094549499707989
4.056167189306512
5.588597001686976
6.512700237237539
5.456313756453725
5.104028386247876
6.873390205057021
6.302184678454388
6.522171285503979
6.7584889264237695
7.252636603846666
5.509301005967647
7.0359595218280235
5.6708561828572615
6.858658609294504
6.509813410919501
7.146089466961222
5.394134614689863
5.594570349630027
6.230746940056773
6.243853370938224
5.496041721911667
5.509472944899913
4.893101727937017
4.493659048677845
4.195648281618304
5.345914983172068
6.935022111833627
5.794476535708564
6.398033509048666
5.137502138159306
5.421671177086759
6.153649618831601
5.696258953494868
4.934124991427228
5.91325168533324
4.9473592722707185
6.478166210244735
6.721486870127368
5.492218179977562
3.353926082767139
2.5368297974590677
2.6436448873146974
3.070334761413499
3.0901487587083767
3.2065656261944055
3.420138995274782
5.610313148661644
5.267927715662365
5.021929827908377
4.452304021685004
6.634805086155558
7.909699069380316
6.3429047495516055
5.473181143970061
4.5386263240310045
5.959103799456816
6.075428554755714
3.9345630672577863
6.073452751428516
5.574005831217958
6.243847048502161
8.246351029966428
5.3854274786111445
4.881887657487037
5.0226021059118615
5.844934288924788
6.093785581663897
7.851835909837969
5.937714699727147
6.090029895614502
6.228824390385527
12.542388260857974
6.309849628001691
6.01106775306672
5.271956395228189
6.930520954868097
6.381373408023395
5.719439502666642
5.643252752523087
5.726512939906818
7.159406157830244
7.3463245913588855
5.34126183217991
6.785075605493232
5.290254531593788
5.5399867154371485
5.699451897346471
5.815233625637728
6.069755812393414
6.305520589775911
4.531810188511008
9.941631808180444
6.397822574682115
6.376691276900616
6.044598775275381
7.011393534102069
5.939824347620564
6.998171851964598
5.898079032033428
6.254340759611819
5.110977310343954
5.6485049348507115
5.915592439198422
5.9568744643020235
6.2269421353546335
5.600832193428591
6.855433954780125
5.306198004704975
6.601148842891306
6.053434883812194
4.504045632920647
4.8970923620985465
4.792252830974378
5.447958975089637
5.526275278715361
7.906480479674706
5.850839097257084
8.748978728876173
8.202449018844307
4.7475396064364155
6.207257923135328
5.858022837759602
6.438731065468149
7.0248623282089815
6.948028812490433
6.036760001962703
6.318827662543897
5.156603726238393
7.07564984306708
6.182488659808037
4.574956826489421
6.6017615958672895
6.931685718040736
5.741647955667106
5.729541502833834
5.921313373122042
6.2329345108756495
6.1278067566737935
6.5468356126678025
6.212704607187355
4.578814893707526
6.145830440099667
5.901233132928316
4.981085834626071
5.613967267126214
5.50764232137006
5.096628522472182
5.055921331354364
4.143344842306939
4.432154851776865
7.741228905660116
5.745466629492457
6.39691331748902
5.959868597696223
7.4375035241586644
7.314865161580969
7.365885280742826
6.1978644521888855
6.3648202211483245
4.8211196876019855
5.5514195845762595
6.034461051559463
5.50169591708297
6.470884242478374
8.764814152671573
6.090369465760516
6.287939219264381
5.865038377281294
6.339305042700058
5.956129860393727
6.535102162328719
5.320129119937903
3.59106756581789
4.336004894164849
4.6488388467941455
7.331769184641138
6.514810855182458
5.335967652165464
7.116986747194771
7.677258614868898
6.458487574908647
6.438782148991155
5.83671869625862
5.440820861545955
5.070435332477847
6.518416731358671
5.868252611951455
5.346894989286424
6.558555789900528
6.386107780382414
6.919454246420533
5.109618131124414
5.53415037539274
4.899196166486918
5.010616277777518
4.8792957872281875
6.102002785490301
5.702850472506044
6.356025015777671
6.7923171605710655
4.932911164373812
7.3199690560597395
6.163190358878026
5.849045711031323
5.18620547381162
6.457287839998898
6.293182396936454
5.5763442916301775
6.035647126559194
5.772989345704985
6.34487723991418
5.297577159757797
4.97887344656954
6.309054974935131
5.360115757494414
7.082132727987002
5.25521263368929
5.619229839895135
6.507588023858847
5.916538702925843
6.151253558153125
5.7942717359865865
5.614911744531715
8.24209466233552
7.67154220910765
5.892948990093677
6.8154291295597025
4.850285419377443
6.3210032598860195
6.425482130636475
7.150102321404379
6.808328046553925
6.6114225672099876
6.388134548663517
6.413037660634087
5.19316762814511
5.985787049663121
5.621778238623646
6.1364444319092115
6.207638472558925
6.812477698006768
6.344433980099377
6.288487377859923
5.467672656046639
6.619411390465197
5.427589565413164
6.845935301042445
6.392111931190189
9.044129873584499
8.874364788523618
8.329821188211627
6.60012919579111
6.9312731170496775
6.437251363265352
5.591909956616205
4.532400285980065
3.9504777757013145
4.792902781888681
6.253539650676478
4.78448818231256
6.066087784973815
6.050173228349208
6.362777112338149
5.660263120339112
6.055741344516004
6.119440941389125
6.4764105544532455
5.793436155699949
5.1271641163286015
6.6210082444445435
6.295095418689642
6.6059259741674925
6.475815442266288
8.103560001152296
3.572632548785572
3.475008985401671
3.1823978131843567
7.479421509150352
4.691175526378269
4.898997976604596
6.15909733702241
7.040561750085357
4.705874642854249
4.650821153850538
6.191778105373654
5.7795321792097765
4.960289627965471
6.172447424574972
5.591031925404776
5.151763297396453
7.139235693060405
6.689887739872852
7.2863507856014875
6.619763026337755
5.032331337581542
5.03819888893657
7.0781981429380885
6.371403371281605
6.60615280085119
5.9408004039171605
5.979556402925292
5.627581694493389
4.503983002505207
5.2364666406017415
5.217044536825275
6.470170262659901
6.252202093517676
5.943615305708707
6.813152128950656
4.334370787473743
6.722026316963299
7.526768917581074
5.247474762941854
6.097365933569862
6.15551600393936
8.666383881460082
6.526055037839405
6.281443341649071
5.526193403919545
6.206622029926704
7.117783684879664
5.756447611511779
5.402103849019068
5.787382622085391
5.39085374785111
6.253858093545815
4.7361448369965755
4.790086328280696
6.870719005087775
5.673054527188268
5.892807368504183
6.4143836479515
6.651085568586291
5.9564340590320555
7.8974495235141156
5.254059968145707
6.533838879329897
7.065696804941232
5.207432570561654
6.155557069071754
3.3939968493334214
4.823995618990408
3.844657326229358
5.75015599405853
4.990248056427216
6.570405802753539
6.355675502109192
4.564636694726537
6.38882122369132
5.133409330859774
3.9179436395532434
6.441352532083579
6.784245682300449
6.238520273871749
5.348462953964115
6.388152306252092
4.4705651764364625
4.892474040152964
4.774345261885124
5.1729442150959
4.616264706310798
4.101483800336101
5.84885362206026
6.35803994084409
4.338762474296297
6.472690990777602
6.939281926608531
4.305182002410861
5.931658868979335
7.546839608720208
4.472749521678692
5.26292458549817
7.096556981902016
4.776326385981754
5.57957352989637
5.82657198226227
5.890393362184337
4.781591155535624
6.57554382352172
5.160522738528213
9.549643568441061
8.849777100853839
5.562426323873099
6.440864759589724
4.743067914704916
6.357594839476695
6.54716751735705
5.522217647492721
6.887083634144017
5.538708966644182
5.224864827038292
6.917679408271175
6.45425798590769
5.584795106521447
5.371584926075497
5.910061680174393
6.420678309759877
5.594599997390628
6.220095285366471
7.3576207844463015
5.870039799060276
6.385030274509862
6.409551947585694
5.994906869335172
5.4146112819438015
6.312410913137551
6.863877762854052
6.517872696984119
6.062394823623734
6.238560057576214
5.74760827122812
6.533466281211292
5.8495074573328
4.169496746044887
5.389363742911093
5.3895927295817625
6.191227470380353
5.825181876650717
6.780548252326292
5.903902690336136
6.240086532428602
6.764771523151485
5.593028158605039
6.4703619125620735
6.073023399329252
6.990431988719047
6.119849726597998
6.197343503899334
6.179422462869027
7.233931644786147
8.506519652233711
6.748221014258678
5.351555073493937
5.89640620096641
6.347365094975007
5.75543039974096
5.091439495804579
5.952666610353539
5.87398154021282
6.753036473251359
6.179882141632193
6.26242331413071
6.379581656058108
6.523114767198261
5.2949588736729805
5.285877338449524
6.122809547987952
5.387524107400706
7.3961910982132615
4.54850180827712
5.010546740948994
6.050526937361321
5.532632767285996
5.891370203717058
6.4649321997883336
4.887065764625624
5.94518036741945
6.557523892506287
5.6420334563167485
4.347882069365276
5.091517934775918
3.9302414993043313
6.835539167495389
4.0128060907364
6.66392462558396
5.444394151250428
5.2774120466193715
6.370366928812556
6.693840600469166
4.561783560086244
10.7459177012774
6.171505667505534
5.11458756819503
4.715213695669916
4.123270352839834
5.884791640844781
6.457083824884878
5.000110482307148
6.389292355770516
5.514693136485919
5.0971344255565905
7.056617069308928
6.913735040552206
7.1296657477567065
4.7966666758292655
8.663474381353744
5.257453657049021
6.694350153715181
5.135427484484947
6.618876795216206
5.305728536373538
4.4214700042491835
4.915434286875079
6.136532420803214
4.371180431771262
4.865535446855013
4.970776056152859
5.223536829112423
5.327130111056706
4.909989975087479
4.653587885389596
5.716195336180457
5.902425512759703
4.400999233809516
7.1419148248240525
7.581271616865942
6.161220918199172
6.867807382956782
5.447433193325575
6.79185626151782
5.487616472517875
5.250248949807899
4.95270646819861
5.295070542091919
7.005009077077756
5.493568553118841
5.506070711861554
6.4279943940880955
6.7619232769196165
5.376581947291049
6.3670304381293406
5.827656148149927
6.599317409993442
6.23492451901107
7.732003826428005
6.125547201406377
6.25064541672988
6.4517560358203205
6.68119468316395
4.879124325782384
6.465763614251029
5.766421196485458
6.714852656681703
5.645931656402938
6.244922415971965
7.037501271789459
6.410790334094606
7.740105448230027
7.721210636628047
7.975931528503591
7.585214428443357
6.832537637750971
8.077293661896622
7.086900149603203
7.4225967456439434
6.994001516916633
5.755619387557481
6.614423221895731
7.074072374255513
5.8063581737079275
6.052827870787154
7.090350191144205
6.240452926883635
7.29792219596538
7.23309560789853
9.232468427134409
6.462438310499468
8.51851022579591
8.911786838238433
7.487709577936069
6.632642503448752
7.799189826986772
5.924272755599771
5.891271395298864
5.934462404992459
6.883154842963215
6.713544717695169
6.215289802027413
5.183333647310019
5.591997409936777
5.997983153981923
6.703841419208789
5.646797530970775
5.5861168647116655
5.934612462761372
7.4160659826298385
5.819501913712675
5.345743123964564
6.983104804064353
7.774647396076093
5.62152597973132
7.321334086832895
7.481481272329366
6.3122283968196875
4.9205686183411075
6.466170607414115
5.524944758885003
4.64061581236936
5.404778654477681
4.770775551517302
5.271907385616124
5.908559579249857
6.795704914551807
4.668945893223027
5.729973453081772
5.815957895209909
5.015963041571897
6.434828482349664
4.29991406924994
5.852510606732144
5.741559623121713
5.653343275736163
6.348379919268466
5.767230462310772
6.61912642305
6.272768816182077
6.282742051827936
5.99560344670541
6.39737435957795
5.49078356291245
6.336927156299327
5.849673151263227
5.424851296698593
5.374078896267362
5.9467859101749845
6.232312231260819
4.835015270394559
6.175927978076524
5.427142855732895
4.886849381730249
4.406077133163489
4.714272325922234
6.761977232137371
4.371631230842266
5.008463252555966
5.021668905101556
5.796017039420172
4.788743024453543
7.490473373088678
8.273498220869266
4.61166265506389
4.179938512878035
5.691625634410557
6.261487947822074
5.763231187487967
5.5965212559577235
5.685391256013208
6.397688854122361
6.550405183923216
7.025447749835417
5.173998532984415
3.185293401289298
3.4108908283741517
6.534941868805538
6.379460428398562
5.454982031202051
7.597310261559791
5.477032526016878
7.214724917013962
6.977944988540713
4.564107001346048
3.848809762188387
5.381113663369422
6.482825091092543
6.320795250912301
5.2505414054333
5.351640280902077
6.154102644164452
5.849811743778178
6.489476774716662
4.955658592332403
6.691769276725826
6.582507017219128
7.103655370285913
7.375086859419079
7.537751466080331
6.784302638945681
6.383282587484388
5.4351974476624285
6.327532886159977
5.382697705936743
9.11217748511804
6.170206041165139
4.692941004053788
6.818560907698636
6.432274371639073
6.24998550617786
5.01797421434073
4.666178672271425
5.605779079126699
6.613565891630844
6.035329829177873
6.543243467619957
4.902865039500096
4.359788488583164
6.101214891669448
4.326763140047426
6.66535475971696
6.249738293348083
7.013904858968324
6.339335009360611
5.979678464478627
5.51144583590182
7.897428850768078
5.73255312998273
6.238536840697531
6.212034834084078
4.596235929884235
4.622432678927624
4.746998297426956
5.379801599979174
7.485622741676947
7.256092192890296
8.865127601541309
8.948994562702165
6.674319328126337
5.364285919282437
5.307803059160636
6.131426844595798
6.684045970113164
6.5022973470357615
5.365830987930623
4.688145261539936
5.406368301664882
5.246895544925682
6.433842094504987
6.287634962700367
5.822507192847529
5.486608892966784
5.624488897711736
5.000656835736739
6.060585001404229
6.423876287239079
5.92533357446729
6.356118905271664
5.459100991478675
6.1783577030634
6.669634071683338
6.245358301442928
5.865863644281509
5.472550562967261
6.211717800285583
7.0180771506127675
5.524481802731321
4.905270750928107
5.239562992268642
6.802338944517992
6.194960492846476
5.7206596865983865
5.368765245908502
4.858717582824575
5.675980365068138
4.931443083278474
5.885573386761219
5.680998892132352
5.3058332755080055
4.730159016576922
5.503167685578129
3.785248630291516
5.461752893621633
7.347534316721192
6.780060092379575
7.04734627820211
6.967652552955951
5.615749811747542
5.342584539042121
4.993670717479803
6.423427176783936
4.727413917500767
5.42624039955747
6.021210871002888
4.883231900898737
5.571214539621879
6.584515328621121
4.469479540964221
5.311355764522648
3.9045212370922515
3.182385105951177
6.506703832573121
5.92146891842349
6.7958192175562
5.168249819919604
6.170292150839174
7.724620732576084
3.903818404141835
5.262805926459924
4.596938547852529
4.9247593509409775
5.907601489366144
5.9028724605390686
4.9161973742207605
6.002623251850838
4.5917233914269575
5.759945322993206
4.818908420684357
5.225874034414234
6.523622153962226
5.031255923199301
5.6086158311271594
4.818001257994013
6.430527673478221
5.808891263647574
5.9376478835035
6.343744315385943
6.462644978922424
5.027692068177914
5.936148854215336
5.137002833063278
4.359177554205526
5.110360576379333
6.13291846204365
4.468878648306367
5.874608257699149
6.35621386782368
6.834402761800055
5.731543483741344
5.060102461874294
5.308203521003179
5.028868846677508
6.695469304968014
6.200734144703054
7.336384281519747
6.250010041367287
6.352469860808945
6.917274389730192
7.925277607760688
4.564713618276123
6.522689860752745
6.867983811024457
5.876827218331771
4.6809034031530885
4.380120938345787
4.510216748692992
5.862342312624862
5.405909506380173
6.5844451518474285
4.708443554307554
5.5245426517898055
5.780270142209172
6.48241503721165
5.5486404187888105
5.321757162734291
6.62304804729215
4.262562651081536
6.981082546530501
4.835836037561373
5.466216092897594
4.30226762047043
5.731006152096044
5.080259560994638
4.678588701123156
6.5419834963659955
6.238173023228833
5.138045924921776
5.509164663341501
4.123476217284065
5.26921300243169
5.962022229197784
4.646893717739147
6.739428450399683
4.916940487462681
6.0642471349731135
3.9956876297477657
5.690855528551125
6.508124737081192
5.6107449607311946
5.184397761834085
4.875977851508765
4.957431572036731
5.469068465702177
6.163545570418036
5.913754385020236
5.023119544034021
4.562663576465328
6.220399205647663
4.636552208055843
5.383925605023066
5.968314110395039
6.075631988286292
7.252730220125063
4.1206776368018545
4.093489265984749
5.786541558035008
3.6111517252764025
4.836338827750963
5.406987150438704
6.488073042203613
6.336079814622254
6.670733376848595
4.157594280491403
4.676678793055937
5.352560232788218
5.144605631103701
5.096456004466253
5.766886004816879
5.76138880893682
5.10134245795253
4.714706632298322
5.1774881869203355
6.876618738678282
6.506104137230346
7.755940904964533
5.37292468095008
5.7136357353950835
6.445368143251382
5.139209761902954
5.053458169475744
4.235648460504048
5.493632490772753
5.024923604109317
6.337716438816992
5.659824062237293
5.677944771483588
5.9642812599498765
6.744346700696996
6.2645624221771214
9.63964782595358
5.439798731443924
4.140834085498465
4.64908411939522
4.501666897254189
3.911862412879581
5.8818516813695405
5.015486211234718
4.278796288434274
6.1350864035265396
6.531825298588246
5.078873836088002
6.099427455205842
3.5907954944794267
4.645230441195447
6.96433724526367
5.528060231716051
4.741497169544111
6.949931492566854
6.6356823933307485
4.347077049115467
4.04468228124235
6.095790664782373
4.850544662425464
5.728395110924677
5.3242880474151875
4.600064173817824
5.673480429307447
5.298421988965397
4.199546338175238
5.770081808698611
4.314729417051435
4.550946207667326
8.161099193661887
8.963931952518818
8.879825958303355
6.597084309465257
7.024242056500848
6.833955268740008
7.080904122075196
6.528309674352858
9.266213594633307
8.727798785657587
9.445211473339857
9.195549715057858
4.511812725541243
4.998395474255538
4.650358030216288
4.7600289137596015
6.874092274055447
5.839886519878955
5.620489787885656
4.217739534896484
7.22941089581615
4.942957025264261
4.6391698727067565
4.679546705836519
4.812422356170307
4.67793644604232
7.058197171525416
5.585518791046732
6.270591840059479
5.279834228190613
4.123552662404381
3.4883491144313523
4.428685029440885
5.354280907503615
7.650498731436102
8.135952392884962
6.81524973325855
6.61614068790406
6.6657202909018345
5.489424889239012
5.416284973540677
5.482215189445519
5.64506118545998
5.53719266976989
5.656030537799822
5.845564969352469
4.971055042610163
4.603767311591456
5.1320410854046425
6.224700081882333
5.029821610272062
5.390400613407514
7.32766601120723
6.758624760377108
5.546761144719202
8.081563237106868
8.34320399929554
7.14484953169073
5.4801079979134935
4.782149328595639
6.526961616343029
4.768958322402129
5.947785805052957
5.717193053174924
4.205089397123341
5.7661756403055175
5.940194217294924
5.814611581475889
6.012846747042648
4.382516795540127
6.383886604526731
6.279553458536105
5.511330784661675
5.02727593789365
5.990361777683265
5.658873256838744
6.118959929923826
4.367091854006372
5.381403496343886
5.0789666088657786
5.095847776610357
6.17734933681298
3.758519847899323
4.844672211020679
6.594781453228546
6.8413559543321725
6.165132506745206
5.437616480266089
4.9004329270305425
4.949278654183289
5.641257171385924
6.08957123109245
6.349584593529576
5.210728071282873
5.1289683024492305
6.829909035622499
5.516464777780358
4.12116949694269
6.03347530906297
5.358522568793798
5.322859448100802
6.467815402469554
4.585230358867246
5.335123054026716
5.704481638398304
6.808025173761414
5.498991282959098
5.968371972663076
5.287983816180623
5.666051023148553
8.417600174551032
6.024019483094149
5.104929839247307
6.902261019080884
4.2007574031010835
5.576533080981065
5.564598262161409
5.249551777837322
4.874124365131017
5.215889120251082
5.460005525825807
6.029456094219198
8.162307603506036
6.33897709628052
6.872840947425959
5.177386495817321
7.35528729162883
4.725069823270098
6.259194332163914
5.137447233199376
8.895813723823858
5.38121552058559
6.675496479434133
7.003454628383242
6.011375074109141
6.418016223104979
6.303605867338897
3.947302710408168
5.833828219389677
5.47562747255075
5.654221747627697
5.810769023735744
5.647080542589341
4.552563518921516
5.1546839426714355
3.799393398735231
5.03827328454256
5.219810759592387
6.308296398063357
3.4301953983057345
6.941279328670176
6.36045152511209
5.3090672213011345
6.861381330237442
5.079386931412278
3.769297174225546
5.696973699759781
6.563643477795286
6.55827449494224
7.385099107749185
5.391080146631977
5.5225994422766025
5.576700970956743
8.481201126846742
8.098703293288306
6.635058620138688
6.978670660298638
5.989561912273273
6.573777704453999
3.2909580878580087
6.834598063663049
6.577070025924841
6.349776467615703
6.832672563870229
7.811247606588083
6.549215447149737
7.441571758870291
5.580774903693785
6.616096962366171
4.794499681114056
4.637471167074447
4.185888487431985
6.029855149700888
5.288072499716892
5.197475296519945
5.545724544389114
6.087253874844428
4.321131182945024
6.768479644519188
4.130695479756431
5.541591274659871
6.330886290237228
8.286655427197019
7.557683926251256
6.024773259582997
5.341014880316607
6.141967101525168
5.156859717130081
5.330201767241138
5.744140629109837
6.362628571552934
8.66110914106
7.094381113836972
6.0958758573054
5.850527265202652
6.384775630921755
5.807168624943728
4.910398601809739
5.339151560183986
8.0673009225883
8.021000392018303
8.063440538462759
7.220118089181952
9.125864663702902
6.658107304195162
5.797252208868994
6.615976202672862
5.344638084485874
5.650499449302527
5.495923509440718
5.399804970728609
6.299455497304397
6.431386171025815
5.695036377434402
5.144743412553403
5.28182169199213
6.737743678017766
5.245177271057575
6.526093561401073
6.612413490722008
5.961496861555511
6.728586356468504
6.3054888285598025
6.0755323891999
6.562496338943257
6.018884740920705
5.626891429718426
5.3459885230848325
5.274046434743561
4.136468020856637
5.710110487461896
5.734811798292649
4.9907713419152495
7.223870685383756
5.044070601069431
6.145789912552465
4.843179969781371
5.621877083153567
5.990176236639476
4.642048399488893
6.677928538368042
6.601274290625692
5.99136392391722
6.7636615341677055
7.372757882802093
5.218760498734481
6.6114186841025235
5.627023125163748
5.470267908433844
6.434812962570552
5.367500541463601
5.501401922877024
7.429571603985442
5.785408863336688
5.145444809465925
5.2534504570366645
4.905114754497017
6.947442273996043
5.248445495753804
6.397061863847082
4.707823426332965
4.934470331413246
5.710421165485622
4.706457721140289
5.08756179655256
6.466685747799751
5.341275953880522
5.619953419451576
4.8094617384544405
5.550171937823416
7.9132952375231795
7.248212529884189
6.618049938681047
6.902673901473957
6.428994990514947
5.954616609829325
6.108765089714499
5.804857052117787
5.060888263902747
6.118288035103177
5.311629958624469
4.060337301137488
5.96794005397428
6.422616431028919
6.074550825078786
4.723804194506108
5.572946596674803
6.638957953448529
6.8002294493402795
5.543545197457831
4.597168256372681
7.959275732344028
6.343560402931209
6.677266424250338
5.029876632280926
5.490579525641157
5.627748348603323
5.922547283098085
6.220356363182851
4.824444760324239
3.491348089587762
5.734343019224933
5.6896834746126075
4.596779741023766
6.578024497331158
8.785087364369671
5.975089507405004
7.723090053638447
7.076528700475601
5.191018412470756
7.41142026346347
6.540585716287606
7.783654142085179
5.190258737609238
6.428843352736974
5.543946517635513
5.345915822481398
4.598121271665191
4.9253177890963995
6.492098958148425
5.090008052858494
5.888414619804339
6.240802348397578
6.67106855592942
5.4756641764115646
4.5862999232313655
3.644350089147799
5.870258095067619
5.285250871418539
7.099424293195462
7.151363151252987
5.7723730284476344
5.955832889820412
6.096926493214678
4.8733258324063
4.411171395763838
4.9086050005380395
4.491295822531295
5.407359160849425
4.431192534068577
4.89828068539953
6.282488448282093
6.402201752046995
6.913301035138795
6.32739445917557
7.098090866786039
7.567140190219304
5.5318388781550585
4.480792978279814
5.636235981466563
4.699937275235048
5.663137703295245
6.141397818647206
6.210628902019386
5.911879068682463
6.297101465649346
4.944809751452822
5.502171317822493
5.584658080846305
6.058682866987633
5.728340359429947
5.779205237252785
4.419265059400823
5.652916210239642
6.115823860569717
4.345188105854296
2.8544057008667125
1.6656480650620287
4.20462922784237
3.862095188199827
5.175629270149145
6.1801495112885
4.949043732368907
5.22674687874723
5.9464074735809005
4.503253149237584
6.3702278155795025
5.232623924768494
6.961413032015535
5.988846535676754
5.94296060135232
5.670725324391455
6.128089626681846
3.8450638608453613
3.868007567838352
5.167589935648677
6.908033305979937
5.262546571550336
6.220082629331782
3.996044444482253
6.060641477875906
4.9194982953877755
4.009271465030804
4.924240043833919
4.669926256974807
4.27409854810624
3.9120589633449634
5.20751552830095
4.59882840368925
4.704272017718106
5.772917763716076
5.357010490747763
5.114773805121973
5.453788700419911
4.428627445626257
6.11187821136643
4.400730369750394
5.999033182757929
5.605060614885574
5.153754543702434
5.470837017508748
4.496649906110463
5.581616258090618
5.341621867635023
4.11958076412604
6.410315204005108
6.375296526068642
6.1039979488307265
4.820394634155622
4.201844143402156
6.546481344468877
3.979359975048915
6.320651411441183
5.44722646385869
5.831035408903134
5.769967863903929
9.727157192529523
6.68925060298258
7.753506862009475
6.560577676028725
5.141126440224347
6.604063285891491
7.800641211777125
5.51142546138787
9.263969803679547
6.545725338477609
7.105309982332696
6.182045198912589
5.028983690975645
6.186126193245588
7.2284324217567155
8.331786089540081
4.603384278895685
5.059130676662984
6.077997742021632
6.019674921878125
5.657799461230148
5.699509500667858
6.10865809937455
5.3639851321135765
4.380156175607095
3.512757408602835
5.3252577220229185
4.434630969334546
5.218488348151251
6.001046122320389
5.775491891736066
7.289783944516
5.907145034427817
5.476345444825043
5.954667596772781
5.613628580043347
4.300071334580763
5.092100261233706
6.892814597474345
6.0806169772975736
5.60450188219869
5.460277026637573
4.656552845439844
6.934873488059207
6.525543377878714
6.289187766169864
5.678817166373021
4.318296931590643
5.13209708849269
3.9467603303726566
6.691662167657281
6.139196751404324
6.060216137797165
6.229065990577552
5.914121055699439
6.752830538105037
6.98412058462986
5.872583284553033
6.068329738453375
6.25484945325959
6.107033361953713
4.530994571624612
5.4073886997650655
4.042034614014316
5.294123534585194
5.566004370711421
5.050654884324068
4.861426100316795
5.370554203083239
4.80721276270088
4.411522802889818
3.886220238510951
4.508423051471762
4.758216662982639
3.6973706987994173
5.121764004362873
5.865427431525851
5.795426731653475
4.118912697215905
5.667009675884909
4.422745540593849
5.371049736507077
3.7025687674293497
4.238168688375958
4.6749832909148505
2.9628749619377563
3.15933867323765
3.1462324865972477
4.991067986350298
5.410307524993799
3.820311691699413
5.296842749320225
5.380276656118946
4.280194252451254
5.586465492089539
5.841250585177263
4.778593956815512
7.146557210540087
5.893964292880225
4.20735457612484
6.255186253917008
6.152351387774147
6.084484922923764
5.454286837156017
4.297754560308009
6.224012734830633
7.871577703775182
8.060773764356412
4.618451887786653
5.085131937021986
4.373818883953879
6.6353113501818655
5.838236843990625
1.531352427772333
2.8441702718659014
5.642334629532034
5.490935592514139
5.657310521617284
6.175451060888857
4.7850009250402294
6.782558056399068
4.676091375191449
5.373955892898628
4.490603801336223
5.491552766227521
5.978793570989307
4.900127524898276
4.771926600730658
4.514135694046657
5.967192830062845
5.7807338692244175
5.39164752589508
5.310903344375134
4.500305516713381
4.764689191800345
5.236422624659766
5.773454324012197
5.309538356845647
5.2017862395768555
4.354921752293862
6.058221197899117
6.187052344782845
5.998545980345598
5.075601181212271
4.510254547638951
5.0375324216880095
3.5684538696371293
5.926236058754375
4.540278312834669
3.9853481773094206
5.298973470302942
4.551231995640012
4.5901479412683335
5.918079313288593
4.633264240097311
4.311079269565444
5.030259619002077
4.785004648240925
6.28438369711696
4.781155108541598
4.576325324810967
5.505117188185299
5.534166799207703
4.1807825575552675
4.5479295424288075
3.9330064862189276
4.221989735979289
6.667314731565469
3.9610682795810783
4.846323421158204
4.446525291907411
5.188344569747319
4.501363124193504
3.9413381224807194
4.859452071820607
5.463123044695491
4.377333197300784
5.112641277590772
4.96560721618747
5.45209883499197
6.893827988383992
5.972081798289091
5.7730186789795885
6.589532509078342
6.490793130087183
4.962321135631716
4.942311146870289
5.5083645314167065
4.747906634834648
5.410004732479223
4.797548492157428
4.582983349545535
6.891532759551446
7.241462047133314
4.525000974460394
4.2103166692436576
6.681407992234191
6.845450365976308
4.599223719945758
4.820202272159712
5.289135310211899
4.335727257056703
4.975057941609607
7.111169447324759
8.166511292987447
4.645477451473257
5.725201444855884
5.432589561877294
5.242179129595603
4.903857051490823
7.452597707740257
5.744175282031551
4.3006102310611185
6.367718774323061
5.329581814230627
5.3328080414649985
3.5805598649940897
4.483547546265548
6.374846699561807
4.68974169274604
4.744210780704784
6.503261843584307
5.0775700804905295
4.5111977563879275
4.431649841386736
3.074372699997039
6.2404488949917045
6.072501582025157
5.612189802526791
5.126288706782366
5.790956537704315
6.310278207053685
4.283517717694334
4.564868029474683
5.814018952312699
5.130299046067524
6.798224192608758
5.587817424493384
6.030207200912104
4.278638571979782
5.478162473577454
6.529329234850238
6.267371481059436
6.204997347581166
7.416893797852277
7.430749196139986
6.853103529426403
4.180413365346478
4.858373734684801
4.9738574823885795
5.204357861956324
5.323312803370492
5.303394105197337
4.87933672314249
4.801660437499872
4.814564194191838
4.984552437657879
5.012779514517023
4.934547651025886
6.84664517167584
5.968067422447819
5.540700152944982
6.817916411316935
7.839307076998933
7.588331237388509
5.940973032077075
6.781944298091857
7.057678372121676
4.648488500678694
3.3319476951988336
5.285198587597656
5.162372917445646
6.369812908608789
5.913590753362565
5.759426371506155
6.227362950451877
5.0240741165912075
5.435685145410505
5.339574143963931
4.023516020561153
7.256244116989196
4.422402079185075
6.096687795983241
4.838109587629569
5.1633525668962
4.881718772455924
5.867249273017743
6.231979886542302
4.4329714582939985
6.500936248970167
6.403547438054858
5.32784584891382
6.249252830800833
4.7212216259755575
5.566360125514779
5.3601397441547824
5.705837283656416
6.6165957530657815
6.7329667565303986
7.253561465401214
6.839378622986097
5.015269684527701
5.038232526177241
5.651635740053489
6.253632002470619
4.49956790464637
3.7763141175220643
3.609912800556523
3.418794603466447
5.866454579978595
5.160424608847338
5.4439611877430085
6.474286969963005
6.580219933573993
6.667466989253732
4.921655972865521
5.68953063495127
5.913636594476372
5.936455887655716
5.650470089687025
5.5450329569591
5.760233474707964
4.849836920047826
6.658687774834423
6.411046122921145
7.234059064416298
5.756151435659954
5.957244269644743
4.611181362098945
2.93032960962476
3.7955118803613486
3.625130740443176
3.1532226988137824
5.895799766350883
5.66488450035583
4.620844171573879
5.205586025952584
5.704006252572082
4.625813484762155
2.9900823823216034
6.713581208193078
5.727427717649078
5.217277447667704
5.430763832598476
5.542833058774973
5.592569755643691
6.653802440628048
5.873340932428459
5.01600065361084
3.2422419014778785
6.835968237426028
6.093780546628757
5.25223450996927
5.780736546372718
5.039421053997492
4.975672609443666
4.974981697013425
5.387949010928935
4.9214814329810315
4.743641513725375
6.1494721277397595
4.853991808213454
5.0474214807056645
4.16224754726456
4.964052914515436
5.209784271885852
4.470163625842709
5.681771144492911
5.792642354448157
5.581987643714322
5.336095000232854
4.75231950524193
5.332543317617551
4.909902499030192
4.218192753319677
4.406687414185065
4.316343475393262
4.439970237382866
3.59175175761784
4.994090254946994
5.615687011467437
5.055324064380191
5.029001464823475
4.902098750267559
6.079843209506377
5.3959020478839825
5.17289151367483
5.391294805210242
7.8832554711398375
6.954064857302281
6.9110240766614
5.94923379620243
5.040466858961858
5.300776802438769
3.6715773778453125
4.202057278592574
4.705317811239202
5.911817701867474
5.935758656786438
6.683929936863313
4.025090781544187
5.853362530794801
5.839375149751058
5.834564309794546
5.650422263713013
6.218805813717326
6.771210110319837
5.868861585820129
5.538524793627626
6.556799265087194
7.327525455710229
6.354745120138242
3.837561582828743
5.289538130926385
4.866511718863677
5.455628330340848
4.967138592938585
5.90905299747128
4.762937441248707
6.2187292845192506
5.238312294928212
5.70303160442813
5.022428516966709
5.79395641329801
5.5965181618079365
4.408755544834413
5.630957497947222
5.29282763808025
4.796988457808475
4.481498055337931
4.297716226519821
5.226624400012842
6.693468914897766
6.047526850749384
4.8293050433441405
4.036502995992452
4.019303076798646
6.5043189630602205
3.7901064075981354
5.837950936774799
6.052535798346211
5.597325006079087
5.223494719567372
5.373344235572025
4.912174835572085
6.162642325817494
6.434391831245965
6.0266280621756545
5.4070199065715645
5.359072842851697
5.595611350544339
7.081350705659608
3.640739608278756
6.12092712939179
3.821764257603051
6.25254500126576
4.653592154500306
6.592199162610291
4.748945218223252
5.9213810953140715
4.32589100111333
4.828206786618374
5.586417429155609
5.958843784012321
6.263121761029596
6.760424234807904
4.201575071346569
5.866490241231581
4.3566942689975825
7.754719203790856
5.254414835175728
6.699589043199193
5.7143180444831545
5.534944638835795
5.008174687642616
4.223452458651284
5.653875320699084
5.766537398072725
5.870997345892922
5.174301314976471
6.033037833823623
5.038138378237708
5.484634140261272
5.642060058914547
4.233736070201287
5.751594127954798
5.124261352264398
5.7679967276101225
4.876017581111326
4.666379630061787
5.5793888261488105
6.09219657086571
7.240288726800458
4.729441485371919
5.404263194835573
5.641033548730102
5.7225501094133575
5.169879882461203
4.63021307670682
5.25995036324834
5.541379575699343
3.8941430138328617
5.20030193142941
7.18614662239614
4.117169862616164
4.523456826660373
5.22868494483137
5.86243749460151
6.026833605197204
6.09851300457262
4.467515407325504
5.844383229641389
5.6783100776808295
5.068176335658728
4.7623039485044645
4.397640076240671
6.709985239272763
6.779121819091305
5.690408906614477
6.31274093264245
4.160875803677866
4.905933831725589
5.243021825864301
5.056676239146327
4.311317747026278
4.227022208977431
5.382641956517015
5.445067606931561
5.661033020484244
5.0281027759693
4.736673757985706
5.825346131440263
5.570669892367777
5.1103090920320255
4.484798593013708
5.322049976801041
4.947383263654764
6.05875108866319
5.929548554772548
5.237626778621261
5.340333940659713
5.163914208162942
5.835946249742565
5.0575512128169136
4.979232382031156
5.636467252296074
5.304079713001499
5.029724015045461
4.96884798604793
5.364041860317841
4.547437235055148
5.13483579006247
4.4736539880639175
5.257029104038328
4.731662164048509
4.908196568839216
4.531012567551073
4.119822747996601
4.516601714059667
5.293295185526713
5.709539746103883
5.4343590723772035
5.283724676237458
5.887162193781326
5.8885484359983895
3.9739953370639745
6.223657714514094
5.470964725109182
5.2446301049225665
5.242543469322123
5.297802212956375
5.554010851990956
4.120540359313708
5.832788347163917
3.9971830219296045
5.828898016262309
5.6663427234322095
4.6813136029892055
5.457934481764569
4.964554148924026
4.295642413956839
5.123864951863002
6.3865265198859085
5.704276676969703
4.865436402132343
5.3163965301359575
5.221757659853891
6.010422317440211
3.6608779038370884
5.551084517748155
6.313755269013432
5.459474423120532
4.928091234516954
3.1151154389283215
6.622423447238181
5.261222940865479
5.305493000060804
4.335083167581797
4.4149131354501
5.595783383601539
5.867344807974263
4.666756700206625
6.891597701908672
4.256694749343388
6.260294894904668
6.524153943787818
4.816514770455081
4.144013051025525
5.154199312020557
4.991603311809366
6.438242798189014
5.273741505721316
6.774341748651951
4.3445661133110915
5.624079813586057
5.94722381195616
5.425214018432991
5.1758719206368555
5.002883761686344
5.315808778596445
6.075138362594167
5.349983964223583
6.631165363829515
4.734717781302539
5.5610111277932495
5.013780599182381
5.749313861360772
4.1029390455716825
5.996145472897275
6.957813166294521
5.250872898923106
6.429025957765748
6.796318618443102
6.321663074828048
4.67825936566428
4.734870881525162
5.4295336210557545
5.046119931636581
5.523300917183538
5.6945913925866565
5.945748813183389
5.766169493840024
5.763193312388469
6.3932243228636025
4.889303440361144
5.736822119529629
4.909329602326194
5.768854930193803
4.837619754593975
5.359586675786978
6.0201696627957455
5.071660490265936
6.138815704011451
5.499389256405973
5.253411623483111
4.9496697468673565
4.703562855431182
6.242747758550319
6.362992180616539
6.376494820692786
5.424323154623469
6.291107633000754
4.168147414802407
3.998641783552085
6.314677532246868
4.754583466648443
6.57648970539288
4.956387258775681
4.849861398315656
4.446531284280688
5.677927474544735
4.893600575691222
5.360285876187122
5.943067586907963
5.229547718629951
5.287032916864449
6.380369644372104
4.568017164469952
5.090551687645677
5.061767821408228
4.495003839216603
4.016376179076006
5.52065395926665
6.08870268058863
4.91546463686847
6.138609120062114
5.389472907308775
5.946644158407097
4.445312003543767
4.165064855644713
6.091383119269471
6.706771286356875
6.9927065319210415
6.118650951769936
6.53115522023197
6.64912909448439
5.547899417993457
6.613254298014758
5.897576314287743
6.737232183372683
6.6897996129374775
5.538784126660586
5.429281805223442
6.556766627390069
5.596398724166896
4.060860674094126
5.057911140216518
5.731064583730198
6.191848399650535
5.633271621368317
5.149904819096996
5.8746691654701415
5.328877283986724
6.0421965066746175
6.332164781761291
3.883055457607186
6.429312733466248
5.5957547959707075
5.668883640073423
5.8853934471492035
5.015312219996666
5.9657301901867825
5.906564408872304
6.880285681795627
7.704151929559926
6.844555267349012
5.933434211542799
7.127126069369617
4.892223185329321
5.256097480855972
5.2707439530985
6.369448155797837
4.205572669037946
4.634475817928308
5.314763911665034
6.24846240356753
5.704979059490877
6.158766906515703
4.34231982108959
5.197968216936693
4.871307249841802
5.141558457440822
5.357524359951238
4.9817827128313485
5.6181859220161705
7.721289982340436
7.745980185288621
6.5907312781758245
5.259422153694613
5.989110225324042
5.69821299653657
5.160489453957299
6.744883544715549
5.946688156899618
6.2316853977751805
6.822527210841706
6.167290137123285
6.063809161034028
6.161190193221804
7.018245024078505
6.7764807306430965
5.234279763826982
3.26509775793534
5.068631007357273
5.7288680661116
5.971371177154779
5.653608672746144
6.155386894412912
5.7467699987352585
5.136665604654372
4.944599179950667
5.7604571537130225
6.153351640521224
4.706103533615479
6.242696594434397
6.749666586254627
6.133114892371055
6.6432145723675635
5.644555992720795
7.171868163786893
6.126077252915192
4.366990762587879
5.480449417102126
5.579126342121019
8.01233330056285
5.684068458582103
6.461933413090717
4.027817681568039
4.92018679828217
5.554818582058184
5.4488583925740866
7.047798065592538
5.973608488423238
6.533165751768685
6.422617614837716
4.438228563091209
5.688610101122239
3.3189232452239246
4.225739298793046
5.937848086808652
5.3360726416067195
5.862868234825559
5.333332357605034
5.616692358850856
5.786241201169976
5.858046594061026
6.1844270163082005
7.0825650134452385
7.127127013404245
6.711110451044156
4.023982675226174
4.2674063388913455
5.925491480409739
6.3072591991675635
5.292033121988417
5.111211490265381
6.155556692242634
5.535227749581184
5.793858364243003
7.432109138413879
4.795277227826725
5.377306302842657
3.5012248924309652
4.899090223874209
5.7030852518016655
4.441074940650585
5.3101607575542245
5.718494173009626
5.450357969596565
5.64118859943386
6.425061294409935
5.752742793054539
3.75855719955078
3.803259414418644
4.033897536178882
3.8128569352960464
4.083869379939307
5.655347206784638
5.727847019369757
6.581538767140674
5.179299574755503
6.066546487302638
4.759117194856732
4.867030027798215
4.534464383089462
5.338378755552327
4.040596358431369
4.0648850920306385
4.862964732730444
3.151865582455153
3.6018918332521337
4.531095667206954
5.159540481819475
5.0345470767372404
5.005373590020398
5.184673181113103
5.678225284514126
4.155316809754505
4.207460856309773
4.180417166920773
5.973704560107306
6.980337725077292
7.215285276934688
5.03708118532587
3.2851399482340033
4.544183267635848
4.723573860389987
3.149748466634851
3.713600819332227
6.1383224697557095
5.13004333295769
4.63378256748
4.933767897766919
5.902403239566849
4.992666969396718
6.710700077045679
4.409759670116366
6.582356542362444
4.856319449576948
5.140010515058121
6.374275227236428
7.830097461893503
6.1169604380267675
5.273328977688962
4.060733045241339
5.9931250366202695
5.161207374667423
6.4752540151278755
6.064939815532399
6.000225271322981
6.6859361215246995
6.320417717615166
4.897099199674647
5.3980642422185054
4.0487517201855345
7.054549097013005
4.8585785304662235
6.508837198042481
5.887878187041762
5.267120059527899
5.01473610358145
5.252817253218686
4.768264681800254
6.8473492650183045
5.002511801334138
4.293092839923727
3.5606408193831927
5.093233550999247
4.796670190683055
6.914931946969306
5.520081946178735
6.803215989067725
4.695546983151305
4.155880626425609
5.474513246984917
4.180794475313249
5.771641034186501
4.340274351550513
5.414619538295787
2.8183190623488423
5.404243251394648
4.512280603651405
4.7914402113580765
4.861440867112279
4.002832653425815
3.5857350305339986
5.030331112496583
6.102851095609106
7.138842062817901
4.367096673142354
5.8573727386517245
4.962190386401961
6.518860973222251
4.266558706980405
3.6102707158681384
6.184428644985635
5.0437994495220755
5.7800252206716145
6.270592156789332
5.797234178661972
5.446496951993018
6.422915522263043
6.44455696325961
7.057825178034426
6.607529233316441
5.700872966985255
6.103751136558223
7.709716569933204
6.902887504589094
6.50296660193321
4.0023369236109865
5.77497146098638
4.992125641432915
5.770577386765629
6.780784614651794
6.090064322888942
4.883046505367302
6.900469670393429
6.280206679285664
4.795967730528801
7.09444347360531
7.559707879150796
4.999761059385969
5.64696602207262
5.512064721302359
5.433552175387948
6.69081318380119
5.824795634404424
5.269970313852136
5.467747652296364
6.827271444372679
5.436179606927477
7.02305429098395
6.568166750125431
6.6748160244215065
6.8944176310250445
6.516532959047096
4.309837370585003
5.051043473816354
6.528518307942575
5.150973141025286
7.227409943711356
5.481809277044991
6.063829664597224
4.958407588284015
6.471538491548035
4.670764433964981
4.480393182867948
5.509058281923651
4.816500924169098
6.132550296615513
5.10033207300831
5.640544542463462
5.3868322015455865
6.072538339366877
6.153630041273748
7.434348787768764
6.833549521556643
4.381047758461371
4.5502964176940655
4.420725935547678
5.0563299913093775
5.0387809260742795
6.4557850261187
6.358474741615513
4.493984836553689
4.898961051457036
4.88576527907819
5.406080962014267
4.946041740029322
5.59386993993851
6.043973653879896
6.511546423531879
4.475249599694093
4.918773870305866
4.340279531823752
4.72465227619012
6.477974562308288
4.424233737371863
5.893028199685476
5.034176143020266
5.467901624772431
5.200549673419693
5.36058291784137
5.809172104334566
6.118936608145811
4.525842822760315
3.691188030253718
4.671331209647848
6.017103761118711
6.808745283698592
4.062581057833622
4.373314349857483
5.644771511504763
4.8031821779421175
7.111544860733578
6.530079976824129
6.307349912420238
4.987285520656771
5.136974365606093
4.738402570228468
6.400258146953851
4.809352101552039
6.804523218401215
5.250082552068468
6.395134344369904
7.902410310035621
5.163487742013133
7.475102559139621
5.709414484987419
5.532729134290927
4.75856333004558
5.581651618102312
7.924943666906895
6.2814073938902935
5.3616792129747
3.6492550420619985
4.782204337380641
4.027880139018134
5.774781782570266
6.362415482514744
6.374606547749385
4.725483786059713
5.316875766288413
6.259907319754737
4.9363779571312705
5.830603857922434
5.622331176651672
5.902278979106614
4.359002516903967
6.577768760791653
6.2766623897830796
6.3581612209324625
5.73908765859554
5.374370919452399
6.104941671928733
6.080788456866998
3.401464453225151
6.0397992103689635
6.2875773132615045
5.284156920698868
5.811515897206121
5.867397325700735
5.637319218110426
6.632816765670728
5.339515579318713
4.4453454395433685
4.195338448476539
5.670594422431848
6.6110595110836154
4.174611134448974
6.1349526686098175
6.298639783914243
5.6072765640189965
5.882411546160389
6.0923494310208675
4.367632000383652
4.279129174012081
4.4587798715672085
6.621803630356049
5.544521135235284
6.392702654919018
6.672709813830291
4.352043687015004
6.089620211197156
5.1998505986629056
6.098383231316192
7.001217837353356
6.816211394646145
6.110022983706912
6.861736461301641
7.32595151021993
7.128173831091538
6.927011030002181
6.421271193287339
4.852936970245839
5.633763376966472
4.296652324912162
6.580625064344174
6.811071352643875
7.602358556906782
7.466194219282455
5.787922339233031
6.766937801223245
6.405308249157908
6.717176784190458
5.097918214172061
5.968935064426336
7.418404111672131
5.929325675296017
5.054575059623099
5.175745404274193
4.671984664884293
4.945893988449761
6.929633972310119
7.21249032401969
6.318271434475604
7.362735820413392
5.854635346358015
4.864767929698204
5.415037765049326
4.7671464620401505
5.954235061637469
5.99663172000068
7.264817990398041
5.286054575200311
5.543304498729538
6.210207847695114
5.682031337142755
5.313587597536355
5.427102774130047
5.324656737498383
5.564387449924634
6.7052252902474585
6.602647735757035
6.18898798507807
4.120686575332741
4.916593598903141
4.700066892372755
5.083641863786333
5.890074584781052
6.024945398508608
4.231882131359272
5.064173413891515
3.712156071113657
5.698176960988875
4.300742569530513
5.441231473391393
5.729959340517667
5.740615015972604
4.493267552409114
4.542205426733839
4.947099165354219
4.988521972158823
5.556641911529061
5.776055766041432
4.542315734346734
5.828792934085701
5.565413565051145
6.186662457154721
5.033890755514974
5.102162141402224
4.8668639752838585
5.126036330491704
5.022960404923982
5.376081740651756
6.434835011148629
6.285264096012824
6.653663119326974
5.104392685674599
5.53431623177568
5.307955046371197
5.922020501221626
5.040174344954135
4.510197553904475
4.972285886272965
6.309506558828738
5.273031360026506
6.611849386318443
3.628509406752214
4.005802861362825
3.72191556549901
6.1352593293582505
4.9085738535554775
4.38494046880244
4.917627102334064
5.192081745072887
5.057298362702315
5.480282912315597
5.360038578033015
4.197044808523165
6.421117522969274
5.124601831026118
5.203435715858623
5.225392469000121
5.208161067950124
4.676515291011139
4.463343179399292
4.6740040751508545
5.673737912780133
6.292252941220719
4.535262011165361
3.483566741842639
5.006308190316238
3.678502704640515
4.414513190727099
6.2923092022130565
5.655189563465139
4.460045765438732
6.227337467877283
5.812923970880088
6.583626419295485
4.4730616580038625
6.054570029070492
4.626297371976975
3.9820375852017973
4.063206603370612
4.9954413722046125
6.409621592455448
4.774151621596904
6.032322126502472
3.7859376090182035
5.234506682533587
5.580610125449588
5.193793045444083
4.641685913360397
4.316393011802644
5.285245979471697
7.156300870090968
5.262607134044298
4.476794833952214
6.015414786285712
6.128724462804996
5.672764208776503
6.120575327692293
3.893613944102395
4.518831463838832
5.150934103867125
5.744728511925442
5.885666488810989
7.113062695369409
5.6603178988204865
6.0538774838774705
4.558576425086162
2.9050431046241
4.426109437499515
5.361499195036202
5.360913820005767
5.850453652179606
6.401450153787476
5.672445645508424
5.958908053170611
5.428953459162193
4.218700204223503
6.1623150003762825
4.603180876374683
3.1495450691793048
4.451259603100805
5.978885483762371
4.990228939952508
3.480075200716383
6.130583157716105
4.486383996193457
5.675815238795311
4.6797803441151515
4.332104147363464
3.8825877764137897
3.7901509094176866
4.513970945019682
5.8322691634193
5.282030420528012
3.825456069217067
3.999198168380291
5.136936379130244
4.80090902631957
5.869721556782543
6.228882597512552
7.514094513805271
5.801472252276091
5.50693395350784
4.706128287786487
4.064369602094705
5.9038863421591925
4.218537009364654
4.054002485105507
4.101991125152061
5.345582791246891
4.662120766651684
5.873923053747901
4.897753706151474
4.987298480342872
5.902110704089081
5.101981029902597
6.05762257433701
5.411425886820719
5.171952701643721
2.784902607812709
5.4728141225866285
4.8403192017944034
5.326356594263189
4.613584486423319
7.687619369050722
2.381932052069505
5.966721755333504
5.350950565663702
5.573867679101085
5.130125159258286
6.836967877706507
5.695064240215923
4.757777541396409
6.4609530789162335
4.539729350548809
5.103074534484676
6.287610304452421
6.163905916338445
6.830125212158311
5.671175663420503
5.865286887916162
5.138187703225184
4.66630339225142
5.820519269707197
5.379644533840306
5.518808409618292
5.53828726413626
6.093522936422033
5.37418054700702
5.37048390109743
4.551509114162508
5.541619991291888
5.177668909835443
5.744442906247126
4.3661820870990855
3.9666811312579724
4.401650936071258
4.980170005688585
5.363731860860536
5.129255201901132
5.405014513063552
5.594364534392766
4.730015357998983
5.794021403710021
5.4189778906305754
5.248678037506449
4.662035418618461
5.724650830701346
4.983346976816224
5.236162939305735
5.564253745898089
4.229841769846326
4.599995623794149
5.3122144117273296
4.7115718031563265
4.920098788579982
4.85260478748793
4.943908405144803
4.2331498736156385
5.257631942704081
4.875457437464742
5.814230485524805
6.556594510868908
4.862971724210089
5.316428189430988
5.054129579676908
5.636543373078012
5.2052622350114595
6.151886674628608
6.112862074575199
5.049452899101276
4.181803954215274
4.094065166277815
5.42056609809943
5.388759942226634
3.8259924613348035
4.727705214734067
5.269013930148255
5.29682226803041
7.823094372801602
4.371670586564807
4.917946144801586
4.242937337981659
4.8974316540710054
6.332069733176908
5.180735637813919
5.854476396595723
5.2948557487641414
7.349950610926791
7.702307031806564
6.296208566310476
7.5646495215946254
5.51573449622012
4.267552018030285
4.727138925523212
5.586639112875623
5.4356218591685455
5.052186929560586
4.8462848038268564
5.0400628762720485
6.429167363224173
5.013047242796566
4.9273272220996835
5.718236324359086
5.8641243891556964
5.310288374371094
5.649872502306737
6.666911209413574
5.645312697096148
4.649226058698115
5.711663925628914
5.4983218359649815
6.621062730276471
4.454884204374316
5.521154622723062
5.653227995355586
5.225382256579186
5.160548276085679
5.559882559686856
4.6627085090223686
5.334237395623271
6.12481577921748
4.688720896257698
5.05415858406217
4.611109599803478
5.810979597941278
4.626081558161628
5.438179840343329
4.266990845886855
7.834965012334211
5.001522512228037
3.806710510723703
4.447285449130241
6.2031102295373755
4.972265133248425
5.648392803684899
7.255080784186469
4.899161358162332
5.0767437936737325
4.281301162430503
4.823025308856563
5.43357828323853
5.010810517330407
5.439242663527712
4.685597955822786
6.215461462337288
5.861237478972553
4.6421438680608444
7.092557729316614
4.857680248682692
4.902861627355859
4.517428666506185
5.410804521144311
