2.08
2.14
2.38
2.3
2.2
2.44
2.34
3.64
4.1
3.26
2.34
2.58
2.8
2.04
2.58
3.28
1.96
2.44
3.72
2.82
3.76
5.76
8.34
2.16
2.72
2.56
3.84
4.8
3.84
2.1
3.16
2.28
2.52
2.14
2.82
2.62
2.3
2.68
2.48
2.36
2.2
2.08
2.54
2.7
1.96
2.36
6.72
2.86
3.08
2.34
2.24
2.36
4.38
2.08
2.2
2.92
2.28
2.24
1.96
2.56
1.9
2.82
2.3
2.28
3.24
2.72
3.7
2.5
3.44
2.24
2.82
2.52
2.16
2.2
3.1
3.5
4.54
3.18
2.32
2.52
7.42
2.54
1.92
2.54
3.26
2.58
2.56
2.0
3.02
2.38
2.5
3.56
1.96
4.86
3.06
3.94
2.58
3.74
2.28
2.36
2.22
2.72
2.42
2.14
5.2
3.68
2.48
2.54
1.98
2.04
3.26
2.26
3.08
1.84
1.84
5.46
2.44
2.52
1.74
2.58
3.2
2.12
2.12
2.46
3.64
2.14
2.28
2.42
2.38
1.98
1.86
2.18
2.1
2.4
2.44
2.12
2.72
2.42
2.1
1.8
3.08
2.52
2.86
1.9
4.78
3.12
2.0
2.2
2.46
2.46
2.48
2.02
1.96
1.88
2.26
1.82
3.12
2.42
1.54
2.08
2.54
3.74
2.38
1.7
2.0
2.24
2.62
2.96
2.98
2.06
2.04
1.42
2.02
2.82
2.44
2.18
2.58
1.98
3.36
3.08
1.68
2.2
2.08
2.24
2.58
2.08
5.06
2.32
2.66
3.4
1.9
1.84
2.0
2.12
2.42
3.04
2.66
2.32
1.66
2.2
2.12
2.88
2.54
2.5
2.56
2.46
1.6
2.94
2.46
2.08
2.24
1.52
2.48
2.36
3.02
2.3
1.76
3.42
2.24
2.6
2.72
3.68
2.0
3.8
2.0
4.48
1.74
2.12
2.56
2.38
2.84
1.92
1.88
2.22
2.36
2.48
2.68
3.08
1.98
1.92
2.28
2.28
1.86
1.84
1.9
2.14
2.44
1.98
1.46
2.04
2.2
2.5
1.82
1.6
2.26
2.2
2.04
2.06
3.52
2.6
2.74
2.22
2.68
2.58
2.16
2.3
2.52
2.76
2.2
2.24
2.08
2.48
2.2
2.88
1.98
2.22
1.82
1.74
3.34
2.26
2.22
1.96
2.64
4.22
2.06
2.94
2.14
2.24
2.16
2.94
3.68
2.34
2.08
2.24
2.32
1.74
2.62
2.32
1.92
1.8
2.2
2.1
1.78
2.92
2.04
1.98
3.3
3.08
3.04
3.14
2.1
3.54
2.36
2.44
2.04
2.8
1.66
3.36
2.94
2.06
2.66
2.02
2.44
4.58
1.4
1.96
1.66
1.72
3.34
1.58
2.08
4.62
3.02
2.7
3.66
2.76
1.66
2.32
4.84
1.78
1.92
1.76
2.02
2.66
3.32
2.5
1.9
2.4
2.26
1.66
2.38
2.42
1.54
1.88
2.1
3.32
1.86
1.54
2.58
2.42
2.1
3.34
1.98
2.3
2.36
1.76
3.56
2.02
2.32
2.22
1.64
2.24
2.08
2.58
2.64
2.3
2.56
2.18
2.18
12.96
1.86
1.74
2.3
2.06
2.04
2.34
2.0
2.32
2.54
1.82
1.96
2.34
2.06
2.2
2.92
2.52
2.06
1.62
2.0
3.08
2.06
1.7
2.16
2.28
7.34
2.2
2.06
2.0
2.02
2.32
2.8
1.96
2.26
2.98
3.32
2.66
2.0
3.06
2.08
2.7
1.98
1.84
2.62
2.46
2.84
2.08
1.58
2.02
1.92
1.94
7.58
2.66
3.2
1.66
1.7
3.22
4.3
2.74
1.7
2.5
1.9
2.18
2.0
2.24
1.82
2.68
3.2
2.82
2.32
2.18
2.48
2.52
2.52
2.84
1.84
2.4
2.88
2.6
2.4
1.7
2.58
2.16
2.28
1.98
1.9
2.42
2.8
2.42
2.88
6.14
4.06
1.82
2.52
1.98
2.92
2.22
2.86
2.46
2.04
2.86
2.08
2.02
2.38
3.34
2.0
2.22
2.22
3.38
2.4
2.46
3.48
1.82
2.5
2.18
2.1
2.38
2.04
1.32
1.22
1.86
2.16
2.24
1.26
1.24
2.9
2.6
1.92
1.72
1.96
2.98
6.74
1.96
4.0
1.84
2.84
2.4
2.94
2.26
2.52
2.6
3.78
