2.575187969924812
2.7637130801687766
2.712328767123288
2.70188679245283
3.0434782608695654
2.5730337078651684
2.6588235294117646
3.953488372093023
2.6828358208955225
2.890909090909091
2.7940199335548175
3.298136645962733
3.4353932584269664
3.3448275862068964
2.404255319148936
3.442724458204334
2.404255319148936
2.5056603773584905
2.5513698630136985
3.1939546599496222
2.897887323943662
4.13681592039801
4.0495049504950495
2.7940199335548175
2.5912698412698414
2.6588235294117646
2.412921348314607
2.8275862068965516
3.142857142857143
2.4715447154471546
3.049586776859504
2.5106382978723403
2.8155737704918034
2.5918367346938775
3.0721649484536084
2.3964365256124722
2.863013698630137
2.6666666666666665
3.24198250728863
2.5730337078651684
2.642857142857143
2.863013698630137
2.8958333333333335
2.863013698630137
2.8118811881188117
2.9796610169491524
2.7280701754385963
3.4880546075085324
2.881720430107527
2.6588235294117646
2.584
2.446280991735537
2.5912698412698414
2.268292682926829
2.5894988066825775
3.298136645962733
2.51006711409396
2.412921348314607
2.5894988066825775
2.7637130801687766
2.5714285714285716
2.6772908366533863
2.5894988066825775
2.8118811881188117
3.37248322147651
2.376518218623482
2.5555555555555554
2.5555555555555554
2.547008547008547
2.7114624505928853
2.8118811881188117
2.5894988066825775
2.6153846153846154
2.950980392156863
3.164429530201342
2.950980392156863
2.7972972972972974
3.042372881355932
2.675675675675676
2.772609819121447
2.729083665338645
2.7313432835820897
2.5052631578947366
2.7114624505928853
2.890909090909091
3.096774193548387
2.881720430107527
2.575187969924812
2.5307692307692307
2.7637130801687766
2.530232558139535
2.860805860805861
2.6310679611650487
2.578488372093023
3.8109589041095893
2.7675070028011204
2.658119658119658
3.06959706959707
2.920152091254753
2.658119658119658
2.6828358208955225
4.440677966101695
2.5894988066825775
2.7313432835820897
3.6
3.050632911392405
3.329113924050633
2.8155737704918034
2.7804878048780486
2.8155737704918034
2.6588235294117646
2.4907834101382487
2.5071090047393363
2.5056603773584905
2.314410480349345
2.890909090909091
2.5566265060240965
2.5714285714285716
2.4721030042918457
2.547008547008547
2.5307692307692307
2.391509433962264
2.5
2.9365079365079363
3.1315789473684212
3.1025641025641026
2.412921348314607
2.5052631578947366
2.5307692307692307
2.4759615384615383
2.4752475247524752
2.448101265822785
2.6816326530612247
2.5081081081081082
2.8958333333333335
2.645669291338583
2.35
2.584
2.6823104693140793
2.3297413793103448
2.446280991735537
2.5833333333333335
2.5555555555555554
2.4752475247524752
2.578488372093023
3.881188118811881
2.772609819121447
2.5513698630136985
2.7355371900826446
3.298136645962733
2.6828358208955225
2.095808383233533
2.730232558139535
2.404255319148936
3.1541501976284585
2.7045454545454546
2.578488372093023
2.7972972972972974
2.5355805243445695
2.5631578947368423
2.625
3.0327272727272727
2.391509433962264
2.388888888888889
2.652173913043478
2.292682926829268
2.871875
3.1884615384615387
3.405940594059406
2.5894988066825775
3.5634218289085546
2.6828358208955225
2.911111111111111
2.4004524886877827
3.428125
2.8581818181818184
2.7355371900826446
2.292682926829268
2.584
2.5982905982905984
2.4004524886877827
2.6816326530612247
2.588372093023256
2.8155737704918034
2.714788732394366
2.3197278911564627
2.761904761904762
2.3221757322175733
2.6823104693140793
2.5631578947368423
2.412921348314607
2.4754716981132074
2.7972972972972974
2.591240875912409
3.011111111111111
3.0683760683760686
2.714788732394366
2.412921348314607
2.3964365256124722
2.7972972972972974
2.4702380952380953
2.446280991735537
2.8483870967741933
2.9565217391304346
3.041044776119403
2.5056603773584905
2.6451612903225805
3.041044776119403
2.742857142857143
2.329842931937173
2.3964365256124722
2.412921348314607
2.675675675675676
2.5213270142180093
2.8275862068965516
2.4754716981132074
2.5486381322957197
2.6157303370786518
2.4139344262295084
2.4907834101382487
2.412921348314607
2.5071090047393363
2.7044334975369457
2.35
2.4004524886877827
5.0
2.532319391634981
2.519148936170213
2.7637130801687766
2.645669291338583
3.4482758620689653
2.588372093023256
2.849056603773585
3.1875
2.6310679611650487
2.4907834101382487
2.2886363636363636
2.6823104693140793
2.442396313364055
2.473684210526316
2.7983539094650207
2.5730337078651684
2.329842931937173
2.584
2.5486381322957197
2.9473684210526314
3.041044776119403
2.5714285714285716
2.476470588235294
2.572052401746725
2.5566265060240965
2.8483870967741933
2.6310679611650487
2.5669642857142856
2.6157303370786518
2.7940199335548175
3.037037037037037
2.8483870967741933
2.7313432835820897
3.041208791208791
2.8674698795180724
2.5714285714285716
3.3234323432343236
2.4982078853046596
2.772609819121447
2.6588235294117646
2.5669642857142856
2.578488372093023
2.591240875912409
3.1125
2.772609819121447
2.7114624505928853
2.6157303370786518
2.5566265060240965
2.5918367346938775
2.3292181069958846
2.675675675675676
2.4907834101382487
3.1025641025641026
2.4752475247524752
2.7972972972972974
2.5714285714285716
2.5912698412698414
2.5213270142180093
2.6157303370786518
3.6569148936170213
2.868181818181818
2.572052401746725
2.3768115942028984
3.37248322147651
2.772609819121447
2.721830985915493
2.5631578947368423
2.7114624505928853
2.572052401746725
2.584
2.530232558139535
3.719298245614035
2.4702380952380953
2.7355371900826446
2.652173913043478
2.8958333333333335
2.575187969924812
2.4139344262295084
2.721830985915493
2.230769230769231
2.3964365256124722
3.591549295774648
3.3529411764705883
3.1025641025641026
2.572052401746725
2.5
2.776173285198556
2.4702380952380953
2.2857142857142856
2.9186046511627906
2.911111111111111
2.8958333333333335
2.871875
2.4277777777777776
3.04
2.3221757322175733
2.597560975609756
2.7804878048780486
2.4752475247524752
2.4139344262295084
2.2847222222222223
2.721830985915493
2.6823104693140793
2.5052631578947366
2.575187969924812
3.6808510638297873
2.772609819121447
3.611764705882353
2.588372093023256
2.2635379061371843
2.645669291338583
2.714788732394366
2.5566265060240965
2.519148936170213
2.730232558139535
2.591240875912409
2.6588235294117646
3.776470588235294
3.2943037974683542
2.9545454545454546
2.162303664921466
2.591240875912409
2.920152091254753
2.863013698630137
2.8947368421052633
2.8674698795180724
2.532319391634981
2.4907834101382487
2.6861924686192467
2.588372093023256
2.575187969924812
2.4759615384615383
2.5730337078651684
3.1884615384615387
2.5
2.6052631578947367
2.28125
2.4139344262295084
2.8958333333333335
3.405940594059406
2.6816326530612247
3.011111111111111
2.441860465116279
2.230769230769231
2.5081081081081082
2.5730337078651684
2.5894988066825775
2.721830985915493
2.5669642857142856
3.049586776859504
2.8674698795180724
2.578488372093023
2.4702380952380953
2.721830985915493
2.5719557195571956
2.582608695652174
3.0869565217391304
2.568421052631579
2.4702380952380953
2.4759615384615383
2.734375
2.5918367346938775
2.5566265060240965
2.4907834101382487
2.446280991735537
2.5918367346938775
2.712328767123288
2.863849765258216
2.8947368421052633
2.5566265060240965
2.9473684210526314
2.4715447154471546
2.1818181818181817
2.6772908366533863
2.51006711409396
2.51006711409396
2.4004524886877827
2.3297413793103448
2.5631578947368423
2.314410480349345
2.230769230769231
3.041044776119403
2.6772908366533863
2.9565217391304346
2.714788732394366
2.7675070028011204
2.314410480349345
2.456730769230769
2.7045454545454546
2.8958333333333335
2.404255319148936
2.7972972972972974
2.658119658119658
3.0
2.2857142857142856
2.8483870967741933
2.6666666666666665
2.5307692307692307
2.4715447154471546
2.730232558139535
2.5719557195571956
2.5355805243445695
2.4982078853046596
2.6157303370786518
2.582608695652174
2.5081081081081082
2.4752475247524752
2.5071090047393363
2.4982078853046596
3.0690789473684212
3.041044776119403
3.15
2.6666666666666665
2.824372759856631
2.588372093023256
2.5555555555555554
2.4759615384615383
2.6823104693140793
2.712328767123288
3.087193460490463
2.3964365256124722
3.088145896656535
3.139455782312925
2.7313432835820897
2.5056603773584905
3.087193460490463
2.588372093023256
2.8958333333333335
2.2635379061371843
2.75
2.5714285714285716
2.6157303370786518
2.519148936170213
2.5486381322957197
3.1308724832214767
3.0690789473684212
2.6588235294117646
2.6153846153846154
2.5566265060240965
2.7675070028011204
2.7044334975369457
2.6816326530612247
2.5486381322957197
2.734375
2.7675070028011204
2.2847222222222223
2.7195121951219514
2.658119658119658
2.7940199335548175
2.542372881355932
2.456730769230769
2.588372093023256
3.6136363636363638
4.1875
2.7045454545454546
2.456730769230769
2.3197278911564627
2.5056603773584905
2.446280991735537
3.088145896656535
2.6861924686192467
2.3297413793103448
2.51006711409396
2.7280701754385963
2.7940199335548175
2.6157303370786518
2.5213270142180093
2.7675070028011204
2.7045454545454546
2.890909090909091
2.5555555555555554
2.514388489208633
2.6816326530612247
2.588372093023256
2.3964365256124722
3.3076923076923075
2.5631578947368423
2.230769230769231
2.6588235294117646
3.164429530201342
2.730232558139535
2.4752475247524752
2.5213270142180093
2.8674698795180724
2.6772908366533863
2.3964365256124722
2.5912698412698414
2.4139344262295084
2.4004524886877827
2.439814814814815
2.8826979472140764
2.6861924686192467
2.7637130801687766
2.530232558139535
2.9565217391304346
