2.5
2.8
2.72
4.7
3.2
2.94
3.06
9.46
2.46
3.16
3.66
2.48
1.98
2.58
4.42
3.32
4.76
5.68
2.12
4.18
2.92
2.46
2.98
5.22
4.28
2.02
6.64
10.3
7.96
2.16
3.08
1.9
1.72
9.36
3.56
1.92
5.32
6.08
2.84
3.8
2.18
2.92
3.08
5.34
3.62
3.48
4.4
3.28
3.2
2.64
2.38
2.5
2.76
7.76
5.36
2.54
5.04
2.14
6.24
3.46
2.58
7.02
9.16
2.62
2.62
4.3
3.24
5.04
3.34
3.42
1.82
2.32
3.56
5.88
5.24
3.28
4.14
2.22
5.1
4.92
6.94
2.36
6.92
8.44
2.76
2.8
3.62
2.74
2.66
4.44
3.18
3.68
2.64
4.8
5.1
3.24
3.24
3.38
4.04
4.54
2.82
5.86
4.28
8.9
5.46
5.36
5.16
4.68
8.12
4.7
3.5
4.16
1.76
19.86
7.42
5.78
9.1
4.78
5.32
8.94
2.36
1.8
3.36
2.72
4.8
3.12
4.8
2.08
2.4
7.0
10.1
9.8
8.74
7.02
11.98
6.66
4.5
8.4
3.68
3.7
8.32
4.82
3.86
4.7
3.64
6.12
13.46
7.88
3.68
12.98
3.58
2.34
1.98
1.94
2.42
2.56
2.44
5.74
8.72
12.26
2.74
4.68
6.8
6.68
2.84
3.68
14.12
5.4
6.42
3.82
5.44
2.88
8.02
2.86
6.08
9.78
5.06
9.5
3.78
6.06
3.46
6.62
6.54
9.54
4.7
2.18
2.08
3.76
5.5
9.18
7.04
5.5
2.96
5.26
3.58
2.14
7.78
6.54
4.68
6.36
5.4
3.8
2.7
1.76
8.5
3.04
5.18
2.96
2.62
10.34
5.64
5.74
13.88
4.56
1.62
1.92
2.2
1.82
1.54
2.96
5.08
2.92
3.56
6.04
4.22
5.48
7.6
2.06
2.24
3.24
5.38
6.88
6.3
9.48
2.58
1.84
3.28
2.52
3.36
3.8
2.5
6.44
9.48
3.62
3.82
4.94
3.18
1.96
4.64
10.74
2.22
7.16
1.84
5.78
5.56
3.58
8.12
10.74
2.32
2.72
4.02
8.56
6.68
4.9
3.16
3.96
2.8
6.44
6.5
4.02
15.24
6.5
2.44
5.5
2.86
3.16
2.26
2.54
1.76
1.84
7.46
2.28
3.74
2.38
1.84
2.18
4.4
6.74
7.24
3.54
2.58
3.04
4.4
2.56
3.68
2.28
2.24
1.76
2.64
4.74
7.98
4.24
2.92
3.22
3.4
5.1
2.82
1.88
2.66
4.68
1.74
11.0
4.86
4.44
15.22
17.82
6.04
4.14
12.76
23.34
29.84
8.92
8.46
3.0
2.04
5.14
3.16
5.38
4.9
2.3
3.08
5.04
3.0
4.4
2.52
4.38
2.38
5.36
2.86
2.74
4.22
5.52
4.04
3.98
4.0
5.72
4.14
2.66
2.6
2.08
3.48
6.92
7.16
7.14
3.08
3.86
2.34
3.08
2.26
2.28
2.36
2.28
6.92
4.82
4.04
2.7
2.02
5.9
2.22
2.7
2.38
6.32
2.66
2.36
4.1
5.24
2.12
3.28
5.02
4.26
2.94
2.22
2.28
2.66
