2.3879142
2.2873652
1.6291702
1.4256549
1.4841273
2.2060528
2.6838887
1.7397059
1.500027
1.2088926
1.9732665
1.6393423
1.4531798
1.957693
1.1059971
1.4722035
1.3267455
1.2680762
1.5340828
1.3190477
1.3306162
1.3929892
1.9120792
1.2071905
1.6907867
1.4590315
1.5639914
1.2228518
1.2572448
2.0841336
1.4191792
1.9850518
1.4083185
1.3605354
1.1951005
1.3715911
1.3309299
1.2929485
2.1189878
0.8285395
1.5123225
1.7279277
1.6104966
1.4165355
1.6128654
2.3226047
1.7541056
1.3392743
1.0764487
1.3538511
1.7412785
1.4454441
1.1488606
1.6430998
1.1492794
1.1162935
1.985913
1.4318781
1.1604989
1.285507
1.4474708
1.3096943
1.1124233
1.462867
1.6998855
1.1730496
1.4241326
1.3770051
1.2908597
1.3288617
1.705756
1.3823247
1.3551013
2.3093524
1.7646602
1.5957295
1.6289966
1.655881
1.8159361
1.730199
1.1985602
1.3638909
1.5433222
1.4021884
1.5261846
2.3341367
1.6253406
1.1729621
1.5652728
1.2081083
1.3210895
1.4645836
1.4289726
1.638838
1.2826192
1.6408776
1.1604265
1.1428115
1.1891139
1.2162163
1.0187671
1.40523
1.8542924
1.624908
1.1451967
1.0271274
1.9026172
1.7219679
1.5841432
1.3948212
1.1518706
1.3870512
2.2960415
1.4771469
1.3959861
1.5386409
1.6796331
1.1229484
1.7237854
1.0999455
1.2936287
1.3014796
1.4417567
1.2731259
1.5734054
1.3649894
1.4920802
1.5817742
1.2581851
1.0815022
1.3998332
1.2089789
1.3718274
1.0955799
1.2244813
1.7739158
1.3060055
0.96766686
1.6405028
1.5363914
1.1047533
1.6833527
1.3629135
2.0125985
1.2550015
1.3299726
1.7018754
1.0626137
1.7538056
1.1383214
1.3325722
1.3144372
1.0986006
1.8768166
1.7928855
1.9960277
1.6706057
1.0468826
1.2689033
2.0114212
1.5989946
1.553395
1.3285198
0.9285662
1.4294382
1.502311
1.7601843
1.5561284
1.4377505
1.3646483
1.5266442
1.2560334
1.8573558
1.5055285
1.7115663
1.4592323
1.7435049
1.3797102
1.6231415
1.6466086
1.2163236
2.5567348
1.5948387
1.8641478
1.3625214
1.3313494
1.3059642
1.2386394
1.3409855
1.310741
2.2228107
1.358741
1.4629763
1.2026618
1.4941001
1.071146
1.4519827
1.7225173
1.4376688
1.5387993
1.3189645
1.4776863
1.2661341
1.3260694
1.3154681
1.7017753
1.1819196
1.2079444
1.743988
1.3109818
1.8322667
1.0123198
1.2295008
1.7255937
1.2691276
1.2252853
1.8070073
1.4342929
1.2666357
2.4585009
2.0302453
1.2903425
1.5005811
1.2994118
1.5904646
1.4086846
1.2812
1.2423471
1.3459318
1.2523403
1.2583234
1.3092539
1.3459353
1.3393946
2.727237
1.0137658
1.8605614
1.4107437
1.3052993
0.8239424
1.6953089
1.3804166
1.56266
2.058135
1.8981723
1.3069
1.4940997
1.8140473
1.6692148
1.5575408
1.7218225
1.2733585
1.1731931
1.1326036
1.2149245
1.2733347
1.0000839
1.1873953
1.697976
1.541465
1.824566
2.1839457
0.98049104
1.7033947
1.659873
0.81867886
1.9026836
1.4768958
1.1987374
1.0289673
1.3806701
1.5030437
1.0561727
1.121841
1.3563926
1.256618
1.1304202
1.2385408
1.2223796
1.3341994
1.6789927
1.5115483
1.4941717
1.5084963
1.4830997
1.1598983
1.332132
1.4733636
1.3670744
1.6315671
1.3970789
1.484897
1.5006862
1.7123084
1.213527
1.2107444
1.1983566
1.4980685
1.3397902
1.4145112
1.626782
1.4884841
1.3810146
1.3657385
1.7813559
1.518227
1.2067176
1.4987154
1.1756091
1.4931486
1.4757922
1.2675918
1.4698987
1.9302362
1.4924583
1.1278657
1.5098116
1.2750075
1.0578463
1.3035574
1.122331
1.1150718
1.2022368
1.8170408
1.2219692
1.7527368
1.7867386
1.7999399
1.1162171
1.6512808
1.3679795
1.6774383
2.1269164
1.6673753
2.3049994
1.0525484
1.450159
1.6719095
1.6760833
1.6417724
1.3627157
1.6112657
1.7305436
1.6733795
1.3731067
1.9759293
1.5847399
1.570656
1.1570196
1.331826
1.9622955
1.652889
1.2941277
1.8868827
1.1697835
1.280302
1.5107524
1.5727557
1.5374991
1.1663828
1.4937587
1.1747279
2.0547924
1.7719116
1.0964556
1.3462157
1.088567
1.8406326
2.1213806
1.4759965
1.1592681
1.1289035
1.2975922
1.3399234
1.3376002
1.6920972
1.1752379
1.4900484
1.3007431
1.5009187
1.248466
1.3220539
1.282171
1.1307964
1.2491046
1.587703
1.4684291
1.4286289
1.3518721
1.4085248
1.689914
1.3185215
1.4732921
1.2227986
1.375322
1.0449183
1.5418781
1.7169706
1.5126646
1.5012627
1.0570344
1.5090692
2.1189396
1.1662877
2.0311139
1.1904147
1.2167184
1.1839293
1.0306625
1.9187651
1.2744575
1.3631251
2.0878136
1.9350996
1.1614554
1.2905028
1.290808
1.2543952
1.3860286
1.451815
1.3696538
1.2580504
1.1273363
1.4527326
1.1690239
1.4144207
1.2189381
1.0642927
1.4981264
1.6151831
1.6450888
1.3597982
1.7085236
1.8668088
1.7642977
1.2240032
0.98715484
0.7914424
1.21736
1.329889
1.8152965
1.1951873
1.3906946
1.2635008
1.4566673
1.4625889
1.0423486
1.3710587
1.597939
1.1615388
1.1306684
1.6343411
1.3349807
1.3302295
1.1422353
1.359254
1.3278499
1.2947049
1.2939954
1.8008602
1.3829074
1.6870674
1.398847
1.2367758
1.1734786
1.5029215
1.7257804
1.2973691
1.5205222
1.2658379
1.4111252
1.8967948
1.8147781
1.6698955
1.4619055
1.345293
1.6233988
1.4201715
1.6780211
1.2994006
1.2308979
1.061027
1.4733374
1.5040469
1.1727821
1.3524821
1.5041473
1.3184583
1.7486774
1.6217291
1.5460545
1.6653659
1.2829401
1.1337085
1.7436042
1.1851673
1.40603
1.9436982
1.116905
1.9852957
1.0837002
1.6111557
2.0813136
1.5976466
2.0007539
1.6906097
0.9700942
1.0435045
1.5958475
1.325335
1.0225948
1.094053
1.2105999
1.5644878
1.3185732
1.667405
1.3151779
1.4532691
1.4164213
0.9378575
1.0915914
1.0234926
2.2798703
1.4505591
1.531599
1.745456
1.1701404
1.6839131
1.6289734
1.5524594
1.6091297
0.89851135
1.5282266
2.3480697
0.9346638
1.2522589
1.5014917
1.5586381
1.3375516
1.3784635
1.3746328
1.3639431
1.542329
1.8820771
1.4066479
1.8293216
1.2489485
1.6377515
1.295264
1.8457147
0.95230377
1.5366154
1.5278407
1.2633939
1.0119183
1.4167752
0.9413694
1.4867964
1.1737921
1.2970266
1.1684673
1.2919745
1.733652
1.5531781
1.2089288
1.2397585
1.3065741
1.5698161
1.4267381
1.0089179
1.1882076
1.1438856
1.596055
1.5333405
1.157025
1.3221567
1.2129036
1.5421833
1.2507421
1.5126263
1.313674
1.6497337
1.1457214
1.4528236
1.195742
1.2127576
1.1797903
1.5657007
1.2866207
1.1163487
1.1551824
1.7466408
1.5383976
2.012308
1.0914118
1.5445325
1.1509998
1.4726939
1.0886471
1.7116537
1.2929106
1.5168388
1.662277
1.7824165
1.8000816
1.2330421
1.5906779
1.3075142
1.481075
1.1905012
1.2745285
1.7382835
1.4793714
1.4529018
2.0561934
2.1174433
0.910097
1.7732139
1.3210242
1.7474289
1.16533
1.4387224
1.2545286
1.1652112
1.777925
1.0528358
1.266953
1.6843402
1.684182
1.396524
1.7495778
1.4651761
1.3901155
1.5859867
1.5545305
1.5319244
1.9652711
1.4125628
1.2157851
2.6150665
1.6080785
1.2575654
1.6473014
1.5338761
1.8492705
1.2922148
1.5115042
1.4189844
1.3980918
1.487684
1.578911
1.5488665
1.3829606
1.4443561
1.2947001
1.4382967
1.5881164
1.3176785
1.3082573
0.9581518
1.8047006
1.6011043
1.5258801
1.7862377
1.7598147
1.2049294
