4.610798108729497
4.501250796217547
4.298710857872363
4.4098157500633715
2.0481708734972246
2.229068964670841
4.236798709375686
4.091966482819403
4.396780648943151
4.524992869471783
4.604071948392908
4.659167417329717
4.738733483817006
3.000638875623087
2.9999778907267274
2.942006178861649
2.930851285006962
4.35713932763384
4.507963696607609
4.716063933733086
4.76876416501091
1.999108959947122
2.026779099132139
4.6183201734714
4.67615314064816
2.1099525167478266
2.225028071174737
4.699087887900077
4.733336281204952
2.4774436959674677
2.5165569858702455
3.0005820520087427
3.0001311599465565
4.719439647313008
4.625994543631823
4.8840614301432215
4.858467226807138
3.689388629846175
3.6893886298461744
4.942569816554507
4.966024477504538
4.363286614530344
4.379637679027898
2.194724665399016
2.07817533605433
4.814490482101231
4.9794689874841165
4.593692338155678
4.757608305455025
5.000126496452949
4.9941595485355785
4.427750581569848
4.3827690743435745
4.61808732048126
4.5544603495317535
1.9782552848105366
2.023887901988302
4.159228659013596
4.159228659013596
3.4777565426098906
3.4777565426098915
2.999925679987148
2.9999999999999996
3.000753258743459
3.0000861233000933
2.9103530981734336
2.7239171427204347
2.2729998375183946
2.4066144480850107
2.8099396985780376
2.8083483934739673
2.9999753898483226
2.999661181100731
2.996215349418597
3.000099691436127
4.646238766389918
4.749318774758947
3.292437912930203
3.292437912930202
3.384540995889285
3.344488064472949
2.4701120035616375
2.4191592882285207
2.888465434693215
3.246862849992892
2.5776182884562595
2.577618288456259
1.6133002704848116
1.5883789591068855
3.6758224636336343
3.6499094913732315
3.000044415599437
3.0001071978763427
3.372575340921721
4.267281083003895
4.351771229269007
2.6912693021188945
3.977643631563365
2.167335681693319
2.2064098405137385
4.580418867900894
4.67713884586906
3.1025804776475856
2.9796961081244437
4.697994504683219
3.0875759752675505
3.5771316200547836
5.275045649030371
3.76251533575495
2.450879040798907
4.483843005147253
4.4454193521748415
3.913355599739218
3.3671823503351876
3.157959953710218
2.761000733933184
4.35023130845687
3.5736107573980136
3.7276680947565404
3.7350376958169216
2.608328099239607
3.6576313397725917
5.166955093265541
3.8492384788361482
3.8637307896521507
3.8767916355110303
4.900140790921977
3.270533545437535
4.133842214626163
4.6359739877098125
4.651634702050201
4.23454404984123
3.671503379204801
3.671503379204801
3.16032322646135
3.8579823861728557
2.9068814630088253
3.4638266964403432
4.027242327443716
2.575973903207326
3.2984263044616076
3.06438252036801
4.592202542600511
4.453705651713534
4.416081997000982
3.121240178234503
3.1389470465395575
3.7393698059045883
3.06846008076295
3.3664557902779753
4.195727074012632
4.376881142084439
4.421019387283055
3.3382275310550016
3.5251309640329307
3.157339770049644
4.689783748461359
4.595437729257313
3.0575900768179394
3.182963701842506
3.318287939138352
3.831222607685887
3.2749720718453883
2.978370888383823
4.19659457221233
4.56352202781285
4.628709029378188
4.198571604858932
4.297450179165086
2.7327150101997195
3.524745992266141
3.977572143118275
3.35368338552638
3.902100297433654
3.3673003857186177
2.7587869474963824
3.5907010811969533
4.294030010576341
3.652109999462009
3.593817419379707
3.5615067182422386
3.841107673805212
3.000065637197324
2.999936037641584
3.5258605626538824
3.454219574149923
4.718443410510742
4.877391954285
3.490559082658198
3.4648462492295016
4.735720127639249
3.265192649612976
3.3450756905193484
4.670614776126597
4.79231638595364
4.771086041360887
4.73699603151749
3.333763260579848
3.298503445007939
3.750125420290593
2.7211322815682495
3.825558598043075
4.008421913474545
3.2536842349826482
3.4568570199766473
3.5313341085863463
3.227320990712418
4.110133455609104
3.4763373215140665
2.8059250244001595
2.9671438603700624
3.6028913357095895
3.191748157533696
3.4905867777800275
3.0044855201137013
4.1392799583914375
2.5594064700395696
5.000547320198503
5.000000000000002
3.9958148528324
2.81630872471516
2.517935473535596
2.9970887624319973
2.722672214264742
3.0407548809677025
3.2782115192593198
2.5356256243509114
3.5642902400742225
4.359579471703204
2.5453502698196875
2.4909241848780144
2.868340454654772
3.5323991345015457
3.124723212869444
2.9044675140513503
3.810565109882077
3.2832600205739446
3.0939656362602945
3.2688555562574937
2.896969487099736
3.1429468672351897
2.3350020374475853
3.853566690213686
3.4406355973304645
3.3922768613535266
3.1150725267560344
2.8256938639226385
2.6846078637669293
3.204387465025908
3.2799077563721064
3.6338495349372906
3.171721462317813
4.264431313176322
4.146675452504499
3.224338687949419
3.6203753406707024
3.6203753406707024
3.0434113304932455
2.910977794009994
3.3571286231690496
2.8689247567031813
4.926292350435017
4.996179924939106
2.685626096341385
4.363514262581536
4.312346986828533
3.015698459136887
3.059692865433023
2.557017934541899
3.625974705480419
2.84456787066505
3.046092721335771
3.368148487534751
3.0884231978434302
3.6187627213154334
3.4281544454870563
3.2659516614594244
3.5436805355981233
3.112644672362263
3.511501236760393
2.7832525090352
2.8183535922246
2.8902827584310273
3.6997630330972773
3.7880591381113455
3.3278416130027972
2.999902700393778
3.000244400498246
3.5465138503631977
4.162673867498068
4.101916038448496
3.394338020327337
3.863965441076166
3.3932561149457916
2.9994792494563036
2.99987658394171
3.74245258968988
4.501547318258484
4.679523501924891
2.9127965529892244
3.8995461580756787
2.9875185805931315
2.9360612093417875
3.6269390097832344
3.0584945321083232
3.279455665140075
3.7503759382329007
3.037929979576854
3.980457503369664
3.4777322720642405
2.855289311062274
3.4589772605145037
3.1363025957855766
3.7894438568315567
3.367265483868684
3.516458984515323
3.412187611350551
3.8032444511713477
3.5768470109193644
3.304425243307256
3.0527124994701174
3.269042086537725
2.514096646503279
3.3423298028922903
2.064723261012804
2.572974519484516
3.0845088328435093
3.030071457967004
3.9813193204021946
3.035966415212069
3.539654843045682
3.009835667670989
3.5568046394318693
3.7939850712980667
3.296316056184319
3.296316056184319
2.9203897763508526
3.251508876899913
3.748369973190808
3.1324001756432436
3.431952655714531
2.9680311106791146
2.999625560929686
3.0000230258989897
2.630140560706818
3.0622752249066774
3.4162074814679797
2.804839468245942
4.095002505221378
3.9478501549037355
3.953635090791926
4.029919771528535
