7.376608922928667
5.4242416818311625
4.342010126414133
5.871285962818231
11.340906393316
5.7383655934638576
4.514721496661083
5.379941381576806
12.539662214669283
4.523230600766006
5.591682182934443
5.847335553136934
4.626284701075963
5.487953666399855
5.5447484459306935
7.7886957079697
4.276649949654815
7.994148519358374
7.601181285088368
11.912998362343773
7.428903925011885
7.887593408288469
7.094986392346281
5.923747941038057
23.393429697633067
9.320190866680685
6.841506753815855
7.94437811486944
5.720682905742932
4.352168143935949
7.493360333382692
7.248343043379665
5.878971717752008
5.49222317809114
6.276495908568061
6.386779033726517
6.577883139760771
7.017468199983128
4.7321460055656805
7.448743850500275
6.451395801131487
3.8631604329693836
3.3871951457402822
6.262634758704081
10.772046289721882
6.226886233894328
7.83598028008754
15.950424562774144
5.914071191152464
6.132336538179308
6.80545896263614
7.447742973644031
4.785879476364611
5.771192833346914
4.8143293007826635
12.13139088723186
4.684904890932611
5.118699271153364
3.0098141982375726
6.85095094246959
5.063849053646452
5.792394280353232
6.955386433536494
6.66028682895432
3.699582826143029
12.033990602550244
3.6781965426202254
8.509978295801378
6.0884700572967905
6.010364313067359
6.432938082212088
5.131967893529196
6.763540570631609
5.07476402853027
6.091859104748882
4.775971214719267
5.254491228442782
6.37907884492031
7.355493802514823
5.072839349307849
6.630915095635007
6.4893092573708
4.171295145080436
5.017969117836366
7.8923091287184945
8.056105643118954
9.008621617691153
6.368570686112053
6.784576006812388
5.244840928050683
6.475385459589443
9.077395308650896
2.5771228432196076
7.724584898304194
9.39496369170213
3.5410256106375093
5.976032252680952
4.290347922948378
4.930786229246184
10.949521542277107
5.45915962787401
3.223826802049329
3.3161680820138404
2.7097959469398827
6.641951139934336
6.652952636603914
6.935304629717811
9.721848922167188
3.083703460009268
5.165699460410724
6.129169501869708
9.075456720113921
5.268350603346644
7.924514799746985
7.49870199731166
7.059475788176448
4.57647296141308
5.166167495296492
5.979126838487765
5.084714221165058
11.79804513466143
7.252706478968019
3.5632400887060744
5.797581649762876
5.64110113297309
4.752992139431195
3.80355714250785
7.3600543166086
12.571396015245373
8.488032993515818
9.583905407758728
7.15293703235847
7.271191531267182
4.050623143547383
11.272252720828048
10.595447453555206
3.5080236217049006
5.974132074969992
7.96536127652711
2.741699769980552
6.182067280696462
9.057218963931856
7.155954061537439
10.21407600804418
3.8595763804985035
7.396528451555546
6.1277928330797415
6.829019000331707
4.25672908596313
7.8099080040301825
6.493817854811417
6.6640781018408095
5.709682333543554
3.80563231410935
6.300578971233356
5.929175971155272
7.7092842219303295
7.801035308835261
11.941690675331738
9.270956301429083
6.866170629437358
5.288746079251475
3.20636367639133
7.388734239304067
4.24878550081138
6.632110321479071
5.221301291493531
2.658069647833313
4.768168210533458
4.38056857952766
4.603520728380097
5.754262401219041
7.005805788327631
4.589687816183703
8.976413999337915
4.937611894788635
3.7705423694334113
9.695308791821288
8.396982978996698
7.334807085880864
5.99407510156492
5.928263966497337
4.3319231146317225
5.752799015784999
4.135302560183208
3.8626870017396007
5.664394677984214
4.358894370997684
4.975045164542486
6.294441765337417
20.65517176196835
6.574287855111159
10.35994833459836
10.93065494415067
5.403891404275276
5.041776321229727
6.49932752173413
4.77367195114317
4.51061949485947
5.512136860117093
4.274008356557064
5.124874863450696
6.3515208385788
7.362512893986102
5.388588451908765
6.091182662133241
5.329441453939513
9.032951990113329
15.324892527999102
5.737382190586033
7.594522413109806
5.7708709341266795
4.307712550215898
6.759472866716159
3.806128215578847
5.530362518106049
7.2675582080423045
4.565329087939269
6.713611308012119
4.347325355099993
7.818241427360455
7.82845681077983
8.307798305565424
4.305060351818637
8.6443090345777
8.124811039662585
6.589673729572291
6.365032570988286
7.146469592393558
6.906630497191249
5.927371550439335
5.230697952747719
5.920107089081753
6.7624822611732665
11.634596942345295
8.095393294656681
12.47182746543296
4.493414755055042
5.160684899571645
5.379956940119017
5.736775524359662
6.915239375637155
5.360896472296579
10.93521923503224
5.973285472339932
4.404502448587596
3.92795216706372
3.820995574013707
11.290511569652175
11.183587138937
3.915576967610847
6.9845950118242195
7.264435773156219
8.054937534138057
3.9975019918254424
7.656886340284366
10.282535919017812
8.803659225005687
10.331336905048213
6.2963168620321825
6.1176444282635085
10.278596986521451
4.679555020684171
6.287863511371255
6.755076033038032
5.433138002659418
4.674574128181753
8.508870004498348
14.354096962244883
6.119860216499898
5.374589074449725
5.5381564504591445
12.353264961865248
4.980376210548574
8.920275295684458
7.542302318437968
7.523228474273078
6.550221433729019
5.310261489015917
7.643262534134068
7.154969137944979
7.762245069746312
4.695736350708884
4.377309365306879
10.386212530663084
6.387226705087168
4.0584097401803945
8.461524052353516
5.28411396159853
10.874557586246661
6.478717013666771
5.724971265715438
3.604012236996954
5.503358447228024
6.049883428784321
8.99324138227408
3.0338416840948494
5.411045819206663
6.096643935729868
6.02570234238514
6.520985396247225
14.58481638213803
5.643365825803084
7.594586099558487
3.168359859027642
6.960715048250896
8.430889873302743
4.201181321834935
4.408803044966706
5.851280939204763
4.466710800076922
5.320913204477953
6.097389812333485
11.653852362259608
6.268078499256502
7.307402759690253
5.972054089131474
9.800515608737316
9.376182412439508
5.0312317447616115
5.8969481819382334
7.619204815617191
4.03851641483254
10.481748779560391
9.619734283248146
5.552183874858042
7.14400033643397
6.625945773054557
4.308431073869961
8.521624386668513
8.642669278261387
5.361817063213159
5.967341236611595
7.687550198458386
4.028983083927793
7.750637712889301
7.213474509873866
8.11680835248685
6.799512241825401
4.598421172467398
8.566909130602511
4.4163275545147265
3.806587752715453
9.906392634727837
7.914889326065553
4.2620627119127255
4.963543175845838
6.515345102109073
4.754246518491193
7.674959860712953
8.23798242468062
6.5331276838120305
7.782641112895413
10.121747047318063
7.533981648857358
12.04892198112491
6.574634434671015
6.961233499702162
6.194128658684288
4.277014386781375
6.897721451794728
6.7460621117976896
6.314819231255106
4.5494365569245065
6.697049613676361
3.5989019607936075
5.292721387145773
7.862377607931751
5.890085640347897
6.854314282199616
5.822415067815857
6.3393642956771865
5.027307767448337
4.2093934372149855
5.677546774043025
3.9685125832403823
6.433997481764132
5.909536837258838
5.379914286828172
9.73154569829942
4.030298568024353
5.807765439058151
7.2808365200916585
7.556767973686428
6.135277310890309
7.032648545307416
4.597141753780423
3.5882985226215096
4.765988167289817
4.940893889283062
6.595235776856038
4.703624652759467
3.6527838348117685
7.341269351575471
12.588448503567863
7.142122367366872
4.631377001158465
6.524090051375005
9.13544628333814
5.0751415470538355
9.353861960840478
4.68794034527403
4.658383013173578
5.566833508879678
5.805449358958825
5.517779655381359
4.0098760199074865
5.164581227944171
4.016606443228179
6.027622363912394
3.892362201654535
6.750886601742457
5.964064362419851
6.588214681620348
17.96156878219968
5.051331380522879
5.935670917058474
8.151493456180251
5.388151488995884
9.460347026579173
4.856951459409621
6.835879113732948
6.939252379510106
5.024697383514059
5.955456083177837
2.128370029927578
7.459144899368415
5.53689064500254
5.74151848047589
6.555969323582247
6.848086524669611
6.351012158880333
4.4463847745621505
4.364791372147274
5.713113603154537
2.3341617119031723
3.2482869915497536
3.4642135788163118
6.1433191045682065
4.953200826203045
4.428849195761202
3.569233320472665
3.1764608872736644
6.789005546089036
5.4274902894064265
6.022579066189221
6.256057195165796
5.665584557186083
15.815724421713506
12.209938626274903
6.80041453508358
7.986858015868041
6.95609561532338
6.202718585399927
7.963857721620294
6.38196258456726
4.708814578391241
13.371388888060654
8.456404550729776
2.769790464991335
7.36082714040885
5.436628448448558
4.447720751835243
7.300085096588046
8.811051383428007
5.459702944964947
6.10740290086654
5.191117114635638
4.42179353705801
5.625748538775649
8.692749587374546
5.623091127864111
11.14629251136253
4.158190774562374
4.681905915099564
6.326915561453457
3.416667211538054
7.322862332230819
4.863753663085527
6.437932219398204
4.644488774709877
6.494850513873897
7.465703335515088
5.9934265304776115
13.468930312384488
7.6960130357630305
7.85352284118409
7.693719205186192
5.0523827183908505
9.874637026021437
4.642530624037776
4.535478363925635
5.155560646474275
5.75853300597902
8.187456323626474
5.157696875888746
6.641712945777869
9.602850915767087
8.289400734229478
4.796808445608804
6.801739503382082
5.296022688994351
5.252170487887508
5.882282033717415
5.956029023238354
4.561802818879692
6.055788405034394
6.614754252482215
3.7095352863207993
3.950082454301221
6.234149920499541
10.983346557549762
3.333128938858397
5.148494386098311
7.976249371856843
9.443486324752367
6.981459611843101
5.787348738947012
3.7015618318886636
4.206632131425147
4.131587324988725
7.9473026402733025
4.9429449164509585
4.715408538203214
6.505975875603704
5.441249009521274
3.708584406876504
4.5544848983283455
9.107627531708932
6.030825869245904
7.428988678237355
3.6048554764353122
7.660037496500907
7.173950764673273
4.990598614680607
9.702005562943386
4.666409291770468
4.284162743213865
6.997606740360942
7.887514406318216
7.711969915762265
7.707053233996663
6.054590680455209
6.2550621907251
9.577598241535243
4.827208403943039
9.301606305863547
5.183079543054923
3.778035811780815
3.696791372244028
4.533665667980557
8.664836720325367
5.582999599725103
5.071227402944925
8.44456573480731
7.237602563029833
5.433561634621633
4.2616049157570695
6.358724326460416
5.7054635156716715
7.432435732884963
7.475318051926063
5.962177844856793
5.73731482908053
7.002248184847111
5.846951291751558
9.449435723477206
1.475731057468764
7.5130904309206805
11.290963302215243
10.93754607976464
5.523690120008507
6.546618688526099
6.716327271776106
6.957358139523608
6.727836916509539
7.993098911126907
8.412782365729571
6.393796565063368
6.1765433317220575
8.006934240091764
8.564565210030041
5.535104099453666
9.713278188617338
6.446567658841434
9.269524629236823
9.616667091352507
7.2148163559336185
5.788403728468472
7.674534938838259
6.4047672519422845
6.593201071602944
6.863913076268823
7.275153115220112
5.573918363503749
5.267071333759309
3.6101816424762116
4.821535766068595
5.101949830987022
6.274404452862461
6.095857142222318
6.208505557874808
4.825403877588039
3.735651180411077
2.7298512367268186
6.788493598042006
7.581223185757043
7.022883327925561
5.6985558547450434
6.6868491213802
8.66906814489826
2.125447191602615
5.163041659753393
4.374187869702588
8.342478258048192
5.958916586402058
4.268409551514925
9.307561990736367
7.408862677975486
6.667434357927924
4.842146138354793
3.6595247626005736
5.564423218127375
8.783575614007349
4.737848991113506
6.552583151576456
5.425334802326884
5.972363017626038
5.3136097745792625
3.421280691035134
9.453956167690247
5.0411676248925765
5.317288092061388
2.1398164443661454
6.033205169893093
6.003899052362858
6.006441650460316
6.480779713130386
8.913096327691534
4.916877713394447
10.025971766551114
4.390711647658184
5.172982073823727
7.2758579617194075
7.735480297124485
7.2187078785608225
5.781834692509422
7.321815530062017
6.9343312379233195
4.607748456136188
9.282796836167002
9.533645932451687
5.066187898379789
3.480315421628257
8.12153415906345
7.278668038758565
17.97851631033899
5.727861135906021
4.060210286629869
4.6463989922827125
6.2418995279395055
5.182799843015304
4.530613493099612
4.935306559706195
5.286646868822542
2.1133976354452644
5.761165921423283
11.787610008456953
8.345749143790995
9.033200753504492
7.438397826332909
8.186904061453507
10.078305828505489
4.8474981175363965
13.63804822771513
5.855013785727976
7.151682908038539
7.61054950272196
4.45533744540503
7.789274947410277
5.012803127626067
7.739068881534343
5.20149615674925
4.405529320047212
7.122073742971073
5.9185344408375204
6.6813945915926345
6.488486727024064
4.660188311595955
5.183231153899293
7.748897035181016
9.241344993585558
11.195719273860643
7.355034387886505
5.7069131808142695
8.849024672349087
6.225044820558888
11.668494763670953
13.67352773234098
8.889271048422886
7.691391848222985
10.222106129004628
18.685690895008243
7.695600401067071
7.434644739130613
5.22328248683206
9.386077026967882
8.328082348358945
8.70787682137931
5.319732845121394
8.295200536788466
10.598049877988396
11.354718665238698
6.4114210359685
7.209697053066892
3.5624647351499403
7.84455149964853
6.760742698833533
6.73627531820693
8.51681077647088
2.1653260299045756
6.436637574176599
5.502571081972708
6.617804616432647
10.298844124948962
3.9615149841442583
5.808329068702367
5.565593730577105
7.636159107540192
5.401507122922546
5.102832424696393
9.168582522186433
