3.48
3.7
6.5
4.74
4.7
9.32
4.42
4.12
5.66
3.72
4.56
5.02
3.5
5.56
4.22
4.76
3.3
3.88
3.28
3.28
3.56
4.58
4.38
3.94
4.76
4.62
3.46
3.73
3.54
4.16
4.24
4.3
5.58
4.64
3.94
4.62
3.26
4.2
3.18
4.5
2.16
4.56
3.68
4.16
4.06
4.04
3.2
3.64
4.78
6.3
6.52
2.64
3.26
6.966666666666668
4.3
5.66
3.04
3.4
2.72
2.84
2.48
3.22
3.1
2.0
4.0
3.08
2.8
3.34
3.52
3.66
4.42
3.36
4.02
3.18
5.04
5.52
4.72
4.22
3.86
2.68
3.96
3.48
5.82
2.7
2.7
4.32
4.12
2.2
2.94
2.72
6.08
3.523333333333333
3.18
3.22
3.42
3.88
2.24
4.28
2.58
2.58
3.66
3.14
3.82
3.02
3.14
3.9
4.1
4.26
3.86
3.66
6.56
3.02
5.12
5.22
3.34
4.12
4.62
2.02
3.44
3.0
2.04
4.18
3.42
3.6
2.88
3.1
3.6
3.62
4.58
3.36
4.24
4.44
2.6
4.02
4.66
3.3
3.7
4.44
5.54
3.62
2.34
5.02
3.12
2.94
3.06
2.72
4.14
3.8
4.94
4.52
4.1
2.62
4.86
3.0
6.62
6.9
4.8
4.32
4.5
4.44
2.94
3.88
5.24
3.2
4.24
3.58
3.32
2.84
2.3
6.12
1.94
3.38
3.26
4.94
4.5
2.9
3.1
2.92
5.0
2.86
3.42
2.68
4.1
4.85
4.28
3.88
3.54
2.44
3.16
3.28
2.44
3.3
3.88
3.7
3.54
2.62
5.0
2.72
3.26
5.0
3.78
3.28
3.78
2.28
5.433333333333333
2.88
3.04
3.54
2.9
3.2
8.04
3.92
9.18
3.74
5.3
4.74
7.98
5.6
4.76
8.02
4.76
5.8
5.44
5.68
3.12
5.84
2.22
1.92
3.22
3.64
5.38
4.96
5.1
3.82
6.22
2.86
6.78
4.78
5.94
5.72
4.18
2.72
3.3
2.64
2.84
2.78
4.18
3.14
2.68
4.08
4.72
4.74
5.44
6.22
5.56
6.36
4.8
5.12
5.42
2.88
3.42
4.1
3.48
3.86
3.78
2.16
4.76
4.06
3.32
3.62
5.02
3.4
3.72
3.72
5.9
6.96
3.7
2.2
3.62
4.1
5.08
5.42
3.74
4.4
3.0
6.56
3.7
4.34
2.46
5.3
4.6
3.92
4.02
5.78
4.38
4.74
4.12
5.3
4.26
5.0
4.92
5.66
7.5
5.44
3.74
4.6
5.02
3.54
2.76
4.8
6.28
3.22
3.22
4.7
2.8
3.88
2.28
1.5
1.22
1.42
1.16
1.88
4.08
6.42
6.32
4.28
3.46
5.58
4.14
3.96
2.56
2.08
4.04
2.0
3.14
3.52
4.26
3.2
1.58
3.34
2.96
1.26
1.74
1.7
1.36
3.26
1.26
1.82
1.54
1.28
2.14
2.28
1.38
1.44
4.64
3.3
1.84
2.62
1.4
1.72
1.82
3.82
2.88
1.68
2.02
3.34
3.5
2.72
5.92
3.66
3.02
5.82
3.72
3.94
5.58
2.86
6.12
3.62
3.98
3.82
4.96
4.04
3.64
6.36
5.24
6.26
3.56
2.86
4.02
4.0
3.58
4.92
2.88
8.02
6.38
4.88
2.86
3.3
2.92
3.72
3.34
5.72
4.48
3.6
3.68
4.12
4.84
4.16
3.46
3.3
3.38
3.22
1.88
2.32
2.46
3.76
4.1
2.76
4.16
4.2
3.52
2.62
2.62
3.86
2.98
3.26
4.86
2.96
2.44
3.0
3.48
3.2
2.16
3.54
2.78
4.14
3.12
4.04
2.14
2.46
2.88
2.68
3.78
3.58
4.02
4.18
2.28
2.58
2.4
2.88
4.46
4.68
5.3
4.5
3.64
2.72
3.58
3.66
4.3
3.34
3.88
3.14
4.46
2.68
5.2
4.18
4.42
5.82
3.18
4.96
3.56
2.52
4.8
2.78
4.62
4.64
3.88
4.02
3.02
3.12
3.46
5.04
4.54
2.96
2.94
3.44
2.56
2.24
3.7
4.06
3.34
3.68
4.28
3.34
4.633333333333333
4.18
4.22
3.94
3.32
3.42
3.68
5.06
2.6
2.4
2.8
2.62
2.22
3.8
2.5
3.68
4.18
3.22
2.2
4.68
3.96
3.26
4.12
3.48
3.58
3.06
3.56
3.48
2.66
4.52
2.22
2.76
4.2
4.54
3.54
3.92
2.54
2.08
5.72
4.5
1.34
2.58
3.0
2.94
4.34
3.18
2.46
4.16
3.08
2.5
3.5
3.46
2.12
3.54
2.8
2.12
2.4
2.94
3.3
5.48
4.24
3.24
2.74
3.46
2.64
2.58
2.78
3.22
3.32
2.58
2.68
3.96
3.18
3.48
3.74
5.16
3.58
2.48
3.72
2.54
2.62
4.32
2.26
2.7
2.92
4.7
2.56
4.06
4.92
4.28
2.26
1.82
3.92
3.02
5.46
4.14
2.42
3.56
5.32
3.3
2.76
3.5
4.0
5.0
3.7
2.18
2.06
2.94
3.14
3.16
4.02
5.4
2.82
3.58
3.22
6.44
2.96
2.86
3.88
3.82
3.88
8.92
4.74
4.18
4.68
5.56
8.28
6.56
6.3
3.5
2.98
4.74
4.18
4.82
2.04
6.38
5.06
5.46
5.56
3.9
1.94
6.38
5.32
4.02
4.98
4.0
7.58
2.8
3.42
6.6
2.38
4.86
4.56
2.72
4.32
3.66
2.46
2.88
3.76
3.68
4.48
3.64
8.28
3.5
4.32
3.16
5.1466666666666665
3.12
3.2
3.34
5.16
4.08
2.7
5.5
4.42
4.3
3.34
3.8
2.44
3.3
4.36
4.56
3.94
2.4
3.62
4.06
3.54
4.18
3.1
5.26
3.54
5.5
4.34
3.14
3.9
2.36
3.46
3.66
7.84
4.14
2.94
3.48
5.0
2.26
4.22
4.64
5.5
2.36
3.58
2.66
4.6
4.92
2.7
4.92
4.12
5.44
7.78
3.58
2.86
5.28
3.66
4.3
3.54
3.74
3.3
4.14
6.92
3.46
4.18
6.0
3.08
3.38
3.42
5.32
4.92
3.62
4.12
3.0
4.62
2.82
2.88
2.56
5.06
2.44
3.02
3.98
3.7
3.5
1.96
2.78
4.18
4.02
3.32
3.32
2.82
2.32
2.01
8.44
2.66
3.8
3.84
3.8
3.96
4.42
3.38
2.74
3.56
8.18
4.32
2.82
1.715
3.1
3.14
4.3
5.966666666666666
6.06
5.28
4.68
3.56
4.46
3.66
5.7
6.18
3.1
3.94
3.22
4.42
4.3
3.52
3.12
5.3
2.78
2.94
2.9
3.36
3.0
2.4
4.56
2.98
3.88
4.12
6.02
2.58
3.72
3.82
6.22
4.26
3.22
4.6
4.22
6.44
5.08
4.56
2.98
4.113333333333333
3.86
5.02
3.3
2.54
8.06
7.46
4.0
6.84
3.48
2.14
4.42
2.32
2.96
5.56
4.0
3.0
2.96
2.28
3.74
2.64
3.74
5.1
2.22
5.96
2.208
2.4
3.82
4.02
3.92
3.5
2.98
4.3
3.26
4.04
3.54
1.88
2.64
4.5
4.48
5.88
3.38
2.56
2.78
5.04
5.74
3.66
4.96
5.9
3.28
2.66
4.18
3.34
2.64
3.36
3.49
3.48
3.14
4.48
2.88
4.88
4.16
3.68
4.8
3.72
4.54
6.16
5.82
5.06
5.06
4.26
3.52
5.26
5.08
2.76
5.8
3.9
4.76
6.56
5.98
4.46
5.16
8.16
6.72
6.72
6.1
6.9
7.02
6.76
5.5
3.3
7.88
2.28
3.04
4.34
4.56
6.34
5.72
5.58
3.8
3.84
3.94
4.18
4.16
4.4
2.4
7.72
4.38
4.44
3.5
2.26
3.18
4.34
3.9
2.6
3.44
3.68
3.44
2.38
3.12
4.64
5.48
2.88
3.64
4.78
3.34
2.72
3.68
4.52
4.22
4.18
4.04
4.3
4.26
2.06
4.72
5.82
5.06
4.88
3.9
4.44
4.92
5.44
4.66
2.66
4.1
1.94
3.8
3.06
2.66
3.76
2.74
3.3
4.0
3.2
3.76
2.62
3.64
3.82
2.58
4.64
3.76
4.66
5.72
5.26
3.1
2.4
2.72
3.4
4.76
4.04
2.22
3.34
3.66
4.16
4.64
4.3
4.3
3.6
4.52
3.62
4.66
4.56
2.36
2.42
2.98
2.66
2.48
2.68
3.34
3.06
4.6
2.46
6.02
4.34
4.34
3.86
4.28
3.32
5.66
3.94
4.7
3.26
4.04
3.16
3.74
4.82
3.06
2.72
4.26
3.26
5.78
3.3
3.4
3.54
2.9
4.24
4.32
2.36
5.18
2.9
2.08
3.7
4.16
3.8
4.76
3.18
2.74
5.52
2.38
4.54
4.0
3.04
4.48
4.9
5.68
4.12
3.36
4.32
4.08
4.6
2.18
2.82
2.58
3.22
6.1
2.96
2.7
3.24
2.74
3.6
3.62
2.64
2.64
2.43
2.94
5.14
3.1
3.2
3.7
2.82
3.36
2.84
3.66
2.38
3.24
4.12
4.42
2.78
2.78
2.74
4.02
3.48
2.78
4.42
3.88
2.7
3.86
2.98
2.76
2.98
2.86
3.62
1.74
3.48
4.48
3.4
3.12
3.64
2.68
3.42
2.98
3.54
2.8
2.07
2.74
3.18
2.76
5.62
4.34
2.64
2.5
3.0
2.9
4.16
3.14
4.16
3.08
4.68
3.4
4.46
3.16
3.74
4.4
3.34
2.52
4.92
3.92
3.66
5.46
2.36
2.6
4.56
4.9
4.723333333333334
6.466666666666668
5.863333333333332
3.82
4.86
5.36
6.16
6.46
5.44
4.44
6.8
4.32
5.54
2.38
3.5
3.8
2.86
2.38
5.66
3.48
3.32
4.7
4.3
2.52
4.26
2.42
4.8
4.08
3.12
2.1
3.44
6.5
2.32
3.64
4.02
2.92
4.0
4.52
4.78
7.0
3.32
3.3
3.4
4.28
3.8
3.34
4.02
4.56
3.12
4.2
3.1
3.72
3.3
3.3
4.02
4.72
2.78
3.68
2.64
4.46
3.68
5.06
5.32
6.06
2.76
3.04
3.1
3.1
5.16
4.56
2.52
3.82
5.2
4.2
3.84
2.7
2.56
4.22
4.2
4.0
6.34
3.06
3.92
3.98
2.34
3.3
3.58
4.7
2.54
3.18
2.66
2.6
2.88
4.2
5.9
3.76
5.94
2.92
4.88
3.12
2.88
4.88
3.36
3.02
4.58
3.32
3.32
3.0
3.24
3.0
2.98
2.98
2.82
3.3
5.28
2.72
3.1
4.72
3.7
4.04
5.82
2.58
3.28
2.82
2.12
3.86
3.36
5.2
3.36
2.38
3.68
3.46
3.28
3.18
4.24
3.54
4.14
5.52
3.26
4.6
3.12
4.62
3.86
3.3
2.52
5.12
3.28
3.14
2.98
3.46
3.18
3.92
2.14
4.48
5.48
5.4
6.66
4.02
4.02
4.12
4.54
2.58
2.86
4.42
3.64
4.82
4.04
4.7
3.88
3.26
3.6
4.0
3.22
3.48
2.86
4.92
4.52
4.5
3.9
3.16
4.52
3.72
3.3
4.68
6.4
2.98
3.06
2.82
3.18
2.98
4.08
3.32
3.2
3.92
3.68
2.72
2.5
3.78
2.1733333333333333
3.36
3.3
2.4
4.32
3.64
3.4
2.25
4.26
3.92
4.26
2.8
3.38
4.06
2.2
2.84
3.58
4.2
2.94
2.28
2.36
2.58
1.56
2.84
3.44
2.98
4.54
3.74
5.72
3.8
6.32
3.46
3.5
3.62
4.32
2.58
3.78
3.85
3.56
3.74
4.08
2.58
3.14
3.52
2.54
2.84
3.52
2.78
2.58
1.74
4.72
2.94
2.52
2.92
4.16
7.88
2.64
3.2
5.22
4.86
1.7
5.14
2.88
5.38
4.44
3.56
4.58
2.88
3.9
6.6
4.06
4.62
5.48
5.9
3.92
3.96
3.68
3.76
4.04
2.88
5.02
4.4
3.44
4.67
2.76
3.42
3.96
3.48
6.08
2.62
3.2
3.94
6.72
3.28
3.5
3.54
3.86
2.78
3.38
5.66
5.78
2.48
5.44
4.66
5.18
2.64
3.14
3.92
2.8
3.54
3.84
3.56
4.4
1.72
2.88
2.14
4.7
3.82
4.68
4.32
3.86
4.4
2.12
5.04
3.22
3.78
5.52
2.24
4.44
5.8
2.78
5.12
5.04
2.84
2.3
5.66
5.08
4.34
4.1
2.92
4.08
3.24
3.8
4.48
4.62
3.0
2.56
4.08
3.98
3.06
2.8
2.0
4.66
3.96
3.76
6.04
4.46
3.6
2.88
4.82
5.18
4.42
4.5
4.48
4.18
5.56
4.22
3.36
4.38
6.46
3.82
3.0
4.2
4.32
3.36
3.2
4.64
4.24
3.22
3.06
3.0
2.88
3.18
4.08
3.7
3.52
3.28
3.12
4.12
2.88
4.52
4.64
4.64
4.22
3.82
2.42
2.64
3.02
2.94
5.5
5.26
6.18
3.1
2.64
2.54
6.54
2.48
2.8
2.88
3.54
4.06
2.26
2.84
3.4
6.06
2.92
2.28
6.4
5.08
3.4
4.0
2.72
5.0
3.96
6.3
4.72
3.84
3.22
3.74
2.9
4.72
5.94
5.42
3.72
4.4
4.5
5.35
6.36
5.92
6.04
4.92
6.6
3.04
5.6
3.48
2.72
2.74
4.12
4.16
3.92
5.18
3.02
2.68
2.42
5.74
4.22
4.08
3.24
3.6
2.92
4.88
4.5
4.28
3.48
2.64
4.1
6.62
2.82
3.86
3.42
2.94
6.1
5.46
4.72
3.52
2.44
2.96
4.46
2.86
3.0
5.26
5.22
3.0
2.96
3.96
3.98
3.84
3.52
2.9
2.76
2.96
3.4
3.66
5.18
3.68
3.4
2.34
2.18
3.24
3.68
3.46
4.56
3.6
3.36
2.08
4.04
2.28
2.58
2.86
7.38
7.12
2.7
4.04
2.78
2.72
2.84
6.08
7.1
6.88
3.44
3.82
5.08
4.68
3.4
2.28
4.5
4.4
3.36
3.5
4.42
5.14
4.52
5.8
2.04
3.94
4.0
4.74
5.1
3.36
4.06
3.56
3.36
2.72
5.6
3.14
3.84
4.24
4.08
2.38
3.6
3.52
4.08
4.14
3.54
5.76
4.3
4.44
6.06
3.0
3.86
3.24
3.68
3.6
3.48
3.34
4.24
2.52
5.573333333333332
3.7
4.54
2.6
4.66
3.46
2.34
1.9
4.04
4.84
6.18
3.18
3.6
5.42
5.08
6.14
4.7
5.64
4.36
3.82
4.38
2.7
4.84
4.16
3.7
2.823
5.54
2.46
3.48
4.1
2.4
3.84
3.6
4.06
5.24
5.12
4.22
2.86
2.82
3.84
2.1
2.84
6.04
3.0
3.4
3.8
3.46
4.48
4.3
2.74
7.6
2.42
4.08
4.06
1.68
13.82
3.26
5.6
2.44
3.2
3.14
1.78
2.96
3.4
3.0
2.36
2.86
3.16
4.28
4.76
4.92
3.38
3.94
3.08
4.88
3.3
2.88
2.38
2.22
4.66
2.42
3.5
3.32
3.38
2.16
2.42
2.94
3.04
4.06
3.44
3.08
2.64
5.52
2.88
4.5
2.66
2.06
4.04
5.34
2.28
3.24
4.18
1.92
2.28
2.92
3.54
2.94
3.66
2.84
3.6
7.18
3.14
4.1
2.58
2.9
1.7
4.4
4.46
3.96
4.54
5.54
2.4
2.5
2.78
4.0
6.4
4.54
4.56
5.86
2.38
2.2
4.36
5.0
4.02
3.52
3.5
7.62
3.46
3.22
3.8
4.32
3.2
5.38
3.08
3.0
2.44
2.96
5.46
2.84
3.84
4.12
3.72
3.7
2.12
2.9
2.98
6.96
2.66
4.56
3.22
3.44
4.8
3.7
3.94
3.94
3.78
3.88
4.72
3.62
3.0
3.4
5.08
3.02
3.44
2.76
3.56
4.64
2.98
3.84
3.46
2.74
2.78
2.36
3.8
3.82
2.6
2.7
3.16
1.98
2.84
3.66
2.32
3.88
2.42
2.96
2.68
2.24
3.2
2.86
2.88
3.1
3.36
1.96
3.82
3.9066666666666667
3.52
5.5
7.44
2.94
2.98
3.5
3.8
2.72
5.08
3.4
7.1
6.86
4.12
7.9
2.38
3.46
3.68
5.38
5.16
4.78
4.32
3.58
5.32
4.14
3.94
4.94
2.7
3.48
2.9
8.32
3.66
3.38
2.42
3.94
2.3
2.98
4.16
4.02
3.64
4.58
6.34
4.48
5.14
4.48
4.7
3.18
4.9
4.36
4.74
4.96
4.3
6.36
10.28
3.7
4.14
2.62
4.48
6.44
4.92
3.4
2.96
4.88
3.52
6.08
2.52
2.56
3.9
4.0
3.66
2.68
6.86
2.7
3.98
3.52
6.0
4.72
4.26
5.34
4.94
5.16
5.46
5.14
4.76
4.18
3.82
6.66
5.58
5.0
4.16
4.64
4.34
4.54
4.78
5.8
3.96
2.2
4.24
5.64
4.56
6.2
5.12
4.64
3.5
2.26
3.12
2.78
4.84
3.04
4.82
2.58
7.54
6.02
6.64
4.86
6.2
5.2
6.04
4.26
8.18
4.16
4.94
4.06
3.32
5.9
3.72
4.58
5.54
3.52
5.32
5.74
4.0
3.94
4.26
3.3
3.24
3.06
3.04
5.04
3.46
5.74
4.38
2.38
2.86
3.24
2.36
3.46
2.96
3.6
4.08
3.76
2.66
6.04
6.26
4.74
4.64
5.88
5.08
4.62
4.22
6.38
4.08
4.84
2.38
3.04
4.76
3.18
4.74
9.84
9.28
2.9
4.34
3.06
4.54
4.5
3.64
4.06
3.2
4.1
4.54
4.88
2.88
4.4
2.34
3.52
5.5
3.26
3.58
5.5
2.36
3.96
4.16
3.6
4.1
2.56
4.52
2.9
3.26
2.3
3.88
2.92
2.82
2.92
2.7
6.82
3.9
4.44
5.18
3.24
3.16
2.72
3.12
4.8
3.72
2.84
5.04
3.38
3.96
3.2
1.82
1.62
1.78
2.3
2.62
2.86
2.92
3.18
2.66
4.3
5.22
3.72
3.02
4.54
3.94
3.92
4.5
3.54
2.7
3.4
4.14
4.64
4.46
5.62
2.56
2.04
4.78
5.4
7.44
2.76
4.98
4.74
3.76
4.76
4.36
12.6
5.72
2.5
3.28
3.52
3.86
2.82
5.14
5.98
2.18
3.44
2.72
2.9
3.24
1.68
2.4
3.82
5.66
3.58
4.88
2.54
2.64
3.92
2.98
3.88
2.88
3.96
2.76
2.22
6.94
3.9
6.24
5.02
2.98
2.54
3.22
3.14
6.8
7.22
4.76
5.54
4.82
3.2
4.56
2.26
2.58
5.88
2.82
3.86
7.86
3.24
3.04
4.58
5.2
3.0
3.9
3.02
2.4
2.34
4.24
3.78
4.28
4.3
6.18
5.24
4.26
3.22
5.72
4.24
5.06
4.08
4.56
3.28
7.24
5.34
4.42
4.4
3.72
2.94
3.84
4.08
4.44
3.18
2.9
3.96
2.52
4.06
2.28
2.22
3.82
3.7
3.18
2.48
4.06
2.96
2.76
5.76
3.42
3.96
3.68
2.74
3.62
3.84
2.82
4.72
3.32
3.2
3.14
3.46
3.12
2.98
2.92
2.96
2.84
3.4
3.22
3.16
3.22
3.02
3.98
2.92
2.96
2.88
3.18
3.1
2.78
3.26
3.16
3.38
3.64
2.7
5.44
3.24
4.84
2.8
4.42
4.22
7.6
5.42
6.48
5.82
3.88
4.92
4.6
4.32
6.12
5.64
3.98
4.72
4.04
4.68
3.74
6.15
3.16
2.84
2.76
4.52
3.86
2.66
3.04
4.94
4.46
3.92
3.08
4.26
4.82
2.86
4.88
3.46
2.5
2.84
3.3
4.56
2.78
4.58
2.84
2.52
4.88
4.26
6.14
2.92
4.1
4.0
5.12
2.5
3.4466666666666663
3.94
2.76
5.26
4.12
2.32
4.8
2.44
2.82
2.84
3.8
3.5
5.48
2.96
4.12
4.82
4.06
2.58
4.06
1.96
6.06
5.8
5.44
4.6
4.76
4.76
3.2
4.62
4.48
5.18
4.28
6.64
4.96
5.98
4.28
5.0
4.12
2.94
3.52
3.3
2.08
4.6
2.64
3.1
2.56
5.86
2.22
4.42
4.18
4.2
5.32
3.7
2.62
4.38
4.44
2.824
3.52
3.42
4.92
3.68
3.26
5.28
3.52
2.26
2.75
2.46
2.38
4.42
3.84
3.48
4.6
2.44
4.1
2.48
4.22
2.36
3.66
2.58
4.26
5.24
2.44
4.84
4.22
3.44
3.16
5.52
3.06
2.66
3.58
3.64
4.8
3.96
3.54
4.24
2.26
2.94
3.0
4.68
3.26
3.52
4.4
3.1
2.36
2.78
3.98
4.2
5.96
2.4
3.78
4.36
3.64
2.24
2.78
7.06
5.68
5.62
2.8
4.31
5.82
4.6
3.54
3.5
2.78
7.7
7.8
3.56
5.5
3.62
2.76
3.24
4.3
4.52
4.28
4.34
3.98
4.94
6.76
2.7
2.82
3.38
3.68
5.4
3.68
5.14
6.52
4.96
2.04
4.08
4.2
3.3
3.0
5.22
4.54
3.5
2.68
4.3
1.76
3.3
2.66
2.36
3.26
4.48
3.38
2.28
3.3
3.66
4.2
4.01
3.06
4.12
4.6
4.0
5.28
6.28
6.38
2.82
5.06
3.14
5.16
3.3
3.1
4.06
3.6
3.8
5.62
6.26
3.6
7.08
2.6
4.14
4.24
3.14
3.22
3.74
2.28
5.2
3.28
2.66
4.593333333333333
4.66
3.02
4.62
3.14
5.0
4.94
4.26
3.46
2.82
4.0
4.2
4.16
4.46
2.86
4.08
2.86
6.02
5.18
6.6
5.92
6.08
8.1
8.2
3.72
2.5
7.94
2.44
4.32
3.76
5.52
7.18
3.26
2.72
2.8
3.34
3.72
3.28
3.56
3.86
3.32
3.36
3.44
4.34
3.68
3.3
5.46
4.16
3.98
4.64
5.26
3.6
3.94
3.38
4.593333333333333
3.44
2.5
6.2
5.08
6.18
4.42
3.38
3.34
3.18
4.5
6.4
4.7
4.32
6.56
4.22
5.84
3.2
5.3
3.44
5.28
4.14
4.44
5.3
4.06
4.22
3.36
4.28
3.26
3.48
4.92
5.08
5.16
4.34
5.0
4.98
6.12
3.44
2.32
4.66
4.44
3.24
3.76
3.62
3.66
3.72
3.36
4.06
4.28
3.44
3.16
3.58
3.98
4.1
5.32
4.92
3.58
3.92
3.76
4.74
4.82
2.98
8.48
4.84
5.16
2.54
2.44
5.94
5.04
4.18
3.12
5.72
4.96
3.46
3.06
7.48
3.86
4.54
4.12
3.5
5.94
3.22
3.78
3.12
4.8
4.52
2.58
3.34
3.5
2.72
3.8
3.44
5.54
3.44
4.6
3.44
4.6
2.44
4.24
5.5
4.04
4.4
3.76
3.0
3.58
2.92
3.48
4.98
7.08
4.06
5.5
3.44
3.16
3.64
4.26
3.76
3.36
2.86
4.5
3.48
5.96
3.6
5.2
5.14
3.18
5.5
4.78
3.66
5.24
3.8
5.9
3.48
5.16
6.5
4.96
4.78
6.42
4.84
4.46
3.22
5.46
4.28
8.36
4.18
4.34
3.92
4.16
3.52
3.32
1.92
3.36
3.46
4.26
3.82
2.84
4.54
2.92
2.36
6.06
4.5
2.58
5.4
3.96
4.66
3.16
3.46
2.34
3.98
4.24
4.24
4.3
4.34
4.28
4.82
5.0
5.86
5.06
5.82
5.48
5.22
6.28
6.66
3.66
5.72
3.84
4.22
2.6
4.3
3.04
2.54
4.2
2.82
5.14
6.44
3.66
4.08
4.92
2.5
3.3
2.86
2.48
5.42
5.66
3.98
5.08
4.72
4.3
4.0
5.16
5.72
2.82
4.92
4.34
4.68
5.2
3.64
4.12
3.06
3.86
3.6466666666666665
2.96
3.18
3.08
4.12
2.28
3.52
4.48
5.02
4.3
2.64
3.54
4.28
7.06
2.2
2.82
2.12
3.92
5.26
3.98
1.76
2.42
4.46
4.52
5.94
4.04
2.86
3.54
3.7
1.92
4.7
2.58
7.32
4.24
3.786666666666666
2.7
3.62
3.34
2.62
3.3
5.32
4.2
5.06
3.12
5.0
5.48
2.64
3.12
3.52
5.3
2.46
4.72
2.52
3.22
3.12
3.52
3.26
2.34
6.6
5.08
3.38
6.16
3.74
3.4
3.22
4.9
3.6
4.78
5.24
6.38
3.76
5.18
3.64
2.78
3.42
2.78
4.92
4.54
2.64
3.56
4.24
4.82
4.92
4.06
2.46
3.28
3.02
4.52
4.6
4.94
2.92
5.46
4.58
3.2
4.2
4.04
2.76
4.94
2.84
3.62
3.98
3.2
2.6
3.42
3.28
2.84
2.82
5.7
4.5
2.4
2.6
4.4
2.98
2.18
2.46
4.64
3.5
4.1
3.78
4.3
4.38
3.06
5.72
4.82
4.76
2.6
3.68
3.12
3.92
4.28
3.48
4.12
3.98
6.98
5.84
6.32
3.66
3.68
4.98
2.34
4.7
5.14
3.86
4.34
3.94
3.0
3.7
3.08
4.72
4.99
4.92
4.38
4.82
6.44
3.06
3.1
5.9
5.48
3.84
2.06
4.22
2.9
3.92
3.84
2.56
2.3
3.26
3.64
5.8
2.5
4.92
3.32
3.64
6.48
4.4
3.84
3.98
3.8
4.96
4.14
5.64
4.72
3.74
5.12
3.88
4.72
3.54
2.6
4.82
5.78
3.42
3.54
3.1
3.1
2.46
4.02
2.32
3.84
3.0
2.24
2.74
5.18
3.08
3.64
3.98
2.52
2.96
4.06
3.62
4.3
7.18
6.206666666666666
7.04
8.6
10.32
6.38
3.5
4.36
2.48
4.76
2.88
3.18
3.02
3.64
4.68
2.64
3.02
3.44
3.42
2.9
3.54
4.34
5.1
4.96
2.5
3.34
5.48
2.66
1.9
3.28
2.78
5.1
2.42
4.36
3.08
7.12
2.82
3.44
3.16
3.14
4.82
4.3
7.26
4.6
4.2
6.34
4.74
5.36
3.5
4.58
3.9
5.6
4.88
4.46
4.92
5.76
3.52
5.82
2.7
5.48
5.34
5.58
7.02
2.44
8.08
6.22
5.38
5.58
6.72
5.82
3.06
4.42
3.3
4.16
5.6
3.58
5.04
5.32
5.06
4.26
4.24
4.14
3.58
5.8
5.24
6.04
4.14
3.52
3.54
5.54
5.6
4.26
2.94
3.52
2.22
2.3
3.06
2.74
4.9
2.34
4.06
2.5
4.74
4.6
4.18
5.1
4.46
4.58
5.5
3.28
6.14
4.6
5.12
4.42
3.0
3.34
4.78
3.56
3.64
3.12
4.46
4.08
4.133333333333333
2.58
2.9
2.84
2.84
2.44
2.36
3.42
2.5
2.94
2.86
2.86
3.14
3.02
2.84
4.3
4.32
4.84
3.56
4.96
2.6
5.9
4.44
2.5
3.28
3.3
4.98
3.96
4.82
4.4
3.16
4.14
4.94
5.68
5.6
3.52
5.2
5.52
5.1
5.8
4.46
4.0
4.9
5.26
4.6
3.94
4.56
2.48
10.16
3.92
4.0
4.86
2.56
3.06
4.46
6.58
4.02
4.46
4.64
4.82
5.0
5.76
3.9
4.06
2.86
6.88
4.26
2.64
2.88
3.46
4.54
5.38
3.86
4.38
3.44
5.02
5.7
3.42
2.18
4.66
4.12
4.48
7.24
3.58
8.88
3.84
3.26
3.0
3.36
3.22
3.24
4.08
2.52
4.12
3.56
5.1
4.04
4.6
4.08
2.4
4.42
4.5
4.98
2.86
3.12
3.24
3.1
3.2
3.84
4.52
4.6
6.04
5.8
3.72
4.98
3.9
5.22
3.98
2.86
3.64
3.36
4.48
4.72
4.44
2.52
4.26
3.24
4.36
3.58
3.98
4.78
3.5
4.68
5.36
3.58
3.06
5.3
2.64
5.38
2.54
5.28
2.46
3.74
4.44
5.9
6.88
5.78
6.08
3.94
5.48
7.42
5.66
4.76
2.16
2.06
2.24
2.18
2.58
2.12
2.12
2.14
2.36
2.24
2.68
3.02
2.66
2.9
2.82
3.18
2.88
3.12
3.4
3.56
2.98
2.76
2.42
2.68
3.34
3.42
2.96
5.28
2.64
4.56
4.16
5.74
5.12
4.82
4.6
2.46
5.36
4.3
6.28
4.92
3.38
2.64
3.26
3.22
3.76
2.0
2.04
4.4
4.52
4.92
4.68
5.4
6.18
4.92
5.62
4.92
4.92
5.16
2.6
3.8
2.66
2.14
5.26
3.66
4.14
5.22
4.96
4.92
4.36
5.08
4.06
2.34
5.28
4.58
4.44
3.9
4.5
4.6
4.18
3.14
2.64
5.94
3.9
4.18
4.18
3.8
4.58
4.36
3.18
2.02
3.16
5.4
4.5
3.94
4.56
2.72
5.52
3.76
3.7
4.7
2.36
3.3
3.86
7.36
4.86
5.16
4.68
4.82
4.2
4.04
3.86
3.78
4.58
4.6
5.28
4.88
3.88
5.5
3.74
3.96
4.8
3.58
3.8
3.72
4.7
5.68
3.78
3.16
4.0
6.12
4.34
4.02
5.38
3.96
3.7
2.88
5.0
3.24
3.88
4.72
4.18
4.54
5.32
4.22
3.92
5.8
3.46
3.64
2.28
4.66
4.52
3.22
2.76
3.7
3.2
3.986666666666667
4.78
2.52
5.98
2.86
2.38
3.64
6.18
3.08
3.44
3.12
4.8
3.96
4.78
4.02
6.16
2.78
5.98
2.5
3.94
3.8
3.72
3.44
3.98
5.02
5.12
6.3
2.76
4.92
3.56
3.28
2.12
4.72
5.42
2.1
2.64
2.72
3.0
4.42
2.68
2.52
3.78
3.24
4.48
5.1
3.98
1.46
2.68
2.3
2.5
3.26
3.76
2.78
2.52
3.4
5.1
2.9
3.1
2.44
4.48
2.28
2.795
2.56
4.78
2.24
4.68
3.7
3.26
2.94
5.8
4.68
2.56
3.9
4.06
2.52
