2.1521049
2.4650805
2.6718264
2.969807
2.734039
2.2299144
2.687408
2.2270522
3.319412
2.3693655
2.8995342
3.231114
2.5215352
2.4662924
3.0701022
2.3793705
3.318647
2.5755403
2.5476632
2.9213338
2.2646527
2.8298745
2.748915
2.4994774
2.602172
2.309752
3.3120177
2.7042935
2.3959274
2.6686819
2.9197757
2.7074375
2.3221915
2.4098032
2.330132
2.751005
2.388427
2.4853437
3.0550928
2.4502523
2.0847304
2.331561
2.8922944
2.6356926
2.3405719
2.287715
1.9166275
2.4585466
2.4695039
2.4040527
3.343545
2.0871248
2.571668
2.9623456
2.5489132
2.611136
2.5043943
2.1701078
1.8479497
2.5326414
2.4098568
2.4393196
2.0770566
2.2906938
2.6816618
2.4791875
2.2676914
2.3602962
2.1604695
2.4185107
2.1648064
2.5861266
2.4097934
2.3547914
2.9126682
3.3946106
3.2832808
2.2682164
2.1537838
2.4299698
2.2506528
2.955353
3.496323
2.1555521
1.9499698
2.4413114
2.109522
1.7571757
2.9306598
1.9975559
2.5326924
1.6694784
2.8194807
2.503689
2.3383656
1.9421164
2.3758054
2.728352
2.6410112
2.3157415
2.3886185
2.778572
3.0093832
2.5882266
2.711237
2.7720432
3.0632663
2.2971597
2.5258422
2.3814726
4.004136
2.0681348
2.6244104
3.1959145
1.7045656
1.7405131
4.0492725
2.0998323
2.744608
2.41633
1.9460148
2.622856
2.6042507
1.8639058
1.8500668
1.9970665
2.1746998
2.4390163
2.5413175
2.0603602
2.1102133
2.7824116
2.6202707
2.3991785
2.5963159
2.071609
3.2209756
2.685886
3.2960222
2.7680314
1.949646
2.6318104
1.9004945
2.1922114
2.2432551
1.9196548
2.5052862
2.1930506
2.7873602
2.7808385
3.129201
2.2427711
3.0546873
2.4246368
3.4864047
2.6870453
2.9025724
2.415133
2.9380493
2.4227123
2.5339966
2.8246517
3.4776185
2.9456854
2.3820937
2.379455
2.2916071
1.8021086
2.002606
2.780664
2.1470034
2.7605498
2.8209767
2.4432492
3.2411814
2.2034626
2.1822104
2.2311072
2.7380345
1.9836086
2.3306055
2.3985577
2.640965
2.3631988
3.211767
2.3952038
2.0502746
2.0383
2.0420585
2.1826658
2.1022542
2.453878
2.3778286
2.3630786
2.2191339
2.1127074
2.4135914
2.7121344
2.058263
3.3670013
2.8998642
2.3283887
2.9483905
2.1658823
3.3399622
2.3750486
2.8044093
2.40972
2.316853
2.1009436
2.9573832
2.658444
3.3411684
2.440887
2.6026025
2.5687554
3.845587
3.5456724
3.6426187
2.748682
3.0755553
2.990264
2.7094533
2.6290746
2.6811807
2.0586367
2.0813255
1.7499698
2.1420734
2.4040544
2.7200701
3.06405
2.5250597
2.4100618
2.5334094
2.2284951
3.2699451
2.5744746
2.5127947
3.1361523
2.4783983
2.1643615
2.7070339
2.0896983
2.4125981
2.0148354
2.067354
2.3967135
2.2358747
1.8477397
2.9120681
3.1399906
3.1704037
2.954061
3.2524989
2.6776707
2.7665079
2.96896
2.902121
2.3031092
2.5105863
2.9146087
2.8690004
2.731097
3.1086626
1.6280434
2.7277722
2.952558
2.0710049
2.9765353
2.9143465
1.8275127
2.3498623
2.6176453
2.5723588
2.721738
2.6238022
1.9877771
2.5581417
2.975715
3.065219
3.0638247
2.1188707
2.8072264
2.3025126
3.3842835
2.3225198
2.890432
1.6614938
3.296515
2.7491245
2.3853722
2.4774106
2.971745
2.5743256
3.278809
2.3177183
2.8114154
2.3893538
2.733587
2.7765672
2.7809248
3.3389733
2.405623
2.8846142
3.4515958
3.4556663
2.8413923
2.6038852
2.4388552
2.3368511
2.330386
2.2371414
2.8405104
1.6296813
2.5950727
2.1435995
1.5877907
1.4305813
1.6686935
1.7622182
1.8256038
3.011036
2.4334002
2.2983963
2.8986135
2.8999119
3.6941462
2.953093
2.5962863
2.1955795
2.0631163
2.7493303
1.9903624
2.3505492
2.8149097
2.5912006
2.2396245
1.4640191
1.8230758
2.7075267
1.617037
1.2946153
2.1689768
2.4436636
1.7978832
2.1120377
2.578218
1.3610945
1.4022146
2.0174358
2.5423753
1.3952491
2.1697233
2.3379295
3.0530248
1.5237411
1.5649861
1.9957952
1.9957952
1.7809364
1.9473785
2.492414
2.3713467
2.2320657
2.5255928
2.3355365
2.2181554
3.4788895
2.8710098
2.165269
2.4150734
2.833936
3.1823487
2.9798582
2.1394715
2.8212328
2.3116841
2.2095995
1.6276366
2.5538435
2.4181082
3.0730314
3.2114718
2.8386126
1.8947818
2.917867
2.0035467
2.5989878
2.1551323
2.7815714
3.00242
2.4097815
3.5339005
4.664033
2.910563
2.3673897
1.9448282
1.9204742
2.1732402
1.6427085
3.8671892
2.299515
2.8171575
2.1320372
2.9790902
2.8366644
2.5278187
2.3732996
2.5167866
2.1532829
2.928549
2.1211119
2.083673
1.7444069
3.4851468
3.7927718
2.4307806
2.6669059
2.975325
2.517992
2.110095
2.4909024
3.1957743
2.5551364
2.9214985
2.5114205
2.2146702
2.221561
2.1733909
2.3075938
2.5311441
2.0628529
2.0366058
2.2365346
2.5421162
2.3423018
1.6215845
1.5566396
1.6580113
2.1340752
2.491158
2.913526
2.6873214
2.7978535
2.1575642
2.2436056
2.4209852
2.3248546
1.817238
2.8903491
2.921276
3.4667358
2.5805078
2.9110136
1.6373634
2.0762138
2.1227906
3.804001
2.9248562
3.9392962
3.218184
3.152893
2.5989747
2.6103141
2.2739654
1.9661242
2.4655085
3.7056558
3.1636553
2.5141091
2.3000052
2.899711
2.0661411
2.689435
2.5747435
2.2189002
2.0213041
2.9571419
3.1317134
2.6182961
1.7543771
3.071738
2.4011524
2.1701632
1.9630564
2.1595693
2.0115287
2.77024
2.4073222
2.5001857
2.798521
2.6914136
2.4066625
2.482944
2.2370415
2.6344602
2.2192864
2.0293045
3.201081
2.3088965
3.643217
2.0225694
2.4974658
2.391713
2.2882373
2.1454623
2.2999468
2.0514064
2.6180062
2.879095
2.486147
2.0280383
2.2543466
3.1024606
2.7008667
2.9013658
2.3791027
2.7178793
2.660551
2.360279
1.9860247
2.0005918
2.3376744
2.374245
2.0481415
2.848211
2.3160896
2.2820969
1.571363
2.2655687
1.7630049
2.6279533
1.9843314
1.1277637
1.3265107
1.1926348
1.3243916
2.882988
2.3649259
2.364694
2.5081952
1.9259348
1.6774945
3.0557318
2.913333
1.40204
2.0821133
1.942673
2.059202
1.9676988
1.7902331
2.2536917
2.3173592
2.6614497
2.5959673
2.6531188
2.5694735
2.1392155
2.357387
2.051335
2.4127703
1.9530058
2.020758
2.2406893
2.7900302
1.9466736
2.5899386
2.178662
2.517737
2.2744198
2.4871078
2.2018657
2.2631578
1.8980836
2.79234
2.1857653
2.2975168
1.972511
3.569447
2.135151
1.9538537
2.6101038
2.896196
1.7973503
2.1130037
3.1775804
1.9497724
2.435978
2.6245966
1.8639789
2.1055548
3.3646448
2.2638197
1.7944584
2.1402168
2.354279
2.646527
1.8595892
2.1137915
1.8286169
2.292368
2.1851141
1.9580109
2.633176
2.438424
2.0020604
2.4666097
2.420672
3.0334706
2.3904982
2.4037707
2.3072429
3.0124528
2.6380086
4.1945877
2.9115603
2.006946
2.6864734
2.0987167
3.5831103
3.3752806
2.2874584
2.6501155
2.9091082
2.9012854
2.1458712
2.1307166
2.2880201
3.2650094
3.4597983
2.9631727
2.5712285
2.480851
2.3446474
2.6824625
2.6938508
2.416617
2.9374175
2.9891503
3.552144
2.2124548
2.345189
2.7945771
2.2107337
2.989081
2.7985783
3.0408332
2.9860466
2.739739
2.1708064
2.365887
2.2969952
3.4393897
3.380094
1.6134355
3.1431084
2.4959445
2.4605365
2.7518938
3.1181245
2.5529265
2.1245253
2.8889794
3.269773
2.1179128
2.3126764
3.005717
3.075436
3.1182504
2.5311823
2.5955317
2.028793
2.0707395
2.585015
3.2343085
2.4791903
2.2100198
2.084859
2.0621638
2.6034298
2.3018153
2.449264
2.188355
2.8755865
2.9714627
2.5771897
2.3078659
2.273652
2.281715
1.9703398
1.8547062
3.8244486
2.4532132
2.2870178
2.3007476
2.6743827
2.2696028
3.1638567
2.7779725
2.5622077
2.246894
2.5759444
2.1440585
2.2393034
3.0322258
2.2212477
2.8617947
2.4102168
2.67292
2.7636507
2.8646052
2.1913865
2.5945516
2.7701237
3.1101313
2.9319
2.4247055
2.540772
2.3458645
2.1162524
1.8291479
2.489131
2.5852385
2.8938947
2.5122452
2.0331135
3.789167
2.609761
2.2407002
3.484963
2.4626064
2.8449712
2.0072532
2.539113
2.1266823
2.759139
2.1663628
2.1807384
2.6303625
1.976156
2.8723533
2.197658
2.4813437
2.6894507
2.2421083
1.8852888
2.3061957
2.0221024
2.1431875
1.1575978
3.212387
2.0166106
3.0029361
2.4756556
2.6518452
3.2211719
2.4280152
1.8517661
2.5367105
2.537167
3.164065
2.841211
2.1852398
1.9224657
2.721957
2.839899
1.8125705
3.7939878
3.5398805
3.1254652
3.06179
2.5392592
2.3672204
2.5508556
3.383376
3.346903
2.3538082
2.5702693
2.5108173
2.9595582
3.3103046
1.9813626
1.9917428
2.8544974
2.2262936
2.2826867
2.4909663
1.5375415
2.3896484
1.8461944
3.2239788
2.5223799
2.2548833
2.4623604
3.554813
2.006104
2.8230464
2.6939719
3.1861572
2.7594306
2.0779166
2.5126655
2.9344273
2.4826179
3.089138
2.4369595
2.2128642
2.527381
2.618911
3.003044
1.6154047
2.5065777
3.2548819
3.1563435
2.9694707
2.7783866
2.8591545
2.3427489
2.473383
2.1067524
2.108041
2.6279187
2.5868754
2.150943
2.0902297
1.7524259
2.0163126
2.1921337
2.7755942
3.0772767
2.265562
2.82467
1.8158265
2.01304
2.0170805
2.0224457
2.436502
1.9185848
2.024775
2.0286717
2.1768477
2.4090858
2.604182
2.095509
2.3159225
2.482164
2.7939115
3.3683553
2.1153772
2.3487926
2.0689306
2.8993812
2.891939
2.6814747
2.7709494
2.797131
2.668316
1.8735309
2.7844942
2.6012583
2.2676678
2.9308846
1.9691623
1.7882593
2.1300921
2.427283
2.3544683
3.0360985
3.4228253
2.2587261
2.668529
1.7523123
2.9267728
2.9762502
2.129839
2.995597
2.7680473
2.5662494
2.245644
2.138235
2.8492348
2.1338398
3.0422094
2.616919
2.3592846
2.6968746
2.876883
2.2558484
2.8082757
3.4434204
3.0188344
3.0979025
2.9851263
2.8660479
3.1303203
3.4530659
3.8084784
2.7166069
3.735258
2.3389318
2.3703856
2.7043817
2.9845657
2.9615352
2.385304
2.8065748
2.5643616
2.0913544
2.452839
3.598206
2.186643
2.0978978
1.919013
3.059723
2.2452238
2.3583722
2.433411
2.20613
2.131487
2.5373204
2.4765718
2.5185351
2.725814
2.4086406
2.799632
2.2117496
2.8035064
2.7016666
3.0987475
1.8563569
2.1639223
2.153873
2.712645
2.251504
2.9302142
2.7326553
2.8523915
2.7455573
2.5719035
2.4447064
2.4981716
2.2126548
2.537675
3.0106246
3.7235131
2.172338
3.3934896
3.2568655
3.059828
3.1096206
2.8991604
2.2708454
2.8595
2.0448608
2.8004732
2.6523366
2.203851
2.1351094
2.3807163
2.2170146
2.4307995
2.375174
2.4378228
2.5058637
2.5849526
2.5457077
2.3026595
2.694425
2.2019312
2.791382
2.232029
2.664476
2.3085256
1.9775386
1.8869381
2.4631767
2.9993875
2.9228334
2.0698352
2.5142844
2.6268132
2.1578956
2.4430885
2.2845314
2.5030465
2.1826355
2.1909413
2.605513
2.3163025
1.7060807
2.1375492
1.8405474
1.9601892
2.0359373
1.8581781
2.0725684
2.1098409
2.3647585
2.2679324
2.0870543
2.9962552
3.3200338
3.3586655
2.4877605
2.6149008
2.4786716
2.8753579
2.9943748
2.768135
2.4399967
3.0916085
2.2898455
2.5718887
2.7780955
2.305918
2.5053756
3.0862303
2.9864058
2.5523915
2.1625576
2.587636
2.1532478
2.4921193
2.3857594
2.9621592
2.097376
2.873691
2.4268057
2.320581
2.1682012
3.3499877
3.0636506
2.4509568
2.1175942
2.3130584
2.8107586
2.1691892
2.6404505
3.17106
2.4138174
2.6161225
3.1880052
3.4814622
2.8346007
2.5834973
2.5287955
2.1077785
2.2518053
1.9187983
2.5081882
2.0704296
2.4455721
1.6228268
2.0309725
2.3018599
2.9145648
2.2975457
2.5194395
2.8463316
2.594943
1.210571
2.0055377
2.4160104
3.195348
2.1802115
2.7969944
2.45577
1.975088
2.0185676
2.4676623
2.4452662
2.089654
3.0168536
1.6741054
2.5811968
2.772236
2.407691
2.077399
2.4474854
1.7694314
2.5239415
2.0327678
1.9331509
1.9585224
2.4149728
2.6647074
2.0899858
1.9151168
2.267885
1.7665387
1.6589562
2.6912942
2.7926104
2.0471184
2.4406462
2.2767696
2.1085987
2.0022335
2.1464329
2.545589
2.047453
2.5850165
2.2686896
2.0104563
2.1801767
2.7262797
2.353723
1.9492186
2.0666978
2.2527084
2.3366215
2.6116405
2.3636925
2.8525434
2.3223362
2.6180136
2.0265937
2.1077728
2.093378
2.4189048
2.3222842
2.3855155
2.2808597
2.650144
2.3126972
2.7251859
3.0751588
2.213697
2.2097728
2.2501435
2.4552455
2.4034789
2.7636049
2.3553836
2.596261
2.6116993
2.6153238
2.6838698
2.8444645
3.1690993
2.510348
2.6960154
2.8908055
3.0746884
3.2076344
2.5448065
2.8959043
2.6523364
1.9738865
3.2016168
2.3864446
2.7728164
3.1983418
3.0363264
2.8444915
3.2046134
2.1956935
1.6055632
2.891337
2.0617228
1.8582153
1.8112112
3.5635881
1.9776237
2.41544
2.3977392
2.2088468
2.8346367
2.8284097
2.793543
2.5593488
2.5153904
2.3056965
2.027963
2.7857623
2.9705856
2.7602005
2.3354557
2.4372168
2.0159502
2.5701108
2.5638998
1.7098529
2.909847
2.6006582
2.8574784
3.0297825
2.0751028
2.733089
2.359889
2.7494516
2.2561183
3.3234546
2.0997047
2.6657157
1.8818321
1.9292352
2.239432
2.5761573
2.8792908
2.68482
2.0544744
2.26152
2.867729
2.201659
2.697378
2.098471
1.7254826
3.2875035
2.161543
2.6772404
2.6436584
2.3911338
2.5048327
1.9397441
1.9827996
2.7615588
2.4065967
2.1525855
2.4740748
2.611899
2.2522144
2.226101
1.9906439
2.1887286
3.5048704
2.969384
3.314725
2.2388186
2.6298754
2.4316692
2.0208485
2.1422467
2.5386987
2.1472454
2.3349442
2.5245075
1.6922581
2.542513
2.7842045
2.2499223
1.9823097
3.2267034
2.0205786
1.9067624
3.086348
2.161027
2.8669121
3.046771
2.0778944
2.135792
2.690082
2.3840747
2.9866261
2.7552803
2.0144615
2.9109054
1.854299
2.2081099
2.4002054
2.3965266
1.9020536
3.1839442
2.0693398
2.9583516
2.9926763
2.2490208
2.1301503
2.439439
2.7389755
3.5955014
2.8054025
2.7372475
2.7203515
1.9619834
1.7240632
2.514931
2.4218943
2.661147
2.2052257
2.5453014
2.2747364
2.5044243
2.2619524
2.74071
3.3572724
3.3742216
3.2738888
2.2820058
3.8480766
2.8578157
2.277794
1.6809163
2.3379154
2.803835
3.1126518
2.7768877
2.3992484
3.3539088
2.5394986
2.5629497
2.106756
2.889284
2.9830632
2.943137
2.4892075
3.5211964
2.3661807
2.9203353
3.0762043
2.4943938
2.7396579
2.1734219
3.0914423
2.5885916
3.3418715
2.637477
1.9361943
1.5856574
2.6363711
2.095168
3.0827882
2.1680133
2.559658
2.8466372
2.279238
1.8076539
1.0520953
1.9818367
2.4952998
2.194242
2.6622236
2.4214914
1.4865218
2.5521185
2.2978287
1.991413
2.7423728
2.485216
2.5944703
2.1692185
1.6185069
2.8759274
2.119203
2.4073062
2.5428429
2.804101
1.8381729
2.124663
2.0798337
2.3004682
1.5748494
2.5468357
2.5684447
2.2711637
2.4934392
2.9129925
3.3893907
3.317796
3.2242844
3.0279734
2.0123065
2.6224275
2.824279
2.5494533
2.766848
2.4901378
2.433495
3.0730681
2.8237312
2.4102168
2.6284273
2.7747464
1.9961017
1.8126166
2.5510688
2.7747035
2.4771216
1.8994751
3.1704857
1.9503176
2.003798
2.2312872
1.7622533
3.393884
2.2045386
2.6105244
3.7651181
2.7013657
1.8922075
2.2601714
2.2786555
3.209913
1.9049208
3.0606122
2.7443917
2.076953
2.7764404
1.9386238
2.5531933
3.1533675
2.7327292
2.4984295
2.4240637
2.3302372
2.6948812
2.4998515
2.7414374
2.3731127
2.18564
1.9381087
2.979796
2.725812
2.1483922
2.7785208
1.6758074
1.6892877
3.1282165
2.2750359
2.4116225
2.785152
2.9853344
2.5635197
1.7258934
2.720441
2.2083042
2.3866773
3.2903216
2.7083597
3.487657
2.6720014
3.3353126
3.3213048
3.0134928
2.159553
2.0550523
2.7028134
2.302287
2.2004874
2.3265288
2.3058586
2.4621072
1.8248547
2.355647
2.0072901
2.3971186
2.4341345
2.5405607
3.0277944
2.6193407
2.6515355
1.8956887
2.0972145
2.4724112
2.499197
2.170568
2.249379
2.4414005
2.4644208
1.846225
2.423222
2.8457165
2.5611403
2.0712185
2.2800062
2.3575423
3.2225935
2.294714
1.8077371
2.8796885
2.6042314
2.56996
3.5855014
2.7152245
2.044562
2.119234
2.7047815
2.4709833
2.3474913
2.513106
2.0714393
2.559893
2.5939848
2.6012304
2.8430882
2.8564117
2.4762902
2.191926
2.635452
2.8884258
2.416809
2.5921564
2.8625994
3.1794322
3.0337293
2.9515455
2.3978987
2.9551532
3.445818
2.6806438
2.3405337
2.366371
2.9148746
2.094528
2.3255548
2.7412372
2.262133
2.2609262
2.4478047
2.390285
2.0100856
2.5587912
3.168608
2.6488423
1.919227
2.7978525
2.3657987
2.4056196
2.4334102
2.6923797
2.789488
2.8217762
2.6161702
2.4301846
2.338448
2.027326
2.6410534
2.265816
2.7319324
2.839604
2.6805124
2.2897036
2.2361243
1.8871213
2.4065685
2.1439753
2.418373
1.8270441
2.3224425
2.5828023
1.8641658
2.0386539
2.2578313
3.2794335
2.2691674
1.5434569
2.257159
3.1099315
2.399415
2.2087307
1.9821823
3.1099315
2.7071345
3.2617853
1.8958867
2.9361494
2.4690232
2.7974458
2.1311002
3.1419163
3.2252288
2.8478606
2.441374
2.6351297
2.7513444
3.1080065
3.289414
2.732895
2.2846236
2.6916575
2.9362488
2.860591
2.7815225
2.2979689
2.4957943
2.375049
2.5142577
2.581173
2.4945354
3.376766
2.1179554
2.1137085
2.4855583
2.6349747
2.9854143
2.319746
2.2786303
2.4230485
2.3783002
4.022117
3.193819
2.7242088
2.9369855
1.6190152
2.0656347
2.6225162
2.0304146
2.9037757
2.181614
2.1998496
2.4430597
3.3786783
3.1746664
2.5640383
2.4892597
2.7057056
2.899101
2.0491335
1.9650338
2.5388298
2.63983
2.1131947
2.322519
2.0689762
2.7026823
3.0058155
2.1158488
2.1096
1.5247822
2.5433426
2.3068008
2.8796175
2.4363308
2.587504
2.8465912
2.1509216
1.5314685
2.6962175
2.439327
2.0470228
3.1473472
2.5942466
2.5147352
1.4937997
3.2254615
1.7503645
2.1665921
1.9790515
2.5168555
2.7029715
1.8468761
2.4755173
2.8745463
2.1019063
2.1014752
2.2255676
3.2495074
3.0505621
2.2115188
3.340355
2.320936
2.332365
1.6918844
1.6716123
2.9764667
3.0159812
1.8054869
2.2547617
2.303114
2.6036713
2.5065675
3.2398062
2.2130911
2.9460812
2.686513
3.178942
2.9266322
3.0256982
2.7355661
2.7327366
2.0702646
2.3286061
3.768993
2.5240195
2.6611896
2.8567948
3.1648936
2.1802077
2.2919292
2.1921914
2.800269
2.767118
2.03903
2.2653818
2.7736173
2.513742
3.2726967
2.1166134
2.389856
2.924149
2.7706537
2.351788
2.6449256
2.0875335
2.3491955
2.3571362
2.7765675
3.0852592
3.1256459
2.002102
2.7180629
2.7858367
2.2480679
1.3609564
2.353281
2.2732172
3.1251974
2.538256
2.5193517
3.3312333
3.2910528
3.160945
3.0802388
2.8934734
2.6857128
2.1504421
2.6422355
2.381238
2.794673
2.8524244
2.6068552
1.7891032
3.0186832
2.4120948
2.4334083
2.6174264
2.1481009
2.8575866
2.1255713
3.874506
2.375815
3.1841369
2.7372506
2.6692674
2.3132863
2.5578358
1.9381968
2.3591855
2.9403405
2.2106388
2.5292568
2.31534
2.0923352
2.296365
2.69521
1.8955115
3.082643
1.9839789
2.4089687
2.8381515
2.0962722
3.322287
2.9017422
3.2317042
2.3540616
2.422054
1.755495
1.3246211
2.1816382
2.0323656
2.003047
2.4060853
2.3147326
2.5503776
2.2568407
2.5637445
2.9321012
2.019067
2.4159818
2.8273745
3.1635602
2.3442664
2.7998161
1.4423704
2.0088882
3.3675418
2.0705318
3.19213
2.5906844
2.0126464
1.7738535
2.3718224
2.391747
1.8275416
3.458089
2.857849
1.926043
2.072325
3.3070037
2.2175727
2.6984446
1.8941853
1.6670349
2.0128868
2.8309493
2.1267996
1.4219785
2.0944993
2.0738387
2.2703352
2.0159106
1.717176
2.316348
2.2239609
2.400257
1.4492208
2.822982
2.0250645
2.8613346
1.8740648
2.27344
1.9208773
2.598848
2.5341434
2.559867
1.7172056
3.1207309
2.227147
1.9288305
1.7907591
2.3800519
2.965043
3.0551827
2.4059637
3.0032563
2.103549
1.7573673
2.2317655
2.535746
2.7064893
1.9898609
2.6715724
3.5662248
2.6828558
2.4761488
2.219411
1.9644716
2.329167
2.9970098
2.1788032
2.4321535
1.8497343
2.1586614
2.5729816
2.2895496
2.623581
2.0129654
2.7337513
2.8103986
2.0322042
1.9032387
2.8071678
1.3412025
2.1092143
2.642787
2.4525795
1.8843925
2.694176
2.9094253
2.3169081
2.1723506
2.5201445
2.9383137
3.1013088
2.3367057
2.4718106
2.2413263
2.8964038
2.7701325
2.1671412
2.153739
2.408711
1.7905202
2.2339137
2.6456995
2.8755991
2.2819467
2.4125137
1.9182228
2.624354
2.8143206
2.2628672
2.6114247
2.0926125
1.9497093
2.2337031
2.768082
2.1053858
2.4180017
2.339323
2.241228
2.3181677
1.9361336
2.3234005
2.1216202
1.8241493
2.142211
3.538345
2.122942
2.466612
1.7865326
2.264665
2.5477242
2.1782134
1.9160919
2.1526594
2.007543
2.7680132
2.1000957
2.703371
2.6286755
3.4775264
3.5229654
2.7945023
3.2124634
1.8413177
2.8290632
2.4882739
2.3461344
2.759938
3.0278308
2.7009182
2.7445593
3.0393844
2.6451077
3.1059399
3.4952307
2.3402853
2.3928728
1.8973124
4.0049906
3.3358579
1.8736497
1.695376
2.8759413
2.2495341
2.5302541
2.9529727
2.5173519
2.7143693
3.5957565
3.3244398
3.0907817
3.4091487
2.929131
2.5736384
2.9293237
3.0921826
2.9735727
3.1672044
3.652769
2.9341984
2.432052
2.675734
2.622378
2.668179
2.3152173
2.6038995
3.210341
3.0304022
2.2238746
2.268064
3.1179316
2.743813
2.8065352
2.2707806
1.996245
2.825904
2.8478193
2.69802
1.5668907
2.8893123
2.0240037
3.1494431
2.662304
2.616909
2.475082
2.4965425
3.2011573
2.8944662
3.241176
3.0194898
2.5406497
2.3379693
2.4241781
3.001332
1.8407776
3.2648003
2.4561782
2.6713142
2.9009893
2.4813888
2.8571527
3.1449523
3.5470738
2.4587348
1.7680019
1.7133558
2.6031086
3.0355859
3.1273215
2.1317048
2.6545386
2.5683885
1.8768779
2.411326
2.5480218
2.272592
2.20505
3.327199
2.3231616
3.0463345
3.6851926
2.9039438
2.5365698
3.2260447
3.3326516
3.4578598
3.2677822
3.6753466
2.627583
2.606492
2.5075893
2.5069885
2.470769
2.7998836
2.056657
3.1068418
2.3760767
3.1313512
3.1065876
2.8231285
2.709215
3.4151757
2.8274338
2.640679
2.9346142
2.5481102
2.6644795
2.4357598
3.4733152
2.8814356
1.4668382
1.9164695
2.485916
2.103049
2.7007353
2.1179595
3.273477
2.676803
2.4097848
2.279632
2.784654
1.628279
2.870871
2.965615
2.6919222
2.5824285
2.9866164
2.950869
2.7474415
3.3475835
2.2551906
1.8695351
1.8444135
3.1702538
1.9521666
2.774745
3.3705547
2.699023
2.5914993
2.6395922
2.5651724
1.6233861
3.0426254
2.6646366
2.780777
2.5181916
2.9033108
3.0993733
2.6102307
2.190173
2.5892193
2.2708402
2.7244122
4.109063
2.166625
2.0285456
2.6147645
1.837611
3.3484654
2.7824473
1.7335743
2.525179
2.501391
2.4330564
2.1230652
2.6427116
2.1031947
2.6179674
3.1110053
2.3791842
1.9686706
2.4482715
2.527884
2.3284094
2.8052375
2.8216093
2.4272287
3.0039372
2.4986882
2.2289803
3.2799957
2.686734
1.8498071
1.7292879
2.3922386
2.279169
2.2913399
2.7420201
2.0152965
2.0622597
2.1163268
2.7209837
2.4288335
2.6146567
2.2612038
2.6323013
2.910166
2.7754183
2.7577593
2.0784817
2.9355013
2.9063652
2.2142947
2.3194113
2.312554
2.4937167
2.6504846
2.398524
3.4277127
3.046031
2.683761
2.0938067
2.3869193
3.2248402
2.80945
2.8810854
2.0335274
2.6812837
3.1039457
1.6961429
2.8629527
2.6209826
3.1689935
2.4432793
2.4233203
3.0013065
3.0124629
2.9762323
1.9968362
3.1907415
2.5096822
2.2081733
2.3928378
2.5356865
2.635961
2.516542
2.0336108
2.2539442
2.3469949
2.4193196
3.101202
2.8898854
2.097651
1.7743404
2.4466672
2.14257
3.0542755
2.2055624
2.3180628
2.069859
2.2138968
1.4067748
1.4355512
1.2561219
3.100387
2.4361079
2.105762
2.1436262
2.0619903
2.9357493
3.4352136
2.6944501
2.6401658
3.0799532
3.0646374
2.0063708
2.3426452
2.2479873
2.9160097
1.8886251
2.6271942
3.430474
1.7641631
2.4580095
3.1100864
2.9518988
2.3147993
2.557311
2.011894
2.0117116
2.2301247
3.443122
2.5222023
1.8536723
2.837338
2.7478678
3.2152243
2.7312703
2.5702732
3.3696043
2.3067923
3.1926835
3.2454503
2.79897
2.0137696
3.2512941
2.6141016
2.9068818
2.8871398
2.5570197
2.4861593
3.1243327
2.7715318
2.8931823
2.3314834
2.194765
2.5958705
2.2699773
3.2656252
2.1606674
2.0608687
2.4013972
2.5182862
2.3677905
2.0897236
2.944534
2.1914027
2.3846326
1.5817275
2.5248594
2.707802
2.1518888
2.0287914
2.429584
3.161589
2.1712053
3.404843
2.5342512
2.2074413
2.064683
2.7394161
2.023549
2.0747848
2.1048737
2.210347
2.0569477
2.139102
2.2941184
2.0565681
2.0110898
2.1756196
2.4416366
2.468072
2.2122517
2.1902766
2.0146823
2.0747848
2.3242197
2.0747848
2.009875
2.6747103
2.307813
2.6381068
2.3183973
2.3242488
2.6273978
1.6653261
2.4710388
2.4604108
2.4833884
2.9255543
2.6728344
2.9209688
2.6105514
3.4968197
2.7768834
3.0035717
3.0757458
2.3069272
2.6765711
3.0372455
2.3726215
3.0033598
3.110893
2.8512464
1.1267983
2.4935434
2.1883702
3.2634895
2.977775
2.528223
2.362504
2.1364727
2.1656413
2.4746742
1.9414374
1.636891
2.8084242
2.183957
2.1447172
2.3889027
1.3017291
2.759227
2.6147838
2.6542158
2.647619
1.9176699
2.2745647
1.7909353
2.7196572
2.1867323
3.0502763
2.1782293
3.0790963
3.148864
3.0835931
2.3195448
2.5191221
1.6379244
2.146688
3.0958586
2.5986197
2.0558596
2.8870447
2.044513
2.1175635
2.2481205
2.69825
2.1278481
2.701839
1.744793
3.0730608
2.7656016
1.7754712
1.9686807
3.114019
1.8987049
3.1839476
3.4563584
3.344205
3.057749
3.593804
3.161621
2.3388295
4.0082054
2.3066664
2.5559099
2.7076619
2.8446069
2.953334
2.596689
3.346276
2.750889
1.9936465
2.6942334
2.468625
2.383391
1.8213291
3.0378563
2.1350694
2.4218917
2.247499
2.4294984
1.6147108
3.0009372
1.2708464
3.3768682
3.3866677
2.1186392
1.7899177
3.0924206
2.725664
1.798854
1.9448252
2.0736299
2.1310985
2.3946338
2.3429937
2.4024935
2.1480074
2.052065
1.4366676
2.1202636
2.8811998
2.4583821
2.1809807
2.7832844
2.6385052
1.3841941
2.468414
2.4590416
2.0321286
2.0500526
2.0067143
2.0570164
1.9286346
2.6532254
2.0835526
1.9101917
3.250956
2.325907
2.091484
2.8910413
2.9385965
1.7979236
2.3091745
2.2283034
2.862235
2.4649384
2.472453
3.5659928
2.0281515
2.2557306
2.1324859
2.5356276
2.4803543
2.264389
2.5515196
2.4700723
2.059546
2.8000731
2.40832
2.7962892
2.4854603
2.3809352
2.6399703
2.8681092
2.5642092
2.1975935
1.991357
3.2464762
3.2828507
3.0941694
2.1646986
3.042112
1.880379
2.4023066
2.1890316
2.365
2.1953998
2.7232149
3.6562157
3.222777
3.2671726
2.7913578
1.8954395
2.3425803
2.276472
2.0534327
2.314468
2.6352365
2.4910934
2.650706
3.2052774
2.6686816
1.5738922
1.3535614
2.7910602
2.7878053
1.5386457
3.0452075
2.971771
2.1901784
2.1793184
2.121315
2.13917
2.1111217
2.4733229
2.311107
2.444701
2.4458144
1.7161607
3.0738173
2.1902397
2.2126727
2.4104667
1.9839822
2.2775342
2.4257493
2.060545
2.0972085
2.675515
2.8087628
2.3497968
2.3527389
2.5124264
2.8862004
2.8294399
2.4451475
3.410758
3.4141717
3.5185072
2.1245108
2.887439
2.3680983
2.4437003
2.151251
1.6601468
2.486033
2.6787784
2.3062692
2.6725717
3.102398
2.4993415
3.2309093
2.0496182
3.1075754
3.0509944
3.7378254
2.587129
2.2425618
2.0860171
2.963335
2.6894617
2.808039
2.5049558
2.2567897
2.386689
2.7507083
2.4336424
3.1975155
2.5959878
3.0733473
2.350212
2.7900336
2.496375
3.1050797
2.680891
2.7579405
2.2930913
2.7115588
2.7935994
3.3750868
3.241688
2.9516797
3.2924654
2.517491
4.2826614
3.4241369
2.5411572
2.1171727
3.2589097
1.8748109
2.7599373
2.9815595
3.561474
2.249577
2.3271863
2.4844036
2.2202156
2.1688933
2.8887913
2.3616886
2.6951237
2.249577
2.2125378
2.9873335
1.9617512
2.9992876
1.9485793
2.2387538
2.0034356
2.468181
1.2407231
3.2926543
3.019749
2.0326786
2.5576344
2.708659
2.636715
2.6632931
2.5914521
3.1275926
3.3245134
3.3262043
3.1356788
2.6551282
2.090061
2.4086776
2.7111168
3.9394221
3.2945538
3.2768679
3.4101002
2.8326714
3.5414999
3.456306
2.5240822
2.5972118
2.9383287
2.815701
2.7031689
2.7261322
2.8012195
2.5120356
2.0662212
2.6682584
2.2312195
2.4936633
2.7037973
2.4817185
2.8705578
2.6827514
3.0094895
2.942172
2.0827942
1.8761058
1.5149051
1.8158526
2.767311
2.1587481
2.1868083
2.6534011
2.0951073
2.7307415
2.786588
1.9307213
2.532301
2.6146464
2.4202683
2.2319293
2.499539
2.8970487
3.165565
2.6981595
2.405151
2.9078848
2.7635036
3.0952706
2.4484992
2.3006032
2.9087033
3.013022
2.5779357
1.8532039
1.974819
3.3046377
3.3753524
2.8111932
2.7631683
2.9286716
2.4145393
2.7571223
2.128203
2.2396903
2.8482494
2.6110287
2.3481321
2.3758187
2.4290378
2.1990285
2.8636088
2.3857598
2.469231
2.361117
2.055223
2.903671
2.3246799
3.169249
2.7550204
2.500771
1.799433
1.806817
2.438805
2.0596166
3.6498613
2.054852
2.6989965
2.6732557
2.6739514
2.615076
3.0200078
2.4702625
2.1504169
2.4904735
2.9811285
2.7676063
3.043042
2.4809675
3.0880628
2.5031662
2.5952895
2.5406883
2.0813115
2.4698062
2.8340852
2.1384256
2.8119268
1.95069
3.1498623
2.100096
2.3886278
2.3876085
2.7092946
2.6949668
3.1557267
2.8528981
3.4476159
3.1165369
3.507661
2.9237223
3.5661023
2.9416747
2.9495845
3.1436698
3.3224752
3.219673
2.510613
2.5331175
3.115757
2.9323852
3.0541754
2.606617
2.354778
1.7327217
3.206215
2.7496095
2.4050355
1.9353215
2.4989228
2.4639285
2.321257
2.9397619
2.4752226
3.000062
2.195136
2.0253334
3.3842154
2.8053877
2.2650049
2.999261
2.7484844
2.9263015
2.409843
2.8001254
2.2712383
2.8927603
2.8548355
3.230731
3.0081854
3.1165369
3.180197
2.6826398
2.9554462
2.678189
3.3690948
2.7532637
3.0949879
3.2207732
2.6858168
2.5592828
2.670622
3.1777196
2.1932302
2.3310833
2.1140406
2.721076
2.3918715
2.2022128
2.487877
3.1935742
2.6639063
2.8975964
2.8758364
2.0940692
2.6924496
2.2061424
2.0468988
2.1499329
2.273265
3.257954
3.1427329
2.769954
3.037671
3.1376913
3.0603561
1.8081062
3.1901188
3.7498286
2.4927492
3.096475
3.1965222
2.0654683
2.6223853
2.612995
2.907897
2.155509
2.211154
2.1928635
2.1979446
2.3224568
1.533121
1.8028221
2.0288315
2.3562105
2.8480527
1.9350457
2.649617
2.0701013
2.5313818
2.476241
2.6865668
1.919282
2.1368518
2.155456
3.0315928
2.3971624
2.4828072
1.4361436
2.1065795
2.5525298
2.6368709
2.9850433
2.3261142
2.0032442
2.8522346
3.2173858
1.7420366
2.268093
2.1261632
3.1438878
2.6834302
1.637335
2.3187907
2.744135
2.8174667
2.2343366
2.5102444
2.8011692
2.8783243
2.2416892
2.095613
2.6596282
2.9044304
2.3557768
1.3693744
2.591728
3.2377856
1.5339842
2.6329772
2.1641517
3.4914448
2.9040496
2.8363752
2.0650313
2.3036242
2.5843894
2.9479396
2.5585005
3.1024413
2.6317368
2.6776462
2.4093087
2.499256
2.4362264
1.5397118
2.9525251
2.4641461
2.2792633
3.0864215
2.1549525
3.018199
2.1367698
2.0272536
2.4664369
2.6531076
2.0626888
2.2029047
2.14282
2.9014602
2.0142882
2.1224244
1.5748494
2.6482298
2.333433
2.5445004
2.8090138
2.6694293
2.1812515
3.3969233
2.5695932
1.4324816
3.0015385
3.0418043
2.4223413
2.8329077
2.2074494
3.025143
1.9808955
1.6814575
1.669891
2.6282566
2.7501082
2.0793664
1.9309343
3.0618145
3.3364813
2.200749
1.5463847
2.8028398
2.1598277
2.2868707
1.9373994
2.5065699
2.4112902
2.2871976
3.02713
3.3249626
2.275508
2.3885381
2.7119882
2.2663474
2.5545576
2.0100734
2.6655211
2.445872
2.902786
2.688566
2.5135918
2.4942296
2.0509787
3.4644506
3.4749563
3.2644734
2.1936426
2.821599
2.3493319
2.2737641
1.7906159
2.1009917
1.3438566
2.2357166
3.081271
2.1755533
2.7993462
2.1862102
2.9090004
3.1258693
2.8845155
2.8871722
2.734711
2.9057503
1.80348
1.8529304
2.932381
2.7452724
2.0464158
2.2659574
2.6416535
2.308416
2.8562186
1.671587
2.6798291
2.1540256
2.2121043
3.277221
2.3084464
2.0316858
2.290906
2.0390515
3.1767406
2.8959963
2.904905
2.3420143
2.5048475
2.5177314
2.3108053
3.0729742
3.9811883
2.4784112
2.75884
2.740626
2.4407756
3.0239072
2.0373805
1.9894863
2.8557196
3.1740942
2.2347445
1.6995004
1.736068
2.3592098
2.2442472
1.8543661
1.9575573
2.422935
1.8740834
2.2676544
1.9447964
2.9957542
2.2551022
3.4549758
3.3291912
2.1672227
2.1145773
1.9961642
2.683859
3.2317793
2.515164
2.2440374
3.2635536
3.2287052
3.184919
3.3985457
2.0194588
2.7880588
1.3489833
3.258225
2.0459723
2.064334
2.3752198
2.9063873
2.770429
2.3933132
2.49373
2.5263817
2.6325974
2.490213
2.6572533
3.330635
2.551291
2.308115
1.9855915
2.4887033
2.9993398
2.2561882
1.95636
2.5009944
2.650207
3.4877794
2.0268276
2.8379793
2.7571747
3.5683644
2.003671
1.960882
2.310944
2.0380335
2.120737
2.32335
3.5370414
3.5370414
2.802702
3.0116384
3.1578674
3.3183641
2.4477127
2.5677025
2.6996222
3.203695
3.1888833
2.5394666
2.3655531
2.7934313
2.5557053
3.1910648
2.0784686
2.772962
3.046984
2.977644
3.3329685
2.334692
3.9399245
3.8023028
3.2797024
4.013612
3.9252503
3.6301944
2.3449354
2.2544482
2.6663938
3.0575085
2.9046338
2.3250651
3.0315652
3.3468442
3.2414598
3.1456268
3.3300204
3.0961308
3.1014216
2.9876528
3.1524966
2.9150755
2.7973068
2.9653125
2.1038127
2.5682187
1.9880594
2.849032
2.5052233
2.4088516
2.2583387
2.0613298
2.388731
2.4666533
3.1768935
2.4374456
2.8300993
2.0340452
3.0687149
2.9380689
2.6245062
3.1954443
3.102289
2.8998244
2.6617665
2.4722533
3.0484862
3.0692375
3.2515874
2.472419
2.4958696
2.668305
3.1600418
2.1532373
2.508247
2.0207992
2.5960197
2.3025784
2.430976
2.4123006
2.1615825
2.0315692
2.7100167
2.236011
2.0756235
2.1330543
1.7545953
1.8128934
2.1990142
2.454357
1.9024521
1.9774436
2.2889788
2.8208663
2.2911375
2.8266885
2.695624
3.2456796
2.0351036
2.8617506
2.3548539
1.8832853
2.2074103
2.2940001
3.0148392
2.161943
2.679204
3.1163087
2.2262044
3.0912957
2.8797524
1.9390492
3.4854128
2.9759684
3.2631378
2.9435513
2.8976648
3.1875656
2.7379234
2.6628616
3.016828
2.8544068
2.7469268
2.8993511
2.8709302
2.009624
3.6921914
2.9468615
3.5408857
3.0517998
2.43457
2.5500357
3.3363733
3.9898837
2.9533908
2.9903688
4.416417
2.6547291
2.745912
2.269169
2.1785212
2.697377
2.4393866
3.2148378
2.735012
2.2693908
2.3798084
2.275496
2.89665
3.2528815
3.5899827
3.1395433
3.1296287
3.028867
3.4867167
2.694856
2.3863063
3.2608495
3.1175528
2.5471044
2.7648838
2.7603931
4.126206
2.3229287
2.5799983
2.0933752
3.3316207
2.8087487
2.052629
2.462836
2.8154597
2.8956869
2.3973243
2.7258415
2.8636765
3.0738523
2.4559221
1.9290531
2.6143925
2.3873782
2.2412553
2.4401124
2.20936
2.7019591
2.1071494
2.3532343
2.9900298
2.9305391
2.9464703
2.9854994
2.839766
3.0685613
2.9292867
2.5103903
2.1410117
2.0899901
2.2795959
2.3459892
2.8213599
2.9492583
3.1709504
2.9670103
2.4485664
2.6442678
2.1210961
2.3803806
2.5887344
3.163818
2.6221366
2.807173
2.4899926
2.576378
2.2589002
1.9055808
2.6314178
2.1451373
2.40757
1.3990993
3.0349183
2.2895741
2.3715944
2.6586957
2.6197438
3.07548
4.1089106
2.7931542
1.6872977
3.0565193
2.6668353
2.776688
2.3006098
1.951071
1.9508114
1.951071
1.9554098
2.014192
1.7152326
2.005537
1.951071
1.7971648
2.014011
1.8638253
1.8033845
2.1725922
1.8638253
1.8100159
1.9416562
1.6921303
2.117315
1.7918496
1.8912868
1.6101669
1.6619927
1.8941735
1.9441451
2.2293437
2.302767
2.0021603
2.7756832
2.248455
2.4795232
3.0021467
3.5881295
3.3856862
3.045016
2.600164
1.9351186
3.0521524
3.251377
3.658013
3.4292896
2.446136
2.1849194
1.6368483
2.6287506
2.6722074
1.6068798
1.6803095
3.0276477
2.7047248
2.4817789
2.4057832
2.571044
2.96371
3.0823653
3.422652
2.517265
2.4383698
2.8508248
2.1487107
1.7269917
2.5478244
2.2123578
2.6552265
2.744084
2.8518171
2.7885869
2.8879762
3.1150658
2.9526887
2.6498744
2.641011
2.0740495
2.2706761
2.1694212
3.1534078
3.4857156
2.3351686
2.3371575
2.8580508
1.5055928
2.132589
2.9053698
2.0744886
2.1755962
2.7272034
2.430297
2.9094305
2.4487944
3.1516492
1.7039933
2.4968376
2.6527715
2.3349376
2.5005894
2.404941
2.0909898
2.9882228
2.5612462
1.8584826
3.456914
2.3700385
2.190797
2.4292219
3.1424127
2.8653286
2.2773423
2.8430681
3.6695416
2.8162675
2.2711549
2.3730145
2.6243103
2.9701436
1.4989166
3.259282
2.8069022
1.6868997
2.9405906
2.5757103
2.372118
2.9795172
2.413277
2.15587
1.7585735
1.6415305
2.6615145
2.1333256
2.7196238
2.5335557
2.9969018
2.3272498
2.5762599
2.6919334
2.2614408
2.831068
2.401873
2.7606678
2.6979434
2.1155474
2.5991209
2.86335
2.9548523
2.5491154
2.5624273
2.6507094
2.333295
2.6179771
2.74822
2.0234523
1.9270388
2.577011
2.0763495
2.1451705
2.3287182
3.0258467
1.8474903
2.694953
2.1460285
3.1946204
2.7729611
1.9695116
2.5372474
3.251089
2.3639703
2.590968
1.8631531
1.6046852
2.4608364
2.4914439
2.8200302
3.601652
2.3329594
3.4136014
2.5915592
2.255614
3.1553452
1.8740331
2.5138583
2.9039595
2.2466538
2.7877035
2.5974598
3.0346737
2.175877
2.5769238
2.3953202
1.9138559
2.7603083
2.9284918
1.971411
1.9839255
2.3303835
1.887913
2.7149656
2.3214803
1.944399
2.3699079
1.9155498
2.598267
2.836799
2.6094298
1.445565
2.1894078
2.2090697
2.2295518
2.8983455
2.4644957
2.11833
2.4062102
2.3836212
2.15912
1.9813205
2.378714
1.8490434
1.3013637
1.6701406
1.587239
1.7587947
2.1908226
1.8958162
2.5527112
2.7340117
2.2037802
2.3814676
2.6007054
2.5688481
2.0766802
2.7520947
2.0385818
1.9857742
