5.0
5.0
5.0
5.0
2.0
2.0
20.0
20.0
5.0
5.0
13.0
13.0
3.0
3.0
3.0
2.0
2.0
8.0
8.0
8.0
8.0
2.0
2.0
5.0
5.0
2.0
2.0
8.0
8.0
2.0
2.0
5.0
5.0
5.0
5.0
5.0
5.0
5.0
5.0
5.0
5.0
5.0
5.0
2.0
2.0
8.0
8.0
5.0
5.0
5.0
5.0
3.0
3.0
5.0
5.0
5.0
5.0
8.0
8.0
3.0
3.0
3.0
3.0
3.0
3.0
1.0
1.0
2.0
2.0
1.0
1.0
3.0
3.0
3.0
3.0
5.0
5.0
1.0
1.0
1.0
4.0
2.0
2.0
3.0
8.0
1.0
1.0
1.0
1.0
3.0
5.0
3.0
3.0
2.0
8.0
8.0
13.0
3.0
2.0
2.0
5.0
5.0
3.0
13.0
8.0
2.0
3.0
5.0
1.0
2.0
13.0
13.0
3.0
2.0
20.0
1.0
5.0
2.0
2.0
3.0
1.0
3.0
8.0
2.0
5.0
2.0
5.0
5.0
5.0
5.0
2.0
5.0
8.0
8.0
5.0
5.0
5.0
2.0
1.0
1.0
1.0
5.0
8.0
8.0
5.0
8.0
1.0
1.0
2.0
20.0
8.0
8.0
3.0
5.0
2.0
8.0
13.0
13.0
2.0
8.0
1.0
5.0
2.0
3.0
8.0
5.0
5.0
5.0
5.0
1.0
2.0
8.0
2.0
2.0
2.0
2.0
8.0
2.0
1.0
5.0
1.0
3.0
3.0
3.0
2.0
2.0
8.0
8.0
1.0
2.0
2.0
8.0
1.0
5.0
5.0
5.0
5.0
3.0
2.0
13.0
8.0
5.0
3.0
3.0
8.0
8.0
13.0
2.0
5.0
1.0
3.0
13.0
2.0
3.0
5.0
2.0
2.0
5.0
5.0
3.0
3.0
2.0
3.0
3.0
3.0
2.0
3.0
8.0
3.0
2.0
3.0
1.0
3.0
5.0
3.0
2.0
8.0
2.0
5.0
3.0
8.0
8.0
3.0
2.0
3.0
5.0
2.0
2.0
5.0
8.0
4.0
3.0
5.0
5.0
3.0
2.0
2.0
2.0
3.0
13.0
8.0
5.0
5.0
5.0
20.0
5.0
5.0
5.0
2.0
5.0
5.0
1.0
4.0
1.0
1.0
5.0
2.0
2.0
5.0
13.0
1.0
1.0
3.0
8.0
1.0
3.0
3.0
3.0
2.0
5.0
5.0
3.0
1.0
2.0
3.0
3.0
3.0
13.0
13.0
3.0
3.0
5.0
2.0
5.0
5.0
3.0
13.0
1.0
5.0
5.0
3.0
5.0
2.0
2.0
1.0
5.0
5.0
8.0
1.0
2.0
1.0
2.0
8.0
3.0
4.0
3.0
3.0
1.0
5.0
1.0
8.0
2.0
2.0
5.0
2.0
2.0
5.0
3.0
5.0
8.0
2.0
1.0
3.0
3.0
3.0
2.0
3.0
3.0
3.0
4.0
4.0
4.0
