10.362648
8.607671
7.793816
8.262724
10.893145
18.402248
12.801092
16.770037
11.87731
8.388314
11.887995
10.632389
17.175001
10.37244
12.827097
13.230974
30.339275
12.325978
10.577391
14.889928
8.878001
10.747264
7.1797905
17.612339
7.99832
12.231844
14.140251
7.088656
9.57967
9.101717
14.631767
6.4763985
8.427448
7.441878
7.119663
7.282878
5.6539445
6.722739
8.515209
8.109535
10.496934
7.3042917
19.1611
7.998154
9.426517
23.479013
10.484271
9.38168
7.5421124
8.886415
12.893792
8.36344
18.821268
10.817568
36.39732
6.124494
7.027933
16.351528
14.715967
15.027991
7.6284776
7.005993
23.663643
6.211732
7.118256
10.084482
13.235221
7.7210484
11.881795
12.437277
7.786782
10.433624
9.498188
13.9575815
10.733049
13.527691
6.2584033
9.133011
18.500412
10.336972
11.3659525
12.946032
12.380802
6.0214243
6.632089
27.42179
6.9972687
12.531269
8.256748
10.891334
20.926933
9.45527
7.659757
11.973847
8.636655
5.6832366
6.2171965
11.148736
5.1421194
8.458004
5.4486647
7.0795302
7.112903
5.580949
11.05377
5.2404437
18.10291
11.538468
8.543929
18.45336
17.440735
16.879225
14.54377
9.516984
10.513875
13.80974
7.49768
11.889044
12.9749
8.524666
10.054908
19.10097
6.478075
8.129412
18.280052
10.705243
8.351592
16.65424
8.536192
8.725999
11.865948
8.882665
15.094239
7.628242
8.043309
6.5140557
9.980886
9.290718
16.636576
11.656843
11.596832
12.463723
7.1800466
13.390106
14.750973
14.226424
12.405132
8.745246
11.259084
17.817291
11.222261
9.750132
6.4810615
8.27072
12.334959
8.544171
10.763499
7.3740416
19.05083
10.766162
6.0224
6.476849
10.501168
10.946587
9.717949
7.257887
9.815846
6.9960427
9.071245
9.003615
8.327705
5.774091
8.330885
9.881958
12.729312
12.21969
9.103027
6.532041
8.47474
8.498852
16.82925
12.512788
7.9041104
8.306843
12.159069
14.087891
9.207797
10.966897
10.478102
11.936139
15.953197
12.404964
9.827985
7.5569553
6.7704945
6.980228
7.606309
7.3020597
19.427965
8.527182
8.385106
10.716503
12.514203
6.673892
9.284119
10.531004
10.140859
16.882912
9.288709
6.309613
7.989927
11.15782
13.446535
13.725104
17.215244
15.039234
9.357729
13.021327
10.910638
10.842432
9.259669
10.655251
8.363373
10.582839
20.43871
13.367435
7.6722093
9.315751
9.222987
6.08658
6.801627
10.027869
10.399096
12.77448
9.185654
12.144321
7.268176
13.094869
15.803626
11.797234
10.7066765
6.847645
8.579421
9.465641
8.354312
10.986831
11.282995
10.7734585
8.006544
12.086913
13.261781
10.91728
14.1008005
16.694317
9.77046
12.577278
7.696448
9.157289
12.476042
12.484632
5.1794033
10.014901
13.687674
11.281866
10.860581
13.531699
8.241733
8.456598
9.596357
15.354373
12.479933
11.333323
13.036826
13.883172
10.233575
10.4098625
8.343166
16.475952
6.1112885
10.726201
10.726201
8.940442
6.083981
5.018046
7.1005282
11.248574
11.64333
9.021307
9.66588
6.5160604
12.566998
9.403568
10.644952
11.634488
12.050924
11.012603
11.4055
7.959553
11.586139
7.505183
12.918627
7.7454557
6.150424
7.108674
14.8262005
10.058009
12.404241
18.322067
9.354381
18.365828
7.1700873
9.892507
6.0601034
7.6571264
5.89232
16.61925
10.690797
9.493738
10.318806
9.557727
8.713304
25.80388
6.3808446
8.285707
11.119692
7.9884424
9.628838
11.613702
7.367083
7.5461283
9.5714855
11.356252
21.639841
6.799044
8.320346
10.551606
8.182936
16.678434
9.014642
9.47512
7.847269
8.2016735
8.2866745
10.929223
7.9620237
7.7177687
9.7655945
9.78311
12.489258
8.872679
9.684098
21.6199
9.94582
6.5496287
9.93572
18.451036
16.18348
7.980276
10.358117
10.826948
8.214928
7.477117
7.2077613
8.719456
7.6753845
7.6753845
6.9002404
10.084409
11.521578
10.063592
11.208903
8.916004
11.508806
14.928209
7.8219233
11.873671
6.3994436
8.504355
6.722739
7.4103546
18.136166
5.750505
9.317036
6.706505
10.421308
6.350277
5.4373646
6.5444155
9.1559105
10.815203
6.071784
26.546013
6.649033
13.631388
18.664259
8.060707
8.029573
13.168346
7.478408
11.84765
8.374272
9.467417
9.544128
10.707136
9.091139
6.478166
6.8101015
10.573951
7.607089
9.421415
10.241337
12.608451
9.200421
8.072287
6.9297156
5.669143
12.452823
8.808794
16.653406
13.897439
3.955117
10.53164
6.5605316
12.11527
10.724038
5.6539445
13.030085
5.945968
8.229587
6.150424
6.26653
10.28733
9.02722
11.8914795
27.090912
7.8048687
8.141903
7.102278
8.1544285
8.11605
11.052223
7.623294
18.233429
8.782155
7.936132
10.694275
4.5798774
12.401275
5.291782
7.5864286
6.7807417
8.330538
4.80356
9.598325
6.9471984
17.59777
8.855613
5.5121837
6.057302
8.73173
10.610235
8.663721
8.630507
11.729396
9.750456
8.200619
6.6954613
10.150293
9.396907
7.256395
10.409886
11.527306
9.698468
6.9151926
9.818171
11.6443405
6.19347
9.862501
10.973194
12.9785
6.273777
9.362177
5.3110404
12.609586
8.784869
9.002133
6.196688
6.0607862
7.778079
10.054251
7.9796243
8.586578
8.732002
7.3055744
6.8733897
5.6762037
14.591793
9.154129
8.441329
9.543588
15.637594
8.311107
6.0520086
7.494636
6.961314
7.711816
8.463692
5.5264792
8.8044
5.9492135
10.597347
6.393332
6.6344447
9.257633
9.975408
6.2922397
6.3350806
8.279823
7.5316954
9.210023
5.228857
9.603091
8.802987
6.8775134
8.597729
8.537391
5.8618064
10.131161
9.765723
12.85706
11.528547
10.394286
10.2186365
7.9056926
6.577286
9.194897
8.281226
6.5276318
9.098568
11.03486
6.591444
9.312033
7.71683
7.961753
18.12909
9.257406
9.2229185
6.7218037
16.399166
16.580528
7.1739655
7.9983587
7.95581
6.9471984
17.758713
5.3994412
9.385557
9.253917
8.34291
6.5132384
3.4663212
7.5177927
10.562203
7.189021
8.556171
7.8715587
11.962749
7.452305
12.001115
15.059445
18.254559
8.870566
30.089361
7.982466
8.353178
7.0891466
6.8682942
10.596031
6.532041
8.320281
7.696976
7.122473
14.125192
5.1002374
9.77997
8.671951
7.3311024
5.7055383
9.431561
6.5103755
7.0116773
6.5078835
8.152668
10.780003
9.720007
6.492898
8.943619
9.48822
23.89407
6.352269
11.254191
11.049866
8.127816
12.312535
9.270507
6.715617
6.514861
17.112265
10.046211
9.540586
15.364901
11.332703
6.278939
6.2938356
6.2938356
17.065077
10.720404
9.725438
12.422623
10.822782
8.9874525
13.058095
10.902356
7.2434645
7.443472
8.32848
4.4223
9.398321
9.531387
8.928969
8.818802
17.1271
4.726816
17.553001
6.5485206
12.437669
8.818053
8.71682
7.2829056
7.187438
9.421509
8.301608
6.7224116
6.8735175
7.462482
6.7221546
7.733628
6.1303897
5.514404
8.760578
13.644047
8.379818
11.225495
4.672784
9.289978
6.9190583
8.32836
10.767922
15.067705
12.151509
6.822782
16.665506
10.648473
8.731986
5.744846
10.140016
11.350735
6.1042027
13.055492
6.379721
10.217617
15.61608
6.632883
7.374036
17.566957
7.6866107
11.965291
8.200514
13.786654
8.809892
14.553023
10.046445
17.942389
10.052383
9.623647
8.585202
8.082851
9.789427
7.646763
8.556679
9.365899
7.7349467
8.636476
7.2732325
9.951396
8.307295
5.8011765
9.295635
6.32302
5.781285
5.6383195
7.1924834
15.505645
7.3748555
23.977098
11.671899
8.761663
10.145731
19.638968
12.662465
8.50589
8.774683
7.839245
7.22458
9.040921
27.24674
7.0109525
13.680314
7.4590297
9.369545
7.5503407
8.575764
7.595336
9.855291
8.654319
10.423426
12.208397
8.933174
9.687123
10.762141
7.856699
6.82488
7.015774
15.652344
20.013153
11.402105
11.04028
8.03846
6.613515
7.2980533
11.231186
9.063734
8.139452
10.095799
7.377654
7.2820077
8.68792
6.2202625
10.283363
7.776452
13.748714
8.777878
13.115126
11.4877205
7.5791554
12.182956
11.746885
16.082458
16.873436
7.3282814
8.721431
24.017635
10.610349
11.020236
5.5609107
8.048972
8.417629
22.526442
12.255097
5.970162
12.4307375
10.225031
7.921569
10.3334465
6.3019357
3.98334
11.939907
10.065085
9.459807
7.707545
7.968984
14.190225
8.9819145
11.830053
6.145623
8.970908
9.128843
13.27202
8.764483
8.873892
6.919639
8.866628
7.4590297
8.61578
14.194211
12.711722
6.2233434
7.946083
5.9854016
8.362461
6.868684
8.872679
7.096404
7.702557
7.3146453
8.20736
7.7620115
5.272657
10.999423
8.76932
8.731906
8.26828
6.476849
6.231012
8.682558
9.834816
10.582683
8.36802
7.7523484
10.884927
9.077081
9.698412
10.04905
15.72953
6.2414293
8.87676
8.217464
10.147953
9.113977
17.255486
5.2340145
6.8735175
6.136003
14.007701
9.501683
20.07463
7.937105
6.1727653
10.512064
11.348185
13.855142
14.733753
14.070791
14.508555
13.273455
9.800391
11.45413
21.642143
10.464095
19.58353
28.39113
7.422583
14.8686695
8.0462265
7.9834895
6.2703133
9.772837
4.7732058
8.461106
11.895493
7.729895
8.903199
10.106211
5.006656
6.7298365
8.070734
4.9851623
9.974491
6.50622
11.29744
7.3385925
11.755882
11.923886
8.399413
12.923226
9.420677
8.551218
11.417907
8.49544
18.794352
8.445126
11.644539
6.9835877
10.220326
16.478256
6.0261283
7.4238057
6.1273456
14.16161
8.296598
8.293327
9.923687
9.524666
20.197426
11.293942
13.825394
9.800052
10.610638
9.035905
6.2346177
12.587042
12.842479
14.208136
6.848823
8.505184
9.477244
13.233661
7.7694707
7.413702
27.078394
4.3225155
14.9281025
6.272694
30.61095
14.359601
15.316228
8.756288
11.803173
8.19869
6.5921526
17.187738
10.01172
8.811786
10.41476
9.046676
6.807254
8.492059
8.700283
9.299759
8.154843
10.568331
10.8812475
10.01416
12.6047945
5.6899724
18.215025
26.335638
12.265241
9.722384
8.461748
10.830079
9.916709
28.96373
9.007866
15.940242
12.397854
13.294285
8.644419
13.604211
15.985842
11.541608
8.907522
8.936978
9.962614
11.78835
7.3200474
6.8550115
12.818669
7.9969883
14.476938
6.237725
12.794335
12.054653
8.776168
6.910242
9.609253
5.8899264
8.629863
8.88625
6.995071
13.778288
16.369453
8.426846
10.848947
8.1249485
7.917286
9.95862
6.053774
10.432805
9.105856
16.382874
11.954191
12.484157
10.140766
8.148096
9.288519
7.132312
9.829205
7.449429
9.79273
8.796667
11.3722
8.726356
9.565141
6.7185297
8.670744
6.9042206
8.987205
8.139452
12.298417
9.684098
20.614187
9.574492
7.8997264
11.881382
9.761417
17.551235
11.474137
8.817526
11.134898
7.6904926
7.385839
9.843376
13.185801
12.879915
13.682977
13.0861225
5.518733
11.29185
10.135469
5.9616942
6.8014364
18.499718
8.320316
10.625888
9.063477
5.897241
16.5521
8.027516
6.3478737
6.6754937
9.94949
17.551235
5.904387
7.5549808
8.8684435
12.625415
8.213593
5.670221
7.550498
6.8841925
6.082203
7.321296
14.471321
8.191143
11.444016
7.249195
5.13361
11.889059
11.315482
6.0449443
7.1432934
9.183525
10.38485
6.3553557
6.159837
5.8014264
4.7333207
3.7194638
5.3553376
5.8647366
5.5826254
6.9451756
13.269295
13.295566
7.3859143
8.7282095
7.5991564
12.365317
6.9348707
7.0111275
5.3658924
5.5138726
4.632115
3.982451
11.163735
7.6602287
6.7158628
6.317546
5.0658383
12.07314
5.290082
7.841963
9.032279
6.0881686
5.978669
6.137975
9.845823
7.091728
5.8527474
7.8159513
6.1512666
3.536907
10.272658
12.110622
13.884553
5.8022966
10.146569
16.80041
4.606437
5.810723
4.914553
4.3789673
3.328866
3.4146001
4.6465106
6.593718
5.069454
7.4676447
9.780766
5.09393
3.7346547
5.870517
6.798367
8.295654
7.8107357
6.881559
3.3808532
4.836103
5.23297
6.567896
4.599024
5.526377
4.9601426
7.318694
10.16641
6.3969126
9.357937
5.645616
8.648147
10.336745
5.4415636
5.7093062
7.7763205
7.376831
6.336627
7.751323
5.693222
3.0470116
8.713304
5.0977364
6.836173
5.747978
10.4635935
10.489347
7.1156516
7.61514
7.5695877
6.528006
3.9997911
11.396449
9.427115
5.5583105
5.1320367
10.375247
18.260618
10.688878
9.1802225
8.704677
12.186586
10.93142
5.5539055
7.705849
11.864629
7.0996547
13.03979
