7.6040376598178465
4.610493999003971
3.9340059957810807
7.054170933189284
11.364096326588381
6.684519099260771
6.04810833815522
5.731388955762739
9.215441965444024
3.499851815529648
9.29465223850048
5.004830034646299
5.254994880288819
5.4336877352132955
6.744689480102352
6.084800099879392
5.831969514329257
6.901445510955612
9.25053643959845
11.118825977349495
7.215728502820161
9.104816840985126
7.63352756433174
6.214921082756646
2.942936599399181
7.124127099542109
7.539672990394069
4.84600553238945
7.709019796116236
4.385752660961064
7.02593094071729
5.419001202513192
5.886905640023539
6.784142661843539
7.811596663387903
6.030146005095702
9.763141717163023
6.2799478662635
5.18595493599493
8.736416909253675
4.311316839239731
3.1103920054318146
3.477959789413537
6.385467673688749
7.226819430246181
8.02522993491787
6.590922002398835
10.116752484390325
7.135312029914223
6.626506525003867
7.458810048654594
5.6493621071357305
6.4695977073502196
5.000291698443922
9.123254427941516
5.580305466402116
4.19775453370961
8.87089838679602
1.5354127990965543
6.090443399945292
4.948256934257695
7.35886587356991
4.995068054616108
6.132467832518856
2.852467046355208
8.489773019740921
4.235145755433987
10.277289199547445
4.862553341581875
6.663982153297369
9.444757955949093
3.804250154059533
6.982795612948102
6.204452703891475
9.861013994093534
5.675112888414179
8.74251489386562
5.244486345407704
6.493469012630836
7.525649719223239
7.054958825487105
6.261074868938059
5.31783669825893
5.863658527861842
8.782651696384676
7.161638079058069
6.536230957225114
5.01134261582522
7.99643510081508
6.215301439334389
4.90751643288211
6.769594464077031
3.473589145406474
2.69018306644794
10.777831085425618
5.916653762450705
4.366553151476437
3.7978069594259742
7.392817955195486
9.699855415940583
6.56061819174432
3.9494744545261753
4.017506948138528
3.717234085144937
7.556645631941265
4.686171385845585
7.073689999188408
4.200301383917514
6.316438395345387
6.530655742450688
7.55259890253111
6.3362464921935455
5.4861076923323004
7.713933023168745
7.679702120410941
5.856744279805704
4.427967182657496
6.313907814303647
5.6289549763504425
6.808401370059557
6.576907906982555
5.654335276871606
2.2887781880299602
6.51501681359531
4.893319111717308
7.15587431575849
4.3644324899461875
8.33374149446832
8.4480512370756
7.165353206445569
9.601013233792814
5.983127791045035
4.808271787930263
5.021874388911477
7.742678553354969
8.925634939130394
6.751305211911927
4.3674576684808395
3.926417423929517
3.7901370632407105
5.104629130980063
7.28002048086601
7.086316600798645
6.779071049888086
4.67054326852043
7.073804263744527
6.139446442330853
3.998075936158171
4.996345284684499
9.330351865070138
5.872062450877341
5.66026470273383
4.202966217146358
4.739918805969672
5.784854919789624
5.413690315627961
5.248351340990812
10.324245026134315
8.790871499176738
10.531107832626812
11.362942966075481
4.741406498546186
4.780407330701479
8.426284350442275
4.544394320323614
6.123679408420378
4.872073751586404
4.453122478211107
4.503708557943096
3.8634015104695996
5.150749359742049
6.85943565916786
3.917196561835889
5.977546826321835
7.781078901195053
5.233182198778641
4.197349871241826
8.126406470458173
4.856126271729092
4.424455536492157
7.697859260011007
8.623532382051792
3.837013486923561
4.215458596624959
7.553525039264842
4.8326640135105725
5.205357717681618
3.7014616870955974
3.106366757364268
8.203772709291757
13.435569116976623
10.444780013252645
7.34645597869188
11.08651342228424
8.417123245162562
6.11175983002446
8.359337999813269
6.148940195092098
5.895997214113986
4.9319070098748465
5.440410752710981
6.553286739195242
5.7706428897858295
6.106331037809782
5.98097758896243
5.368932079798341
6.468142049073278
7.534748320990977
8.717492783387156
7.364913373442087
4.9394954947265655
6.739937740912751
7.5769356316073715
7.0767109255652505
2.7947312738061934
4.216149194938813
7.571869436465893
6.556457698815498
8.611920075762852
5.55782551330954
7.91005607151592
5.638178093514056
10.024821959867362
5.245510847035783
6.9497200032273145
6.118455113035872
5.768824589813215
7.6721069077307815
9.732554015353129
6.702622233758313
5.42113176198254
5.045517095867734
7.998107106327947
4.82528198578108
7.843467242516491
7.418830360762739
8.25512971551849
4.3530563008980545
7.76415357000094
5.915699991986878
4.489851446680731
8.489336401724922
4.475735874496155
7.820648183063668
4.683866848988177
4.83165890433111
4.1400500388218795
4.89662170032098
3.746834371175247
8.071374198041402
2.1462807441260794
6.846382588532825
10.384524186386578
5.884823537336137
5.05310061977745
6.85425548887427
8.384385406473275
9.053895138655156
6.855171721215313
5.7409993078326895
6.75521796972233
11.617815591156628
4.421653424675408
4.593911312327011
5.952577571569044
5.0680042631154185
7.041172442903599
10.604102174397676
9.737028793092023
6.402810067637495
10.096261117918745
5.116938588659666
7.999306941312088
8.154614693177601
6.063293228415293
8.807074148215852
7.606002898155964
8.35654738535885
2.674871286312342
6.896789385690981
6.3254588531736005
9.279742541335201
5.512996586053235
5.448424852634899
7.715592260872955
8.468385526859592
7.179080303125905
5.293070176708856
6.814627430504904
7.667519477870325
8.110406999015112
7.472394058832762
6.482592746076532
6.661542794495979
7.891288142624821
8.336077635989453
4.0673937895533
5.2454046405915635
8.971843324154394
6.870076672484164
8.470545654706546
7.77372786560415
6.78767420064108
8.754589556149385
4.200255572575688
5.272355007314751
6.144828020592933
5.07662859226819
7.422299444405161
9.531793331343348
5.949363890512307
7.0565644996398875
4.786484621887021
9.491944536345065
7.346293796758396
7.482988464995964
4.638302632359738
5.9510029494546375
5.750141540601654
4.949294007883005
5.981316796435842
4.079481128839913
6.608441743122592
8.26635646263934
7.802090451357589
6.906937989529332
5.349217893718279
6.520234592132835
7.205012717898154
10.623654161091228
8.657747205003254
5.720142818559202
7.962257795148536
4.383235313793652
3.7234126636634337
5.986325546291128
8.744887973564277
4.344310324457537
6.461402439826267
5.06148076421125
6.145337751928488
2.4075073936229314
3.9803089627331074
3.3309165935682192
8.00882675337041
5.074441226712362
7.1941738023060955
7.300788392595527
3.861887599328684
7.338708234071582
6.605966630892606
3.8264603552803678
4.97657894468226
6.483795573471934
4.602362537274761
6.075818597239425
7.939174309983849
6.401842123064308
6.008642223949889
4.0282159670082684
3.3321476680201507
3.6332486903598524
5.329588290423048
4.208810853498258
3.4895273474481896
4.438275857608973
5.080366970115595
5.40106739523319
6.015601181329889
3.602053921871111
5.061906793970387
6.707854474586783
6.088432182414854
1.7381979283193252
4.105848314476168
4.029361285500029
1.8536577473204305
6.220524241418808
6.169819684925034
7.402951623638751
4.251806653971292
2.981113986381181
6.71703570028521
5.3152996717305925
5.3953464356572765
5.923404695230317
7.01604482966494
4.5600931984752595
5.250909769628251
4.993853761667989
4.095395151720343
4.320900175094794
4.923263140852312
5.31683392664228
2.3494348629172968
9.353922280687904
2.2687536949749756
4.410446095246138
5.404131692409754
7.155793353421293
6.492635147796092
3.794520632391718
4.978442650255001
2.2644732400365037
6.412808925686093
5.2627140293967685
3.827063068878121
5.252517435748562
5.905328740971645
5.941604690526322
6.934579686186221
7.003477056653692
8.177512227678468
8.852271315375642
3.435581594872047
6.529159992405608
6.710307583703586
8.584579755745578
3.231049750226268
6.380580515373926
5.333940018945661
5.407939428009351
6.439778792695001
6.165894335825543
6.87688581846372
2.250528498118771
6.078135928511452
4.984782628206085
5.836473269420442
5.38363660107149
7.9588559273130555
3.4723633764477304
4.509530530812288
4.641107236492508
5.502300623948661
2.8717349320910865
2.453325665616047
2.437256809663608
6.300445220304786
5.147090401063895
5.43135630796975
5.060966140532768
5.003712292727839
8.580319582083536
5.646507420684133
8.626597727805827
5.916090723532618
10.467706978268929
10.106475370497025
11.704728046301927
6.918037569854924
8.078292499768752
7.697874413531457
10.340084598758482
11.715447798015308
6.543619931860294
5.040998000983078
8.201531736657738
6.757824404094471
3.4471474255315955
9.557103126759822
4.062903322826479
5.163473503847162
5.73338531873499
6.296015611206853
7.010258731196584
7.7243658198718546
4.536921495390161
6.10826244483757
6.522033133445583
8.252821700110996
5.321955617903406
6.48721770355873
4.5677754110041615
3.5669317400212166
6.674798328666902
4.4609554756255285
6.295242264134164
4.95962034421239
7.937485987642446
5.6590191256238835
7.771285735848195
6.923279552397102
8.268322872360395
8.655737555905773
13.107387629650942
2.5423015752439935
6.46948138926719
4.88015985521679
8.023422484082733
7.798891801576392
6.33098365897065
5.122123241610852
7.983196541105728
8.650300819597092
5.190446835788829
6.296813482968233
8.572699474033154
10.565477674257062
5.380668421162757
6.201391057676973
7.357126785347079
7.501142578412114
5.494206831001494
5.642761141202616
5.290199123240912
4.175946983646585
6.394956333253065
3.8124502926100554
3.5472109533699356
7.130306046798613
7.551872482021402
3.5721530534838957
7.37978765554331
4.854591104249291
7.636109944306057
5.631552498662439
7.571893455371046
6.363223997481861
4.018416309488681
6.527582784365428
7.282104944291013
5.077306146086637
4.073835313553059
9.079659173885439
8.065705052410017
6.5450690220839025
7.887598136832671
4.974907863000389
4.605122284899795
6.762393986632796
4.95177153007238
7.960069239686148
6.728762802081719
3.89809552949856
8.605097196745753
6.791764171585968
4.954516405835894
4.567587689153157
7.248078877177179
6.329209233568404
5.517538232303533
7.850271938347582
5.513025289258433
9.933604293778252
6.068117202287819
7.694656102488248
5.3056434668509755
4.4601097831498695
5.458626360231811
4.590927902636716
8.491511187088044
7.122004948381841
7.8552900974829285
7.393526028400028
10.206386116631903
2.653048752108628
3.5153401543466845
10.431109874429096
3.615159089404779
5.82715909781378
5.68301209029529
4.66332330876169
7.661955070669937
7.040216401438294
6.273463413680067
6.45604565445507
4.997955879713501
6.655037571835189
8.313906886000149
9.853936318595135
7.687044075754269
4.861571714024255
5.495743574665978
4.185396042919127
4.609151261939741
6.887773232138713
7.159395604713578
8.459508855722952
7.223049137269136
9.244425788983202
8.99678430066186
7.358507189096242
8.240582935636775
8.617140679690602
7.10829148326961
8.056571993606653
9.578256682472956
6.488212803743942
6.886154926352045
6.395813081172083
6.654022044450215
4.6835211465579984
7.240626764637008
5.141999735969857
7.206055671218774
3.5068759325708494
8.21086023788396
5.786930100795323
8.432687975954716
6.354322799222427
5.651827420016906
5.31899540455911
1.9004667523234602
1.8860854458024083
10.16336959505932
5.720025210229037
6.83153607331209
5.391192958287759
7.416781546826513
4.751084912595464
3.0213361589436727
3.964001417871787
6.10875911337218
3.7084406244345196
8.46298015706372
7.360879893783825
8.926056211315391
6.148486715681102
5.218683992022463
7.236930459518907
4.895701412590126
6.624843447622347
6.180829190250546
4.758507322427755
6.54671636651749
5.966523161896598
3.6372683667921484
4.978189783041342
4.80887616307373
7.3809176537282895
10.321083580488912
10.172223821595189
4.531960816339153
7.954555563304671
8.785611532428376
8.68336642535552
7.93789899454118
7.296320364091841
6.621552855775931
7.207120856659417
6.975433210757067
8.878868012495644
8.281081869549835
7.1805308709728655
6.487009182782978
7.230010887410792
9.29309612335299
9.796658481496506
3.6798486100875896
6.797204671211429
8.111725694197103
5.468934350641737
6.109697949514306
8.363414543609476
4.998388910656439
5.655921924962797
5.499228069747716
7.783219836190486
8.912814068596798
4.276835752491178
7.372249731767118
6.190984898817851
8.497459614405399
6.710443915368891
4.98234604963741
7.440563027275899
6.822920695773617
7.62398774299392
9.003200097198782
7.881067185474029
5.36272310069953
10.67957729069958
5.030554947495924
9.873359087232219
8.094938465569628
7.131844047624178
5.549776505168282
5.643799306685634
10.101705699994675
3.5555175741085305
7.719645000379117
6.143657227274668
3.4699217285146315
6.025236614935315
6.6626900288621504
4.940788370551898
5.872863475557431
4.994295641228356
5.342745609955077
6.7135383677953
9.520481101168068
9.474567003588902
8.95361651325991
4.275250155349507
9.303583474466425
5.350920288561648
8.596943565477087
8.146681278345467
9.62896082702678
9.679895187510477
9.04171409268675
7.458731257908643
7.682600647924491
5.15437267790451
7.259169140423566
7.352018050179061
5.868123583752212
9.734401019111264
5.563251880859016
8.471400914762492
7.61461889962222
10.492328570016058
6.717137523215942
9.37424735806936
3.626780656080015
10.871874856833506
8.554372019916066
11.352577052772057
10.348669576008287
3.2827487712895556
5.745389191448758
5.238547999546177
6.364929163869047
7.5695971168851965
5.491988432119969
4.590966845051127
5.821086236575125
8.355888339484435
6.151216786917299
4.521803169953056
7.149461875812845
