5.055159863585929
4.640251804206128
4.9734535182366315
4.641399514250197
5.055808627389223
5.0763483772119775
5.084556385445018
4.820469415123784
4.58685740701356
4.716540332990519
5.465703652176926
5.015625983680989
5.037619941199402
4.8828012524512525
4.931796655315562
4.891353430780028
4.9264972974701156
3.8622288269509077
4.683525670995427
4.84496394681307
5.0145616457107955
4.990968159627638
4.766494680186812
4.867707004401778
4.6436914590200935
4.969866045577858
4.692168692876483
5.036011439662574
4.455340689150502
4.792126720412437
5.39395663015663
5.151703248572778
4.736678396076396
4.814054356022423
4.657402051431257
4.61970749630139
4.425747353775654
4.835108388064523
4.808834218546329
4.977281979644629
5.035835627735037
4.767148348418646
5.3115340965847295
4.6628427354874065
4.491285125218881
4.684209331176273
5.107542581034042
5.163525706458584
4.70185595418447
4.954872321470969
4.316271474720541
5.014376120989966
4.986261394493536
5.174479463792408
5.1168814549825585
4.726452647363314
4.567555345356565
4.966965948199511
4.572210143265906
4.410502428207971
4.679876464082442
5.140964151492544
4.969456379654049
5.010140131229607
4.924831001274932
5.0820757472086235
5.665832273482407
4.712358383735652
5.104157728273449
4.8771115048128655
4.864649797351203
4.741995525400085
4.541750068303914
4.556052818768771
4.607162852446742
4.883060067903214
4.67523076014248
5.012218758762278
4.868818851439451
4.912544986812656
4.696924719729462
4.733342327506431
5.055952464950585
4.712419337655287
5.0860779840872965
4.709110743850517
4.7108531778279765
5.111257323890802
5.444426046911446
5.086432245828906
4.624513818983881
4.475412823425385
4.541477197602623
4.569851190745418
4.763875921813502
5.176000296308717
4.531806578980564
5.079686342753544
4.975416577593616
4.616113091588981
4.727130961637618
5.081753226563566
4.213736057713607
5.180177170878988
4.549462703265436
4.908779547346782
5.165820835632838
5.047650065900004
4.451501075643535
4.343742229310409
5.021579229287681
4.9040889737496585
5.077428497659604
5.820350646572525
4.8638849173190986
4.808764712282785
5.199516456655618
4.1647037707215215
5.2065657197293
5.101678145814469
4.836914419949556
4.595544078536724
4.656537654764349
4.5843924992910985
4.952741427093195
4.469560553518367
4.977906897282405
4.875870673897505
4.596216984558883
4.277790543611221
5.175287837593503
4.70773847397954
5.055951542483717
3.770871977945375
4.845241674387518
5.496176693995213
4.874819677410237
4.978909935359932
4.909083872692465
4.582047003586062
4.745876191376243
5.017975942348452
5.095553664018159
5.049679532873457
5.075818501746204
4.82912162553162
4.396431995300701
4.693128949389234
4.920214102268166
5.217473796928202
4.6820580365117985
5.219995136144585
4.680900160421422
4.773038185847728
4.92214122917917
4.460268612908056
4.646953374927911
4.749870031034713
5.075196698572732
4.2659631185614675
4.671927235040801
4.757389590641152
4.796124844665655
4.908983636286508
4.705159277358906
5.496436093118284
5.089531565154023
5.1832938554850525
5.195634978438198
5.053410359358452
5.422608218520408
5.380211518959923
5.019435827413434
5.338389779513897
6.863374476945756
6.812023648250103
7.232981200852599
11.79493132279799
7.030550412687397
7.142743518304853
5.33878741294062
5.519624454961854
10.900920691084222
7.225791753672871
6.466830546727138
11.33029307529441
11.4311276304959
11.48744864888283
11.227328800248412
5.817587088671954
5.403175375346415
5.040131489711557
5.096205041542825
4.697257874064276
4.861065199728696
4.734933714718563
5.09229864959936
4.922654840352052
4.972612682875653
5.019371845670529
5.08284785112
4.1255518768494
5.188429643861307
5.643284312667777
4.848144736241385
4.954486198994127
4.877903356044885
4.703672731153463
5.1476369539597355
5.610362632089114
6.440519371367049
7.138723977889308
5.063134514901721
5.3230075168416535
6.842476571618364
6.128775982432552
5.485764962111703
6.205313630458287
6.769269606464698
6.62029069717917
6.380330777131215
11.171030557728674
6.436019725226008
6.93431683222942
6.529289807565972
7.100512122727448
6.57221464037028
6.8435318974176145
7.372352576438403
6.404216425152395
5.877551041738851
6.473602821017149
6.8143034227958825
5.410899790659685
7.388853698129403
11.254264334123075
6.4812338984538185
5.7391897138189565
7.443425801210907
5.16102650579958
4.977376644484662
5.476841381510937
6.245209899893069
5.926815620359939
5.442198889714412
5.333340131475911
5.122562792525054
4.828361433548192
4.701323518482503
5.14752193611978
5.312934371518476
4.802722304705045
4.730790383315245
5.779907318623346
5.585758789349116
5.363098383617898
5.167188595129862
5.129568114430326
7.264946399821376
5.057034245861407
5.161789551940892
5.033441386985441
4.9097276646808705
5.334941620273813
4.94181623632803
5.277204925729747
5.310984709966565
4.7194914159380685
5.341607394782201
5.088853021046316
5.231105434129018
5.273883177517353
4.9494003597482195
6.206646486544779
10.84898164229579
8.235733836647093
5.2664570320976525
10.933750807630517
10.72671649744692
4.985224378746868
4.773678069296628
4.7203662411223215
5.221061603762646
11.546799601817089
5.177024753609769
5.422291046955297
5.208962003099226
5.342184303953527
5.559916229650671
4.940375668156944
5.301261118707931
5.564336494100882
5.251626238991213
5.486307534153921
5.470832122405218
3.5889894762914034
5.648069823736525
6.194423029974701
3.6496995284204417
6.206014511665598
5.699287047604916
5.793272634220884
7.386073554294912
6.310951033445362
6.409281569011989
5.439565131129667
8.933977137650405
5.102760538962318
4.791228625888706
5.387516964957351
5.651738705836861
4.828929308613795
5.583400382520033
5.109001421569866
4.679871651101131
5.553480476364295
5.405640850988552
5.228160541684447
5.520387123171529
3.322797582587464
4.721557720655725
5.237733360106536
5.4246866939429665
5.021444090283117
7.5199252580699785
14.489789542338439
11.954691958031383
10.904097872313262
12.722596178040796
13.258927431183448
12.670372437176518
11.696216018421904
10.834353371763974
5.990021541951158
4.934656282016632
4.97422254965604
4.8248465093831125
4.850365185163603
5.172828642592371
4.29516379797978
6.120319152550044
5.242430295333583
5.100324785904151
4.944749928923681
5.193061290946666
4.830669611492266
12.104073244046248
4.504929831472199
4.6574178137626285
5.246490201361077
4.983058964104799
4.469499486341693
4.996251604032395
6.213887409111706
5.16898650675037
4.890957877352148
4.644127375078443
6.260065505436611
11.62984337656722
11.742046617654825
11.401472821657556
11.432408207454262
10.932299590316337
5.960772745981871
10.851552462813533
11.839605855839537
9.763067671263268
9.605918280877141
9.013672562723118
4.959579851404799
4.195572535632455
9.649146413177181
9.283352963337729
4.4880951444197175
11.486641480754358
5.019106966014883
5.219329573234563
5.252882742677586
4.820261517877126
4.932534797223895
4.556398140508861
5.100726843230423
6.862550384413786
4.55103823289729
4.577372365924972
4.421260614809085
5.061311631147496
4.776083964504359
4.7487846224329955
4.695663575254404
5.0590471380458855
5.092559910162213
4.81611766741452
4.86655200505522
4.655084291531558
4.735833574167431
4.63076959019257
4.897036125871456
4.893886198327727
5.001184874843462
4.703856212203063
4.771037339801886
5.0125025376320025
5.20386725490189
5.324221825306647
4.833592340459111
5.09802255826273
4.866737435077918
5.271559560481561
4.527068950570784
5.551448307324073
4.938437396187304
4.765066516395624
5.029312081013146
5.223741787777275
4.9145660748303275
4.6643218023596615
5.335764433410723
5.234942433072813
4.8066291474629175
4.927004352396229
5.034660829949702
5.508490602386901
5.576697225764884
5.3835986661518245
4.490273729545884
4.518136472954503
4.83245619894029
5.164300883556092
4.508203153900157
4.333393105975339
4.3417364123374975
5.3775024992905855
4.950885320204039
4.733708778311665
4.533390833106064
4.727050343618901
4.436098240989908
4.856349400546019
4.573087289129918
4.7071032862585245
4.751879174451532
4.922145756881631
5.301544459184795
4.953556335871316
4.360243586018036
5.085854990277612
4.771462126115067
4.8516635442677645
4.606593360576422
5.066673246113199
4.800269916115614
4.941096268790903
4.677335883521938
5.231267241729886
4.4852189394894175
4.720787907166746
4.964404332649101
4.818748133922261
5.126899269987883
5.23147048554018
5.05576738429432
4.815167215955387
5.280418779523546
4.953730475707194
5.213929019205796
4.732957723584978
4.5289016356215726
4.943158774356021
3.745263483932134
4.255171408424135
4.385642384442955
4.856888904065587
4.88684174733707
4.850272645390604
4.753483989914967
4.775463102032709
5.113987587471484
4.730285245297977
4.937018926558963
5.304983663401876
4.849862460166575
4.769935602880907
4.553426646848997
4.981055988499436
4.8593637381623775
4.933314836341442
4.862521424410755
4.844334567312682
4.389103945698176
5.026886867821696
4.929229527124335
4.835855514070907
4.700772301983591
3.825180442043303
4.612941605714075
4.318321579445178
5.013034350734888
4.876244692916673
4.700764918716991
4.960021025234677
4.97759171491984
5.108536869438248
4.8995404671008815
4.411333040672924
4.9944536548070975
4.981117796168836
4.815481426007101
4.9369941808601405
5.308936374574947
5.251950871027428
4.928316149613968
4.980506486853255
5.023659132124141
4.974099358335157
5.311151986910386
3.956703966663596
4.38042534604611
5.36345560880922
4.9962771912190815
4.615357311581994
5.221833279073993
4.8988065881552245
4.71169785800308
5.130630553068145
4.47492948606415
4.6940032621016465
5.146717689288111
5.149279786959962
5.200353233209749
4.89430444757666
4.529132176830514
4.522826796531204
4.336025710741942
4.866978205272672
4.6864625686587456
4.64387498205467
4.87302460742949
4.988767125365729
5.112996541221296
4.663647656441215
4.970247868400451
5.002108197371322
5.003690674214683
4.438470491750146
4.749576621480317
4.809072829106052
5.263818050920175
4.8979625363149015
4.5956728079274125
4.538687079771203
4.872875282841062
4.836717964955216
4.736657893418289
4.953000845608955
4.8023556037577535
4.880771831207023
5.118601561292371
4.832390954869958
4.8300609858801185
5.3006428204721905
4.840516900053312
4.936166828715887
5.336362625417765
4.995971904385085
4.936211704459281
4.775032759721802
4.644867633223572
4.930141660319107
4.550552549248775
4.756661355798816
4.477868075952857
5.077850804623799
4.672607167583293
4.6479916250652415
4.881366801107681
4.716235773051073
4.751759042280042
4.7522147208850605
6.566804769741304
5.200364798706174
4.100616743252503
3.4501458069369786
3.858240889337872
4.871971991085266
3.621668458793266
4.1969989189867825
5.018748813531036
4.913473839072116
5.017311647712841
4.648901184081952
4.978163414683532
5.013166881367288
5.02489527724907
5.034074040592841
4.893182603722132
5.208498613435032
4.790734874840224
4.743938457334069
4.600038067718149
4.624492034213775
4.159775362335308
4.3694045051771475
4.646828661474286
4.5719979492611795
4.293657769655001
4.661566356673369
4.781963697792095
4.750546598085986
4.8799478891487125
5.142545520781584
4.945117493836738
4.836955278871777
5.350488882849406
5.078523833505809
4.758785963576141
4.515949914821782
4.778170319971684
4.750626549840711
5.381634813772766
5.2650378946992875
4.674903417679756
4.8208382559617915
5.447237088877388
5.03790530535866
4.687270412138587
4.425915173383147
4.905939293989352
4.6941484736482035
5.1694947332776495
4.123783629587027
5.137794495628631
5.229141967131985
5.04364745701941
4.827981203821774
4.725697509511653
3.941176474912346
4.907068336502453
4.894383613755234
5.053660278615219
4.79636914158434
4.837614667245395
4.659403797779853
5.092308643709605
4.854156453604696
5.3103109490318525
4.908347325451731
4.746003932950359
4.653008752658886
4.757301858555468
4.7957558670439
5.570371710289744
4.706699499347583
4.910868851539815
4.473850080002356
4.98596877472335
4.865306438303988
5.671468608655527
4.9268998377605735
4.600899816929826
4.9080337316809395
4.718596623264963
4.812415253395521
4.885511207496885
5.779914245956541
4.856854221075624
5.109293195814069
4.5232941191415525
4.0419812292089405
5.182244787817977
4.760798245697283
4.096956562190594
4.987139838181086
6.951335199925394
4.71052862169582
4.718198497685805
4.124866532576937
4.584205926537152
4.751258816940243
5.114952684889447
4.869991364391911
4.092469888476666
4.660050236446343
5.326082196964253
4.994296898146038
5.065440404871693
4.901183133721387
4.906789536225645
4.936598127161793
5.193771642000063
4.9902466241787025
3.790231281979861
5.0540769114672806
4.131002023748481
5.276357130078856
4.892771291387687
5.050800262698756
4.804702702981446
5.273274917848665
4.8952272604509774
5.241157663334822
4.7573576766942685
4.145920159332718
5.095061211217021
5.162990662222356
4.60490258590799
5.061670098380766
4.73883869409803
4.3837419287973365
5.051925329474878
4.540295849249149
4.8683364270052545
5.113663372516311
4.424208440501862
5.301145568492641
5.374484412552724
5.526378413106286
7.850072836275302
6.954344217722702
5.193384122377231
7.862948403764421
4.380805265526974
4.882583116697625
4.635860730969823
4.264929840216271
4.522126021280227
5.1563414235935685
4.38288461734783
5.239895298603906
5.087229456868764
6.371432629077852
4.869586930260103
4.631977244373889
4.685583605815108
5.179808931771279
5.191903625279461
5.163437732593646
5.392231193055016
5.298224647782096
5.277524180214463
5.744430278191175
5.788819803767843
5.46650508815137
5.628465428503704
5.709855675946925
5.60824112834645
5.017942406543015
4.696874164882873
5.252905149185788
4.642212514147287
4.749855209484579
4.389537068427868
4.994431864977043
4.297225747871083
4.608163438550913
7.505310588836305
8.376878626893735
7.876918386753744
6.603418503823488
8.58269152996562
7.723706051344218
6.852174780018336
7.651581966961848
7.4737153539431525
6.637833797973525
7.574434811275369
8.667902485573265
8.30722811491268
7.29551501101152
6.5483407631938
8.076956096524267
5.096035310495583
5.644410169749564
5.554168412885713
5.773144256944108
4.905517172731812
4.910971693526109
4.833512476418976
5.132732914806816
4.99804036417843
5.197454535083087
4.542201447626891
4.531412173485146
3.728330625951502
4.8510281587381465
5.050201438695761
4.768321266269512
5.156369594128036
5.0161600890475775
9.00251970957994
5.84132137128921
4.666221762015188
5.103872989405644
5.081185520752082
4.717427724162216
4.631058109604396
4.775988784569322
4.991072906925921
5.070341716638276
5.43619169134722
5.3505719501210045
5.78620976158962
4.877614059629602
5.807472356115159
5.857787866210845
6.951730102881286
5.825116066605182
6.91914324384757
4.678674032587226
4.962807088128971
4.462440526486625
8.672383894453656
5.0616552452998125
5.127153614685223
4.983493677205943
4.908241900604836
4.912471654097377
4.781685574136676
5.190362151288429
4.586380386673168
5.98042339073794
4.904135663002809
5.736089079936795
6.540147111618797
3.1650197432660616
4.839142310192894
4.719506691965554
4.68225048711897
4.833458584049516
4.939846974014316
5.203865274567634
4.917350710315351
4.734307688014718
4.235195019957698
4.8011371711039486
4.675257291478085
4.38088140974155
4.918788265813379
4.434274420770299
4.878287536144286
5.1203958863672
5.049415678367481
4.067684709780238
4.882985591484397
4.858872068143325
4.967244190868096
4.960582846453615
4.334497408329912
4.818724758179481
4.866154698191248
5.295657272447291
4.885023037765816
4.90417055313399
5.086739962179457
5.1202482607156155
4.756981176165089
5.0241869476263386
4.9877948287157725
4.718765009722523
5.0407665120358685
5.2784465697783345
4.860908185087913
4.391132789978303
4.644793677239944
4.756613726442371
4.486482766773156
5.049986834663662
4.808198674496386
4.8030367214268255
4.941896375618336
5.765364526559656
5.690518300688146
5.132440867102574
5.220150360972764
3.9670682797626586
3.719070391036624
4.938019054845193
5.226721720521961
5.310444571062592
3.8377564975378147
5.324300335702895
5.186010167416939
5.279765746099176
5.231349191801666
4.868859832974934
4.757858653935707
5.0854834599423535
5.134163609564126
3.9678405544182653
5.235625001286652
5.178576845950574
5.149611237424702
5.1677691432061765
5.375043774801179
5.06194102461631
4.730349120169389
4.621582964725503
4.987597514602359
4.257227917659351
4.633711317654368
5.118690227312117
4.506539014935075
4.582989049003969
4.542378477541337
5.130055782196423
4.811976562047061
4.484423206785407
4.980511197015254
4.457690362038635
4.593128064864611
4.674360066908647
5.017737957560304
4.7965277995549975
4.796190964602905
5.1002213818741176
5.100971744099303
5.163596967497913
5.150276803135263
5.046870834569787
6.053138790009102
5.1707537811541275
5.1538014643072945
5.08508699239169
5.557997945839724
4.673321535974689
4.547792633411391
5.416872492636871
4.5932807957581
5.091919961597671
5.725133361850552
4.723828959862157
4.498712039891164
4.479559705746434
5.11515828646026
5.276132242687956
5.233041307202107
4.748215630696021
4.992655955821827
5.190906735850263
4.608784890251088
4.750609450503549
5.4329969791573145
4.8805333426735675
5.217769655764443
4.4591852893979915
4.528535668932205
4.889337894501534
4.487707591998298
4.874054408796908
4.696128892905401
4.973677232242997
5.4696035460458035
5.404568584053814
5.0964033655467755
5.023304800464556
5.2002151082688925
5.017021526215472
4.777720437089543
6.803600189444461
4.946370694928844
4.545250886166553
4.989773661360267
4.981360438616573
4.6995380616647475
5.22816283554805
5.328910525144824
5.401289254721444
5.459370738406014
4.922155290152279
5.076924264813718
5.099620838368024
4.933668001105408
4.758459244791025
3.90577408127845
4.827321480122495
4.844457779259009
5.163011459992636
5.120947946240056
4.918834413627365
6.2064370143934795
4.768052152079934
4.899415077427076
4.953129990097986
5.460073140273198
5.279338162262854
4.166400131887444
4.780498991733729
5.147448838372605
4.382213650231744
4.638829203525298
4.8855352265695
6.039074343318982
4.970349277585937
4.873854241293474
5.037605601526579
5.254992328891278
5.070254312194808
4.287872040089801
5.375860295440938
4.379705222802595
5.040356814807385
6.4300675957559985
5.264176132301876
4.636728962194442
4.960173077705181
5.103924970778132
4.794779485312718
4.769726402205701
4.8937159596921385
5.2662072993828355
5.011708597901729
4.412761101772425
4.393464969397431
5.191462137074278
4.994097793035742
4.788242222580802
5.124402872007117
5.126564687965388
5.4599270632006505
5.107818395655093
5.482805128841256
7.283008824238213
6.501161460786156
4.962704866396621
4.803140743732659
5.271220248535721
3.7657710701267604
4.3507349820198895
5.27290389738924
4.730973929719817
4.92342103528942
4.868940869372975
5.653262279821676
5.0401828663519535
4.768945347720223
5.118292808397025
4.870441424058583
5.319559330546783
4.971097035897702
5.120524909586646
5.03265997857758
4.916955265334136
5.838819497469158
7.9579544064695895
6.690554889172293
4.872907964332686
6.219942235878043
5.579925739449614
5.375978819664316
5.271384159716915
6.255453525353826
7.651977529024008
5.284932597594652
5.634014944607184
4.777877339411207
5.284372536154104
7.53792400343495
6.714872407014689
4.746498513681517
4.563411490974076
5.055284595700821
4.839451263588749
4.699013276352765
4.884515839473017
5.104565291294766
4.935294867989772
4.828293417392575
5.290318676946312
5.098900781577868
4.972259774171675
5.101138843894379
4.951624705942316
4.6033507001543486
4.808430628100701
4.683454216737804
4.876519337240374
5.145945852397944
5.219357281478565
5.132970885597484
4.64129420684175
4.464551245751468
4.955072218523531
4.773122720187862
4.840245542631118
6.178165199738493
4.795997828332183
4.81181407295973
4.955886704892224
4.980589919398949
4.589563995597995
5.5916379790901
4.9418013628295885
4.943694988306803
5.237388466096387
4.86148772291517
6.206427076683713
4.590046144822307
5.291170499195949
5.0227356426079
5.981352821929267
5.001647870060266
5.466263547610499
5.129209676399998
4.5839667030394295
4.59164069642848
5.030589233127894
5.3514603886308985
4.982608607206666
4.406496647236126
4.780534257275984
5.204857414349392
5.122824122584385
5.4261690935816675
5.601215903920034
5.941077958024374
5.927836205683663
5.373507454195086
5.202331673063363
5.405032477758176
4.820528301241669
4.463217195865341
4.773766031821224
4.736069525467422
4.932299952680214
5.554441949939203
4.840668455154901
4.919875325344394
5.520935430100454
4.712937260377325
4.903718282822757
5.117951865543289
6.255181237151358
4.724609725598445
5.2593177059726735
5.31405648227353
5.03529861858208
5.123711546324653
5.618027007444795
4.4015032549822095
5.364967370250221
5.655029560147942
4.7888891053866445
5.301497204924721
4.080033086639437
4.896969329609264
4.970889533538669
4.192522163569062
5.002752030642076
5.25521277011645
4.84124643125245
4.653082577728844
4.514745697826932
4.62355686232458
4.650729661455262
5.154254266239092
4.6117456651828315
5.0596467049664025
4.723730050059395
4.076892323661623
4.141441097236514
4.914399865552425
4.961640983907952
5.773792132419356
6.289422049721879
5.28272600447518
5.098529607274656
5.055173545254947
5.020534007921653
5.144368257995926
5.058841628539328
6.266330788426665
5.166629525450071
6.509434946368487
5.731096442297678
5.207711714113884
4.820014406223568
5.0757098127449005
7.155960800002561
5.015834909658594
5.081533765894526
4.916097035867826
5.521978130385168
5.036278991700715
4.961708961611825
4.898094666229145
5.227961261816607
4.486004210157971
4.416466869737832
5.013956012609593
5.0625020133301994
5.698238491117058
5.08450352466171
4.943226353988071
4.885857249482465
5.092537330914998
5.010628359258967
4.880935040676181
4.724801606619636
4.797384089841194
4.744380556765616
4.881045873182888
6.798032754685286
5.1163926635930235
5.104211510789328
5.038705684944826
5.070017200773419
4.7716083632172
5.0180459694747395
5.1435347987204025
3.181041211896181
4.9962524150244905
5.237248557605022
5.0654921594691595
5.013493747977983
5.028401198332975
5.022903673922729
4.96236119597889
4.985707396268577
5.286884563788446
4.999570432470385
5.037584536842993
5.071048404024466
7.606231714198674
5.040963977276878
4.995560425329283
5.349034634586914
6.09992565988947
5.0054968533234865
4.611340758207053
5.217756857709819
5.196605373982584
5.061904694514691
5.129198048460699
4.509388944657392
4.788654410267996
4.786938916825465
5.057622957757518
4.973567271268661
4.756919968843315
4.4477086295017765
4.543421465907956
4.7624518045572355
4.590924027750616
4.697897489169517
5.4035967883365315
4.683723037434286
5.086457350552631
4.858703123657406
4.783977962049579
4.641678688434959
4.877820251151284
4.750274825154836
4.951774517870494
5.228877406320942
4.62980172080813
5.089638519851239
4.154446768858831
4.884988520837755
4.8292729791676745
5.613012165938265
5.287304531540565
5.800104144991563
4.960203176106809
5.018303966664006
4.544174642806112
5.39351987062338
5.1172350926726216
4.486450782110691
4.695204855095845
4.702367248597515
4.969302595356374
4.5912719083874
4.810586792425869
4.925371120534281
5.7529388577251135
4.559488924024892
5.2551238834603815
4.0350307098422356
5.0480916168152925
4.764637803411135
4.67155154054362
4.9641293475753585
4.9776701291474215
4.810705990123116
4.292687062896791
4.908523793801472
5.629669311083975
4.476076277980687
5.462181153292181
5.3598669398372545
4.414630505486822
5.9237408115583765
4.5273120090908066
4.862503898222371
5.747698734426783
4.722069663861419
4.99759937186763
4.903449879392291
4.569913081157054
3.9807166455244523
5.284194957210627
5.503631606677535
5.117930554635228
5.75767940012261
5.227580740691742
7.799394631964675
4.5353519889812794
5.13667355559279
3.7167115330798097
5.16820714464657
4.939734656387453
5.361473147882046
5.165917873490638
4.862455156225781
5.776695718074432
4.988555387610755
5.131712212595051
4.220968262154617
4.810218497889689
4.924484080171273
4.5438814459026755
5.18846316987541
4.907376746529472
4.732283963513448
4.760012934757568
4.813253781079488
4.817221810694563
5.205053544051774
4.485518508849185
5.833011714897069
4.893292680367512
4.7200212829247885
5.132354309551687
5.128305860117395
4.782526057900644
4.921862150696018
4.456574618063981
5.002562099525609
5.178030381807082
5.432507848716072
4.790930561087053
4.949975342198812
4.7401140469843455
4.501590949920684
4.763293546565363
4.71994721099659
4.4933687256076995
4.135663182406728
5.080349009160674
5.130401183382469
5.263103068986073
5.206164437031242
5.058340785624161
5.21250021743928
5.299647363718812
5.297786937333401
4.927294858198309
4.612433972899903
5.891719215783425
5.644022793213037
4.783218598334479
5.010842880339495
5.434443993906624
4.4776410002074
6.794582045568058
4.690539381531291
4.812827031077277
4.36503297994932
4.231297535144467
5.00429860521385
4.977016537613525
4.898553160043046
4.453862690560737
4.727683853111381
5.216465817978305
4.994035327841802
5.298297435986345
5.12806433227255
4.972200710305309
4.753512590315013
4.784403275473306
4.88387163047722
5.072164611835279
4.566514219118108
6.204540569792949
4.715114833417897
4.22200851690026
4.793889492346244
4.89094778971869
4.845052064947511
5.3298914115730165
7.9975882195688
5.098405875720884
5.121098416497199
5.381669784734933
5.529782870368574
4.865777100738036
4.958743506764879
4.182867436163309
4.9776518139629795
4.564719503619525
4.809126063838964
5.179845996275232
4.1043933083374595
4.440039428232525
5.232585345397461
4.754465797850639
4.674320479276121
5.623554750245937
4.789318157776265
4.376740327388104
4.752921434258801
5.312340363737496
5.767241198957116
5.803900389334307
4.088900195756354
4.2881317138986565
5.0272272927333415
4.992253556277028
5.178743959760162
5.243877358283056
5.109743254342378
5.400025236345686
5.503518714787424
5.28616614108227
5.331326924139586
4.904726714659961
4.802332231852613
5.113112788401542
4.955141237895293
5.033657993712885
5.533802399733497
5.247137596408535
3.759236337990834
4.829155346609425
4.550520384466604
4.615764555048958
4.973564739317953
4.965094061981699
5.279779873717744
4.604311015959176
4.867587867506418
4.648997842178737
4.70795794899141
4.731622392049406
4.845100782097149
4.9693319393230535
5.5641122168062465
5.337319625999435
4.840286571376208
5.03430486309519
5.0977821629929245
4.711833746058146
5.200065805946527
4.151180000886173
4.568348727423601
4.9398358993992195
5.4133926815521125
6.094528947477565
5.023087411624648
5.474681240320217
5.637328832348697
7.977189537489764
6.978952802967558
5.142947242187421
6.109904175600445
5.2954600386554125
4.053318201307724
4.869029899173398
5.6163093062649425
7.255242444260698
7.190308942444743
7.4410226671535
7.748999131990413
7.067674685712401
5.054457783031941
5.039075397844185
4.82556403955316
4.535933619778062
4.816645112613759
4.450472190075169
4.813017329150057
6.1782709824863185
5.329489529265755
5.317045277872822
4.562127897355584
4.632225861049634
5.065421608799651
4.720734248912114
5.095270439508292
5.767205820951576
4.90619112456326
3.9282477884194025
5.0043218071184565
4.942157146896525
3.91967585026835
4.659965148367595
5.0294758413280345
4.782804545389988
4.696769221203966
4.904214872122283
4.786763341453569
4.885311310528904
5.0127956673463965
4.884927519458511
4.618615056436716
5.283780760604649
5.255462306705353
5.577623470078335
4.949644872068294
5.023630451628814
5.036054302095448
4.36125485441968
4.654833474006055
4.8655827687596895
5.22014784541829
4.795150028667201
4.675962455358427
4.971252589845978
4.791745054816502
4.67797233945662
4.988612180713557
4.579627475758731
5.24026184250974
4.2186589999069115
5.0425236182656965
5.187694619213392
5.376396008276844
5.498367875557249
4.7492505991736245
4.293657418196552
5.124429466638076
4.680000138792837
4.937822312094839
4.312379578459091
3.525964406873972
5.988526691382647
5.861080051530265
4.426637395678735
4.548957715087649
5.197392500465487
5.141564070839424
5.220352565907966
5.319011921760685
5.047056282985017
4.568945468252082
4.680292080168312
4.473902410448905
4.919232912699435
4.78169258371803
4.904691995826262
4.742144862258244
3.955985667633003
4.772420512325352
5.571943398156629
5.22503107365714
4.943449561649838
5.186547342886576
5.241152679529057
5.033912639327331
4.776750382447259
5.0173920744959695
5.408675768206045
5.6140457993836534
5.734386238073782
4.821245860392519
5.171039551641144
5.307616532476576
3.8335968592635568
5.9435911588209684
4.870239006252591
4.799257951606597
4.895909562993753
4.8992628426675
4.497483506328948
4.728197376133257
4.572020260064241
4.691921566311022
5.101460655011212
3.7315681989774543
4.686316380911687
4.8195434311181655
5.30001539854801
5.303778239518784
4.692900133528861
4.794261885726785
5.032305784754248
4.7577302546072096
4.852976587807629
4.999366435780454
4.5251967167759535
5.4082444876466225
4.818461670311008
4.549575720109017
4.8444132877550246
4.787157789169072
4.395389935072734
4.8050587703963235
5.957662094631333
5.267743690943545
4.9122794533234275
4.895316155921074
3.7426416948699
5.193539949299821
4.9116781045349045
4.40035581362495
4.793355069249788
4.826802445923655
4.285501606623404
4.609667347835528
4.557995424784312
5.084510385896076
4.734094935051303
5.048431227646451
4.944459473338756
5.396373198484409
4.674891979953352
5.207861291019498
4.90768943080942
4.071129004236982
5.905374524982526
4.715977119614506
4.908495205308513
5.006705373449902
4.901595800429659
4.978884918953529
5.714808899870622
4.430394151671109
4.726929904319041
4.446692130814967
4.361086015237331
4.895255549227116
5.277554881882664
5.3875174367664425
5.1733062113437835
4.789631193965652
5.242287428356341
7.533334758960834
5.364851148358631
5.202918443060183
5.324424342573467
4.448630999259139
4.9254165302472614
5.0435992278160136
5.309590267584382
4.936932778509439
5.129824591569357
5.003536090964709
5.914273036955785
5.612178363312953
5.130378736950795
5.452647862789918
6.078301766195922
5.991547377118216
5.803231007673133
6.851158947948835
7.519821960534197
7.622985520394046
5.4823584631919156
5.141866745356764
6.215675342228181
6.50833702189122
6.949033025101313
5.135017591718727
4.9403705410664305
5.375844380863211
5.640676823237358
5.301192556986943
5.644188531708159
5.026493382473721
5.069746514719109
4.783586819771319
5.086610534403096
6.246184150993873
5.682885770008877
5.843607611120546
5.749841245019526
5.099815283391306
4.595953243931049
4.8104807329380055
5.118699782211913
6.128333991692152
5.029460875761125
5.336193612167591
5.018507859673314
4.964915197941222
4.729477017866644
4.5902240893911035
4.501245311232528
4.638374396045549
4.7803730253559005
4.788326493803576
4.451364986741217
4.987542590072403
3.9821710586278947
4.933873155688681
5.206918860917816
5.018730980232383
5.160728342042735
4.977440088973968
5.233126423257061
4.7560779741906165
5.433066104219647
5.166607065281821
5.346188282534873
5.341872803389141
5.087038941997653
4.594730672023509
5.124739581845217
6.624953315793982
4.457702307639263
4.899652268116177
4.911036560971735
4.839701990568829
5.696797024772494
5.119634967657709
5.066387564506304
6.157588231342419
4.669946565146653
4.782083358150714
4.271594126978043
4.944281229700327
5.066162762698777
4.87570811428959
4.789100170891398
5.163371139593891
5.319883143161012
5.370932607906623
4.931498026191147
5.183979841571134
4.799056540800791
5.1160607773249
4.010350205689059
5.158624653301597
4.868898950697822
4.727201935903932
4.513091309656577
5.416409751534283
4.7708352031543795
5.403603365115638
5.079507326766593
4.1822570063570925
4.376075807245263
4.910493511030975
5.184695443143739
5.2798227196613
4.755000139164339
5.354997931317799
6.904252082924368
4.773068424535616
5.154063361576079
5.2926689851308035
5.071920740881097
5.290559768338145
5.2165376008086435
5.260540931017204
5.16128557094108
4.966219620751613
4.940716681374992
5.084052521836929
5.2122024793599655
5.23749313417408
5.313856768501038
4.1069276986743475
5.100847099297665
4.888087779862323
4.811247251598241
4.985035737030265
4.8400694993842315
4.4259820204195846
4.853866562407599
4.931482379708449
5.276070459552408
4.327559310776913
5.60281094454393
4.9213104751754075
5.136479250393697
4.449066581357373
4.848806419201558
6.479572148228751
5.306543714092503
4.778007137132036
4.870733260486718
4.800818812722351
4.928544868037731
5.135707723161983
4.85210297728396
3.8529518369226157
5.258165150661869
4.8715341506822565
5.2213496413843234
4.951776639189962
5.151599546873211
7.289237740553032
5.6603298824423725
4.736074192875665
4.78910197930565
4.839801833532742
4.750848765993094
4.710680885188287
6.071419328017972
5.085037218430602
5.014275190065512
4.577163784825587
4.272809204971542
4.5820965970634555
6.172549779728477
5.139338329674873
4.807352162916075
5.445236334001928
4.998289013372917
5.049048671116188
5.002910999291849
4.930810473054063
4.396604738677052
5.081529066082676
4.923068780414528
5.287017709591682
4.881481320270429
5.103618330284965
4.799737588379843
5.42728160552557
5.661950264656368
4.910662117157113
5.101234346715449
4.820156209238723
4.723118432740746
4.950078848023905
4.908456109458689
5.532093431696659
5.173031891746352
5.053602377478385
5.088133663917478
4.638811831387925
4.872282930080481
4.880817646698276
4.757784690337808
5.396587768608898
4.983451288499581
4.915077921732665
5.032518724284561
6.012989265952168
5.447330206591431
4.950189741709216
5.063055521406726
4.984844880979819
4.970526119861662
4.6307126432870955
4.8702961959986695
5.182013989156832
4.972109100422943
5.237414500617128
4.943245021605391
4.7694835691246675
4.775873945066996
4.943036124462521
4.686778928824263
4.8537197013371065
4.918749312341531
5.106563522075797
5.193036606589728
4.906460694178841
5.0551632362540575
4.690689498383499
5.355656412082756
4.264678983011813
5.099860862099971
4.885945490145953
4.837601313099814
4.935188136682966
4.634523611946796
5.091999334419706
4.764845923812594
4.282488411081689
4.455716570836248
4.93629216789478
5.213866785966838
4.850015043963665
4.937110988553196
4.673537846071428
4.948082965932719
5.027561198188799
6.641990657030002
4.775518283895205
4.960046232840581
4.462292996153102
4.577735404776746
4.923686780825461
4.891838605605104
5.27568691906404
5.216531297755035
4.693715236324404
4.908027411957009
4.907369452735749
4.776530077464471
4.745382526244844
4.538969042238045
4.880048592802742
4.430047911964083
5.001323118086534
5.083919476751733
4.908085381850207
5.600242431695368
4.8826305514554065
4.713677012752662
3.3672654944344362
5.113684916142326
4.976703627032919
5.216529994631133
5.118881509084363
4.891442751901393
5.073549742203979
5.553033845635769
5.419860750600796
4.957438834714486
5.139543468410541
5.2374288903086645
5.149734858129067
4.8746854878023065
5.1737246336404965
5.233238652120763
5.6277846708628365
4.969971280479442
4.930079412444442
4.7418196506509505
5.265197307263099
5.1436583240493166
5.18323390832357
4.373401484786721
5.450995250076425
4.21567064043781
5.035838660456021
5.036185576203112
5.028340721821038
5.6014339008973915
4.8974852549164485
4.836768952834575
5.197056109304322
4.827313199258252
5.044885679678094
5.25711468453783
4.794929124233371
4.614950600866905
4.418778454892976
4.941597540412363
4.453756463820761
5.092275516998355
5.00579895381897
4.952095607481495
5.067397959881212
5.01073503924571
4.917645509759413
4.833511674166068
5.258700627183932
5.115349650509399
5.258109469129237
5.206548354189778
5.067109266322039
4.983088885570497
4.523406777157547
5.207069629893943
4.721466167318452
5.0362295159633135
3.9105663244261057
5.75568819165586
4.740759468461713
4.844640748646915
5.053834498140768
4.947577696216208
4.650071954707605
4.901640194150859
4.86854688936888
5.363861759625931
3.906328060905671
4.015077288509561
4.918035708184619
5.1246087985985245
4.407354069472523
4.909844323148091
4.985397766478992
4.957643191836019
4.903897696493522
4.299733183241432
5.0587240754941964
4.658616811760104
5.177659357196332
3.952067677474657
4.819271662063201
5.3000404316554395
4.955888814564936
4.868508452730916
5.316063669452997
4.830637281312756
4.766143133428948
5.041545041966127
4.759363834833868
5.1729459722651905
5.157078993628599
5.052184897453872
4.762199400768386
4.826220374311697
4.935880397403641
5.14392212754857
4.920065249804067
5.157923435943689
4.917263775802079
4.904352572780703
4.974707677647171
5.195814762058736
5.060216283138789
4.3377871066728515
4.956220947219731
4.77646606215567
4.685500839755578
5.214717780456408
4.81344998961429
5.08544836116805
5.324545490260184
5.232772385581464
5.084293487220733
4.463512441598586
5.377815769626916
4.5250334616320655
4.955846460125595
4.600160348333718
4.969101959509842
5.435459479820701
5.069043439146439
4.975246132318103
4.798982595019027
4.541712191850216
4.847145933731243
4.9700684339542605
4.771853579851973
5.536607175313036
5.297020670564142
4.793880553914075
3.6186875813986217
5.108866571406956
4.883841884225767
5.0896351107085005
4.845255036211909
5.450595942558525
5.052493887232624
5.09975563652856
4.642727319940833
4.3412725155975735
4.898409180556287
6.31546533139543
5.586503814690313
6.691542256898011
6.809105644890158
6.319670506724749
6.119993964481326
6.6176971354701575
4.9726739780782445
4.757057941495656
5.233037473080024
5.3621073671384405
5.147218003950599
5.126469847162229
4.546383781773019
5.766439483086232
5.17884329054508
5.0964198745167755
5.091052422714274
3.5475931014926676
4.5684497147133545
4.95394517443023
4.756867673624494
6.158265940331331
4.951890980335616
5.267034967212252
5.297280088475477
5.1256975414783295
4.92326166543035
5.245352763271913
4.873991484154539
4.606001389201974
5.284768680788265
5.191309707486377
4.985235494937924
5.321570607019084
5.816005022677721
5.290952783627308
5.880719016323487
5.158986487401519
4.511038120528626
4.231210997373321
4.472795928704931
4.229627560081504
4.4920675682512385
4.600055000627503
4.713686629292701
4.680456911539485
5.37647870352874
5.010205016109862
4.968439699474189
4.019723940504457
5.049342799201196
5.073697790348803
4.835742029779119
5.770572901579738
4.966395896220625
4.521389403960747
5.235878513754679
4.8676889031050825
4.961728362977905
5.100667599929689
4.8030285520757
4.524746492985059
4.993134569309075
4.8179919019598945
5.037058433798352
5.006309029451801
4.861675128473042
4.879059177433429
4.927199687218266
4.793209973453663
4.888972938730117
4.993890145417792
5.383503360300516
5.1232627542841245
4.16322575044908
4.5829136472887635
5.0571227001862376
4.794069030553398
5.0500171187191265
4.7688663159368545
4.883807460400659
5.027426500641964
4.544361482751833
4.092041678602064
4.906738759440645
4.516755270208509
4.793302916944875
4.8787027652596775
5.172177124070736
4.765382673082534
4.950206066733289
5.124101351607087
5.3461781488127045
5.090614656675884
4.928226014929444
5.503127032612529
4.969427603293907
5.269456241398544
4.685154635747369
4.797352778369502
5.0339849616165075
5.146828235170816
4.893956504353025
4.890498960066791
5.046765636004252
3.0538676777246154
4.9663282842520475
4.987827982284073
5.323014288882087
5.116063035194752
5.0963173973337845
5.071507555573151
4.976764718957455
5.112749848129472
4.823390038796962
4.567164644506846
5.564998777835821
5.001456098589521
5.132412454809456
4.231759917606113
4.82315441103786
4.8264251112259595
4.633070077167376
5.093437975937947
5.272010550677699
4.808811921431646
4.957026937228809
5.067302166498973
5.276181596426687
5.237542647017555
4.593785275917437
4.936533497043976
5.118069676565219
2.9530335563287804
2.93376707530969
2.9324447554951174
2.920154595143847
3.0534303543818795
2.963735692219978
3.0071872002307574
3.163560892643058
2.999419050473768
2.994043826148488
2.9907490451445713
2.998773442985106
2.9943978061595447
3.004292243355968
3.1232893666278905
3.008036224459168
3.0126239448771908
2.993072636612891
2.9839166179514502
3.000381962008532
4.661082873583498
5.078176111249205
4.439935353470465
4.7389105521871056
4.768873567395874
5.241579499351866
5.07562335888139
4.8511691376511985
5.161651574266019
5.456074798990886
5.254889243012494
5.3114611311957445
5.142519789871452
4.746889853192196
5.021863824898575
4.767416862404068
4.9304037393351
4.743000171067598
4.80974337676084
4.898790721286772
5.313359704318464
5.152590789508821
5.329975320439668
6.308130414657036
5.030258413882308
4.769363639417955
4.457813459228481
5.168482900967756
4.8186328728390375
5.484953687818648
5.069244568486683
5.542350909654176
4.923667592711164
5.223053474732358
4.756433467217242
5.459748083707746
5.1637422653291285
4.894784607143755
4.916160098295544
4.918734408265552
5.0515084122921525
4.41201347125501
4.876810966388171
4.740680427820025
5.123443708093555
4.5767731038087085
7.2913377564058175
4.696368779378535
5.004218503117259
