3.023872679045093
2.7158273381294964
3.7
3.005780346820809
3.3858267716535435
2.8217054263565893
3.0842105263157893
3.4683544303797467
3.0
3.324561403508772
2.809941520467836
2.7399103139013454
3.1470588235294117
2.973913043478261
2.5765765765765765
2.8150943396226413
2.606217616580311
3.3801169590643276
2.6514285714285712
2.6791044776119404
3.0788732394366196
2.9857954545454546
2.7333333333333334
2.618181818181818
3.300578034682081
2.672025723472669
2.8100890207715135
2.6802507836990594
3.019230769230769
3.1126126126126126
2.9682539682539684
2.971014492753623
2.9801587301587302
2.8272251308900525
2.6245954692556634
3.313953488372093
2.7523809523809524
3.1126126126126126
3.2983870967741935
3.4663461538461537
2.9838709677419355
2.778364116094987
2.6818181818181817
2.7514450867052025
2.9115646258503403
3.5880398671096345
2.6530612244897958
2.585616438356164
2.4375
2.592814371257485
2.778364116094987
2.8877005347593583
2.438943894389439
2.4155844155844157
2.872093023255814
2.7333333333333334
2.7491166077738516
2.7411764705882353
2.4615384615384617
2.6081504702194356
2.4389312977099236
2.838926174496644
3.1025641025641026
2.4615384615384617
3.5625
2.7171215880893302
2.6677852348993287
2.7410714285714284
2.7962962962962963
2.4748427672955975
3.25
3.1338028169014085
3.2
2.5358490566037735
2.819620253164557
3.43030303030303
2.949367088607595
2.463519313304721
3.005780346820809
3.9885057471264367
3.6619718309859155
2.64
2.7523809523809524
2.9857954545454546
3.2920962199312713
3.9185185185185185
2.7096774193548385
2.7411764705882353
2.605015673981191
3.085714285714286
2.4486692015209126
2.5
2.8702702702702703
2.8076923076923075
2.272727272727273
2.8684210526315788
2.604240282685512
3.1338028169014085
2.8373493975903616
2.8475073313782993
3.005780346820809
2.3293172690763053
2.7
2.8150943396226413
2.6334519572953736
2.6338983050847458
3.1712962962962963
2.6984126984126986
2.744186046511628
2.7514450867052025
2.5128205128205128
3.0842105263157893
3.3333333333333335
2.6849816849816848
2.978723404255319
3.6666666666666665
2.7603092783505154
3.1338028169014085
3.5
3.194331983805668
2.6802507836990594
3.4
2.489864864864865
3.005780346820809
3.547945205479452
2.6506849315068495
2.9152542372881354
2.5
2.7308781869688383
3.1531531531531534
4.01058201058201
2.681114551083591
2.7848837209302326
3.2033898305084745
3.194331983805668
3.888888888888889
2.6791044776119404
3.043076923076923
3.2601626016260163
2.7410714285714284
2.5765765765765765
2.596026490066225
2.611295681063123
2.7399103139013454
2.4261603375527425
2.585616438356164
3.2518796992481205
3.1826086956521737
3.062992125984252
3.1984126984126986
2.5
3.041176470588235
2.6514285714285712
2.949367088607595
2.4389312977099236
3.337121212121212
2.6334519572953736
2.6815286624203822
2.946949602122016
2.7411764705882353
2.7491166077738516
3.023872679045093
2.4615384615384617
2.8272251308900525
3.282511210762332
4.013100436681222
2.604240282685512
3.25
2.4722222222222223
2.6815286624203822
3.526315789473684
3.372549019607843
3.313953488372093
2.6802507836990594
2.778364116094987
2.9492537313432834
2.672
3.0788732394366196
2.7523809523809524
3.194331983805668
3.205357142857143
2.5876288659793816
3.282527881040892
3.2777777777777777
2.6849816849816848
3.005780346820809
3.4130434782608696
2.8972602739726026
3.2771084337349397
2.3643122676579926
3.7111111111111112
2.7392638036809815
2.605015673981191
2.78125
3.1338028169014085
2.64
2.5
2.5876288659793816
3.0676328502415457
3.023872679045093
2.7392638036809815
3.063063063063063
2.6845238095238093
2.4452554744525545
2.433628318584071
2.6815286624203822
3.063063063063063
3.1470588235294117
3.5970149253731343
3.153631284916201
2.5353159851301115
2.603238866396761
3.0851063829787235
2.819620253164557
2.9710982658959537
2.744186046511628
2.6793002915451893
2.9447674418604652
2.6530612244897958
2.9857954545454546
2.681114551083591
3.3233532934131738
2.780952380952381
2.8684210526315788
2.6845238095238093
2.744186046511628
2.4705882352941178
2.489864864864865
2.6081504702194356
2.425619834710744
2.4310344827586206
2.3658536585365852
2.5876288659793816
2.672
2.4827586206896552
2.477366255144033
2.533333333333333
2.561056105610561
2.473684210526316
2.6791044776119404
2.477366255144033
2.714814814814815
3.4444444444444446
2.8
2.5935483870967744
3.376237623762376
2.5128205128205128
2.8150943396226413
2.6530612244897958
3.5952380952380953
2.778364116094987
3.00561797752809
2.7514450867052025
2.5598591549295775
2.681114551083591
2.463519313304721
2.6791044776119404
2.463519313304721
2.6458333333333335
2.7392638036809815
2.5512367491166077
2.4424460431654675
2.5876288659793816
2.9857954545454546
2.9838709677419355
3.2033898305084745
2.946949602122016
3.5
2.9492537313432834
2.7411764705882353
2.608187134502924
2.641509433962264
2.778364116094987
2.2948207171314743
2.672025723472669
2.608187134502924
2.561056105610561
2.966292134831461
2.473684210526316
2.7429906542056073
2.4155844155844157
2.68013468013468
2.4852459016393444
2.6677852348993287
2.675
2.5755395683453237
2.7171215880893302
3.1338028169014085
2.7130434782608694
3.2244897959183674
2.485148514851485
2.7523809523809524
2.9710982658959537
2.9857954545454546
2.608187134502924
3.308641975308642
2.780952380952381
2.68013468013468
3.6129032258064515
2.6793002915451893
2.7974025974025976
2.778364116094987
2.604240282685512
3.005780346820809
3.78714859437751
2.6116504854368934
2.992424242424242
2.454901960784314
2.5128205128205128
2.7308781869688383
2.5555555555555554
2.6879432624113475
3.005780346820809
2.990049751243781
3.043076923076923
2.6793002915451893
2.6791044776119404
2.5755395683453237
2.605015673981191
2.8475073313782993
3.148936170212766
4.1
3.0676328502415457
2.570957095709571
3.0
2.6677852348993287
2.5128205128205128
2.8150943396226413
2.5765765765765765
2.6363636363636362
2.5876288659793816
3.00561797752809
2.6334519572953736
2.660377358490566
2.230769230769231
2.627062706270627
2.7411764705882353
2.8877005347593583
2.8475073313782993
2.971014492753623
3.197802197802198
3.2
3.1533333333333333
2.6984126984126986
2.407766990291262
3.148936170212766
3.2559055118110236
2.6849816849816848
2.7130434782608694
2.8877005347593583
4.019762845849803
2.946949602122016
2.886904761904762
2.7096774193548385
2.407017543859649
2.64
2.7974025974025976
2.7171215880893302
4.769230769230769
3.1470588235294117
2.597315436241611
2.5765765765765765
2.596026490066225
3.1384615384615384
2.6116504854368934
2.6791277258566977
2.68013468013468
2.7308781869688383
2.604240282685512
2.9491525423728815
2.6116504854368934
2.6209150326797386
2.9857954545454546
2.5765765765765765
2.8475073313782993
2.5213675213675213
2.6677852348993287
2.627062706270627
2.9492537313432834
3.282527881040892
2.5935483870967744
2.8100890207715135
2.7333333333333334
2.4316239316239314
3.3975409836065573
2.7848837209302326
2.8150943396226413
2.6984126984126986
2.603238866396761
3.2983870967741935
3.3801169590643276
2.672025723472669
2.992424242424242
4.0602409638554215
3.023872679045093
3.00561797752809
3.5952380952380953
2.5755395683453237
2.880952380952381
3.109375
3.005780346820809
2.4147157190635453
3.0862745098039217
2.99
3.3882783882783882
2.484162895927602
3.2523364485981308
3.0862745098039217
3.3566433566433567
2.8
3.2559055118110236
2.7392638036809815
2.8
3.183673469387755
2.4147157190635453
2.5128205128205128
3.202247191011236
2.8475073313782993
2.5778443113772456
3.041176470588235
2.8272251308900525
2.953846153846154
2.6514285714285712
2.585616438356164
3.408333333333333
2.7974025974025976
2.6802507836990594
2.8150943396226413
2.6791044776119404
2.6879432624113475
2.6879432624113475
2.886904761904762
3.0842105263157893
2.2816901408450705
2.6677852348993287
2.714814814814815
3.2920962199312713
2.8877005347593583
4.057142857142857
3.5625
3.023872679045093
3.6029411764705883
2.78125
2.5
2.4310344827586206
2.4452554744525545
2.8
3.4453125
2.8373493975903616
2.7523809523809524
3.272727272727273
2.7265625
2.9801587301587302
2.8475073313782993
2.780952380952381
2.585616438356164
2.6845238095238093
2.906158357771261
2.603238866396761
2.7308781869688383
3.879032258064516
3.0851063829787235
2.7603092783505154
2.5765765765765765
3.308641975308642
2.440944881889764
3.3975409836065573
3.300578034682081
2.89247311827957
2.8373493975903616
2.8877005347593583
2.4814814814814814
3.2244897959183674
2.596026490066225
3.005780346820809
3.0676328502415457
2.966292134831461
2.7766990291262137
2.878787878787879
3.351931330472103
3.526315789473684
3.1384615384615384
