3.0414506515667905
3.553601934694397
3.127355240556823
3.3651247824253288
2.681130984322892
2.853370377884497
2.822134995443387
3.8733818334600376
3.177889883601301
3.083914409693016
3.0955103713781504
2.868361657209844
3.393732532783942
2.526204040654888
2.267146377262064
2.65365687016126
2.367537037127507
3.328823460826875
2.604288989844311
3.203105636604483
2.8417603752068143
2.9071888007947067
2.491412045716967
2.787570033771204
2.6934261975898925
2.497914476620767
2.7616914836855093
3.016427832530382
3.5400926506442514
2.9181234905659874
2.9961507373300744
1.8869013091395646
3.032378842292344
3.4644955155121213
2.7358383583824786
2.7355737168999
3.201935374967692
3.380366330462412
2.9068984048615203
3.363050927532425
2.58993783693554
3.0270647496643353
2.993704777461472
2.5122685675285252
2.992862517476533
2.4877637667731176
2.872864255513145
2.1790829905625615
1.8227592253974785
1.519705538163681
2.372599828350212
3.2471733334470216
2.264042692211425
2.106290532678407
2.2669372597968422
2.9526070837936524
2.5395496811015668
2.15472829807732
2.190011700710399
1.9978405998274502
1.5139110767797022
2.5560647657165454
3.2181542892907102
1.8855732409303663
2.989109861284732
3.32005279680201
2.6740512673694163
2.0719740609415798
2.9004849178959184
4.44910747169238
2.8809619694303907
3.1030266249139222
2.646866114416086
2.6661759482483114
2.4664762885315263
4.284937891962258
3.6272346834655522
2.728867216679213
2.921910427884923
3.767784212216902
3.008485620104959
2.7442837597370264
3.3308464155042934
3.848414682938571
4.049634712960397
4.904320122397151
3.2569067488040844
3.3967103466137116
2.863757068735235
4.761049454905458
2.4625482501486204
3.01674644441299
2.821200893146986
3.122780571936994
2.410305974286812
2.756101536047264
2.1620796561905027
3.077163136032716
2.354676338289689
3.762444945989878
2.244970883767892
2.020952079661411
3.514645389889923
2.8508617623160863
2.8517483245092943
2.5944484757206925
3.269270514069165
2.606332369783482
2.2324448413477427
3.1147620959995406
3.669292734370765
3.537593415772092
2.4732529897093936
2.887983284831765
3.1007301559731335
3.5637948654693976
2.590161488050938
2.8543829602573396
3.6572073526961706
5.24675004008428
2.5568226915891614
6.461339111227318
2.454143356833
2.9893808614365223
3.1573093344778154
4.013432742826343
2.6058382802948397
2.621777700901786
2.8607622899921146
2.431618341473201
2.612054227425427
2.577814893395224
3.3000502158847267
3.3542944291458694
2.704122688470895
3.3712019880602724
2.392012809314527
2.9050782887894533
4.1021546779388744
3.250404130760845
2.918068505435925
2.7175006494827136
2.9037177236693004
2.5053889581922175
2.7191479839836363
2.753127194335128
4.0129885674967305
3.2568758914503757
2.634849568863113
2.958474251625589
3.2741577227113217
2.3955968140175403
2.5105474937392023
4.074664745578626
2.2490300153858667
3.919493707888627
2.7393340090912512
3.7825081178127578
3.0965210555393323
2.870549896933517
2.9943271885005096
2.381806419759132
2.554870439095466
3.099078660371481
3.6511529019501308
4.574754713659193
3.091159591026477
3.361057639823149
2.635282669834589
3.1760005732569137
4.082839697407778
2.929606875577317
3.2094867456663363
2.4780036671300305
2.748734315592977
3.7708213062193465
2.1281438030217203
2.5389545671379414
3.1928341113954737
3.7671860953125136
2.8386047579532048
2.293858306204894
2.8378219053501543
4.641629242444492
2.73509055452856
3.1321393061232476
2.8489924255448345
2.5800651369823875
2.89499904199991
2.181950988187668
2.8334166044186597
2.9919667369410505
2.5037248277499105
3.107771267569061
3.1670957962162056
2.65556228237961
2.6161345082881446
3.0581941751432704
3.2913690717615007
2.9150902393965934
2.5048768037180715
1.938538929832321
2.697404211323897
2.6920838109360945
2.0884682529551406
1.9487597874341909
2.7001329087135892
3.2678422739697788
4.083933343802958
2.70424725509589
2.710128629384609
2.3097337280306345
3.4297275819338675
2.764650817584655
2.7337665861779366
3.6064747298051123
2.6610049608163555
2.7651462090781505
2.4831146540046625
2.3324468637919558
1.1885896274327428
3.219730575512736
2.7456449949458657
2.5430258517817816
3.064441128556886
2.3569475621974108
1.8548193647862947
1.8392104799652371
2.017771788571495
1.7813195935650108
1.9737940618022511
1.8500518752811854
2.014837154592697
1.8866948870698486
1.6639102281444147
1.691081857501615
1.859361082605309
1.791293841497655
2.0350128418744595
1.6878472417404602
2.1269041632457437
3.3022948551077023
2.2302903258064166
3.0539141723423815
2.025189846519451
2.659131404210188
2.845449833874726
3.387104330535932
2.9465742207964594
3.732062778669145
2.6966330602309014
3.4486224781706634
2.785380658059382
2.0687545375084517
2.157031392588442
2.2334076609791538
1.4983106911627786
2.456439052113246
1.7596268069377325
1.9686160741933376
2.1086418749134404
2.115619145483738
1.9819543736870848
2.526931022814624
2.916729061773095
4.298152428823976
3.3770063992746717
3.9138592509442773
2.580549345286802
2.0741877223213083
2.981847148537818
3.0809579809582743
2.1065501521714287
1.1761996608100662
2.7534046277507733
1.8480696836032644
2.870713963432004
2.5400876826817242
1.9546042275983424
2.160633389346145
1.9571201860289338
2.1010832741190764
2.562967412502563
2.268071767906311
2.20057836094375
1.620828036066453
2.916282678684921
3.19089742290007
2.66412602284273
2.3084887189831824
2.9894282066485256
3.220530110389292
3.054358815562692
2.9754576272897864
2.7687780904990076
2.5245110797142223
3.056350141525659
3.1671776367802456
3.8698047745745066
2.371969637554273
3.140878504596999
2.5082266191165634
2.539267909183895
2.823833952085286
2.9037529548868766
3.106665160450411
3.0583033513296223
3.122264503412836
2.57796083324158
2.497499676793414
2.03787035517342
1.9941118385577306
2.9300227697659227
3.079825085114419
2.825572381856325
2.303911927832605
2.766164379413451
2.167325170559408
2.7480599222537943
2.963848560977474
3.161247640110318
3.076021847854972
4.033494255973237
1.7571379436997396
2.709604499881926
2.343999067892114
1.6736774442948394
2.8141611359781056
2.4713518284315334
2.8773708506915368
2.5982810297898973
2.392930231052285
2.4075621158453755
3.270252710474512
2.554985135418586
3.005254517373619
2.861395608329754
3.2120371399599676
3.2369393113835008
3.29772029265008
2.3738430439324953
3.26169466339573
2.99709637651869
2.927042371579729
2.565363366389518
4.964887696495632
2.707497066348283
2.8008274785548957
2.746729595791285
2.639417428638354
3.2753586244004302
2.9842038669991315
3.5900009143093197
2.3714529805826716
2.5935341188227277
2.602302918476692
2.987165544347853
2.5599200831401014
4.026405408541458
4.363294809321873
2.361824010195755
2.8753033771219094
1.5534315048589142
3.1105789075293724
2.4498757347896887
3.4205130479492674
2.2638170297286253
2.859559794328377
4.224575139177787
2.8934523233351825
3.4803346218878235
2.487932207625105
3.126718547114133
2.897081930003278
2.721583616629035
2.7825145458204
3.5484837806187732
2.8225972845754645
3.1650872797853866
3.6093535664202
3.4707479513375854
3.352175199608085
2.8603736472790677
2.830976104183313
4.0896780066150695
2.801890051657789
3.4472360772860586
2.0767768123641015
3.947071141505884
4.001638089461679
3.057117407559857
2.526569999677499
2.6668348036885083
4.135988297299471
2.206356123693965
2.814446334632653
2.817955148259404
2.049982666539068
2.8207490429615505
3.7476321850789285
3.3448923292160253
2.5394020282932126
3.138490309170379
3.925198446011242
3.6683500524598562
2.78017942264921
3.3742309959940555
3.5546379700115214
3.3084925260758293
2.8501506825472873
3.0850578847502854
3.0018990200010998
2.476301369844408
3.368626707525923
2.585495562882395
2.845591762884145
2.9779709959650424
2.3266407786232848
1.6219074972805285
4.983427884007448
3.0503022027139437
3.078838209600274
2.5609865419756264
2.8766950924994807
3.544916296300393
2.7350366071882695
3.142536212831912
4.680005772926632
2.101833157475242
1.3203143373521167
2.1156440469946425
2.9463605802040784
3.789833521712144
2.17425198008167
3.7294290905684866
3.3521521006511956
2.7701083206060932
3.4471772705470447
3.9109123441474907
2.942594020182278
3.4969796828054354
2.1553659399627163
2.9850127246668774
1.9440741559503631
1.6496314204021658
2.3875272307340882
3.0250848598281292
3.635309259660342
3.526689886525783
3.522031508883909
4.258547649999496
2.685549565776672
3.358122149631354
3.1146091654395787
2.8103665578831727
2.291788241709518
2.821715202465669
4.126005186962624
3.6164994367319347
3.6340440426650202
3.5072830135631508
3.3714066371626012
3.129332883210306
2.19981502123304
3.2975020357891265
2.3570084914528993
2.6058301510309567
3.5924303187792765
2.6206321025501165
2.6326467832661913
2.736264701371898
2.589312079050751
3.4106794144742594
2.6679877562180065
2.9635330589635913
2.7282397000661147
3.2867983563452823
2.512462661590964
2.90707375267048
3.0744744535764
3.506769950644928
3.526119273579002
