5.002318665095745
4.9986139607446045
5.001019109741643
4.999666987601274
4.999750171539424
5.000695473331007
5.000009461419469
4.99938269442629
5.0069471903794245
4.999932791603868
4.99981464739633
4.999427702648895
4.999759174135582
5.002990242240029
4.9997515898909155
4.998821840760892
5.000276535269303
4.9998059534333485
4.999440012696026
4.999546296342778
5.001788797813025
4.999423037358298
4.999498320986895
5.000430056236978
5.001471213236508
5.001303166394291
5.000897535798908
5.001281244119819
4.999334803586225
5.000363212399798
5.000227911814974
4.999997494108791
4.999755733350198
5.000110101874329
4.999934822722023
4.987046479689237
4.991452953161523
5.001228636856474
4.999953908919095
4.99970523005477
4.99978399328292
5.001512933384476
4.999680170579302
4.998975504942166
4.999513570190476
5.000347664924108
5.000165268506862
5.004309136537253
5.001472474366638
4.99918328172151
4.999337488198199
5.000186838891909
4.999966789614316
4.999869707668989
4.999851636924178
4.999015929248379
5.000378929748349
4.9998233756854695
4.999348470050071
5.000022975516613
4.998707771022894
4.999298966196595
4.999470428944335
4.999532969269881
5.00164475268148
4.999470305860269
5.027272423141893
5.000149669002535
5.00037779502121
5.000184476787015
5.000069149833478
4.99947292658105
5.00011263534895
4.999909615850411
4.999952161658893
4.9992938328285526
4.9873699770296795
5.023572464648501
4.999791266521523
5.0699085823207515
4.999417282693835
5.001632620151077
5.001287599730917
5.000156243196871
5.001933581858336
5.0031560569469535
4.9994891604560205
5.000273715964139
5.001167156999105
5.050748565077419
5.001971015206023
4.966148580189717
5.000118771516176
5.000428581918209
5.002954896226232
5.000139438284679
4.999921067778032
5.000190617882155
4.999723012357186
4.974265295060003
4.999646679432293
4.999710350229196
5.001773994085158
4.999418371927255
5.000348047610596
5.0010044204401325
5.001120781190159
4.9989169617424345
4.99901475436431
4.999275367535578
5.004799983551061
5.000648337844327
5.0004784623974805
4.9995978657867
4.998358736024887
4.998862964307602
4.999462802104114
4.9988883912171085
4.999686012436817
5.000005461912742
4.999244412056491
4.999796357195936
4.999800237810306
4.999740025508321
4.999915070398712
5.028996752792363
5.011970565201146
4.999553768559696
4.995914667836834
4.998329273423779
4.9998045890034755
4.998803045681776
4.998151691852589
4.9991966931167084
5.047605712396028
5.001752269147016
4.999603764213077
4.988287764153033
4.999123585201644
5.000388207090594
5.000249750996097
5.000597740211051
5.000660393535958
5.000055072709304
4.999808295912386
5.002458239998784
4.999690924270695
4.999842037484616
5.000078146641173
5.000586851498306
5.01550186883696
4.998872010370146
4.992831870924662
4.98830971411206
4.999598744281916
5.007819948007592
4.97963090594986
5.00092008995181
4.999512405909536
4.990818084968097
5.00134009376213
4.999690740351533
5.000449902871375
5.000808957761767
4.9993926205282175
5.00236733756292
5.000335917427974
4.9993287794980175
4.998955484096359
5.000302947536871
5.001038738360527
5.002229678545265
4.999650068379311
4.9997812463502935
4.999938010207309
4.99974051720564
4.999548246387096
5.000358455703587
5.000341354352506
5.003800058996656
4.99892768179037
5.001565532590425
4.999214168324918
4.999816957603104
4.999388451283118
4.999322577568129
5.0006664489146955
5.000119748657133
5.001636028162702
5.000387584044655
4.999947997628781
5.000253542855266
4.999980551949364
5.207868775650063
5.001293056274707
5.000073015771783
4.999974618240498
5.0425229575800135
5.001006251880899
5.002173902672936
4.999970294483099
4.999546054998819
5.0004074274314565
5.000828073195053
4.999766401036195
5.000988984061603
4.999041992410704
5.00125893339709
4.999849357146824
5.001300932845683
5.000069537025014
5.0003864215103135
4.999401915903518
4.999369602149101
5.000879658859515
5.000529175186594
4.999645470638933
5.0012113055025145
5.000060513866955
5.000011367135125
5.000485116808884
4.9997446731654405
4.99945053177384
4.999381714626949
5.002981528267192
4.985118463657229
5.0036276320871025
5.000114453693306
5.001327574936137
5.000326570108206
5.000625544529712
5.001045437511548
5.000516886972604
4.99958367521988
4.999283870965649
5.035753608679647
4.998857904212745
4.999782377233673
5.0035239268056015
5.000666112146857
4.998488116788948
5.049066570091044
5.000276074648452
4.986623974928517
5.000445797853253
5.0010729653997865
5.000187741788807
4.999299886253188
4.998772777693594
5.0018098249508895
4.9820110780647715
5.000014661800763
5.001013563983066
5.001011244064631
5.000312698622105
5.000038614709902
5.000450641967734
4.999289408737849
4.999533851495029
5.001471091657094
4.999136125343582
5.004595926448274
5.00224802428863
4.99981598893882
5.003892136967256
5.000222609129714
4.999902880983567
5.000212460982383
4.999979966019791
4.999449820418412
5.000442482392651
4.985819057741729
5.002416573757971
4.998904749430096
4.999742923884196
5.00122696665398
4.999622932333744
4.999930648500922
4.999873697397512
4.999576238498678
5.00040152811889
5.0002213525459505
5.001104452315746
4.999614723421053
5.00013391934354
4.99976380063865
4.999941129204114
4.998363762272639
5.002331423420335
5.000624055136735
4.999433013037751
4.9997125366337425
4.993811192235161
4.999704884253922
4.9998116426236585
5.00448932599626
4.999731889148803
5.0000522033086225
5.030878008162962
4.999096553423297
4.999958236644964
4.999717685226897
5.003105214637479
4.999870309003914
4.999671216252223
4.9994087119704975
4.999316227026759
5.000596218073401
5.0016961801227655
4.9988882805878445
5.031704192025167
4.999620543136108
4.999663927345873
5.000291629657462
4.999996551690646
5.002640280259358
5.000526136968862
4.999894560564144
5.000355519184548
4.999638783412971
4.999912064805313
5.000211233027156
5.002374035753219
5.000169346707443
5.001045575818003
5.000278896247405
5.000444856528949
4.99898716278567
5.001471936991647
5.00029140276725
4.9984198300028355
4.999908882533459
5.000208920838954
5.000845860448626
4.999194773053526
5.001044625781923
5.003466226307174
5.001282477581552
4.999676444740648
4.9996883211693985
4.999756475168243
4.999492038142992
5.000149078183285
5.000592750714129
5.002406386220042
5.00174182836546
5.029821006849409
5.000735064804471
5.000542447451202
4.999573255435953
4.998752227929358
5.0014258863755074
5.000572804524684
4.997982111020828
4.9998569157830435
5.000928915757352
5.000400616905105
4.974798694485326
5.0029100935281265
4.999681984553168
4.7908055316324
5.00051732926878
5.001502732141083
5.001609602204508
5.0007785281922885
4.9808543136776615
4.999958395995209
4.998885296460999
5.0002631004975875
4.999368029413674
4.99998745234623
5.001266537086146
5.00038338756342
4.999015022445721
5.0007290776050715
4.999428899130115
4.999356183742181
4.999826843087706
4.999854281574847
4.999750655617162
4.9998850489126685
5.00022530750546
5.002540261883634
4.999752357418242
5.00042815857872
5.002138684139166
5.00072566825652
5.000401909199745
5.001145097083046
5.001467501736454
4.999906821899958
5.000706562809887
5.000615848734226
4.999601311839524
5.069699641023542
4.999767936131064
4.999012278678914
4.999794399999419
5.000929452812782
5.015063224706996
4.998101505303476
5.000067556162882
4.999898464946483
5.000528987215207
4.999232491785242
5.002705234624884
5.001063727017253
5.000746643926665
4.999820217913521
5.000231834693627
5.000715919923672
4.990586702840107
5.000230028133453
5.0014431602914255
5.0202228482089275
4.99800093124016
4.999089187682547
4.999179070917559
5.000265268050162
5.0345900738641305
5.002282946903891
4.999988372988673
5.000539227478886
4.999980816769357
5.03245040980325
4.99899729473181
5.002296695656563
4.999211231996754
5.007730813724988
4.999232813564604
4.999301821504875
4.999887401551487
4.99920311160059
5.000960032399152
5.009004706825891
4.959712674337922
4.999952312483134
4.999740615798034
5.00004143866182
4.999488874614643
4.999378084135012
5.000118654335389
4.999859840539037
4.997290961848908
5.0000861004503845
5.0009772300535085
5.000256023230301
5.001474713342543
5.000342162849058
4.999755704013873
5.0045409526303315
4.999891888424267
4.999625702802345
4.985761146071895
4.998963394279594
5.008393113099132
4.999763624815907
5.0009075857504595
4.999431539567771
5.000738574277125
5.0010000455663075
5.000086268476211
4.996817055044609
5.0005903357406725
5.000276030134613
4.999862271709021
5.009382980012312
4.998605772913549
4.999639058158898
4.999876543099682
4.999504610589859
4.9882402699866955
4.999278334513067
4.999830167968149
5.0002945198061255
5.002312702648176
4.99995319404572
5.00079641102494
5.000471953209659
4.9960830901428785
5.000514743531647
4.999863844846996
5.00035469703793
4.999697584183271
5.000730516226895
5.000641336813652
4.999967516759999
4.999512317947158
4.99980174652485
5.000240740506197
4.998377535872767
5.001085553922211
5.041475428533221
4.999283910291457
5.006442612275396
5.000189196396191
5.000155716247951
5.004404196991231
5.000714366873158
5.004876433250909
5.000908872022796
5.005615187552653
5.000860421609401
5.002839780902579
4.999903180224711
5.008257016316342
5.004152193895241
4.999218543874175
5.000339117466555
5.000761784755997
4.996898595882099
5.0026026804142685
5.000382502368896
5.0024845476123385
5.008295761905026
5.002060511117473
5.002619266700998
5.002816700287009
5.02103945013675
5.0001821745318855
5.000181913947454
5.000979786754674
5.002525048798634
5.00049844228811
4.999462726629224
4.99966357808714
4.999861687713209
4.998984595887286
5.001794890156304
5.002331266740753
4.995272952669939
5.000591277938523
5.000455291725379
4.9992194750269885
5.000506867742042
4.99360114263995
4.999661882974691
4.999068398379625
5.0000501434128735
4.999062297257356
4.999621354893608
4.999855580599984
5.003052671590735
4.999046396666579
4.999974966038425
4.974149605538261
5.000129938294368
4.999839392859594
5.002873758344256
5.001410927922484
5.001230310357055
5.000219411630792
4.999838812992506
5.000104095182799
5.000105372440945
4.99866506364291
5.0025005871533255
5.000651938738082
5.002238196546151
5.000048118942285
5.000047622453151
5.000986333370929
5.000263496191645
5.001042658369822
4.99990457199588
4.999768009222896
5.001918974035948
5.00017425040124
5.000170444112402
4.999533054141626
5.010900160029399
4.999936919801617
4.998767189461012
4.99875224641352
5.002909850799289
5.000177737686927
5.001842618181802
4.996149964635573
5.0006624592879625
5.001235306330253
5.000182234349459
5.001502315779827
5.000005653640712
5.000335280075362
5.002867672727643
5.001617541571727
4.96655871176879
4.9977681256563
4.999661754731182
4.95549504611378
4.9998567821050175
5.000667486501083
5.000921632569004
4.999642928784285
4.999863410423708
4.99991868544154
4.999652589930972
5.025212589140932
4.999816379637341
4.999940629882347
4.999238037524603
4.999818352131584
5.001188823336865
4.999410173792352
5.002586860584206
5.001863539191381
5.0015458457656115
4.995206998177627
4.999786016559445
4.9998835830663575
4.999859470170526
5.000417199038576
5.003114982538999
5.00201537343139
5.000610101635869
5.000000145966496
4.999942110462698
5.000157590378849
5.001557910512194
5.005947504592359
5.000836619524904
5.001959588673156
5.001345993599774
5.000861468534536
5.00021148558831
5.0012747339717905
5.000545773754801
5.00052636727254
5.0015403362831
5.000398870005665
4.9998349660901935
5.000241887830625
5.00100285398154
5.000063148075919
4.999726553107314
4.999341876600121
4.998072495469335
5.000549407790154
5.004431231536344
5.000250411256881
5.000837255039917
4.997846954222386
5.001655490631751
4.999953515391081
4.997845383359055
5.001041611822057
4.999736640690497
4.995409451776272
5.00157454608376
4.999879892616674
5.000044190328112
5.000549371846147
5.001944939290253
4.999624953464178
5.000757512063126
5.000463107645778
5.000713438362039
4.984051629938931
5.000066056524248
5.003030046369315
4.998980591984546
4.998442879224383
4.998741468983753
4.999081653528889
4.999076656706903
4.999443089662462
5.0007566242269155
4.999546985537182
5.000410402698593
4.999925013064336
4.998273860461351
4.9995646667604134
4.999623050150107
4.999564006207688
5.00374496172326
5.002724412278036
5.003970561899415
4.999474352211925
4.999580721596805
4.9996938964776465
5.067537314451482
5.001644714183902
4.9989680497251205
4.999372140422636
4.999036716222775
4.999898347548865
4.999117349287023
5.000114249994795
5.002993908084917
5.006079944758846
4.998904335250015
5.000379690748363
4.999750847090354
5.000646191034668
5.000246994305124
5.000410517848606
5.0022258655561105
4.999492851676593
5.000136671659893
5.001024151980863
4.999364795302281
4.999590351240466
4.999587296246263
5.000233991317827
4.999736964899956
5.001538108397848
4.999740247992484
4.999517866222181
4.999652523354444
4.999743276178657
4.9997277115589815
5.000027949270463
5.000820831763864
4.974068427937615
4.99991761593683
5.000108131276536
5.001024787735839
4.999349180764225
4.999237808811514
5.002955880705411
5.001831314445285
4.999202814746531
5.002006063400295
4.999039742557089
4.986533915765578
4.989444451586546
4.999217244168103
5.000063937004108
4.967104617624635
5.000268038370433
4.999599577797996
5.000461573526324
4.999780004525715
4.999567198151761
4.9994510393761225
4.999292159853866
5.0005797091636035
4.999316467888198
4.9994898235999035
4.9905777514672165
5.0003005434576675
5.000865004181877
4.9935432032387075
5.017836783958669
5.000021555643185
4.999637558491402
5.002664851278647
4.999783351370363
5.000026787667724
5.000205082321507
4.999795351627487
4.999796240196188
4.999526320365497
4.999510682637876
5.000702765528501
4.992136894205521
5.0015505468361505
4.999884693112598
5.016065831180324
4.992896176760117
5.000185298484397
4.999320957723089
5.0024727249604535
5.001151075230249
5.000164522824891
5.0010344449129285
4.999153071343692
4.999854865612285
5.000308058042375
4.999818859652237
4.999920032516923
4.999502707882305
4.998615337001621
4.999642179490314
5.000042126663063
5.000606092898742
5.000291176120552
5.001301151808273
5.0003518286179185
4.999727956848101
4.999879143154701
5.000370684798465
5.002674959607822
4.999839831009025
5.000160639682923
4.999892456725935
5.010118099176021
5.000435669987045
5.0009778353308505
5.00117573961971
5.012483472107523
4.999249599793398
5.000655907580907
5.000803135664232
4.997125848161547
4.999614705176542
4.999927588646801
4.999762610819612
5.000753078757677
5.000373801883527
5.001932921072809
5.000337665138436
5.0003198655620915
4.9995336506685595
5.0040123299362
5.001234474342905
4.999321587877751
4.995138671831365
4.997995437037987
4.99977030616065
5.000203114976151
4.99959159775706
5.000787076896779
5.001399848568757
4.999295587380332
4.999611290921395
4.999704815144494
5.001278854500251
5.001296825994495
5.005050315079732
4.990340742020988
4.999226413630971
5.001722694105881
4.999200546157793
4.999915966578954
4.999811731421636
5.000721504989102
5.005102398260195
4.999593993622899
5.0005458143783885
4.999913925484754
4.999293411323271
4.999713194206845
4.9999020809076455
4.999437011765663
4.999784513753273
4.9997345386694665
5.001403924587392
5.004352264829449
4.999332178296638
4.999154043130192
4.999657131946297
5.0007309756392155
4.999899007990776
4.9986687097038045
4.999925921026119
4.9950080313574245
5.0001147199445395
4.977104034932071
4.999953362871222
5.000734402993901
4.9996695544957594
4.999733193603411
5.000149532010697
4.998421545060186
4.9992914668332595
4.999367989443113
4.988724647784727
4.999502845591409
5.000203962206536
4.99793471853191
4.9996472608513
4.999910172666628
4.998869360551397
5.0007823553546356
5.0000312879934095
4.9991266721719985
5.000454575816769
4.999473168553823
4.98497677932462
5.001954405458696
5.000138647415025
4.999411501783148
4.998914092031674
5.018100685237223
4.998734926470657
5.0396230248725775
4.99972402667422
4.999901531734573
5.001097212458937
5.000130830877476
5.000018696185546
4.999647327319563
5.000832968185292
5.000357869170612
5.0002476844074355
5.000102280060863
4.998296073435959
5.028905080728732
5.000587432792224
4.999074703197009
4.9999435144521245
4.999391683018921
5.00023979906196
5.000561084158915
5.000287395369339
4.999319341139278
5.001042559964343
4.999976272012142
4.99980053935572
5.01823423566327
5.000051860184807
5.000463210368125
5.000196829315834
5.01366296049379
5.000977411206758
4.999805299184939
5.043728994321403
5.058501557155118
4.996199577963254
4.999465427816447
4.9994198870758755
4.99946343869225
4.9996205996590515
4.999382685649836
5.019977955752154
4.999427580945223
5.000432395431374
4.999557606900122
4.997803655565515
4.961189621254651
5.000710650290076
5.000952997849099
4.99997018030897
4.999866123217092
5.000319300824182
4.999920808826178
4.998567441297339
4.99952649365138
4.998846452507487
4.998990406577024
5.000270339880177
4.99308354027157
5.001561034333898
4.999760374353205
4.999437408096276
4.999245422092104
4.999039327436984
4.999581611527117
5.000591552685978
4.999451137010886
4.97971440612218
4.99977843873067
5.007358521796481
4.999869182001588
4.9994411463084285
4.999257324052856
4.999060527260866
5.000885135281882
4.996965134744572
5.019137365708907
5.000132755170407
5.002092387681777
4.997873733304958
5.0039423373361975
5.001492987729223
4.99839686017431
5.000931577680261
4.997680908221653
4.999236640322639
4.999957936087766
4.9993696369605205
5.000212654069662
4.999897135540193
4.999712277145623
5.000390872936104
4.999852128187978
4.999636713851836
4.999472856811007
4.9998521915913585
4.9996564546910225
5.003349156358487
4.9972405986415644
5.000977381433087
4.999340607823702
5.000854021436345
5.000212275427501
5.000382078044978
5.000283056976704
4.999643266563987
5.000626696297915
4.999904862638828
4.998739218274571
4.999270293005703
4.999925867519931
4.999839410957454
4.9994170495439185
4.9991034404364765
4.987280876779976
5.000012484157059
5.000270713012101
5.001339345075604
5.000025796218731
4.999767118423577
4.999859393762957
5.003117186729387
5.00087830721664
5.0001746048221865
4.9775421359913885
4.999983926676215
4.999854275247458
4.9976317765944565
4.966463494768352
4.999925286496209
5.000292524780041
4.999711597337655
5.0020348088853215
5.001135345722616
4.999807652195773
5.018205553925738
5.002016679329337
5.000516256358452
4.999697688040589
5.001027020732806
5.000628336245692
5.000171304241108
5.000714726412867
5.000165144694428
5.000045622584465
4.99987867842324
4.999935735380661
4.99991713001717
5.002921912882306
5.000537651155953
5.001478785951975
5.000340700708182
4.998052539139713
4.999639666913493
4.99809249869
4.9999701186697445
4.998628131285598
4.999574894312602
4.998077643152028
4.999578731252646
5.000510147859206
4.999936048567317
4.9907334136843176
4.999944897859313
4.998694544214133
5.000777236300243
4.99984617577938
4.999063355121463
5.000796640047134
4.999528444314231
4.999748304644922
4.998976899399741
4.999657166207242
5.000033726413933
5.0029282101480455
5.005566613309224
5.000210368473809
4.99993378464968
4.975507444395185
5.000020779760272
4.997971497940467
4.999674103035683
5.000700128856157
4.9995999782366205
5.021686042891158
4.998571776224658
4.9998737483491595
4.9990518319079715
4.999786817756821
4.990578927269494
4.999649324709147
5.000237262555804
5.000692482767784
4.999073136118577
5.010423851044983
5.0025195194184775
5.001213626127918
5.000009352187738
5.000314070727757
5.000617345965559
4.99956780635404
4.999853165128292
5.0008165343077
4.999196927031309
4.999263947825502
4.998245948703223
5.01245629223132
5.000196903955641
4.972938847405308
4.999598483273841
5.00021941590805
4.999755143039379
4.9997239943026015
5.004493497598045
5.000452207186873
5.00035228501847
5.0005970203092955
4.999741991845601
4.99997064343622
5.000465672915172
4.99923581160247
4.999836401976013
5.001502352431504
5.0003593560663475
4.998345014498177
5.000239766259345
4.999727212673163
4.999944800911196
4.998359326036866
4.99968623063068
4.999045002389131
4.999743293305327
5.000374474895196
4.998333197536047
4.998361029080898
4.999723971318946
4.999974546018183
4.996751794940734
4.999677313795218
4.999198475150653
4.999978528534107
4.999569053168551
4.999469199450063
5.0015806013484125
5.000663094174964
5.000593081707719
4.9999834200067514
4.9999418395474375
5.000292186660322
5.005174842278579
5.0017133901505995
5.000170768578911
4.9998565383120805
4.9998588408884945
5.000537615570599
5.000673635479277
5.000249121115816
4.998882757087368
4.999391417635175
4.9992231024786875
5.000243982709849
5.001448183475762
4.999735548318557
5.001235464018881
5.000820377948751
5.0020138175018625
5.000229162729073
4.993274489318227
5.000462897391052
5.000308256227896
5.002918116791427
4.999924103150133
4.999541525501028
4.999183593445455
5.000312516987498
5.000943708036916
4.999977598063228
5.000600724012203
5.000733247591615
4.999858275299102
5.000289773005465
5.000260500053929
4.999785546963302
5.000001772040161
4.999499415049983
5.001524116559513
5.000980913827128
5.007206776838405
4.99731758528117
4.9997575253845765
4.994713298756757
4.999388426523356
5.000200275792876
4.999654065190857
4.999423001795558
4.999830427272754
5.043814401354391
5.00082957798342
5.002072286696177
5.001551849800009
5.0012142104220825
5.001081981139941
4.999959870227229
5.00069222281423
4.999476763878368
4.999788970805795
4.999806627551451
5.000492681378344
4.999469192569254
5.001813341628533
4.999317975572727
4.99960770211735
5.013438328330768
4.999986576265521
5.0008521205777265
4.999931248587133
4.999416686966109
5.000771581813023
5.0001684364084085
4.999832955759321
4.999397323124937
5.000052777827177
5.000656507914861
5.000065799745718
4.999138526004601
5.000485763082686
4.999980455139833
4.999911572061206
5.001698966095415
4.999671771306693
4.999503393799242
5.001981483715644
5.000386231148829
4.999506836814291
4.999535949925189
5.001618230115442
4.999513107562684
5.001913583550022
5.001463180724514
5.0021756385892235
5.000337483607131
4.999960476028028
4.999875769112707
5.000107148275439
5.00369701603351
5.000472408733437
5.002959376963585
5.000463845761927
5.000130245416155
5.000036086398992
5.000255693122872
5.001628862881368
5.0006938928354
5.003554175013039
5.000509074836171
5.001039962340145
5.000862130947617
4.9985807231395345
4.982614525915895
5.000266175112173
5.000368795019909
5.000639012360934
4.9999283679494635
4.997582312605804
4.9996249248795
5.000298958070319
5.000788871706929
5.001504012146873
5.000030100373166
5.001408066475611
5.000427893944509
4.999917483120792
4.999572361470808
5.000991349711847
5.00062320032428
5.000283222313909
4.99855054480354
4.999707738368056
4.998073493090565
4.999573749959947
4.999510349111637
5.0001596681555185
5.002384469385279
5.001081309616376
4.999525415446264
4.998972827766713
4.998636121275656
5.000095004301712
4.999806742096941
5.001294654307175
4.999975842095641
5.000421915425986
5.038450251776286
5.004579100085686
4.999796820358982
5.000126419931324
5.002013896042539
5.03101786860433
5.000765769927634
5.005473474211308
4.999817483343848
5.000349158790385
5.000137738265804
4.999835792912582
5.0002344268854975
5.0002566153835595
5.0015399204447775
4.999263753830576
5.00037942367936
5.001590793945871
4.999929992287507
4.999862567231957
5.000276920258083
4.9997376908975255
4.999423276572473
5.0003854897894
4.999934424664139
4.999563283915183
4.999961805957253
4.999988872829328
5.000077539358588
5.00035092965302
4.9999468531088915
5.000109535690552
5.00047353561662
4.999419547396923
4.999938814392888
5.001956760301291
4.999815381708522
5.000042747203803
5.00635616864648
5.009366807354389
5.00041783113053
5.000262762890037
4.997442325930722
4.99983578879705
5.001422909339193
4.999419818446726
4.999108208887142
4.999162128567601
5.003038126488696
4.99985185859218
4.985521177454039
4.9990669452496865
4.999447633585096
4.999832883582274
4.999789141566006
4.999628871675682
5.000529673452747
4.989570461749147
5.011347451399817
4.999980301573239
4.999920784353001
4.99945010609959
5.002174665542834
5.000760054630022
5.0001408467822825
4.99984594257636
4.999968648566118
5.000371593569637
4.981382099008163
5.002125963465325
4.999755722919523
4.999541739790277
4.998010558689764
4.999671609367799
4.999911566463048
4.999694022447435
5.000623418841744
5.0317037738881245
5.00224318341975
5.000109627591375
5.000435831100191
4.982052266951462
5.000031019379306
4.99958825104301
5.00012516939306
5.000690980651461
5.001956491970628
5.000879703365952
5.004072951254059
5.001174340681147
5.000557939398537
4.998021758869181
4.999739720189494
4.9994742412927105
4.999588800977865
5.0000058102379645
4.99847383629513
4.998585779419853
5.000775428208277
5.000505836116759
4.999956730576195
5.001739058365217
5.000438454930397
5.062682541740653
4.999681034875465
4.999190404797185
5.001954826686185
4.999117805125402
5.000494297398265
4.999825259106485
5.009306646315982
4.999981516074594
5.008950992947731
5.001320819450246
4.999918867474195
5.002424671495187
5.0008687877978515
5.000334945955482
5.000142383237167
4.999428960011631
5.0008314204374615
4.999336985399863
5.001137834163094
4.99978865649125
5.0004042376399696
4.999718996233781
4.99919029044465
5.000336266638457
4.999771375220851
5.000251189819813
5.028139211741207
4.999772337106115
4.999443937870583
5.014934500947269
4.996133439604204
5.04779216531419
5.002158235758692
5.001099596656781
5.001363915891613
4.972900414595327
4.999620691259659
5.000692743116991
5.006175319690306
5.000180969847146
4.979174692137424
4.999929204361931
4.9992923311892605
4.998670091917638
4.998478016700534
5.00001328220058
5.000135025595554
4.999368059228633
4.997127598198159
4.986510230794373
4.996582312686965
4.997083226417098
4.977702637535664
4.99883576249256
5.000279647349683
5.000053800884949
5.000095530456426
4.999202259215749
4.999666607970364
4.999856304603109
4.999944302885715
4.999839700565612
5.000882641262778
5.001527681931527
5.0002532617499025
5.003522877531485
4.999112983216687
5.0005789771040865
5.0005482420762215
5.049816709612087
5.000044536600579
5.000233888099096
4.999230040285556
5.000906286387565
4.998762770250853
5.003201245299042
5.000130370282272
4.9994873056624725
4.999635894013836
5.002744711800151
4.999849873646486
5.000180184944413
4.999483225451505
5.010787086030501
4.998523133752425
5.000622846654706
5.000075337873991
5.0050289737085905
5.002997948424088
5.002923776712557
5.0003267261369375
5.0002231072944765
5.000355048072238
5.000662666985715
5.000136477515728
4.999771799735704
4.995333885500947
5.021344419376906
4.999900135095759
4.999395786555167
5.000620020052101
5.000089506119486
4.999380097637192
4.99919944775483
4.998209026564594
5.000772634360325
5.00135925459523
4.999687620943055
5.001314946226462
5.000342277537603
4.999757891333602
4.999900577297935
5.00088217349172
4.99951956067039
4.999283184553727
5.01319592704088
5.000258638260366
5.019798738008662
4.999535574179089
5.003466790651661
5.000345481222574
5.00020533920476
5.000730891516477
5.003203513311887
5.001871014357711
5.000738100985863
5.000618787455319
5.0004307604239
5.000059451172922
5.0003746639976665
4.999982183091903
5.000645770202791
4.999790348045585
4.99027544488455
4.9997900159031134
4.9994359159251935
4.999898574504411
4.998105813077468
5.001587929594669
4.998965366276849
5.000959867346441
4.99982049983735
4.999921230828045
5.000851216141458
5.000260721237436
4.999599638024735
4.999789941927454
4.999576654237928
4.999178166705272
4.999239096864961
4.998739157419785
4.999435504905694
5.000094340318735
4.999889477516187
5.00040012075317
4.999403361769188
5.000065628372719
4.998536357689471
5.000201617193927
4.99956177285396
5.000728231463221
4.99926096420161
4.998588287141002
4.999828948133038
4.99911685918461
4.999695900610946
4.999758133440114
4.999782319943835
5.002292309132127
4.992298864649315
5.000372195426089
4.99988239658021
5.00063083922153
4.994834068766654
5.005852808577513
5.000095887054554
5.000178661752175
5.00027606623226
4.999650521343224
4.999566207945958
4.999887264984673
4.9995379687412465
4.999948814600665
5.000622941293377
5.0006870839739825
5.00001040676567
5.000049612482842
4.9993170863789915
4.999490162287342
5.000361345979993
4.999498007662113
5.0005019691133965
4.999456738373925
4.998493063383518
4.999697121675778
5.016632660390083
5.000346733969019
5.001288143749061
4.999457493050744
5.000312418422385
4.9997019958711055
4.999276033629644
4.962650571501439
4.9999647026610425
4.999698191875056
4.999855006452305
5.000141356983942
4.99663914760543
4.999849439626859
5.0009761291431465
5.00095187082669
5.002749422021175
4.999460032462134
4.9997519672807895
5.000059938336797
4.999686179954507
4.999559255922288
5.001026791890623
4.9991021971627285
4.999404705921192
5.000352949800953
4.999738503630944
4.999539899402542
4.99978583093015
4.9992640120388145
5.000322328332618
5.0045377609007
4.985886526786232
4.999777423153599
4.999744555784874
4.998876594087586
4.999417588892054
5.002053084877585
4.999227436671508
4.999932255798711
5.119985885216261
4.990883212188571
5.00097726218789
4.999917435359437
4.999828474311261
5.019708292177873
4.998905312329011
5.000305828322386
5.013749414395948
4.999612350969825
4.998277742188607
4.999228009333145
5.003140441203478
5.000054266151329
4.997781070597664
4.999529916339748
4.998592366158527
4.99956815624642
4.996681537240416
4.999344179659844
4.99848534951588
5.000283750661248
5.000180214212858
4.999568170868128
5.000039758384852
5.001466826769504
4.998371971395426
5.000230825062663
4.999792245022031
5.00011337148523
4.999552946682692
5.000705949872744
4.995061681837292
4.9986519798109805
5.010124066385998
4.999338959869282
5.000215902766006
4.999060915362753
4.998880849170311
5.0000168885376475
5.000148233495274
4.9954579735231235
5.000681053203348
4.999852041192558
4.997865461178322
5.003119891170921
4.9998123306998465
5.005864094087362
5.0025592061448565
5.000274948873304
5.0006832506198755
5.000478823248414
5.0007302004093495
4.9998034202334445
4.99729349840266
4.999155911492311
4.999739949730263
4.9984581499437155
4.984498056830783
4.99979720465771
5.00007102469459
5.000178552300238
4.999490383714449
5.00030962004544
4.999681831180592
5.0004867864795335
4.999870697665688
4.99880118309391
4.999381957496019
4.997384705001834
4.993328221629027
5.000082363092508
5.00040973168443
4.998908468156655
5.000957792911244
5.000254202831808
4.9999361146402785
4.9998780345485025
4.999980945987271
5.0003981173228444
5.006674534173076
5.000274415436275
4.999674835558562
5.000107101049335
4.998556965843844
4.998819808671537
4.9995730978838475
4.998968168282864
5.000535911200709
5.000799277609005
4.9985258645813415
4.99963018614837
4.999305192876907
4.999949894585113
5.00006911800094
4.999746652134257
4.999283220422403
4.999394305734917
4.99944056320106
4.986379486717165
4.999141672266375
4.999122831029545
4.998860655224433
5.001511250727432
5.002395925307206
4.9995566540177
5.001831759642724
4.9999367987976076
5.00085634735914
5.011996338875387
4.999989713469437
4.999989489495221
4.999541326222611
4.999630282636974
4.99952383555819
4.998921295875487
5.001260615085944
4.9997331574208
5.000133879628322
5.002006903427735
4.999401072108253
4.999314972858468
4.999589534094067
4.998869370107975
5.0009483371443215
4.9998939631526795
4.999237616563018
4.999447916397671
4.999885409952075
4.9995820598367775
4.99931641937357
4.999505865236353
5.0017857194129896
5.001650600953267
5.010631884938441
5.00035263533576
5.004730174965148
4.9998473164800314
4.999767559599177
4.998677169099602
5.000807266393059
5.000436728403428
5.000647895534499
5.0004092818066335
5.001731133641135
5.001120541331723
5.000031228753779
4.995730831799334
5.001808467649982
5.000149721493694
5.000427372318296
4.999400577906426
4.999921820537648
4.999973935668414
4.999916758496883
4.999246125838147
5.010726650948528
5.00036325287385
4.999514210042784
5.000905618170106
5.0002167387582235
5.000431203133627
5.037394746195682
5.00035829259165
4.988386449427964
4.9999521463213
4.991126394495791
5.007071662891628
5.008717832202736
5.002097160265653
5.0208206061031975
4.999484273250742
5.000017857386538
4.999684391263688
4.999804745316197
5.0019242313508645
4.999295587060293
4.999996635401037
4.999873620973991
5.003455842655293
4.999930117707411
4.999485027680199
4.999149596685835
4.999413800184194
4.999396216978937
5.000227138961372
4.999875683015158
4.993023766904004
4.998817341482585
5.000409340991604
4.999394198781145
4.99950764431729
4.999208032884779
4.999188996984412
4.999328958027683
4.999478830458675
5.00177858986947
5.000652615571394
5.0002251957390875
5.00041034882256
5.000290058980563
5.003460116167736
4.999263303230722
4.999648176292239
4.999644469257832
4.993605005615514
4.999904095632101
5.0000162867474
5.006859411048561
5.000035577862492
4.986041731573933
4.9999038787639325
4.9719782304369575
4.999705561642877
4.999311406419097
4.99883262070946
5.001730633638114
4.999215937899548
4.983442375607025
4.999600658128064
4.999511186601995
5.00183855849534
4.999367654570047
4.999251540783135
5.0003804309638
4.999238547563655
4.99979833796876
4.998580775048596
4.9999985171393115
5.002388431715638
4.999101275321485
4.999923573630355
5.000064038953095
5.000569307177909
4.999549140844543
4.999894418726989
4.999634112561733
4.997544612202113
4.9995637567085796
4.9994995479848905
5.0000707074987085
4.998613762940679
4.999401577684238
5.000565039412922
4.999547887158144
5.000506254770419
5.002498161633088
4.999561421310937
4.999476404787594
5.000556056532159
4.999603680921826
5.000176123217146
4.999488669343984
4.9927085888195615
4.9988499581144525
4.999297041251236
4.999073851595079
4.999959720820712
4.996214065290299
4.9997128938243165
5.00006330599957
5.000031162183043
5.00040952102181
5.000206770542173
4.999347516813204
4.990735139777165
5.000121838584121
4.9948335167344595
5.001442209960625
5.000616667803797
4.999464062018247
5.000367931479963
4.999627279726401
5.000556189370843
4.9999292946958045
5.00025642414011
5.015108796456198
5.000050590750071
4.999505529000783
4.999884875497606
4.999164474274175
4.999229205827272
4.999978287704728
4.999925148357701
5.000224322946638
4.998471141525617
4.999415831666208
4.9960265328802365
4.999733280697896
5.000803529996388
4.999461182438688
4.999854900177963
4.999718800633087
4.999384846711721
4.998209598592837
4.998169699893185
4.999443890056395
5.000023462594073
4.999190898530226
5.002101423920783
4.999680946663802
5.000896955122524
5.000529451864595
5.000743835574503
4.994759649034674
4.999618321187531
5.00075910237508
4.999914377923013
4.999740688318799
4.991244253354962
4.998346959357088
5.000087642715962
4.999294322550773
5.000129086276322
4.999641324816225
5.000903852876049
4.999373394930267
4.9997385136758155
4.999064490201046
4.987864791080041
4.998551082247222
4.99916979380755
5.000179794176772
5.001135487120355
5.000358723506326
4.999898425739759
4.999563038098065
5.000270041002866
4.999518907444782
5.009454495153685
4.999671608451855
4.9995856598296395
5.00071446637998
4.999408170734267
4.999672109531546
4.998652318544511
4.999932078038486
4.999794838722682
5.002057651803257
4.999666294996983
5.015807677169041
4.99924271453473
4.992960652361465
4.999418232157875
4.999312058684915
4.995039186831315
5.000235412678527
5.000284963717937
4.998073049213466
4.997474329893746
5.0011616179595
5.000777109740663
5.000180409822165
5.000610947248348
5.000200748141202
5.010890498907215
4.999559286457649
5.011277213463082
4.999483735341382
4.9823394340652385
4.9992546755927245
4.997975867624006
4.999381221562485
5.000933198816012
4.998555384536496
4.9997419469745985
4.999266667277662
4.999434797754509
5.0000940957714475
5.000123666728315
5.000802696869039
4.999645602664596
4.999525034283526
4.999074976430521
5.000053297471065
4.998520719491868
4.996445660427361
4.999184523571773
4.997927702311676
4.999781248178128
5.000569426018766
5.000383785240458
4.99983036467652
4.9998737850758435
4.999233593235027
4.999829743046564
5.000166050152625
4.997671728505175
4.982548920828487
4.99998669990844
4.999898603056509
4.998932357214472
4.9997326949694205
4.998514818326314
5.001006940028386
5.000494309531005
4.99890098008612
4.998914573527288
4.997990533954305
4.999645871260598
4.998769873915262
4.998708768277559
4.9992743985748005
4.999252899211855
4.998110206045401
5.000801057977769
5.0008764251482125
4.996759207837335
4.9992822150420775
4.997736915843263
4.999932133332439
5.000251042751839
4.999627821385574
4.999583676687808
4.999960751750137
5.0027335965374915
4.999898038813795
4.999866705936261
4.972649399960977
5.000709262462758
5.00015067186167
5.0003133523535155
5.000225504955152
5.000238231288201
4.998829432696897
4.997790673522157
5.016465910254917
4.9993018088152095
5.00027822957825
4.999592092884401
5.0018611883165915
4.999676249151659
4.99903585859072
5.001297722767866
5.000173551181925
4.9998855072597355
4.998919074903292
4.999262784034589
5.000154967784603
4.999501435556544
4.996182556323072
4.9956839066130865
4.9993266130029275
4.999482171148053
4.999299057002345
4.998012476375205
5.002599381437991
4.999085598627122
5.000338315362306
5.0000671865230055
5.000194832220098
4.999285913242615
4.999147052948614
4.998167214691985
5.000216400889539
4.999685411638983
5.007331350872482
5.021574223417256
4.999833565449355
5.000358865394308
4.99925598894188
5.000466807279575
4.998864160164248
4.998257926257429
5.000420289559443
4.99841185779993
5.000081174079363
5.000368300139971
5.0032968780766085
4.998325354939371
4.99885756299593
4.999359778430593
4.999689238831033
5.00076061334478
5.000593808885275
5.009038700469679
5.045689140393826
4.9987203144826164
4.998780658782664
5.0015502896208694
5.001122307553778
4.999740667863588
4.994876630885826
4.971172779450958
4.999843335313472
4.999577705531807
5.000056647862115
4.998923533820022
4.999565681637485
4.99927475641961
5.025256541170414
4.994658801766983
4.999129463102033
4.999939229611467
5.000143568058442
4.971691731070709
5.000489409517899
5.0064495844688075
5.00031417590807
4.998191990752068
4.99964983775344
5.000226231213944
4.999768790387608
4.999556500616403
4.981531214242226
5.011252583432215
5.003869891613734
5.000096827462926
4.999524419645218
4.999924991092635
5.00553142207124
5.0004434958978345
4.999883592472353
4.999996604942871
5.000445957683304
4.998087039213824
4.999486476665264
5.002472680726258
5.000864357013767
4.999380559106447
5.002393344788056
4.999301658725606
4.998650037000827
5.001601768397679
4.9970452576594
4.999895881719216
4.999704384310499
4.999563817577436
5.002026153472714
4.999027859135901
4.997425375640707
4.999840683881569
4.999134953896682
4.998965906503608
5.0053693999087265
5.002225456534786
5.005508795850988
5.003314437731585
5.001399712511576
5.003361355668326
4.999298435769192
5.000698958029688
5.0017628622857755
5.000108349711345
4.999965475394501
5.00307517418018
5.000089157536976
5.000439468595503
5.000252494815297
4.999614369105896
4.999638111945154
5.002417668410969
5.000376121328256
5.0012408695941035
4.999726731679606
4.99949059484231
4.998032843910314
5.002013062085309
5.000533090976015
4.999191939856467
5.001572884778066
5.00220530095758
4.988388320284889
5.001153453553148
5.117490695274309
4.9995408837454836
5.0001618216215755
5.000641535789665
5.002369725450621
4.999816486637434
4.999766686004268
5.002332833783864
5.000019638072548
5.001834773535621
4.99992700630918
5.000252019787304
4.999763981493071
5.000451957812042
4.999349231176698
4.999970505682767
4.9995528090931
4.999752283100532
4.99958341720204
4.999362767510587
4.999556672253037
5.000344287157348
5.000990917573817
5.000119066738975
5.000213737103669
5.000953872687888
5.001552503815003
5.00056176919281
4.999447349010993
5.000633509929823
5.000671954628432
5.000046562060644
5.003064835878588
4.999298674613867
4.994765697538972
4.999984040496326
4.999841513637208
4.99880769292025
5.000622731147507
4.999762956155952
4.999791149902603
4.999765172468759
4.9993696006317245
5.000081545308427
5.000905894021053
5.002456482914143
5.019969999621835
4.999543239689152
4.999457589367586
4.999570340463982
4.99934743522351
4.999860404752665
5.001169678058569
4.999810567838391
5.000211340296141
4.999790992078476
4.999874142152304
5.000077492394315
5.000374924961361
5.000426834061407
5.040730756363374
5.000104151133487
5.000417378080572
4.99904420146274
5.001459807635488
4.998588714941432
5.000382392785655
4.997513700365436
4.996021212718647
5.000461655907623
5.000041598264354
5.000075937078015
4.9996911818882355
4.99994224070232
5.000796477108804
4.9992881889398975
4.999911811753601
4.999127207251241
4.998793743485791
4.999540891412962
5.0001341686146805
4.999903766867157
5.000991226214555
4.99993490126521
5.0025476534702875
5.000235313938574
5.000021602355839
4.999031967900206
5.000167288703965
5.000221131465416
4.998150719761634
4.999340061933093
4.99978360104118
5.001156051944561
4.999792337630242
5.000944684547958
5.003224535709394
4.9981386356189565
4.9933075033164585
4.9994983896691965
5.00013473681093
4.998164423353995
4.9990598002640105
5.000471298308466
5.000205667673169
4.999539787990443
5.000249073155124
5.00056893467459
5.000095669223665
5.000590456171098
5.0156657206067425
5.003329484693269
5.000058927744414
5.000921084013695
5.000628616270795
4.99993839957666
5.000102373278019
5.000067844739326
4.999730205428755
5.001854678816115
4.999467784505614
5.001972847730861
5.000371817989395
5.000148089892746
5.000079194976098
5.0001501553821965
4.94825038143537
4.999716597804798
4.9996548128898715
5.000115313124815
5.000748849849547
5.022071831260124
4.999339059880503
4.999449672706229
4.999683529930114
5.000348770555703
5.0000575941032945
5.000111308923643
4.999332464596216
4.997917510084565
4.999735811390458
5.000199954177112
5.007513154300338
5.004122277144277
5.0001015247907645
4.998763210419862
4.999412387124852
5.0001664776202785
5.000284720902102
4.99986832788373
5.000724036672975
4.999929108672725
4.999638628758701
4.999389059814634
4.998905724151554
4.998764204593166
5.001431920096392
5.000112290358991
4.999733453726417
5.00112403304587
5.001155572886532
5.000835657258657
5.000469796023324
5.002378159389621
4.998922014760706
5.001056505439624
5.000679753593142
5.000075416283417
5.0001025402550585
5.002061174612248
4.99958467091691
5.001400711538835
4.998532714521616
4.999633678345179
4.99957157833425
4.9998903311403735
5.000538279458394
5.000447134186632
5.00153744852129
5.000512109995243
4.999870550731485
5.000322352730733
4.9996219209027855
5.000262268920823
5.000999208108285
4.999847248333499
4.999897241984953
4.999895981519846
4.999512381282045
5.00002525864378
4.999462694778813
5.001230787175775
4.999127626664822
4.976756641065282
4.998968607227875
4.99985582331362
5.002057061268715
4.997511985784551
4.9994055777874
4.999787760555503
4.998407049750506
4.998909468334634
5.000298396640096
4.9997429921847925
4.999707981589832
4.999573690247337
5.000589385623801
5.000749599447615
5.001718447457001
4.999314408697058
4.99966153324963
5.001372217666664
5.001501104430234
4.999365760223253
4.999683646966916
5.000101690094935
4.999662432544681
5.003843590350246
5.0013193310480615
5.005945892202489
4.997497577475124
5.000051909562835
5.000612919434702
5.0015809306691015
4.9994646849639235
5.000717598641922
5.0008189028472865
5.000480935649788
5.001372491611074
5.000655325851047
4.997530958698556
4.999896321334243
4.999064683366686
4.991717768581433
4.999757341578972
5.000418282857706
5.000742435561355
5.000709403373915
4.9998765931069915
4.999351196036505
4.99985946855352
5.006539058576486
5.000242346666483
5.002243350692904
4.999227076005868
5.000451429505659
5.000995993601103
4.999547414021008
5.006822220511192
4.9990297719046
5.001163711139063
5.000162275245979
4.999146204527802
5.000045957074372
5.00326886393945
5.079593467249584
5.000430197050832
4.999659755177728
4.999649683151814
4.999257716408165
4.999489892437135
5.066396938419687
4.99783360428674
5.017492994383262
4.9991327768930915
5.000242438861582
4.999818892705732
4.998831864668608
5.000519174854874
4.9994727326274715
5.002431538269796
4.977113125709963
4.999908270240917
4.986817720878613
5.00022634585803
5.001551268160612
5.0009065442931355
5.000577688438384
5.001571813984164
4.999864331509934
4.999836593295553
5.001138978514248
4.999384262307468
5.000726085961729
4.999709937988417
4.99843123448133
5.000800137052268
4.999410984277109
5.000434050672829
5.0003312549216785
4.999915575596574
5.00003649121252
5.0007259725011775
5.00005684196148
4.984813295354003
4.970693514447231
4.999875342601378
4.998382656031121
4.9995365463703045
5.000280037472744
4.999225022615009
5.001358545424519
5.002205800374256
5.000485835905469
5.025389837911556
4.999804017914955
4.999939671688403
5.000234601154774
4.9997337105953275
5.000699990004767
5.001219194885967
5.000672800773648
4.998820603884866
5.0002274151660835
5.000089055029494
5.0011860941077195
5.00010749815669
4.99870936516128
5.004234410868124
4.999402695303223
5.087563895767831
4.999670605206703
4.999783124291233
5.002495108298113
5.016441123217766
4.981213780313707
5.003021447947488
4.9999375335179765
5.000856453732961
5.00160743922541
5.0012932587087
4.99887179630544
5.000127927688742
5.000860896694097
5.00233474404167
5.026804688753533
4.999999922699442
5.001036697660922
4.999835999409912
4.999649468672459
5.015285304124289
5.000607973683177
4.999552073565323
4.999608919334903
5.00297984663157
4.999697218758781
5.000444554552084
4.999880410715803
4.999863576058079
4.994967776003415
4.999782845419316
5.0024489404640455
4.999933463703474
5.000792104508551
5.000090684181578
4.999375071061151
5.004008016696262
4.9985093052713
5.000021323291603
5.000089995682631
4.9989936038872065
4.99904819672987
4.999179891434425
4.999524518364077
4.99963948016895
5.01103315012278
5.000445833501086
5.0002600965865724
5.000510168413564
5.003660867642784
4.999854504497759
4.981822499295432
4.999399199420521
4.999554904116416
4.996010220951168
5.000301755184962
4.999984480107788
4.997957084458624
4.999490293098628
4.99975046290828
4.99958517886487
5.002733641157384
5.006229664469238
4.999181120456089
5.0008304528098755
4.998963506283102
5.0001050393014905
5.001642212988998
4.999838239452473
4.999625218712987
5.000191588693189
5.001607018955262
4.999989104023501
5.000045683441018
5.000021645694121
4.955402054945232
5.000212313208875
4.9991951236607015
4.999549754254855
4.999428174551738
5.000911322234044
5.00052436914503
4.999805206727123
5.01806538296637
5.001833714838279
5.000280579552332
4.999351378231068
4.999272199692873
5.003964954295593
5.000018369592629
5.001962084112218
4.999992574149757
5.0014910694112
5.0005353492881754
5.000031319414862
5.021120350047388
5.00246042065249
5.000354088946361
5.000585165359443
5.000244254763696
5.0006852980937335
5.000347209630389
4.9997389724840575
5.001247359800398
5.000588208112776
5.000963880357704
5.0011909863610144
5.000514039561417
4.999643921289325
4.999011844195495
5.000228204690509
5.0010604197424895
4.998910690680747
4.988254900464997
4.999443070129192
5.000290599490544
5.0005691527091365
5.000248531500001
5.005714880157015
5.00015348478407
4.999985549056269
4.999819363689098
5.0017227311005
4.999813760970332
4.999256351529205
4.999302187741558
4.999559014001762
5.000451405200307
4.96652387188701
4.999820152278886
4.997799700195725
4.9994695260602455
4.999551500382146
4.999395464338379
4.999184119299459
4.996725140974215
4.999806822362255
4.9991553436195515
4.999999007505801
4.999970086382873
4.999440999007039
4.999831975310691
4.999870724646512
5.001430417850362
5.000414355436204
5.001165653723345
5.003005909316397
5.000200858962863
4.998323292061954
4.999990422507026
4.999170893646545
4.998118838832785
4.999020204639536
5.0006194379736675
4.998206406383078
5.0001544862508105
4.999576949103906
4.9996384038932735
4.9996464921623005
4.999710463424348
4.9983054666314075
5.001353966015928
5.001364590432459
5.000388889200489
4.999670222139399
5.020138047853771
4.99972123192578
5.000011161187645
4.999647462697788
4.999717281413121
4.999910030340982
5.000636938028203
5.00000135695742
5.002339298176766
5.000218997447673
5.027407980900648
5.000252862626864
4.999821212425353
4.998648546048596
4.99973964822526
5.000153178921054
4.999700495963947
4.999208046411426
4.999791949553806
4.999070061158552
4.99976982754174
5.000625214056031
4.999725473386912
5.000135805000342
5.0000957329723335
4.9973568005373155
4.99952004851412
4.957291942802644
5.002668203994094
4.996900826763308
4.998692314533049
4.999088352729135
4.999831188065429
4.999980120709778
4.999214608651016
5.002083983662229
4.967951100299351
4.99987363147551
5.000031075685125
4.997900246121937
4.998970420367478
4.993076435058604
4.994030574667986
5.000899353316599
4.998843091370144
4.999329490094485
5.004263144692521
4.999547081731847
5.0013207583745265
5.000824120566234
4.998735032089326
5.0001922595932085
5.0001089681066215
5.000409582321887
5.001348018187277
4.999382190828895
4.999854838030242
5.000247869895917
4.990353118476174
4.999715870952784
5.043074290147363
4.998902383287436
4.99984980252604
4.998854073387866
5.000591050393698
4.998162184639677
5.000010203225639
5.00086177773374
5.001206276247867
4.999858397029051
4.99989831674227
4.9982796556093785
5.001216947837287
4.9974688785887995
5.003948135760307
4.999910067187111
5.000381309170167
4.999901877061897
5.001010924380804
5.000444131562822
5.00185933567161
4.998042482342272
4.999600092781936
5.00018276410064
5.000238983645452
5.000819918717539
4.993236023489686
4.977864817872111
5.000649174689708
4.999508420043033
4.999501277021825
4.9992490473656535
4.999963039751485
5.000367168527764
4.999833769090101
4.999836104434736
4.999163889281943
5.001581258730267
4.998516837958202
4.9952931546759975
4.997990724217764
4.999379610902474
5.001334322038651
4.943987503085309
4.999520615246868
5.000619985383068
5.0011819673799005
4.999520807731408
4.999581908689226
5.00020004979239
4.997490912912755
4.999980930046437
4.999463885231939
5.0007194086810225
4.999342228680894
4.996343140067966
5.000134066262989
4.999273702575455
4.999767317854835
5.000353070657934
4.998707923721124
4.999587599651979
4.975109911960904
5.000182448640139
4.999177730139007
5.000222794492476
4.974209857725469
5.001960661279242
4.999994063756118
5.000278132851498
5.0000782516742985
5.00125376417854
5.002598786712676
4.999058671210281
5.000875893540588
4.999402288130553
5.0028263389714365
5.000480155202449
5.0006939441654525
5.001071413537524
5.000192082696649
4.9999856555305975
4.9980364933991615
4.963073172265634
5.000601598616143
4.999919184196543
4.99918163531986
4.999888163615123
4.999798722424617
5.280056785628775
4.997197845694531
4.995124544211757
4.999455637451203
5.0005088918081455
4.999961092653158
4.999493666409141
5.003365511493131
5.000717054540853
4.998311871947201
5.0003157876266995
4.999097279885006
5.00004299648105
4.999468788485026
4.99948009537727
4.997122370152449
4.979608253776103
4.9996619091981715
5.001159987296169
4.999872179466675
4.999346593008194
4.99800622406259
4.9857511663285665
4.998422054092125
4.999230924204388
4.999619946924079
5.000141117331215
4.998888000054033
5.0005224795063885
5.001380602410254
5.00131153088638
5.000358232691112
5.000796501213429
5.000430330137068
5.000823916240167
5.008908755765229
4.9937027668381075
5.009880131905817
4.999712576716394
5.0004187329678205
4.999126003412209
4.999698742882965
5.003445677785868
5.000474335218557
4.9991632926477285
4.999747097714812
4.998643961489094
4.999458086800164
4.9999712666662735
4.999711857370261
5.000401084821292
5.000219429931808
5.000050399149395
4.99786361682153
5.007525549445463
4.99933756557714
4.999927154643398
4.973962348052745
5.000417719628459
5.001117199112455
4.999580272524579
5.00132610480716
4.9998087697698645
4.999432654132255
5.000135151779251
5.00018850914868
5.001528176012036
4.999511090763216
4.999724022011761
4.998325572319714
5.000617552507877
4.983015620398442
5.031633874157862
5.002464890411095
4.988509997748545
4.999968555249236
5.002989988249711
5.084987032172825
4.999766710832296
4.999769593414933
5.001605614753473
5.001804073870795
4.9998768873522055
4.985962454511957
4.999981595004282
4.999752248251437
4.999228397241126
4.986315561284961
4.999097782119322
5.002149345195854
4.999832580538337
4.997485940854553
5.000402289050983
5.000252531367321
4.999653607681471
4.997945856925253
4.999569648159467
5.000175636097358
5.000125595016465
4.999923058910952
5.0001005056171595
4.999598424603146
5.002093771977079
5.0001034550058705
5.026854773718708
5.00019572551052
5.023397615176007
5.000122044296245
4.999512985310353
4.99993563282767
5.001608098014766
4.999803099178723
5.000536013148741
4.999861308234712
4.999693658080729
5.000923123844073
