7.46
9.3
6.94
8.36
5.36
12.0
6.74
6.58
11.8
7.68
8.62
7.48
8.08
8.52
6.38
5.74
7.12
9.74
5.78
7.9
5.96
9.98
9.18
9.02
8.98
5.14
6.92
9.68
5.1
8.02
8.28
8.7
11.58
8.02
6.88
9.16
5.86
8.52
6.38
6.18
6.92
8.52
6.54
7.4
7.1
8.64
8.1
7.72
10.12
7.2
6.7
10.24
7.34
9.56
9.26
12.0
9.78
9.66
7.6
5.82
10.72
4.6
10.58
8.5
6.14
10.78
7.58
7.94
7.46
10.96
6.9
5.88
9.8
7.96
8.92
13.64
7.42
9.24
7.58
6.38
9.2
6.8
14.1
6.88
7.48
6.56
5.34
7.06
5.84
5.04
7.28
8.36
6.66
9.0
8.42
8.86
8.0
8.98
7.06
9.88
6.6
7.46
7.7
7.84
7.28
8.58
8.42
7.96
8.38
9.62
7.12
8.18
11.72
10.16
4.36
5.28
5.54
7.08
9.12
9.76
6.98
7.94
7.8
8.34
12.2
9.64
7.32
5.36
5.36
9.72
6.78
9.66
8.44
5.3
7.36
8.0
17.86
10.72
5.18
12.9
5.68
6.88
6.64
8.48
8.78
9.82
6.4
6.86
7.0
7.58
7.82
8.88
7.66
9.9
5.28
7.3
6.4
7.04
7.7
7.4
8.5
6.94
19.04
9.34
9.32
7.24
9.08
8.48
6.56
6.94
9.18
5.6
8.22
7.88
9.94
9.9
7.02
11.14
9.36
10.84
8.26
7.48
7.52
11.12
8.56
7.34
8.16
14.24
9.3
12.84
11.9
8.0
10.86
10.44
6.84
8.66
5.98
8.48
7.04
8.18
9.2
6.18
10.36
8.5
9.22
6.54
10.88
9.1
8.6
7.04
9.78
6.8
8.04
8.68
9.04
8.34
2.5
2.02
2.32
2.1
2.18
3.36
5.26
2.0
2.5
2.0
1.96
1.98
2.38
2.34
2.28
2.84
2.22
2.06
2.4
2.4
2.36
2.92
2.1
2.0
5.48
2.22
2.1
2.18
2.0
1.98
2.06
7.68
10.32
6.84
10.86
9.72
8.12
10.48
7.6
6.84
6.94
7.62
7.84
9.84
12.86
10.84
13.06
10.46
8.88
9.5
7.94
9.06
7.08
8.66
12.62
9.56
12.64
9.84
7.9
8.06
8.02
8.34
5.52
6.34
6.64
17.18
8.64
7.54
7.06
8.6
7.88
10.12
13.08
9.92
10.28
6.02
10.84
8.4
8.28
10.32
6.4
4.06
8.18
7.12
7.3
6.46
7.74
7.4
9.02
6.9
7.22
7.96
13.2
7.8
6.96
10.12
12.9
10.86
7.18
6.4
7.42
6.92
9.66
10.0
9.04
11.48
8.52
9.38
9.04
7.56
5.98
7.12
15.56
6.9
9.18
6.74
8.42
7.22
9.14
7.36
7.14
6.34
10.54
9.2
8.42
7.48
7.6
7.14
9.82
7.74
11.9
14.96
17.84
5.96
6.86
11.22
11.92
7.56
12.22
13.42
7.46
7.58
10.56
9.12
8.34
12.18
6.42
11.4
8.36
6.96
7.6
7.62
8.56
7.8
7.28
6.74
6.58
9.28
8.6
9.28
6.52
6.56
7.32
7.34
8.48
6.44
9.36
7.62
6.32
7.48
6.3
7.84
7.42
9.7
11.12
8.4
8.76
7.78
8.72
6.5
10.52
7.16
6.26
7.0
5.6
7.56
11.14
7.68
10.06
8.12
16.92
6.66
6.26
6.44
6.28
6.84
6.58
5.86
9.26
8.98
9.32
7.38
7.88
7.64
8.12
8.8
8.72
8.4
7.96
5.48
5.14
11.66
5.16
7.46
6.56
7.7
6.92
7.34
9.74
11.04
7.32
9.78
10.1
11.3
7.76
13.44
15.68
13.28
10.96
7.86
9.9
9.62
7.76
7.0
7.08
8.38
7.62
8.24
6.36
16.04
8.44
10.08
8.44
11.78
7.9
9.7
10.42
8.18
6.62
8.42
6.56
7.82
7.46
7.84
9.88
6.82
8.32
9.1
6.46
7.04
6.98
8.74
7.34
10.52
8.0
11.62
8.18
9.06
5.84
6.64
7.64
6.2
7.7
10.62
8.14
10.6
9.46
10.18
7.62
6.86
8.26
8.3
19.98
7.68
8.28
5.72
7.9
6.34
6.92
9.2
7.24
6.52
6.6
6.98
8.48
8.04
7.7
6.7
6.18
13.56
8.74
7.7
8.54
7.38
8.54
7.92
8.76
7.62
9.24
10.2
11.02
13.84
13.32
7.2
9.7
9.36
8.38
6.72
6.66
9.56
5.6
6.38
7.96
8.82
7.62
7.62
8.9
6.22
6.24
8.08
7.3
6.94
7.42
7.76
6.8
9.52
6.56
5.66
8.04
10.66
6.24
27.08
26.68
14.88
17.98
20.5
14.22
20.84
8.58
7.72
8.24
7.88
6.6
11.78
7.26
10.3
9.42
7.46
8.72
7.38
7.6
10.32
12.2
7.24
6.96
7.92
8.74
8.02
10.98
6.52
6.04
7.34
7.52
7.36
8.58
7.76
9.4
6.22
7.82
7.34
6.36
14.04
6.56
8.94
10.06
10.0
8.82
7.2
7.92
6.7
9.1
9.22
9.16
6.8
7.42
6.88
7.8
11.04
6.08
8.92
7.1
7.42
8.82
7.1
7.5
9.14
5.58
6.56
7.28
7.7
12.5
10.42
7.94
12.02
7.98
10.7
9.94
8.22
7.74
7.3
6.4
5.32
6.36
7.38
10.38
11.0
6.98
7.68
7.0
6.5
7.02
6.34
8.5
7.94
12.72
8.34
7.4
10.0
12.9
8.32
8.9
10.4
8.88
13.86
9.98
11.76
6.8
8.48
6.3
8.34
8.8
17.3
8.02
8.36
6.44
11.16
7.04
7.62
8.04
11.34
7.46
7.72
7.34
7.62
11.64
8.06
9.86
6.56
9.8
8.5
6.48
6.92
11.12
6.12
5.92
8.82
8.04
7.0
6.64
7.1
8.62
10.46
8.26
7.68
6.88
9.62
6.82
9.62
10.56
8.32
8.62
7.28
6.7
11.22
7.6
13.9
9.66
7.8
8.06
8.98
7.82
6.34
11.02
5.14
5.82
7.76
5.06
6.64
19.92
5.88
4.9
7.36
7.06
8.62
8.34
14.64
9.92
8.76
9.5
6.98
5.26
9.12
5.88
6.56
8.74
7.74
7.34
6.98
6.14
5.86
8.12
9.18
7.88
12.78
6.34
7.02
7.08
16.88
8.36
14.26
7.78
12.64
12.68
8.32
9.08
10.06
17.82
7.78
7.9
8.52
8.1
6.34
8.56
7.34
7.6
18.94
8.7
6.28
9.94
5.04
8.46
8.76
11.48
9.14
8.18
8.62
9.38
8.16
6.88
8.52
8.06
6.5
7.94
7.16
7.06
6.38
6.34
9.08
6.28
6.48
7.24
6.72
7.12
7.24
6.94
7.22
9.34
6.36
7.22
10.6
5.6
10.0
6.94
14.0
8.0
7.08
7.44
6.56
9.42
6.84
8.72
10.22
7.06
7.12
8.28
7.8
7.36
10.22
8.76
7.02
9.2
7.18
6.06
