2.485074626865672
2.3780068728522337
2.0764331210191083
3.7947598253275108
2.382978723404255
3.8297872340425534
3.0051020408163267
2.763157894736842
2.9771689497716896
3.9693251533742333
2.6467065868263475
3.668965517241379
3.864864864864865
2.5167785234899327
3.7803468208092488
2.6467065868263475
2.445161290322581
3.6222222222222222
2.7777777777777777
2.781767955801105
3.668965517241379
3.5902777777777777
2.7142857142857144
2.7837837837837838
3.291044776119403
2.837696335078534
2.5434782608695654
2.782608695652174
2.6467065868263475
3.143859649122807
2.9100529100529102
2.3949275362318843
3.3012048192771086
3.3863636363636362
2.7049180327868854
3.8118811881188117
3.0051020408163267
2.868292682926829
2.659090909090909
2.7
4.818652849740933
3.508771929824561
2.736842105263158
2.9100529100529102
3.0842105263157893
2.522727272727273
2.868292682926829
3.2
3.3846153846153846
2.906614785992218
3.5142857142857142
2.8333333333333335
2.629268292682927
3.4802867383512543
2.518716577540107
2.7875
3.1848739495798317
2.857142857142857
3.2713178294573644
2.6153846153846154
2.310126582278481
2.6666666666666665
2.2266666666666666
2.7395833333333335
3.3676470588235294
2.463917525773196
2.518716577540107
2.734597156398104
3.1794871794871793
4.2727272727272725
3.181395348837209
3.2244897959183674
2.78698224852071
3.0390243902439025
2.9444444444444446
3.0
2.6120689655172415
3.3333333333333335
2.8838709677419354
2.4375
3.6862745098039214
2.5210084033613445
3.0742857142857143
2.9411764705882355
2.6956521739130435
3.1354166666666665
1.9874213836477987
3.816666666666667
3.2
3.0080645161290325
2.8292682926829267
2.775
3.0625
2.518716577540107
2.7
2.78698224852071
2.660377358490566
3.95
3.0821917808219177
3.391304347826087
3.3741496598639458
3.596091205211726
2.7756410256410255
3.074666666666667
3.9545454545454546
3.163157894736842
3.512396694214876
3.12
2.554838709677419
2.3333333333333335
2.1890243902439024
2.2913907284768213
2.08
2.9716981132075473
2.763440860215054
3.074666666666667
2.026936026936027
2.868292682926829
2.2847682119205297
2.4313725490196076
2.906614785992218
2.465686274509804
2.066666666666667
2.764705882352941
2.7
2.898876404494382
2.7709251101321586
4.377049180327869
2.6588785046728973
3.4595744680851066
4.041666666666667
2.5167785234899327
2.7435897435897436
2.2129032258064516
2.6588785046728973
2.293103448275862
3.143859649122807
2.6315789473684212
2.678861788617886
1.9646464646464648
2.8105726872246697
3.0714285714285716
2.6463414634146343
2.2
2.906614785992218
2.2847682119205297
2.315151515151515
2.2
2.8333333333333335
2.9444444444444446
2.5167785234899327
2.493087557603687
2.0068965517241377
3.12
3.1354166666666665
4.230769230769231
2.554838709677419
3.1666666666666665
2.6666666666666665
2.445161290322581
2.7804878048780486
2.9074074074074074
2.4615384615384617
2.7247706422018347
2.61046511627907
2.3949275362318843
2.878504672897196
2.7395833333333335
3.7916666666666665
2.465686274509804
4.227722772277228
2.4878048780487805
2.5714285714285716
2.364485981308411
2.868292682926829
2.8378378378378377
2.4411764705882355
3.2857142857142856
3.72
6.291866028708134
2.7837837837837838
2.1890243902439024
3.074074074074074
4.970588235294118
2.6463414634146343
3.1346153846153846
2.3333333333333335
2.90625
2.8333333333333335
2.552941176470588
2.8105726872246697
2.382978723404255
3.0051020408163267
2.966666666666667
2.775
3.7951807228915664
2.957547169811321
3.1176470588235294
3.689655172413793
2.966666666666667
2.522727272727273
3.7109826589595376
2.142857142857143
3.143859649122807
3.8253968253968256
2.404255319148936
2.734597156398104
3.5809859154929575
2.6129032258064515
2.7804878048780486
3.6862745098039214
2.5603864734299515
2.2916666666666665
2.9444444444444446
2.5342465753424657
2.2790697674418605
2.71875
2.763157894736842
2.522727272727273
3.204081632653061
2.5603864734299515
3.72972972972973
2.2025316455696204
2.659090909090909
2.899497487437186
2.6467065868263475
2.878787878787879
2.9
2.96
2.909090909090909
2.869565217391304
2.629268292682927
3.7803468208092488
2.6463414634146343
2.6467065868263475
3.6202531645569622
2.1777777777777776
2.4642857142857144
2.5026737967914436
2.3518518518518516
2.3846153846153846
3.2521008403361344
2.3949275362318843
2.808219178082192
2.7709251101321586
2.7411167512690353
2.3780068728522337
3.3551401869158877
2.898550724637681
2.3688524590163933
2.658385093167702
2.8838709677419354
2.3333333333333335
2.868292682926829
2.5342465753424657
2.678861788617886
2.315151515151515
2.3529411764705883
2.78698224852071
2.660377358490566
2.513245033112583
2.8838709677419354
3.1829787234042555
4.333333333333333
2.6463414634146343
2.4516129032258065
3.033333333333333
3.0390243902439025
2.763157894736842
3.1354166666666665
2.2
2.0264900662251657
3.977272727272727
2.734597156398104
2.7754010695187166
2.7395833333333335
2.9716981132075473
2.6932515337423313
2.8518518518518516
2.745664739884393
2.15
2.2535211267605635
2.6869565217391305
2.2535211267605635
2.5026737967914436
3.185567010309278
2.5737704918032787
2.71875
2.5342465753424657
2.7
3.1733333333333333
2.042194092827004
2.112781954887218
2.293103448275862
2.9757281553398056
2.9166666666666665
2.6939890710382515
2.357142857142857
2.414285714285714
2.1890243902439024
2.78698224852071
2.559322033898305
2.2913907284768213
2.6588785046728973
2.3533834586466167
2.3949275362318843
2.7411167512690353
2.775
2.901639344262295
2.3070866141732282
3.035532994923858
2.7395833333333335
2.5
2.3949275362318843
2.636704119850187
3.384976525821596
2.629268292682927
3.1733333333333333
3.2
2.3070866141732282
2.775
3.0390243902439025
2.382978723404255
2.7777777777777777
2.669724770642202
2.6467065868263475
2.225225225225225
2.552941176470588
2.310126582278481
2.463917525773196
2.732394366197183
3.1829787234042555
3.074666666666667
2.837696335078534
2.686868686868687
2.7754010695187166
2.4642857142857144
2.78698224852071
2.4642857142857144
2.7754010695187166
3.5135135135135136
2.61046511627907
2.4642857142857144
2.629268292682927
2.32
2.3070866141732282
2.9
2.9611650485436893
2.3780068728522337
2.4661458333333335
2.6666666666666665
2.123076923076923
2.764705882352941
2.552941176470588
2.5603864734299515
2.552941176470588
2.678861788617886
3.4375
2.661290322580645
2.3314285714285714
2.7247706422018347
2.686868686868687
2.1777777777777776
2.9642857142857144
2.465686274509804
3.185567010309278
2.689655172413793
2.686868686868687
3.12
2.3529411764705883
2.4594594594594597
2.099056603773585
2.7709251101321586
2.658385093167702
3.7109826589595376
2.4585365853658536
2.6463414634146343
3.0
2.1761006289308176
2.5335689045936394
2.9166666666666665
3.391304347826087
3.7803468208092488
2.450617283950617
2.7435897435897436
2.5531914893617023
2.5531914893617023
3.074666666666667
2.1097560975609757
4.2105263157894735
2.658385093167702
2.5987261146496814
2.7411167512690353
2.4585365853658536
3.021276595744681
2.734597156398104
2.775
2.1677852348993287
4.02970297029703
2.7754010695187166
2.4642857142857144
2.4
2.6952380952380954
4.3544303797468356
2.878787878787879
2.752577319587629
2.837696335078534
2.944700460829493
2.552941176470588
4.02970297029703
2.765625
2.5
4.8076923076923075
2.9411764705882355
3.0654205607476634
4.226415094339623
4.0120481927710845
2.7709251101321586
5.833333333333333
2.8260869565217392
2.59375
2.837696335078534
2.7672955974842766
2.868292682926829
2.9166666666666665
2.591666666666667
2.9411764705882355
2.659090909090909
2.898876404494382
2.745664739884393
2.837696335078534
2.898876404494382
2.5210084033613445
3.2222222222222223
3.8823529411764706
2.9716981132075473
2.868292682926829
2.5
2.7672955974842766
4.041666666666667
2.6818181818181817
2.606382978723404
2.7
2.5603864734299515
2.554838709677419
2.0774647887323945
3.143859649122807
3.764705882352941
2.5335689045936394
2.9464285714285716
3.5576923076923075
3.2803030303030303
2.782608695652174
3.7803468208092488
2.4008097165991904
3.113970588235294
2.9611650485436893
2.423076923076923
2.6869565217391305
3.2803030303030303
2.3070866141732282
2.9716981132075473
3.8297872340425534
2.5675675675675675
3.0654205607476634
2.5603864734299515
2.6467065868263475
5.0
2.606382978723404
2.4248704663212437
2.4585365853658536
2.899497487437186
3.7520661157024793
2.0683760683760686
3.9166666666666665
2.3780068728522337
2.6588785046728973
3.035532994923858
2.878787878787879
3.816666666666667
3.0234375
2.8541666666666665
2.5603864734299515
2.5167785234899327
2.7948717948717947
2.6952380952380954
4.575916230366492
4.589743589743589
2.966666666666667
2.96
2.898550724637681
3.113970588235294
2.957547169811321
2.3533834586466167
3.128888888888889
2.731707317073171
2.423076923076923
2.6939890710382515
2.7754010695187166
3.849056603773585
3.163157894736842
3.7520661157024793
2.293103448275862
2.5842696629213484
2.775
2.9611650485436893
3.787037037037037
2.9771689497716896
3.292682926829268
2.4
2.86046511627907
6.23448275862069
2.5454545454545454
2.5987261146496814
1.8955223880597014
2.5
2.3070866141732282
2.7754010695187166
2.7709251101321586
3.238095238095238
2.682926829268293
