1.7494919212328224
16.680038040442177
5.059338090083911
3.5872054729880003
5.064639532164213
1.0130152316427985
4.0774112431212455
5.117472729250431
2.5765800305506277
-0.6636839750576797
4.589036376190144
8.103207561124126
8.528603962925557
-0.10557034303376123
3.1090116889058654
5.052388083279722
1.0337012910141956
3.4851319133400462
4.7823777391427225
1.9914363025019335
-3.298389584710619
3.0733091105882857
2.998575731747942
4.305751913763989
4.073781402391759
3.3522940082357606
6.343777245008591
5.035990020188005
8.487485253556374
0.9490116278270555
0.1344231047930457
2.686237617195956
3.4043017807535794
3.3009717552508535
3.9291132731501692
3.587804231391808
11.923925713495123
3.557390184591454
4.99544789202488
2.4970377351190067
4.56787251218288
2.3029488204070776
7.169544285153263
5.328235593010665
7.570024131681241
5.03656004031436
4.202429880084485
16.05107600672208
4.822248550138645
6.043311459389075
5.49915795354014
4.436681242183688
7.7280522939315395
5.582410040769445
3.111227569622515
3.6604479482723717
3.3293466034296513
3.972660266253918
4.263110677042678
4.326675474049676
2.082684261079302
6.91622113349625
13.901053852048541
3.014341497851936
7.315401896547543
5.598571174558775
5.288576358183795
3.8110298903771707
2.461425311114277
-5.0253576595102984
-0.8643778825352258
0.7253062992479796
3.4149714511584603
2.9833762338847087
2.090405571184788
5.811835668584337
-0.22670346481395715
2.6511535215572652
4.88856562560454
6.828053746048712
5.762803971140267
4.6466378474302745
13.914353886920418
16.49424957696797
0.22642206084672092
2.959204947651742
7.562944426456229
4.80213565892972
2.3027411483005107
6.270422528874458
3.50906506368657
3.632845270716354
3.504867865129637
6.50869648385221
0.9092778696535134
5.240748457049673
4.253923347642819
3.976388257491717
6.992262920254241
6.767753697215992
4.3819746627308716
4.159174617902763
5.168270597063684
7.646226182866748
3.9555162385329594
6.256359803759641
3.5802055741435095
4.709900500135606
2.3711139300323554
3.3986904844197343
3.7106253131095164
3.673923133005361
4.2740359133592465
4.66578188145719
3.4827804336546135
3.335643798114198
7.208560354219707
6.544332197752676
9.777827246750476
4.208967169257413
5.179624692520206
3.3355629905146267
4.145226703855964
3.4758566206335737
3.7067383991735516
2.415155050641707
1.6235443434033683
4.720990328599892
1.8375512175967121
6.634735617437235
5.24862943138078
8.440450514387491
4.2866082469659945
3.2114157666288023
3.920202736846742
3.5735258466867648
3.546350434647045
8.323539390597741
2.3674227867910393
2.4089899017944654
3.622565759573105
3.488937452677695
5.027441051403427
5.982139134262288
2.534503355671368
9.106902225369796
6.530583212799591
8.781518755484344
6.37216016886285
6.1859040045850575
4.091194720522366
2.1313567153250337
3.7069043469833747
1.7287953857093772
4.036073717402107
2.688364583024053
8.714257609641034
8.666993797521684
6.494259771822699
9.978687006787547
4.555736132933391
3.1305041060252052
7.995751502318576
7.410804194637477
8.196345233322399
-0.17311900194526192
3.6301125850246283
4.449511704695174
5.1263781998202
4.242388591767599
4.721317554674001
11.431618677430004
7.992597864071166
2.1732812220869455
4.746514926282847
3.3596460268444632
3.5036896543008105
2.4598167234009947
13.465227025248282
6.478841489083377
5.483301955746469
4.68180413887832
7.519084665807159
10.267843461216982
4.375997751344507
4.4402128626741595
3.099996472194632
1.02761311834351
7.372408650851431
7.509785178258095
4.106150796111471
4.54679427559188
5.290643496763209
3.026253929258191
1.8820640666673418
5.162675168435628
3.3535033988808864
5.925048812443996
5.30524738718181
4.0652493520813175
4.216537065103841
3.256034813252828
2.8892120756442083
5.845324920191448
3.6938539088691895
2.888862836849792
2.8595979752312792
2.1064973613060096
5.512984633362655
6.336808168278548
5.214231374350885
4.9888025016908975
3.9608632954685485
2.701819736970503
4.411617373255219
2.917894998575573
1.93642775529032
2.4305982470157277
3.3567846718586805
3.6272002896153035
6.874981050858818
8.328618756102063
2.6095791294908763
10.677229944274496
4.7298919566848525
1.3108701571979715
6.375787213287926
3.5160249033593063
2.8403544528157996
5.21284618814703
6.047720720370201
0.03802234956220499
3.1107111702437487
4.471607596959299
0.5784243347037372
4.275422316197513
1.60719090249074
2.255263650516284
2.2242080114013807
1.8007977174219516
4.995558369547573
5.533752399636296
9.521428040220176
1.8360950196056836
1.7235617253978295
3.191609525894216
4.826700071215572
3.0144859869281047
7.13725571998354
5.346031361514563
3.164534673491567
3.5204744767621947
3.7059454194390464
3.9933311068298254
3.569981873306666
4.622244000028469
2.34435815635179
2.7881879358095607
3.564230116295911
4.399695409547857
1.9922730178155015
5.562361767655452
3.7886310697141434
4.129416023749021
4.282664459437873
4.000593836576873
4.708583965544401
8.47638538239004
2.9435823426738446
2.988054680384226
3.442422905131996
3.1437755722559437
2.959045727745072
2.730800909933557
8.57871225155754
5.084369564737835
3.5700415853174805
4.008843547175841
3.9487020797440824
3.729270297172988
7.1310878838254
3.694668809617183
5.521447763247584
3.511810570614586
3.5085223174919786
2.6545030278269977
8.745313185456949
3.130876571844232
3.6432561676866873
4.241778082865701
3.9860382739281954
2.1828557177271577
0.3907428936834268
3.536530395257482
4.554148651533977
3.5856099472985354
4.289647692506047
6.3706109581842485
9.915554796213456
2.1383707495032795
6.79375742153341
12.354105698442604
5.572649330396425
4.010678114085089
6.0032752475211355
3.9028801554389165
1.1768865889130466
4.213190938330405
16.093690377071614
4.442315981203881
3.758415004202567
5.992919781911329
4.578544585286667
5.113082657733661
8.940652625303693
4.930146539013947
5.7767965888575565
4.556060999137621
6.882428222231522
8.058730349957248
6.748570289419962
3.78869640820221
4.291390836594374
2.813295110291997
2.812256001841405
4.662868636339055
5.033586145933631
3.6719445168508242
5.888710220906909
8.790886015348875
4.117254855008491
4.544166687773882
4.654879724829905
2.6639916450303636
3.029592583225278
4.0604836607475905
0.96788972523897
7.288724671953051
6.015553448720616
4.453579999453214
5.754571272454936
12.085939715849971
3.4604554229315623
4.921917835231307
3.469639566244165
1.4385581946511055
5.173564746068696
3.60116992575784
4.358516192520413
3.4373748771461874
4.0110313368827
4.8953909322360945
4.662423876146713
4.116245375063699
5.803765589548049
3.864406275608321
-0.09756963100476929
4.493574999417755
6.232038098677035
3.639582932850411
2.0636172428194572
4.446281631182772
5.340012983992421
6.012235518864095
4.885176316535165
6.237951129244432
2.5400617098959497
4.612865787614939
3.3222843443562398
2.5035801966809497
2.594762225086372
3.1051282414861245
5.019119111331882
4.736358806761972
2.2545828022528003
4.27361932121755
3.9400453703551026
4.423487658923717
3.6754182567661067
4.652632754634132
1.2762434712659794
4.885677893876554
4.41327812219378
12.02292801786482
