2.3
2.28
2.78
2.88
2.54
1.96
2.22
2.38
1.94
2.2
2.0
2.2
1.82
1.48
2.8
2.44
1.44
1.78
2.98
2.3
3.12
2.18
2.78
1.76
2.44
1.6
3.68
2.02
2.76
1.6
1.98
3.3
2.24
1.9
2.86
3.26
2.72
2.56
2.0
1.84
4.98
3.3
2.12
1.7
2.3
2.68
2.26
4.44
4.58
2.72
1.66
2.52
1.94
1.72
1.98
1.9
2.66
4.84
3.18
2.14
2.44
2.6
2.16
1.72
2.08
2.96
2.48
2.58
1.68
1.72
1.98
1.54
1.84
2.2
2.4
2.36
1.82
1.9
2.22
2.16
2.14
2.6
2.8
3.02
3.96
1.94
1.92
2.9
1.94
2.8
1.96
2.6
2.08
2.16
1.94
1.56
1.64
2.3
2.92
3.2
2.78
2.32
2.24
2.38
1.64
3.98
2.14
2.1
2.18
1.8
3.0
2.24
1.88
2.48
4.96
1.56
2.4
1.98
2.98
2.56
2.26
4.14
2.36
1.46
2.02
2.42
1.62
1.78
2.36
2.02
3.32
2.28
2.24
2.56
2.64
2.36
2.08
2.48
2.16
1.96
2.44
1.96
2.26
1.92
1.74
2.18
2.2
1.9
2.38
2.04
2.12
1.76
2.7
2.18
4.3
2.24
2.5
2.16
3.06
3.88
2.6
2.12
1.98
1.94
3.84
1.92
1.74
2.86
2.08
1.9
1.9
3.26
2.06
1.88
3.76
1.58
1.6
2.8
1.98
2.64
2.6
1.72
1.82
3.18
2.32
1.8
2.4
2.74
3.14
2.18
1.76
2.22
2.26
1.72
2.24
2.16
2.7
1.52
3.38
1.8
2.14
3.42
2.3
2.78
1.86
2.0
2.22
2.26
2.16
1.56
2.14
2.74
1.92
2.4
1.76
2.86
2.62
3.52
2.12
2.04
2.5
1.86
2.06
2.48
2.44
2.0
1.54
1.8
2.42
3.2
2.2
1.72
2.96
3.76
4.34
2.2
2.58
2.24
2.12
2.44
2.22
2.06
2.1
1.66
1.68
1.7
3.78
1.78
2.08
2.94
2.56
4.22
2.0
2.62
2.52
1.78
2.4
2.6
2.52
2.48
2.12
1.72
3.14
2.36
2.18
1.7
1.92
2.18
1.88
1.9
2.18
3.46
3.18
3.22
2.3
3.7
1.68
1.5
1.54
2.62
1.94
2.18
2.32
1.82
2.32
2.46
2.32
2.84
1.42
2.7
2.58
1.7
5.28
2.12
1.82
1.72
2.1
2.02
1.66
1.58
2.5
1.82
3.68
1.22
1.32
2.76
3.1
2.02
2.06
2.26
2.0
1.3
1.5
1.78
1.52
2.28
2.44
2.88
1.84
1.88
2.34
2.6
2.0
2.66
1.5
1.46
1.86
2.12
2.12
1.98
1.86
3.32
3.92
2.8
1.86
2.0
2.52
2.22
2.26
1.88
2.26
3.46
2.44
2.42
1.7
2.62
3.84
2.5
1.64
1.8
2.82
1.78
2.68
1.98
1.94
2.42
1.76
1.58
1.48
2.4
3.1
1.78
2.32
2.0
2.34
2.9
1.68
2.02
2.16
1.4
2.16
2.44
1.74
2.16
2.62
2.06
1.74
4.14
1.64
2.28
2.04
1.66
2.2
1.38
3.5
2.06
1.7
2.06
3.68
2.78
2.38
2.78
1.66
1.66
2.48
1.68
2.58
1.6
2.04
1.82
3.18
2.68
1.92
3.1
2.06
1.58
1.92
2.22
1.9
1.44
2.18
1.9
1.94
3.06
2.02
1.62
2.32
1.94
1.9
2.94
1.74
2.14
1.98
1.9
1.7
1.76
2.06
1.38
1.72
2.8
1.76
3.16
1.76
2.84
2.18
1.96
1.42
2.22
2.3
1.86
1.42
1.96
3.04
3.46
2.54
1.9
2.2
2.42
1.72
1.92
2.92
2.4
2.84
3.92
1.68
1.84
2.5
1.2
2.56
1.9
2.72
3.58
1.9
2.88
1.86
1.74
1.62
1.64
3.26
3.84
2.84
1.84
2.42
1.88
1.74
2.96
2.58
1.94
2.28
4.84
1.96
2.12
1.24
2.82
1.64
1.56
2.18
2.28
2.02
1.48
3.44
2.84
1.62
1.74
1.84
2.0
1.98
1.78
2.36
2.94
2.58
2.26
2.52
1.76
1.8
1.76
2.06
4.2
3.84
2.68
1.98
2.26
1.94
1.82
6.34
3.26
2.38
2.74
1.46
2.02
2.44
1.82
1.98
2.3
1.98
2.3
1.84
2.16
2.06
1.78
2.2
1.86
2.3
2.1
1.62
1.98
1.6
1.76
1.56
1.54
1.5
2.58
3.66
1.56
3.9
2.56
3.02
2.98
1.98
2.06
2.56
1.8
2.56
2.04
1.86
2.2
2.02
2.12
2.46
2.18
2.14
1.98
2.9
2.06
2.16
1.72
1.42
2.44
2.16
2.24
2.64
2.54
1.92
2.18
1.82
2.46
1.68
2.24
1.42
1.2
1.98
2.12
1.86
1.94
1.84
1.88
2.1
2.14
1.94
3.18
1.92
2.18
2.42
2.4
1.86
3.56
1.86
1.8
1.58
2.64
2.1
1.7
1.98
1.96
2.1
1.48
2.86
3.84
2.86
2.5
1.86
2.16
2.18
1.92
3.42
2.52
3.1
2.2
2.36
2.86
3.16
1.4
2.18
1.62
2.98
3.82
2.94
3.32
2.5
1.96
2.5
2.54
2.8
2.72
1.86
2.04
1.46
1.84
2.86
2.6
2.52
2.78
2.04
1.6
2.22
2.1
1.78
2.04
1.82
2.12
1.86
3.1
1.6
1.96
1.78
1.84
1.98
1.58
2.28
2.02
2.3
2.28
2.0
1.92
1.58
2.72
2.88
2.74
1.92
1.34
1.6
2.32
3.46
1.84
1.74
2.94
1.7
1.84
2.52
2.02
1.74
2.02
1.98
2.4
1.9
1.96
2.84
2.56
2.18
1.88
2.04
2.1
4.08
3.72
3.3
3.12
2.34
3.88
2.44
2.1
2.26
3.58
2.14
1.74
3.1
2.52
3.1
2.8
2.82
2.74
2.04
1.54
2.34
2.3
3.04
1.9
2.7
4.46
2.66
2.24
2.04
2.28
3.12
2.24
1.78
2.42
1.82
3.32
2.26
1.3
2.46
2.28
1.64
2.52
1.9
2.94
2.0
2.22
2.48
2.54
4.04
3.82
2.22
2.44
3.28
2.96
2.82
1.68
2.38
2.84
2.28
2.46
2.84
2.38
1.3
2.04
1.78
2.98
2.26
2.08
1.76
2.32
1.72
1.84
3.56
2.44
2.1
2.82
2.28
2.74
3.08
2.1
1.66
1.9
3.14
2.42
2.82
1.54
2.32
1.52
3.3
5.32
2.34
2.62
5.12
1.68
2.52
1.58
1.7
2.06
1.82
2.02
1.8
1.94
2.18
2.32
2.5
2.4
2.42
1.56
1.86
1.84
1.3
1.86
2.16
1.7
2.1
3.76
4.78
2.0
2.14
2.32
2.2
1.66
1.98
2.6
3.68
2.22
2.12
3.1
2.76
2.38
1.6
3.1
1.62
1.84
2.14
3.1
2.06
3.36
2.4
3.94
1.86
2.56
1.78
3.66
4.02
1.78
2.14
1.88
2.24
2.46
1.76
1.64
1.68
2.42
1.92
2.38
2.86
1.74
1.76
2.54
2.84
1.52
1.94
1.86
1.92
2.02
1.86
1.98
1.6
2.2
2.06
3.0
2.1
2.0
1.92
1.56
