1.935033362762478
1.8103934838788334
1.9374902638271971
1.995567521670191
2.1683344936117015
1.8473377320740076
2.506945366247178
2.1442214029974536
1.8238663286078167
1.9076019881749877
1.9012778484221515
2.600088773641785
2.010595555929202
1.6179065959051262
2.690414024874786
2.3790194296113216
2.1273303444385467
2.1534105869194335
2.029182232550945
2.4227135982451196
1.7318610229340652
1.991471508148252
2.121526864030608
1.6927877562876004
2.203432273229018
2.2051148195505217
2.4754987119924055
2.0312036377582228
1.8867185165886813
1.8166586891638374
2.3772252169599697
1.7488986838240579
2.706250426946368
1.7174394834354458
2.4054312220389917
1.6247966334881851
2.1383392076175998
2.6602162521492034
3.8126802240721402
1.8602447904210992
2.1216767491682957
1.1696539565520774
2.879420582805646
2.528515830256283
3.117085404262097
2.2122774983261997
2.6977570241808215
2.9517243827097523
3.1539216602072737
1.7355204208623396
2.1936227704105047
2.2622743014827833
2.189069547403337
2.0598010422354887
2.109327066601839
2.6427467228018777
1.7974624747989723
1.4246500383030194
2.0104568786837302
2.0311473109892
1.843901773384434
2.269718678151457
2.3289950137631834
2.0463784035774832
3.453433683250397
1.4176172811902177
2.405106239761373
2.7630359790162857
2.6786743169388556
2.280651263343633
2.5329847791206346
1.6899526398722495
2.900501668453643
2.946346480132603
2.398274308679481
1.9623506149827952
2.600550569353699
3.0247529289282875
2.240618786656098
1.9150122654879302
1.6310175060227317
2.03561946168813
2.9215652157657637
2.284271802843751
2.179110668538287
3.25621170367119
2.0863823947679747
2.4318443997962857
2.6752876610932637
2.3989365200829305
1.9534033444349301
1.8946393519582854
1.927217425002222
0.7159972951727628
2.370477573360927
2.9345649010152997
1.8498885872511428
2.265336095340755
1.5270111104907298
1.6623370355900344
2.1936673799309903
3.2930877882115874
2.0421463005966585
1.8819983582331477
1.8210706082510175
3.2228666820599723
2.221510804646418
3.082412803708672
1.9780195582691964
2.1751571711017936
1.671207269987637
1.7040094984622047
1.8545139706253717
1.5397855062751176
1.4965539764512907
1.2709597418246132
1.9172612344239266
2.056791857581437
2.1817855326490334
1.9556179968432041
1.9299401475155202
1.969926801357134
2.128639656603762
1.717276859767906
2.536642163291812
1.821178991661114
1.8311797669550003
1.9284340133932822
2.1544237491600606
1.9206780542810211
1.4733032161521595
1.9558435811337862
1.8959545185700264
1.7015647156420395
2.054626801771512
2.520080697905813
2.0582473123163956
1.805786242878506
1.6643742728683604
2.0845089878776486
1.9913519892305762
1.833623390543961
2.0368726702797213
1.902009292991766
1.5185326490991946
1.6286290652290216
2.1882539546710884
2.1412456046819717
2.399122162916468
1.6708822016651872
1.8751455393696859
2.120122971759132
1.4772870935531277
1.963345302888691
1.9867548147361864
1.8128721126787364
1.6354653253860822
2.7777717244238134
1.9298635587280257
1.5091226872003913
2.269355177067931
2.7898770319907085
2.0320062230593012
1.376623971589846
2.0503748527159327
1.3573514590296922
2.3148196872849436
2.5304456262613555
1.8225878448750104
1.6871767106494162
2.1273701779071024
1.2759983134621653
1.4493384488806964
2.278819729633177
1.3702345550642847
1.4614983838724354
2.1458565999404655
1.5314597557742933
2.0732183119622625
2.891923057112929
1.8461434440904887
1.9524640597185643
1.0426894292990312
2.091290525091204
2.3163617918662
1.5228787236644625
2.063949554458579
2.0387773792402575
3.0723562398650195
2.4643302309626605
3.140681764303422
1.937018928613067
1.8795396828634048
2.1315859402631614
2.173609079323156
3.0242369385541554
2.599731506026802
1.6587796264551868
1.4167939538873333
2.0335389518706437
1.3281179602865356
2.3854874442802454
2.8941908586858553
2.3070336184793123
2.5843024861355293
2.520023365321748
1.6470979502271121
2.4897896158837165
1.2045159154455671
1.79444108098152
2.0401795648884944
1.9030823321086823
1.6597740105044245
2.6288443141109346
1.6813389377952608
1.9184886572725555
1.7115770123714815
1.6835301741490767
1.7618936933174814
2.420031843144375
1.780919924616178
1.727153755874081
2.0559823448169094
2.047003706142682
2.8082566031566687
2.750939665647703
1.7410511740002765
1.853721378589279
2.033044988174373
1.5829525203422397
2.35549872598039
1.7597495371765741
2.222717395031516
1.9538582583986812
1.9854354121764217
2.1040234621169165
1.5989660898294515
1.3104077383693598
2.057343590924264
1.4944665464031406
2.1150456214910665
2.66581442255399
1.437026592519328
2.024718515070845
1.3332106854491623
1.9386578679751991
1.9525367482142897
2.0324773321049494
1.7746591106520462
1.7731301155168926
1.576388823867798
3.0128155157771292
1.8780534932958126
1.8212110940162451
1.9775838156525851
2.2172745775720917
1.6627061725598244
1.7658490487620087
1.8223170337769226
1.9386810344617906
2.2333252700837134
1.414991189817826
1.7829259287491521
1.6729298556500811
2.4690467308389796
2.17423957953821
2.3617756560052614
1.8961836149921654
1.9137108778897958
1.4609592565489886
1.8035869190365403
1.643963489505773
2.2951377537369337
1.87482166230778
1.6287934261153811
1.4821928789820822
1.785501556663141
1.4392849786156172
2.0636272925574004
1.8735771054581842
1.757108622309234
1.6455509359774831
1.8691449926238795
1.77590711585734
1.5500660685627297
2.174112619480952
1.516319323231654
1.386030339050996
1.3862672857513778
1.9002320765572973
1.0534164828057957
1.6706517446691251
1.743603381292274
1.6945516292108762
1.9037702733512345
1.815023006768484
1.8212500955534137
1.5842226722313957
1.9313978535920806
1.9406446296113793
2.000647909798752
1.8658823753123652
1.712455773412064
2.0504370701968226
1.8512243898732454
1.2880399748739968
2.046653875145681
2.083899281866553
2.386254206204991
2.0295543992833505
1.9785606131546456
1.5586332320805274
1.918824163163328
2.4919520460810913
2.3384407666056557
2.432070269268114
1.4385981990515546
2.1691672639027244
1.4350268105463542
1.6605909168134927
1.4639585952110397
2.448130678958995
2.1254375064931876
1.74348592415665
2.21970098704918
2.4336770682928357
1.61365043850908
1.9967872240334148
1.2898423082950392
2.218701712702244
1.685351829276962
3.1678654953685923
3.3674263063688987
2.1884034802130916
1.789900629680923
2.1935340847706
2.36866531088069
0.982289063553596
1.804454307378173
1.8920535560442107
1.4904951809057825
1.872022278669046
1.7689353682887763
2.0310620765446203
2.177813277531053
1.4985373566586069
1.5480844522691153
1.9336316255724144
1.8038005641356647
1.916847897027466
1.4261373521632768
1.7321034333054164
1.1687245421125085
2.051359142962779
1.6752251373003928
1.398548002363959
2.0422813767946413
1.0765659446817035
2.624248724601057
1.6303819720499209
1.6188326583842456
1.7975506596160773
1.5907301236041174
2.0256599639297845
2.5439058827438785
2.3179203304642746
3.2786113264631007
2.3518352480077276
2.114676792182454
1.9039981697554105
1.7243868647331124
2.207086310974922
1.8519032646241471
1.8742887658577216
1.4032327882741198
1.953386962272099
1.9642336255744124
1.763454708868364
1.8068384302249703
1.680811454634653
1.9515657347318474
1.4421222370626767
1.4117636137342555
1.6729195852584637
2.0968120256351304
1.8931216314382266
1.857960039020846
0.8785361716423743
2.170989188750174
1.5158561288994927
1.37035736046399
2.119214019129285
1.591934455625307
1.36947512256208
1.6463552399478376
2.0996926991811837
1.6778832444887573
1.1867674612472006
1.816961692563601
1.806852802437305
1.5939654139697805
1.5943912748668843
1.5200963173417086
2.698468472351953
2.373969699636385
1.4107950998646708
1.53215647492027
1.8653493807068984
1.9021946317877687
1.9639180097183235
2.2535067972745404
2.2503101116601996
2.259537969012947
2.1104973133144456
1.4786055938021696
2.139947740763518
1.9395640670118273
1.9626642352849961
1.9363062657888797
2.524114143853506
2.5067994392414676
2.2605108678620227
2.3640299047715327
1.8651361239949669
1.9991870779596337
1.6900544186436632
1.6536596909496524
1.2620213759881507
1.9780602807674765
1.3135803606097207
1.5306917383907694
1.6882070988511235
2.0491106943362194
1.7292281727507668
1.639358786913274
3.037300896949642
2.2201661272626696
2.0669474413792464
2.0304635650920506
2.099232295440392
2.2084271506529176
1.3287877122677492
1.0486056598834925
1.1306803467311854
1.9076243933887564
1.809275660086597
3.606535573230035
2.527665867094478
2.3395629709115786
2.7063294046183826
1.488303268460205
2.332965978944178
2.086328198250646
3.085114897499724
1.5686687052836494
2.4319899344062272
1.855192143467544
1.86585891930116
1.5673068307034224
2.9904063661160336
2.0546630061477527
1.855895440415481
1.4849421207339581
2.0204260179993154
1.2256162149506309
1.942873430907156
1.726570399491365
2.071227101788828
1.9246078851772974
2.1040302533651185
2.30428524103004
1.7194469878661125
1.3677922584336881
1.4547449409474416
2.5050138166618288
1.9942642459737603
1.9996788663549652
1.892915731716616
1.9798602841954753
1.6047479177464985
1.3482388074110985
1.4392686085173831
1.471460104235952
1.7689493701915506
1.95725274592971
2.654126183752796
2.0987346827144426
2.038820649259736
1.5805539582471926
2.2217311137440925
2.5040554022526544
1.7421812751992711
1.594044239775448
1.752134076459015
1.8474112251039845
2.167038575038042
2.1073807396348863
2.0222335450311064
2.1973224759515286
1.3951754739440358
1.3369576310052118
1.8513386209933356
1.9073717934204004
1.9905603054330339
1.6370127238182794
2.046785464954908
2.2340180119741024
1.7117811705788728
1.5344369153693052
1.9057668935685406
1.976175940790014
1.5233839438919454
1.397702764111827
1.2802815538959937
1.8293292595744348
1.843370697625774
2.451360749220653
2.132744380436304
2.537456112866324
2.554782015917077
2.519676062617823
