65.0
2.0
10.0
4.0
60.0
12.0
1.0
8.0
1.0
16.0
1.0
1.0
1.0
12.0
13.0
5.0
6.0
2.0
2.0
6.0
6.0
10.0
4.0
4.0
2.0
50.0
2.0
16.0
2.0
1.0
2.0
1.0
2.0
2.0
8.0
2.0
8.0
24.0
2.0
4.0
3.0
4.0
15.0
6.0
3.0
10.0
15.0
1.0
1.0
3.0
2.0
1.0
6.0
1.0
22.0
4.0
1.0
15.0
4.0
3.0
1.0
1.0
4.0
1.0
1.0
4.0
1.0
1.0
1.0
4.0
4.0
6.0
1.0
2.0
2.0
8.0
2.0
2.0
1.0
4.0
4.0
16.0
20.0
6.0
2.0
1.0
1.0
1.0
1.0
10.0
1.0
2.0
1.0
1.0
15.0
10.0
30.0
2.0
5.0
20.0
2.0
2.0
1.0
6.0
12.0
10.0
2.0
4.0
2.0
2.0
6.0
3.0
4.0
2.0
1.0
1.0
6.0
12.0
9.0
2.0
8.0
6.0
10.0
2.0
4.0
2.0
2.0
2.0
10.0
2.0
1.0
4.0
2.0
5.0
38.0
5.0
30.0
18.0
2.0
8.0
16.0
4.0
3.0
2.0
4.0
10.0
10.0
50.0
2.0
1.0
6.0
2.0
3.0
1.0
4.0
6.0
2.0
6.0
30.0
1.0
2.0
34.0
6.0
1.0
1.0
1.0
20.0
2.0
1.0
8.0
1.0
6.0
4.0
1.0
8.0
40.0
4.0
2.0
1.0
12.0
12.0
1.0
1.0
30.0
3.0
5.0
2.0
1.0
1.0
4.0
4.0
2.0
2.0
8.0
2.0
2.0
10.0
6.0
5.0
12.0
4.0
1.0
12.0
1.0
10.0
2.0
1.0
7.0
16.0
5.0
10.0
1.0
10.0
24.0
2.0
2.0
3.0
2.0
1.0
4.0
38.0
1.0
3.0
2.0
80.0
1.0
1.0
4.0
95.0
3.0
3.0
1.0
20.0
2.0
20.0
2.0
6.0
3.0
10.0
4.0
60.0
4.0
1.0
8.0
2.0
1.0
3.0
1.0
1.0
8.0
3.0
3.0
1.0
2.0
4.0
20.0
11.0
2.0
10.0
40.0
3.0
1.0
1.0
12.0
1.0
10.0
1.0
1.0
1.0
1.0
8.0
2.0
1.0
4.0
1.0
1.0
6.0
4.0
1.0
8.0
1.0
2.0
17.0
4.0
15.0
8.0
35.0
1.0
2.0
8.0
2.0
5.0
8.0
2.0
2.0
3.0
1.0
1.0
12.0
4.0
2.0
1.0
1.0
1.0
3.0
6.0
6.0
10.0
1.0
7.0
5.0
1.0
2.0
9.0
5.0
2.0
2.0
6.0
1.0
2.0
3.0
3.0
18.0
1.0
2.0
4.0
1.0
9.0
2.0
1.0
4.0
6.0
10.0
9.0
2.0
2.0
8.0
6.0
4.0
1.0
3.142857142857143
2.0
3.142857142857143
3.3333333333333335
2.6666666666666665
2.6666666666666665
3.3333333333333335
2.857142857142857
2.857142857142857
4.0
1.0
2.0
1.0
7.0
2.0
2.0
30.0
2.0
1.0
1.0
2.0
3.0
69.0
50.0
1.0
1.0
40.0
4.0
4.0
5.0
2.0
4.0
100.0
5.0
2.0
1.0
1.0
1.0
6.0
4.0
3.0
2.0
4.0
1.0
1.0
3.0
4.0
1.0
8.0
1.0
8.0
4.0
20.0
2.0
2.0
8.0
2.0
1.0
2.0
1.0
1.0
9.0
15.0
3.0
3.0
10.0
3.0
6.0
2.0
8.0
4.0
3.0
30.0
4.0
4.0
56.0
1.0
10.0
1.5
1.0
6.0
4.0
1.0
60.0
4.0
2.0
10.0
1.0
4.0
4.0
1.0
65.0
4.0
2.0
1.0
10.0
1.0
5.0
40.0
17.0
4.0
3.0
8.0
5.0
2.0
30.0
3.0
5.0
16.0
1.0
9.0
6.0
10.0
1.0
10.0
3.0
100.0
53.0
4.0
40.0
3.0
20.0
2.0
4.0
8.0
10.0
2.0
2.0
100.0
38.0
30.0
35.0
30.0
4.0
60.0
11.0
7.0
34.0
2.0
4.0
14.0
5.0
12.0
45.0
4.0
2.0
12.0
1.0
14.0
30.0
50.0
1.0
5.0
1.0
54.0
1.0
4.0
8.0
12.0
1.0
2.0
2.0
1.0
10.0
1.0
2.0
5.0
1.0
1.0
3.0
2.0
2.0
2.0
6.0
2.0
2.0
15.0
10.0
5.0
10.0
20.0
15.0
2.0
1.0
1.0
16.0
40.0
3.0
1.0
1.0
12.0
8.0
5.0
2.0
2.0
4.0
6.0
6.0
10.0
6.0
3.0
2.0
5.0
20.0
100.0
10.0
15.0
4.0
3.0
10.0
6.0
16.0
4.0
30.0
54.0
2.0
15.0
8.0
30.0
12.0
7.0
40.0
10.0
7.0
6.0
28.0
20.0
2.0
52.0
20.0
38.0
5.0
6.0
1.0
34.0
2.0
1.0
2.6666666666666665
7.0
80.0
1.0
6.0
11.0
4.0
1.0
34.0
1.0
5.0
2.0
4.0
18.0
4.0
2.0
2.0
1.0
6.0
1.0
2.0
2.0
65.0
1.0
4.0
10.0
2.0
2.0
4.0
1.0
20.0
2.0
1.0
2.0
4.0
1.0
10.0
10.0
1.0
4.0
2.0
5.0
10.0
11.0
4.0
2.0
2.0
2.0
4.0
1.0
100.0
65.0
1.0
2.0
2.0
1.0
1.0
2.0
2.0
1.0
3.0
4.0
8.0
6.0
4.0
8.0
4.0
30.0
1.0
3.0
4.0
4.0
8.0
60.0
6.0
6.0
1.0
2.0
2.0
1.0
4.0
6.0
6.0
2.0
2.0
8.0
1.0
2.0
2.0
3.0
2.0
4.0
2.0
6.0
1.0
1.0
2.0
10.0
2.0
7.178571428571429
7.0
10.0
5.5
1.0
6.0
1.0
2.0
1.0
3.0
3.0
1.0
7.0
60.0
24.0
10.0
4.0
11.0
5.0
1.0
10.0
8.0
8.0
2.0
1.0
3.0
8.0
5.0
2.0
5.0
10.0
4.0
2.0
1.0
2.0
4.0
6.0
10.0
2.0
2.0
12.0
10.0
1.0
6.0
5.0
4.0
10.0
1.0
1.0
6.0
20.0
1.0
54.0
6.0
26.0
6.0
10.0
5.0
4.0
1.0
10.0
8.0
4.0
16.0
10.0
6.933333333333334
7.0
7.178571428571429
6.9655172413793105
79.0
5.0
10.0
2.0
50.0
4.0
4.0
5.0
2.0
4.0
10.0
6.0
4.0
2.0
21.0
1.0
6.0
2.0
1.0
6.0
2.0
4.0
1.0
2.0
6.0
3.0
8.0
1.0
10.0
4.0
6.0
50.0
38.0
6.0
1.0
4.0
3.0
5.0
8.0
1.0
5.0
5.0
2.0
2.0
6.0
1.0
2.0
7.0
2.0
10.0
2.0
4.0
40.0
1.0
7.178571428571429
34.0
40.0
11.0
10.0
6.0
8.0
3.0
7.0
1.0
4.0
7.0
14.0
2.0
5.0
6.0
4.0
2.0
3.0
1.0
16.0
100.0
3.0
10.0
4.0
4.0
4.0
49.0
19.0
90.0
80.0
2.0
6.0
10.0
23.0
10.0
20.0
2.0
20.0
60.0
66.0
2.0
1.0
4.0
2.0
1.0
5.0
4.0
2.0
1.0
4.0
1.0
1.0
3.0
14.0
4.0
10.0
1.0
10.0
1.0
10.0
2.0
10.0
1.0
1.0
6.0
9.0
10.0
13.0
1.0
2.0
5.0
10.0
96.0
2.0
10.0
3.0
1.0
4.0
3.0
1.0
4.0
40.0
1.0
5.0
8.0
8.0
3.0
2.0
2.0
1.0
1.0
6.0
20.0
6.0
1.0
5.0
1.0
14.0
3.0
40.0
2.0
2.0
1.0
2.0
3.0
2.0
3.0
1.0
2.0
6.0
1.0
1.0
2.0
3.0
1.0
10.0
8.0
2.0
2.0
10.0
2.0
4.0
10.0
34.0
3.0
5.0
10.0
8.0
10.0
3.0
6.0
10.0
3.0
8.0
50.0
3.0
2.0
6.0
4.0
1.0
50.0
10.0
4.0
8.0
1.0
1.0
1.0
3.0
6.0
23.0
3.0
79.0
2.0
30.0
20.0
4.0
30.0
12.0
1.0
3.0
6.0
1.0
10.0
73.0
16.0
80.0
4.0
1.0
3.0
100.0
6.0
3.0
15.0
6.0
100.0
1.0
1.0
1.0
2.0
2.0
4.0
49.0
3.0
10.0
4.0
2.0
100.0
1.0
11.0
4.0
6.0
20.0
20.0
1.0
100.0
80.0
15.0
2.0
3.0
1.0
2.0
1.0
42.0
5.0
5.0
100.0
10.0
1.0
7.0
7.0
6.933333333333334
6.933333333333334
6.9655172413793105
6.821428571428571
6.821428571428571
6.733333333333333
2.0
20.0
6.0
4.0
1.0
30.0
1.0
6.0
49.0
5.0
30.0
8.0
2.0
6.0
4.0
90.0
12.0
20.0
4.0
4.0
6.0
39.0
2.0
11.0
3.0
2.0
1.0
3.0
5.0
11.0
1.0
2.0
4.0
2.0
4.0
3.0
20.0
4.0
2.0
6.0
1.0
1.0
4.0
65.0
15.0
8.0
5.0
1.0
71.0
3.0
3.0
1.0
2.0
5.0
4.0
1.0
6.0
6.0
16.0
4.0
30.0
10.0
10.0
10.0
6.0
3.0
1.0
19.0
20.0
45.0
20.0
12.0
10.0
8.0
6.0
2.0
23.0
10.0
1.0
79.0
3.0
12.0
20.0
1.0
6.0
10.0
40.0
8.0
3.0
1.0
12.0
8.0
3.0
5.0
3.0
60.0
10.0
4.0
5.0
1.0
1.0
1.0
100.0
1.0
80.0
10.0
2.0
79.5
6.0
1.0
16.5
16.5
34.0
100.0
6.0
1.0
75.0
29.0
32.0
2.0
24.0
30.0
53.0
2.0
10.0
1.0
1.0
10.0
4.0
2.0
1.0
44.0
40.0
16.0
62.5
49.5
1.0
3.0
10.0
11.0
8.0
100.0
10.0
3.0
2.0
2.0
2.0
4.0
4.0
8.0
16.0
4.0
2.0
4.0
9.0
20.0
30.0
3.0
3.0
1.0
11.0
2.0
63.0
22.0
1.0
20.0
2.0
6.0
10.0
50.0
40.0
8.0
4.0
5.0
6.0
1.0
4.0
10.0
8.0
1.0
4.0
10.0
11.0
6.0
1.0
8.0
15.0
1.0
16.0
1.0
2.0
4.0
2.0
2.0
4.0
3.0
2.0
39.0
50.0
1.0
3.0
25.0
45.0
3.0
20.0
20.0
2.0
23.0
50.0
80.0
8.0
15.0
1.0
4.0
6.4
1.0
6.733333333333333
6.821428571428571
100.0
5.0
70.0
1.0
50.0
2.0
5.0
1.0
5.0
4.0
4.0
2.0
8.0
2.0
20.0
57.0
14.0
8.0
16.0
57.0
20.0
9.0
20.0
4.0
53.0
20.0
10.0
5.0
12.0
2.0
6.0
4.0
12.0
10.0
1.0
5.0
8.0
19.0
40.0
10.0
8.0
1.0
10.0
22.0
6.0
8.0
2.0
1.0
1.0
1.0
4.0
5.0
3.0
15.0
9.0
4.0
1.0
6.0
2.0
10.0
15.0
12.0
2.0
95.0
20.0
11.0
4.0
12.0
2.0
4.0
2.0
50.0
2.0
4.0
9.0
9.0
9.0
8.0
3.0
1.0
1.0
1.0
3.0
2.0
2.0
12.0
30.0
4.0
2.0
1.0
4.0
1.0
6.0
10.0
15.0
10.0
4.0
53.0
53.0
68.66666666666667
68.66666666666667
68.66666666666667
53.0
76.33333333333333
6.0
2.0
1.0
1.0
4.0
2.0
6.0
2.0
5.0
28.0
2.0
2.0
2.0
2.0
20.0
1.0
2.0
12.0
1.0
18.0
4.0
2.0
13.0
50.0
10.0
40.0
4.0
1.0
20.0
4.0
1.0
8.0
15.0
6.0
1.0
5.0
4.0
10.0
2.0
8.0
1.0
8.0
4.0
1.0
4.0
6.333333333333333
4.0
8.0
1.0
2.0
20.0
12.0
1.0
2.0
42.0
6.0
1.0
3.0
8.0
4.0
24.0
6.0
8.0
8.0
2.0
6.0
6.0
1.0
88.0
6.0
3.0
4.0
4.0
10.0
20.0
10.0
1.0
1.0
2.0
6.0
4.0
1.0
3.0
20.0
1.0
5.0
1.0
1.0
2.0
1.0
2.0
8.0
1.0
8.0
2.0
1.0
22.0
3.0
5.0
1.0
1.0
5.0
10.0
4.0
2.0
1.0
2.0
4.0
8.0
8.0
12.0
2.0
4.0
1.0
2.0
2.0
2.0
10.0
20.0
8.0
40.0
4.0
15.0
5.0
2.0
8.0
2.0
2.0
3.0
80.0
1.0
14.0
30.0
10.0
10.0
47.0
64.5
64.5
2.0
2.0
6.0
4.0
100.0
11.0
2.0
1.0
1.0
8.0
50.0
1.0
3.0
1.0
14.0
5.0
3.0
19.0
3.0
54.0
1.0
2.0
6.0
10.0
3.0
22.0
5.0
4.0
12.0
2.0
4.0
64.75
10.0
6.0
5.0
45.0
10.0
8.0
1.0
3.0
2.0
1.0
22.0
2.0
5.0
2.0
1.0
1.0
2.0
4.0
14.0
4.0
1.0
1.0
1.0
8.0
6.0
8.0
1.0
15.0
1.0
4.0
10.0
30.0
1.0
2.0
8.0
3.0
10.0
6.0
10.0
1.0
2.0
2.0
4.0
15.0
6.0
10.0
20.0
16.0
2.0
6.4
6.821428571428571
6.4
6.933333333333334
2.0
1.0
2.0
35.0
5.0
20.0
2.0
2.0
20.0
3.0
2.0
4.0
40.0
15.0
4.0
3.0
2.0
22.0
1.0
4.0
20.0
2.0
73.0
2.0
1.0
40.0
4.0
1.0
2.0
4.0
10.0
25.0
2.0
4.0
100.0
10.0
1.0
1.0
5.0
3.0
1.0
2.0
2.0
2.0
4.0
4.0
1.0
80.0
1.0
2.0
1.0
6.0
8.0
53.0
1.0
1.0
48.0
21.5
10.0
8.0
4.0
14.0
4.0
80.0
2.0
2.0
95.0
56.0
6.0
6.0
60.0
16.0
8.0
1.0
3.0
6.0
2.0
2.0
6.933333333333334
6.9655172413793105
6.9655172413793105
7.09375
3.0
6.0
1.0
1.0
14.0
2.0
100.0
6.0
2.0
1.0
2.0
1.0
10.0
6.0
24.0
2.0
10.0
60.0
20.0
6.0
3.0
26.0
2.0
15.0
2.0
2.0
2.0
2.0
2.0
4.0
4.0
2.0
2.0
20.0
2.0
4.0
1.0
20.0
1.0
10.0
1.0
1.0
1.0
1.0
6.0
4.0
22.0
1.0
1.0
53.0
1.0
1.0
12.0
1.0
10.0
39.0
2.0
2.0
2.0
1.0
4.0
20.0
53.0
15.0
1.0
2.0
1.0
5.0
6.0
53.0
20.0
1.0
1.0
1.0
1.0
1.0
4.0
1.0
1.0
9.0
40.0
8.0
1.0
100.0
5.0
5.0
4.0
30.0
2.0
1.0
3.0
1.0
7.0
2.0
5.0
4.0
8.0
1.0
1.0
2.0
6.0
2.0
10.0
14.0
8.0
8.0
6.0
6.0
5.0
1.0
8.0
12.0
1.0
40.0
63.0
38.0
2.0
5.0
20.0
4.0
54.0
2.0
6.0
3.0
10.0
2.0
8.0
7.0
38.0
100.0
5.0
2.0
3.0
6.0
2.0
2.0
38.0
15.0
3.0
6.0
53.0
16.0
1.0
7.178571428571429
6.821428571428571
6.733333333333333
7.178571428571429
15.0
40.0
2.0
2.0
2.0
1.0
4.0
40.0
4.0
5.0
3.0
2.0
6.0
10.0
28.0
2.0
20.0
100.0
1.0
1.0
3.0
10.0
8.0
2.0
4.0
8.0
6.0
12.0
8.0
3.0
2.0
10.0
5.0
2.0
4.0
4.0
1.0
9.0
25.0
3.0
1.0
5.0
6.0
9.0
6.0
23.0
100.0
31.0
1.0
8.0
1.0
2.6
2.6
3.0
2.6
2.6
3.0
4.0
5.0
1.0
2.0
8.0
4.0
1.0
100.0
10.0
5.0
2.0
3.0
2.0
1.0
8.0
15.0
4.0
12.0
90.0
2.0
1.0
5.0
10.0
39.0
10.0
10.0
4.0
1.0
8.0
1.0
10.0
2.0
20.0
1.0
6.0
4.0
2.0
100.0
80.0
6.0
2.0
5.0
1.0
19.0
2.0
36.0
40.0
1.0
6.0
1.0
20.0
30.0
10.0
2.0
4.0
56.0
1.0
39.0
6.0
4.0
2.0
1.0
11.0
6.0
2.0
6.0
6.0
8.0
2.0
1.0
21.0
6.0
1.0
2.0
12.0
4.0
1.0
10.0
20.0
5.0
1.0
20.0
5.0
56.0
3.0
4.0
3.0
10.0
6.0
63.0
6.0
12.0
2.0
10.0
4.0
2.0
6.0
10.0
5.0
6.0
8.0
3.0
40.0
2.0
18.0
10.0
1.0
8.0
4.0
2.0
2.0
6.0
2.0
10.0
4.0
8.0
2.0
1.0
4.0
24.0
66.0
1.0
10.0
4.0
100.0
2.0
10.0
1.0
1.0
4.0
2.0
3.0
2.0
1.0
5.0
2.0
3.0
2.0
3.0
9.0
10.0
80.0
1.0
1.0
3.0
5.0
16.0
35.0
3.0
2.0
6.0
10.0
10.0
10.0
7.0
8.0
11.0
2.0
1.0
8.0
8.0
6.0
2.0
4.0
2.0
2.0
5.0
5.0
5.0
4.0
6.0
2.0
5.0
5.0
3.0
1.0
2.0
100.0
22.0
10.0
6.0
1.0
4.0
1.0
16.0
2.0
6.0
10.0
30.0
1.0
15.0
2.0
39.0
8.0
64.0
3.0
5.0
3.0
7.03125
6.933333333333334
18.0
3.0
1.0
20.0
2.0
1.0
1.0
4.0
4.0
1.0
3.0
8.0
6.0
1.0
8.0
2.0
10.0
2.0
8.0
1.0
8.0
2.0
2.0
4.0
2.0
1.0
51.0
100.0
14.0
20.0
4.0
5.0
53.0
6.0
6.0
2.0
11.0
4.0
10.0
10.0
4.0
9.0
2.0
100.0
7.0
8.0
2.0
1.0
6.0
8.0
10.0
26.0
5.0
12.0
3.0
1.0
1.0
2.0
3.0
4.0
2.0
4.0
2.0
10.0
2.0
6.0
53.0
6.0
40.0
3.0
6.0
5.0
1.0
2.0
10.0
16.0
40.0
15.0
4.0
1.0
1.0
4.0
2.0
4.0
5.0
2.0
6.0
49.0
1.0
4.0
8.0
1.0
5.0
12.0
1.0
4.0
3.0
4.0
4.0
4.0
1.0
64.0
2.0
30.0
2.0
6.0
9.0
2.0
6.0
8.0
5.0
1.0
2.0
1.0
1.0
53.0
65.0
6.0
1.0
2.0
2.0
6.0
2.0
8.0
30.0
1.0
7.0
75.0
5.0
3.0
30.0
8.0
8.0
2.0
10.0
4.0
8.0
3.0
6.0
4.0
8.0
2.0
1.0
2.0
10.0
4.0
1.0
4.0
7.0
2.0
95.0
8.0
5.0
4.0
100.0
10.0
20.0
12.0
8.0
79.0
10.0
8.0
12.0
1.0
6.0
12.0
1.0
6.0
38.0
3.0
4.0
40.0
2.0
4.0
2.0
5.0
1.0
3.0
8.0
1.0
2.0
2.0
7.0
15.0
12.0
45.0
4.0
2.0
1.0
6.0
6.0
2.0
6.0
4.0
1.0
1.0
10.0
12.0
1.0
4.0
3.0
2.0
12.0
1.0
39.0
2.0
1.0
5.0
100.0
10.0
1.0
5.0
8.0
5.0
34.0
1.0
10.0
20.0
5.0
2.0
2.0
3.0
5.0
38.0
2.0
30.0
10.0
16.0
1.0
8.0
6.0
4.0
8.0
3.0
6.0
30.0
56.0
35.0
26.0
4.0
30.0
4.0
6.0
35.0
5.0
40.0
10.0
2.0
6.0
6.0
3.0
2.0
6.0
4.0
2.0
19.0
6.0
6.0
1.0
9.0
9.0
2.0
6.0
3.0
4.0
8.0
4.0
4.0
6.0
2.0
4.0
4.0
3.0
2.0
2.0
8.0
10.0
2.0
4.0
1.0
34.0
6.0
7.0
6.0
79.0
1.0
8.0
8.0
4.0
8.0
5.0
1.0
1.0
4.0
10.0
8.0
2.0
8.0
3.0
10.0
1.0
2.0
6.0
1.0
2.0
1.0
1.0
4.0
2.0
2.0
20.0
80.0
5.0
4.0
20.0
15.0
1.0
1.0
1.0
30.0
5.0
15.0
6.0
1.0
5.0
60.0
19.0
5.0
55.0
50.0
2.0
10.0
4.0
6.0
5.0
1.0
2.0
6.0
42.0
6.0
2.0
100.0
56.0
10.0
4.0
6.0
10.0
1.0
3.0
8.0
2.0
5.0
5.0
5.0
10.0
4.0
3.0
5.0
4.0
5.0
2.0
2.0
2.0
6.0
5.0
2.0
6.0
6.0
2.0
100.0
38.0
2.0
2.0
1.0
3.0
2.0
1.0
2.0
4.0
1.0
1.0
21.0
7.0
2.0
5.5
3.0
6.0
4.0
1.0
20.0
8.0
2.0
60.0
14.0
1.0
8.0
24.0
20.0
2.0
2.0
1.0
65.0
8.0
10.0
2.0
10.0
35.0
4.0
2.0
1.0
6.0
50.0
4.0
3.0
4.0
44.5
2.0
20.0
1.0
6.0
2.0
7.0
6.0
4.0
6.0
3.0
1.0
2.0
6.0
4.0
45.0
30.0
53.0
4.0
8.0
1.0
2.0
2.0
16.0
2.0
8.0
20.0
7.0
2.0
4.0
5.0
3.0
35.0
2.0
4.0
2.5
2.0
53.0
8.0
8.0
2.0
12.0
6.0
2.0
1.0
1.0
63.0
1.0
30.0
4.0
6.0
63.0
1.0
10.0
4.0
7.0
4.0
4.0
6.0
2.0
5.0
35.0
1.0
1.0
10.0
1.0
1.0
14.0
4.0
20.0
5.0
4.0
2.0
2.0
2.0
2.0
6.0
10.0
1.0
2.0
6.0
16.0
1.0
2.0
21.0
16.0
1.0
4.0
5.0
20.0
15.0
2.0
4.0
6.0
8.0
6.0
1.0
5.0
1.0
1.0
1.0
40.0
60.0
10.0
1.0
10.0
9.0
3.0
40.0
4.0
25.0
6.0
6.0
2.0
10.0
2.0
50.0
5.0
5.0
10.0
4.0
38.0
2.0
12.0
3.0
30.0
1.0
4.0
15.0
4.0
1.0
1.0
8.0
6.0
29.0
6.0
2.0
3.0
6.0
1.0
1.0
5.0
4.25
4.333333333333333
4.666666666666667
3.3333333333333335
4.666666666666667
90.0
1.0
5.0
3.0
3.0
1.0
3.0
4.0
2.0
40.0
70.0
2.0
40.0
20.0
10.0
2.0
17.0
1.0
10.0
5.0
1.0
4.0
10.0
2.0
3.0
4.0
1.0
1.0
1.0
2.0
2.0
2.0
7.0
10.0
2.0
4.0
3.0
4.0
4.0
40.0
1.0
16.0
10.0
6.0
2.0
8.0
12.0
2.0
76.33333333333333
2.0
1.0
6.0
25.0
1.0
3.0
5.0
5.0
6.0
6.0
16.5
8.0
20.0
6.0
3.0
4.0
1.0
1.0
8.0
1.0
10.0
18.0
2.0
1.0
1.0
16.0
10.0
6.0
10.0
1.0
1.0
2.0
2.0
2.0
2.0
2.0
2.0
20.0
1.0
5.0
16.5
100.0
6.0
30.0
2.0
1.0
20.0
4.0
1.0
6.0
2.0
4.0
4.0
5.0
11.0
19.0
1.0
20.0
8.0
5.0
30.0
30.0
4.0
2.0
1.0
30.0
30.0
10.0
50.0
50.0
5.0
1.0
3.0
6.0
60.0
3.0
12.0
2.0
2.0
3.0
6.0
10.0
30.0
8.0
3.0
100.0
1.0
25.0
6.0
4.0
2.0
2.0
4.0
2.0
6.0
20.0
2.0
79.0
1.0
1.0
2.0
6.0
6.0
4.0
15.0
8.0
2.0
79.0
5.0
1.0
20.0
1.0
10.0
4.0
2.0
6.0
39.0
10.0
2.0
5.0
60.0
4.0
11.0
4.0
4.0
4.0
6.0
1.0
10.0
8.0
6.0
2.0
12.0
2.0
4.0
3.0
4.0
2.0
1.0
100.0
20.0
2.0
4.0
4.0
16.0
2.0
2.0
1.0
1.0
2.0
10.0
4.0
6.0
2.0
2.0
1.0
20.0
2.0
6.0
1.0
8.0
1.0
6.0
1.0
1.0
53.0
24.0
8.0
43.0
6.0
3.0
10.0
11.0
3.0
8.0
2.0
15.0
8.0
3.0
12.0
15.0
10.0
6.0
10.0
6.0
11.0
2.0
100.0
5.0
2.0
6.0
10.0
2.0
5.0
5.0
4.0
2.0
2.0
5.0
1.0
2.0
10.0
20.0
1.0
5.0
4.0
90.0
10.0
6.0
2.0
10.0
10.0
4.0
5.0
1.0
10.0
10.0
6.0
4.0
32.0
8.0
3.0
1.0
4.0
1.0
2.0
15.0
90.0
4.0
50.0
8.0
2.0
1.0
1.0
4.0
6.0
8.0
10.0
6.0
15.0
2.0
6.0
89.0
25.0
5.0
1.0
2.0
15.0
3.0
88.0
10.0
8.0
10.0
8.0
4.0
43.0
10.0
2.0
1.0
3.0
1.0
6.0
10.0
9.0
6.0
2.0
10.0
38.0
14.0
9.0
8.0
14.0
6.0
1.0
10.0
5.0
79.0
31.0
2.0
3.0
2.0
6.0
1.0
2.0
45.0
20.0
2.0
1.0
2.0
6.0
3.0
8.0
1.0
6.0
18.0
1.0
2.0
10.0
2.0
10.0
100.0
1.0
20.0
2.0
1.0
3.0
12.0
5.0
2.0
3.0
59.333333333333336
8.0
30.0
2.0
8.0
2.0
2.0
3.0
6.0
1.0
19.0
26.0
1.0
1.0
100.0
1.0
6.0
4.0
1.0
8.0
4.0
10.0
2.0
4.0
4.0
12.0
3.0
2.0
5.0
15.0
2.0
10.0
4.0
60.0
4.0
30.0
4.0
1.0
1.0
79.0
1.0
30.0
2.0
4.0
4.0
4.0
2.0
3.0
4.0
2.0
4.0
7.0
2.0
2.0
4.0
4.0
2.0
6.0
5.0
1.0
4.0
10.0
1.0
2.0
1.0
1.0
4.0
4.0
50.0
4.0
39.0
1.0
5.0
10.0
30.0
13.0
40.0
2.0
4.0
20.0
30.0
3.0
8.0
4.0
2.0
5.0
22.0
90.0
6.0
2.0
30.0
2.0
40.0
2.0
22.0
2.0
1.0
38.0
79.0
4.0
2.0
2.0
100.0
100.0
1.0
90.0
4.0
1.0
8.0
10.0
1.0
4.0
34.0
1.0
2.0
1.0
1.0
2.0
2.0
3.0
10.0
1.0
2.0
4.0
8.0
17.0
1.0
4.0
14.0
1.0
1.0
6.0
7.0
4.0
4.0
1.0
20.0
6.0
2.0
1.0
8.0
4.0
1.0
10.0
8.0
1.0
5.0
40.0
80.0
1.0
1.0
20.0
1.0
2.0
2.0
40.0
8.0
1.0
40.0
40.0
2.0
1.0
50.0
30.0
8.0
1.0
6.0
10.0
10.0
42.0
1.0
2.0
1.0
26.0
2.0
5.0
2.0
6.0
1.0
47.0
40.0
1.0
34.0
100.0
100.0
1.0
5.0
40.0
5.0
1.0
45.0
60.0
14.0
5.0
20.0
80.0
100.0
5.0
13.333333333333334
9.0
1.0
12.0
2.0
28.0
10.0
38.0
2.0
2.0
8.0
50.0
4.0
2.0
2.0
2.0
22.0
6.0
14.0
30.0
14.0
50.0
1.0
70.0
5.0
1.0
20.0
6.0
2.0
10.0
4.0
6.0
2.0
6.0
6.0
4.0
4.0
8.0
4.0
1.0
3.0
5.0
10.0
1.0
4.0
1.0
4.0
79.0
73.75
27.75
79.0
73.75
73.75
27.75
26.0
27.75
73.75
45.0
2.0
10.0
1.0
22.0
1.0
2.0
5.0
2.0
2.0
2.0
1.0
8.0
2.0
2.0
10.0
2.0
2.0
3.0
3.0
5.0
2.0
2.0
2.0
1.0
100.0
60.0
30.0
10.0
1.0
1.0
3.0
8.0
15.0
8.0
5.0
2.0
6.0
1.0
10.0
100.0
10.0
8.0
8.0
2.0
1.0
24.0
1.0
2.0
1.0
19.0
6.0
2.0
1.0
1.0
18.0
4.0
12.0
6.0
50.0
4.0
2.0
2.0
15.0
3.0
4.0
3.0
2.0
2.0
8.0
7.0
6.0
2.0
20.0
3.0
8.0
4.0
6.0
4.0
10.0
30.0
4.0
1.0
6.0
79.0
8.0
8.0
30.0
1.0
50.0
6.0
88.0
8.0
5.0
12.0
4.0
1.0
6.0
6.0
2.0
2.0
2.0
2.0
5.0
4.0
12.0
5.0
1.0
4.0
22.0
4.0
1.0
2.0
4.0
4.0
54.0
5.0
1.0
3.0
1.0
73.0
2.0
2.0
1.0
1.0
5.0
40.0
20.0
8.0
4.0
2.0
1.0
1.0
2.0
4.0
3.0
6.0
5.0
4.0
3.0
5.0
4.0
8.0
4.0
30.0
10.0
6.0
1.0
10.0
47.0
22.0
12.0
2.0
4.0
8.0
6.0
16.0
4.0
6.0
94.0
4.0
8.0
8.0
2.0
100.0
2.0
6.0
4.0
2.0
6.0
100.0
10.0
3.0
5.0
15.0
4.0
5.0
50.0
5.0
2.0
2.0
2.0
10.0
4.0
13.0
4.0
52.0
5.0
79.0
4.0
1.0
8.0
2.0
1.0
8.0
1.0
4.0
6.0
1.0
9.0
4.0
15.0
45.0
1.0
10.0
17.0
35.0
1.0
1.0
12.0
3.0
5.0
6.0
12.0
10.0
4.0
1.0
2.0
4.0
29.0
15.0
2.0
10.0
6.0
8.0
8.0
10.0
100.0
30.0
10.0
20.0
6.0
4.0
10.0
5.0
2.0
5.0
1.0
1.0
10.0
10.0
1.0
1.0
2.0
10.0
8.0
3.0
2.0
2.0
10.0
3.0
6.0
1.0
5.0
1.0
53.0
1.0
60.0
52.0
4.0
4.0
2.0
8.0
3.0
10.0
7.0
30.0
53.0
1.0
10.0
2.0
42.0
8.0
16.0
17.0
3.0
1.0
10.0
45.0
6.0
53.0
3.0
2.0
50.0
45.0
3.0
10.0
1.0
6.0
12.0
4.0
2.0
1.0
10.0
4.0
15.0
9.0
4.0
1.0
6.0
14.0
6.0
2.0
4.0
6.0
10.0
5.0
3.0
5.0
4.0
16.0
25.0
4.0
7.0
2.5
3.0
4.0
1.0
4.0
1.0
2.0
2.0
10.0
10.0
3.0
8.0
4.0
10.0
10.0
40.0
3.0
4.0
1.0
6.0
6.0
2.0
1.0
8.0
5.0
1.0
1.0
1.0
6.0
1.0
60.0
30.0
52.0
68.0
56.0
1.0
1.0
8.0
53.0
8.0
54.0
36.0
21.0
8.0
20.0
4.0
32.0
20.0
1.0
12.0
6.0
1.0
1.0
4.0
80.0
1.0
2.0
6.0
1.0
1.0
4.0
4.0
1.0
2.0
2.0
4.0
1.0
12.0
2.0
2.0
2.0
10.0
2.0
2.0
2.0
2.0
6.0
3.0
8.0
10.0
5.0
2.0
1.0
1.0
8.0
2.0
6.0
40.0
6.0
1.0
2.0
10.0
2.0
10.0
3.0
12.0
5.0
10.0
1.0
1.0
3.0
3.0
10.0
100.0
1.0
20.0
10.0
4.0
9.0
1.0
1.0
2.0
2.0
6.0
3.0
34.0
3.0
38.0
10.0
5.0
10.0
2.0
10.0
1.0
1.0
2.0
3.0
12.0
6.0
5.0
8.0
2.0
5.0
2.0
2.0
8.0
1.0
10.0
2.0
5.0
2.0
4.0
4.0
1.0
2.0
96.0
1.0
1.0
1.0
10.0
6.0
2.0
1.0
8.0
1.0
5.0
1.0
6.0
4.0
5.0
11.0
2.0
1.0
1.0
4.0
2.0
8.0
4.0
1.0
5.0
1.0
10.0
7.0
42.0
12.0
47.0
8.0
2.0
2.0
1.0
1.0
2.0
2.0
1.0
2.0
100.0
6.0
1.0
4.0
2.0
1.0
2.0
5.0
1.0
2.0
10.0
2.0
1.0
2.0
4.0
30.0
4.0
1.0
6.0
2.0
4.0
12.0
5.0
1.0
1.0
6.0
12.0
1.0
1.0
1.0
1.0
1.0
25.0
2.0
2.0
3.0
4.0
3.0
3.0
53.0
1.0
2.0
20.0
6.0
1.0
6.0
20.0
3.0
6.0
1.0
100.0
1.0
20.0
20.0
1.0
1.0
2.0
4.0
6.0
10.0
10.0
1.0
3.0
2.0
4.0
1.0
1.0
2.0
1.0
1.0
3.0
4.0
4.0
22.0
4.0
90.0
2.0
1.0
1.0
25.0
2.0
1.0
4.0
2.0
6.0
39.0
100.0
13.0
1.0
1.0
3.0
53.0
42.0
20.0
5.0
4.0
6.0
2.0
22.0
3.0
8.0
6.0
2.0
20.0
35.0
2.0
6.0
8.0
6.0
5.0
38.0
54.0
40.0
8.0
5.0
90.0
10.0
4.5
6.0
16.666666666666668
11.333333333333334
6.333333333333333
10.0
5.5
8.666666666666666
6.666666666666667
8.333333333333334
23.333333333333332
16.666666666666668
10.0
13.333333333333334
8.333333333333334
13.333333333333334
3.0
5.0
3.0
4.0
5.0
1.0
1.0
7.0
4.0
10.0
4.0
8.0
50.0
6.0
35.0
6.0
6.0
2.0
1.0
4.0
5.0
2.0
2.0
1.0
1.0
6.0
1.0
6.0
4.0
4.0
4.0
10.0
3.0
3.0
4.0
6.0
10.0
2.0
1.0
6.0
2.0
7.0
3.0
10.0
1.0
6.0
3.0
4.0
30.0
1.0
1.0
2.0
1.0
1.0
1.0
12.0
6.0
10.0
3.0
10.0
4.0
6.0
3.0
1.0
1.0
2.0
2.0
1.0
3.0
2.0
4.0
1.0
8.0
70.0
54.0
1.0
2.0
4.0
35.0
8.0
2.0
65.0
28.0
8.0
15.0
13.0
16.0
50.0
4.0
1.0
2.0
5.0
1.0
1.0
45.0
15.0
2.0
1.0
4.0
2.0
4.0
10.0
2.0
1.0
1.0
1.0
2.0
10.0
10.0
1.0
6.0
6.0
4.0
4.0
5.0
100.0
11.0
30.0
25.0
6.0
20.0
18.0
79.0
1.0
10.0
6.0
4.0
20.0
1.0
4.0
6.0
4.0
10.0
82.0
100.0
9.0
10.0
10.0
79.0
10.0
31.0
7.0
52.0
3.0
6.0
1.0
1.0
10.0
20.0
8.0
36.0
33.0
1.0
1.0
1.0
1.0
6.0
12.0
1.0
5.0
6.0
1.0
14.0
2.0
5.0
4.0
19.0
60.0
5.0
5.0
6.0
1.0
20.0
2.0
40.0
6.0
1.0
1.0
1.0
10.0
3.0
1.0
3.0
4.0
64.0
8.0
6.0
5.0
10.0
8.0
100.0
28.0
9.0
2.0
15.0
10.0
1.0
3.0
3.0
4.0
12.0
4.0
5.0
1.0
3.0
1.0
3.0
1.0
5.0
8.0
5.0
2.0
2.0
4.0
2.0
8.0
2.0
15.0
2.0
10.0
6.0
5.0
10.0
3.0
1.0
2.0
8.0
5.0
31.0
100.0
4.0
16.0
32.0
1.0
4.0
6.0
2.0
2.0
6.0
6.0
1.0
2.0
7.0
2.0
84.0
1.0
1.0
1.0
1.0
40.0
49.0
79.0
3.0
28.0
3.0
1.0
1.0
3.0
2.0
79.0
30.0
5.0
30.0
10.0
2.0
1.0
4.0
8.0
40.0
39.0
5.0
2.0
49.0
40.0
3.0
2.0
4.0
3.0
1.0
6.0
6.0
6.0
6.0
56.0
8.0
2.0
6.0
1.0
4.0
1.0
10.0
12.0
6.0
31.0
10.0
26.0
3.0
2.0
5.0
2.0
10.0
30.0
1.0
10.0
20.0
30.0
6.0
1.0
4.0
9.0
10.0
42.0
2.0
18.0
5.0
1.0
6.0
53.0
10.0
6.0
20.0
14.0
26.0
23.0
100.0
20.0
28.0
10.0
6.0
2.0
30.0
1.0
2.0
3.0
1.0
15.0
2.6666666666666665
8.0
2.0
13.0
4.0
4.0
2.0
3.0
2.0
14.0
5.0
2.0
1.0
4.0
1.0
1.0
2.0
1.0
2.0
1.0
6.0
4.0
2.0
2.0
6.9655172413793105
2.0
10.0
1.0
1.0
4.0
30.0
6.0
14.0
10.0
20.0
5.0
12.0
7.666666666666667
8.0
8.0
1.0
58.0
1.0
10.0
2.0
40.0
4.0
2.0
39.0
8.0
1.0
1.0
1.0
1.0
1.0
1.0
7.0
17.0
8.0
1.0
2.0
3.0
2.0
6.0
5.0
4.0
75.0
1.0
3.0
6.0
10.0
1.0
15.0
1.0
2.0
2.0
3.0
56.0
10.0
2.0
4.0
2.0
26.0
1.0
4.0
4.0
8.0
10.0
10.0
10.0
20.0
49.0
16.0
100.0
4.0
6.0
1.0
8.0
1.0
2.0
5.0
2.0
6.0
1.0
6.0
1.0
5.0
4.0
1.0
10.0
6.0
6.0
2.0
2.0
5.0
1.0
8.0
1.0
27.4
4.0
6.0
10.0
1.0
20.0
1.0
3.0
20.0
2.0
6.0
6.0
10.0
10.0
4.0
6.0
8.0
1.0
79.0
1.0
1.0
1.0
1.0
79.0
1.0
5.0
1.0
8.0
10.0
10.0
6.0
10.0
4.0
2.0
2.0
52.0
56.0
2.0
2.0
10.0
1.0
30.0
3.0
1.0
1.0
3.0
9.0
8.0
3.0
20.0
6.0
20.0
60.0
4.0
30.0
20.0
4.0
20.0
4.0
4.0
1.0
30.0
2.0
20.0
2.0
2.0
4.0
4.0
1.0
4.0
6.0
4.0
4.0
3.0
2.0
2.0
2.0
2.0
2.0
2.0
3.0
4.0
1.0
2.0
8.0
1.0
8.0
2.0
3.0
3.0
3.0
2.0
4.0
8.0
3.0
3.0
3.0
3.0
2.0
2.0
3.0
5.0
6.0
2.0
21.666666666666668
10.0
11.333333333333334
9.75
13.333333333333334
8.666666666666666
12.0
15.0
5.0
6.0
40.0
10.0
40.0
10.0
8.0
4.5
6.0
18.333333333333332
14.666666666666666
8.5
8.333333333333334
5.5
12.0
1.0
2.0
8.0
1.0
24.0
92.0
10.0
1.0
4.0
8.0
20.0
8.0
5.0
6.0
19.0
3.0
12.0
1.0
4.0
54.0
10.0
2.0
10.0
79.0
15.0
8.0
10.0
20.0
10.0
3.0
10.0
80.0
4.0
15.0
20.0
79.0
100.0
1.0
3.0
2.0
1.0
1.0
3.0
16.0
8.0
54.0
10.0
6.0
8.0
10.0
3.0
7.0
2.0
30.0
2.0
10.0
16.0
6.0
1.0
10.0
6.0
10.0
2.0
2.0
6.0
2.0
16.0
1.0
100.0
1.0
5.0
1.0
2.0
2.0
6.0
1.0
4.0
1.0
10.0
1.0
10.0
14.0
10.0
2.0
1.0
1.0
4.0
6.0
5.0
6.0
14.0
1.0
5.0
4.0
6.0
2.0
1.0
4.0
16.0
2.0
6.0
10.0
4.0
3.0
6.0
1.0
4.0
1.0
2.0
1.0
2.0
1.0
4.0
2.0
6.0
1.0
10.0
1.0
60.0
24.0
4.0
4.0
6.0
12.0
6.0
20.0
2.0
4.0
3.0
2.0
6.0
2.0
2.0
5.0
40.0
1.0
1.0
1.0
6.0
5.0
5.0
10.0
6.0
4.0
6.0
2.0
4.0
1.0
6.0
2.0
5.0
1.0
1.0
1.0
6.0
27.0
2.0
4.0
6.0
4.0
30.0
10.0
3.0
10.0
30.0
10.0
6.0
27.0
1.0
1.0
1.0
1.0
1.0
3.0
17.0
10.0
2.0
3.0
6.0
1.0
6.0
8.0
5.0
2.0
3.0
2.0
1.0
2.0
1.0
5.0
3.0
30.0
2.0
2.0
80.0
4.0
6.0
100.0
100.0
6.0
7.0
3.0
1.0
10.0
2.0
10.0
2.0
3.0
1.0
4.0
20.0
1.0
5.0
25.0
10.0
65.0
1.0
6.0
20.0
1.0
3.0
10.0
3.0
1.0
3.0
2.0
50.0
20.0
24.0
24.0
6.0
