2.9912889295300626
2.914187640785363
2.7889292615346477
2.1478049707909825
2.0821238193209664
2.4179144887632127
2.893821329866581
1.9048426971443284
2.8483454292929307
2.873675254891605
2.487434043950945
1.9830826954701977
2.958836380903138
2.898003741467245
2.2626053354697784
2.567645735811792
2.40869050897994
2.145558941335796
2.2630920939105295
3.3079077240425576
3.4384919772646843
2.982589972017134
2.896304466137021
2.7676560105506507
3.1825779679834927
1.9601594527439565
2.3000050547409345
2.465619970740615
1.9409177850424948
1.837146441721497
1.6924277128673115
3.8903156437952964
1.897537649343905
2.5283586572863936
3.0210055149636417
1.8385128581346577
2.094519900476005
1.985815954946864
2.1654063468687665
3.047601627511012
1.7247999412502035
3.061917545855689
2.198059800255208
2.4173495533290215
2.360729624200316
2.77248481033907
2.1191011720287523
2.7802822842354935
0.7494203326330684
3.0899386191742226
2.2226995855415725
1.834790578071993
3.1661462766070163
2.7066408779255857
2.9492733469278205
2.7273067663437405
3.0567946500972942
2.154276271692336
2.939117614105022
2.548835830280201
3.1599790306086204
2.7155280189989828
2.788325021803133
2.124465079622571
2.2634184387876752
2.4658335607329307
1.9816894933818838
2.77362881880343
3.3179949289117143
2.508336506458078
1.8080740297446305
3.4134851039200793
2.146243939556438
1.9459305988600017
2.6873210581332745
3.4961703654703866
0.9938708903070097
2.705034448885433
2.1436386563005247
2.695157193668602
2.5314503515425875
2.65447362017211
3.365067139402651
2.398337562991442
2.260081964957073
2.43760703722702
2.045088939092766
2.8678317784011442
2.1848436739116397
2.037015097133158
2.919915001686817
3.055206185366314
1.831879931945113
1.704493346337545
2.803883447817552
1.3786570974355776
2.9062803828325503
1.754813665940173
1.5636559662669511
2.711869163910168
2.8890301001987146
2.5543939168213363
2.854041678439918
1.9074659726785197
2.3436867002200534
2.684235945403774
2.783774480984467
2.009328854663287
2.0246892252745456
2.8280324157688743
2.4196031451376077
2.6120253695312705
1.9922807464228813
2.923136242516636
1.8994534745212783
2.3331487520135727
4.41940116241813
2.190039826146842
2.14112994019537
2.6001653923268973
2.2853431699384466
3.051825373282522
2.4626441067994937
2.7598506031753947
2.678894301590891
2.752536513130399
1.9293131927664062
2.4123676001282917
2.510452197705141
2.7994201842925848
2.0772629938425458
3.08300695142053
1.5421651456727279
3.022755060774657
2.0868500170915416
2.7139474004689417
3.503980841703485
2.323567051092471
2.146696925010657
2.1972742900231244
2.033432659693239
2.1571905401195948
2.9621992588796133
3.9147246796564215
2.719553226456532
3.5046914517946854
2.6004501592509603
2.9498526397550315
1.939777542892157
2.4338741417378764
2.8007454738525164
3.501358773398938
2.6952007052808837
2.4523217866843448
1.5817332167654918
1.9726325707334973
1.986251451532287
1.9746041990864842
2.9939406575167316
3.645542183684511
2.9070691275324334
3.302992379654417
1.8873337591981796
1.8289341471431877
2.1760624600871408
2.2631926571888874
2.5807318548349154
2.3456060502403555
2.2093758550144047
2.65163454995911
2.332743514074351
2.8379715359670294
2.7270420034743648
2.4148717410860834
2.281141343766465
2.5495788866296483
2.7141807634177346
2.6483952335224075
2.386949885723427
2.4739938562062713
2.714911814662711
2.787225116099896
2.9084641919114347
2.773039821974671
3.0443257584904497
3.0384462028238914
2.833615474667321
2.2478242511888107
2.5746739647005845
2.767546447383001
3.101333992200874
3.0888503007944283
3.0349708059046883
2.140777352773654
3.2135568135751305
2.904359912294222
3.2638607395618418
2.924992910354075
2.383086836010082
2.342242496566991
2.928002379480415
2.701831126997258
2.7676814365501565
2.1591168470006337
3.0249973157169254
2.0413584961539972
3.3977498814505607
2.7218130409585934
3.6289130361006565
1.6918484784209125
2.584006450893274
3.4845294359260173
2.3144670255951794
2.890745613493185
2.5194193955199187
1.2503728571806998
2.739846313983235
1.8497895356735077
1.9351661489776315
1.7957570613566392
3.2780100197205035
2.9503217022624204
2.3561119651522517
3.1289062220866235
1.943650896543106
1.9896218592605914
2.153773458379046
2.042289023352557
1.956269536671202
2.6193007704234352
1.6819642330369189
1.8185032011639406
2.734937991549155
2.6433941258971627
2.3482743418288874
1.8652249781281693
1.9959261942623179
3.5146742800640056
3.221874304313248
3.93324765708871
3.380445604636606
3.3896188627248076
3.2678352210186032
3.3679290159139166
3.466448323396789
2.0471414861350588
3.130540385844824
1.8954285544796243
1.6999196379854769
2.3576875372313983
1.6420738339563106
2.0306670415144916
2.400451620829876
2.0872283310267865
2.395758078176539
3.0782487308275144
2.0672467152045653
2.773163604981838
3.2261556973368943
3.2875579011981353
3.415136879589789
2.87882716736248
1.9621297493007106
2.859960399796166
3.131976606633705
2.852796077081079
2.1221216668343557
2.1014449038299663
2.0889184913421843
2.9143098798469804
2.8627893764445447
2.6411132793952623
1.802354284107829
2.013647497113459
2.2645560227214228
2.046366606623604
2.863780799702935
2.721067967354762
2.5967181716515513
3.4896642953630614
2.514651683603777
2.89412688245966
2.5637489028589413
2.2254683555606856
2.602686696906253
2.6247103219660812
3.0738838166937112
2.7457217296898726
2.8471442946695937
2.079535780598717
2.432683280740639
2.8347999810645645
2.203905355097666
3.0695070169741383
3.5606938687257825
3.88066999478779
2.5319437679587335
3.339903712905581
3.017727813739085
2.435765144431014
2.7943584594543838
2.4081655443789374
2.6871306427944983
1.8732284107852928
2.3768508527677024
2.3124730859340588
3.1915079270487983
2.8739116412414236
2.538990672005389
1.9843574466762142
1.965885345649529
2.262386082060198
2.6729497211286066
2.9047740742533072
2.840484962436785
1.9569993747824295
1.7592872036764429
2.130028176952603
1.867697741995803
1.8539302467891732
2.693818075466793
2.571074806938466
1.7890821443656466
1.747006752119345
2.8266659241414818
2.6512156257424238
2.7185963559759077
3.675680017581003
2.803870947923648
2.2716948845956324
2.5429404470407646
3.7605500406801804
1.6795088261020346
2.1254190062623626
3.0974008123438233
2.15891268947914
1.5891052917524058
1.8803177133609745
1.7971985932082697
1.8501909887738641
3.3884808984255637
1.7729131611322886
2.276816959781871
2.8667077755694805
3.44847231645058
3.257712911225014
3.0434666779123165
3.5284550482167916
3.0680078893709712
3.1460525486708093
3.1043062747873065
2.3740090947317514
3.1741545987338604
3.2028691422124274
2.016645262821297
2.8552565398233973
2.9079608743412684
2.545993411828113
2.218970759848449
2.168675567653954
2.3989789424526964
3.278830452186022
2.8921523439451464
2.8634711285354975
2.280005221418411
2.8552634922352125
2.7000638652089997
3.1222085625236375
3.651700541499714
2.6761462263480054
2.4485389912298317
3.3909019793180115
2.1627694665417025
1.8032009874690025
1.946117006658842
3.5069794824835427
2.962725742473565
2.175755153106231
3.20570037346533
2.847015512471132
3.339809821435596
3.543859254996757
3.313854323228324
3.050035965719233
3.0510681567520446
3.1998171121178545
2.9394535811325966
2.7892027161410446
3.155361672968596
2.7156333733211095
2.9921146550201474
4.06891954421026
2.7890936116115554
2.8373315064480966
2.529102942403837
2.9477409497795692
3.1800839274667854
3.3761085899539705
2.8865829889857406
2.2032563320642975
2.7133123298972204
1.7290136226206
2.455211388734002
2.002582432995503
1.9881970613654028
2.6378630134978542
3.1116412983362762
2.303488938669804
3.1100965841509423
3.4027629382148827
2.7551077199681417
3.202289482470542
3.3840026117990876
2.97376826868024
2.6441283788746994
1.7607990604919967
2.7929325645011076
2.4446141905111904
3.070883861228487
2.432875702512411
2.864529645408722
3.9775708560732905
3.369222008648537
4.135570442612956
3.8584643800719167
2.161479015804828
2.8550562563722535
2.754784902015588
2.9581708463950336
2.3241907837991884
2.955620815856879
2.599072711421884
2.0267299434168153
1.691836595544408
2.777733236515624
2.9252834073688465
2.7726304034308304
2.6446566229119277
3.3707141250688775
2.75042605452063
3.0203141971572727
3.0058105760846523
1.7427102230249207
2.963141284336147
2.909684553440256
2.8605786687929573
3.2703085935012326
2.3299989438531936
2.8191326336727762
2.9571570754760073
3.1423296467649715
2.8369724160557164
3.1471065924180053
2.8716442425541517
1.8535982937837967
2.9329235721546723
2.379565931200075
3.4269146772620314
1.7499918353080066
2.0139180744291907
2.7002541862568488
1.5724922141201216
2.765849091659079
3.0800647516683872
2.420832172669462
2.214993288338812
2.3329201016566072
2.581085099401678
2.558091247132222
2.5885667682563462
2.7302688568757496
3.0725605192666947
2.0406022489732
2.5693932062332
2.948125330469593
2.590041827391898
2.8494680406183917
2.808802515314161
2.773362360876182
3.2466457151607013
3.5963723325656813
2.926117032348018
2.712038269401175
1.9800343767869835
3.0845041625300302
2.65619542163119
2.8938927090412028
2.5067447612152933
2.6115875780238675
2.2450068361506466
2.756955534936446
1.1277313255567274
3.8123732142435522
3.421604428426604
2.455789269511234
2.513813519576224
3.030387801799143
3.6586354503133993
2.2128823325844467
2.3389565135966985
1.9214686952654783
4.008603472658363
3.2052760333227193
3.1466089938410624
2.7896536738406805
2.9262369302392894
2.1514313813692674
2.9179434027058258
2.5714726933214553
3.349978528022019
2.344543899492873
2.7674232615066736
2.487840883488864
2.790529971731532
2.633493150052457
2.2419874344740385
2.900422226594541
3.2302010277085866
2.4082086903807456
2.779655146895728
1.1323938872713093
2.881637507898202
2.657492403740676
1.9565823049904347
1.7801103983968933
2.2981167675076515
1.5868353930982932
4.195588638439526
3.0155072463385153
2.9496464409609846
1.7922423312369324
3.5271084102951464
1.6242398600680732
3.103484765925595
2.5720335921292126
2.8172600421309966
2.558777208458804
2.0372790084166796
2.743354476180258
2.7119244077392164
2.8838951070884282
2.5184538330408666
2.8441138657107135
3.5862283654100184
1.9159702385016755
3.054512372483149
1.8119087954912085
2.3749893911390703
1.9804151171725393
1.6726196877865933
2.565620918109558
2.5637921678377356
2.413379818763321
2.593154632074339
1.940432346276677
2.324947546278204
2.391895827383074
2.4333694271922375
2.756004473092352
3.2473402331817334
2.890053710290512
1.9551801939900693
2.367845377998308
2.6009875590639395
2.465894549984041
2.5249560236533592
2.7916304762415196
2.53072489583541
3.046902939001682
2.5273107800680434
2.5302895608596567
3.2438379386334635
2.8473744933914586
2.5736338761572566
3.259505525155145
2.787531284175744
3.07308743066612
3.1513568221048907
3.1298641893728965
1.3436607838039012
2.3593651180370947
2.9477547361352094
2.6695170799542427
2.422164306201723
3.4544064968380583
3.2679975303817477
2.7626105058990196
3.204881546046513
3.328678926898979
3.6008380589796625
2.004030569616574
2.604921485454498
2.6130215715927125
2.8998690365928708
2.377699953231745
2.615268611122918
2.488251569728379
3.0209778263745233
2.63230627525371
2.3453916550131213
2.927410266263994
3.5179655997359727
2.8433934185298724
2.965026216571334
2.127726451603103
2.0960735316981247
1.2675080360617268
3.1801496712998647
1.5539469804883643
1.8938399420604162
2.5697075902422024
2.691713436448124
2.000813647237559
2.8867351057954656
2.3438691211948526
2.5849386366894342
3.8789030533889965
2.2292192261670127
2.4543799734757217
3.209796659452821
2.8678686312539683
2.748483309707698
2.5265397254591093
2.2218511776622525
2.095145055227694
2.3169930161878187
2.937867902421814
2.005978931626415
1.8257789010654135
2.970856927301143
2.3792347601312276
2.4812258890349046
2.5918146442704284
1.9723652394678575
2.8877623966909267
3.0238840565893677
2.461481053820376
3.021880140047153
2.1769616265337506
2.5613849831047473
2.4519627328157325
3.4366937694152675
3.0823000177582274
3.630649256314265
3.122048586865777
2.370730003870694
2.0945980730029623
3.0905426300095487
2.668779087876975
2.2488886704740385
2.6929607245114457
3.127701171486439
3.738596772412246
2.6961864265646365
3.1358650305719653
1.716182309315253
2.7273780445230558
2.45260043651683
3.619061559196088
2.902605047447643
2.1954597279374717
2.194305272686269
1.854013488977885
3.0220991648312694
1.748542822533417
3.0484375712443983
2.0781967003732196
3.639358678667759
1.2750733313467972
2.4443077988402018
2.839248053686167
2.9875308765908803
4.327070413888297
2.2671613782736966
3.6669969435127494
3.4982423836337357
1.5772091790850744
2.6333436593365827
3.8540375113032597
1.876752664700858
2.435458680060978
3.0182715198367056
2.487889572848023
2.0194335466939033
2.371374626713305
2.189098265678437
2.649538653491696
2.5805686491398996
1.9261687335436797
1.7946923871318312
2.6575196845610733
2.558689761662027
2.2800286055201378
1.6226566993457014
4.247847752093732
3.6680246462096795
2.807482854459953
2.2408302956002184
2.047529089800551
2.2813477165286984
2.047529089800551
2.302811790269202
1.7499632159201841
1.900352855586607
2.673428561216587
3.049724301593883
2.818568329812868
1.8907217617576333
2.9667863861674824
2.8856062179513704
2.484091901075265
2.096792515792562
2.2690786372212512
2.446507360359762
2.6517555925465945
2.3656055691071742
2.6769819414788536
3.1104004432450303
1.8901280511494618
3.1424792496409073
2.194660500333953
2.8649817269837037
3.018740547999186
1.7505959327812501
2.2465724430151304
3.0163487047969477
2.96013564833757
3.5633535761307917
3.0409412224224197
3.475200823180325
2.4732438209819696
2.3571149140908476
2.5169309270954936
2.3035581375897385
2.825369358674833
2.4193346079595637
2.900393493420403
1.4823136145087763
1.4562411407436198
2.2616088846082585
1.884310899225983
2.8162107035656034
2.368667358225754
2.893154687801628
3.2506670024629116
1.9221599071669155
3.1764059467262706
3.5901461688541785
2.141167645106897
2.482701999419796
2.905263509054034
2.362043122519471
2.00142280284372
2.3022687077854904
2.865996165369812
2.8435363767560853
2.0043348338796756
1.7841017059448632
1.6066124230642818
2.746819998537013
3.1150159994061974
2.22079596569397
2.4553359110207116
2.823636828022731
3.6708993264716536
1.9506988854781655
1.4780457637162399
2.1302388306287985
2.707372691649059
3.601831138618186
1.7535593590794836
2.2210667175927368
3.629539448516697
1.6248318888348676
3.1648990732385918
2.4436397453933068
2.0056423998810198
3.5190070859851357
2.994959286718296
1.2972886741884904
2.2233423026730743
3.079017747179683
2.6234030143974136
2.2040306302551698
3.0915786606160145
2.3789356918149496
2.2054024025058316
1.701830359586581
2.894047068573717
1.615297796171364
3.286392166469428
3.2839525205153683
2.3179164486645405
2.7659458230664535
2.7386672151441576
2.506952029279188
2.9998156135428546
2.7618492954041014
2.1190528372539226
1.9018189487671229
1.9640785655951827
2.98539574691179
2.034668443702886
3.2101381825261512
2.1318961253734368
2.9271132020487434
2.3868371963551773
2.6273124957942517
1.143666421221614
2.2166119236718465
3.377240809170912
3.032719658013842
3.525167496050402
3.334091121666463
2.092862828743045
3.069387461750874
2.3979388760391984
2.5720102541528487
2.751354391207991
5.003773653280776
5.00029595039194
4.1381325395071205
3.1215155023493306
2.803253749923494
1.8721325787597771
2.9148019730331436
2.086292702519135
1.0035564125594247
2.063862420345813
2.2684420550300333
3.5965345884991966
3.522152609160839
3.2963851096438828
3.9421123974112007
2.647895258354234
3.0434827709577528
2.0300173024474972
1.1118967600514251
3.0534324017535326
2.00259099973699
2.671370785572578
1.9021148833652342
2.3761332688085064
1.5377685744828136
2.012267893850607
2.1066221879133193
3.0037624086685737
3.3268693078669473
2.423091399778475
2.7627693372913433
2.581922875100605
2.877228942482473
2.235012162886248
2.041318808302932
1.8680650825780774
1.8878812010529138
1.3107628546018484
2.3952035543605765
1.686385481323785
1.534243743754902
2.8385386188001984
2.6700634073509053
2.3687688137173093
3.200371134925297
3.0439266932607687
3.4916711341646485
2.32767587444815
2.113725089341161
2.474731461549259
1.683087923885654
2.444809188605855
2.4139562739551046
1.1372608298438258
2.365416500421883
3.782031586031528
2.144845757869275
2.9943682674728964
2.977009042466186
4.027638505496034
2.786070168943134
2.9483273566829062
2.633629107371724
2.460801772951812
1.5833610821754178
2.5666161423131344
3.2135185709302263
3.7433259767020983
3.237884640164495
2.5786900459569013
2.600644368397867
2.279250458771882
2.3037180688462793
2.5504178715036585
2.3077891153108236
1.6892380406347642
2.2934545608060213
2.9310672143658976
3.1214347401947444
2.818242142954999
3.2294170531454065
2.4101450580775414
3.1140458214938778
4.5110471795838425
2.9555608245786376
2.632774281414054
2.8562762705749813
2.2804766041101785
1.2491176214831325
3.0493635810335706
2.877510686848192
1.6650520778747118
1.4402497384505208
2.476639903544302
2.405577405239921
2.8508738274120122
1.485751920993645
1.8199006998272838
2.9070942139373948
2.5458939902572593
3.44194306838942
2.073596979587924
2.6516279896047603
2.9249460795186923
3.5409097452032414
2.0876351312157286
3.0130861326962557
2.0554757935701575
2.6940242053803862
3.4006456071627285
2.441587464427659
2.3948689555928633
2.5786018749918176
2.8820348536951266
2.255126181185667
2.3476548260517482
3.8519999153335758
2.3825703667495706
1.6256051977640498
1.8669236332012407
2.8333896188481495
1.7267806920772166
3.7824110286573567
2.8078232206501914
2.8767889838476313
2.860997563531822
2.960889919553882
2.425983334906071
2.092799725032573
3.8687573245619364
1.9834679529445383
2.406473441681116
2.2288350808192905
3.2016658761714467
1.3290309655384442
3.1575646932869925
3.3393166505035365
2.7767384028547237
2.995509472937888
2.0427071944057946
1.8189128795799059
1.6655525812235321
2.341477939950124
1.924617644562283
2.378037330692802
2.2641607147881313
2.9609332973036864
2.3937901661304033
2.6481863793297613
2.016371229995732
2.6013139466594493
2.116241529552596
2.922576307407047
3.5137787387865362
2.036522677113534
3.2289680242868606
3.3764895978099005
2.403802104093063
2.531404649051792
3.3607904194473175
2.9542100369280395
2.472788699063551
2.7826306221685284
3.557215277251651
1.0875280455500913
2.544912447849109
1.8580691396347333
1.66359741218459
2.6380267344387183
2.2393935150970856
2.251385432165425
2.430435254816865
1.4151593807576308
2.103853955995012
2.566779023681375
2.6975515759337574
2.74604716912897
2.5520665288106676
2.6286366132837182
2.7639874362246233
2.8027844001249407
2.4628178628674404
1.6422837580656195
1.5622984369791608
1.0022676211151242
1.6755430089331804
1.1051088470599708
0.9998099780944063
1.5622984369791608
1.1179690354481457
1.2244614105656013
1.1051088470599708
2.7967883691928868
2.9977220762986723
3.4085199657053122
2.831369770482207
2.3076312165644017
2.423470634263536
1.8483730112098928
3.0558602160368045
2.7360109445203977
3.0862637886364657
1.6750756118530779
2.628555402621245
2.859455173046738
2.1719154267243193
2.9878525999565713
2.50670072884555
2.1519226232889967
3.297708574445733
3.1637921938287423
1.6926585620241832
1.9008130102999916
3.329147731762922
3.4655866048699844
2.9815337119490257
2.889395632263974
2.321600148186656
2.360793252350057
2.823852988750883
3.261489901630017
2.285563092891737
2.9658454097033533
2.0622160939186984
2.3541904105312508
1.8400999875573025
2.8939462827526063
3.5927118911820175
2.469577970157179
2.1790934893123857
2.9733971156481624
2.907720906053944
3.19876654189013
2.9309202327534214
3.013916252734189
2.239905803201919
2.7328003967083387
1.673233936804508
2.215274270160622
2.755904465817351
1.9869219919418213
2.978684999961556
2.7735121117640085
2.289238250351985
2.4965076027428394
2.5563604173025167
1.607932140398344
2.3701284384919763
2.6216772839194524
1.9144779754116357
2.1535432230207565
3.581743117710713
2.454102412818667
2.8763147655879804
3.004673435678161
1.306413904460158
3.1486826546498174
3.1824990716106782
2.1080755944350633
1.7719088297060641
2.025062656985269
1.0242325154711518
2.6962009383052274
2.168087690170545
2.59591307536778
1.4322986819862669
3.0917392283316536
2.143933651541735
2.2930522044394137
3.0592072774440164
2.1459881329407264
4.001402535727385
3.1549621688184595
3.462597782031388
2.430369536343294
3.1151696876890274
1.9655216995625566
4.136248366326313
2.353231560458493
2.148111771544982
2.2292232030690236
3.0871203790702784
2.7146885192675705
1.2163302256981638
3.7499328392827906
3.0030113192485164
2.5237661749550733
2.696302793767398
2.4043084121517935
2.9396374820384494
2.5405856108981264
2.681160477695795
3.4800867949713075
3.758274800652261
4.61989139650699
1.9849350768295217
2.103345073888132
3.0672196562686125
3.235977032591438
1.8964827131336026
1.7287598379816083
2.6941864187644136
2.5659363379742794
2.310976533332625
3.2181580663392335
2.272140765989274
3.8409932482861615
1.7258166955918135
2.1344356382023766
2.751655272796663
2.2637866162180287
3.498807675455571
3.5231952582959605
3.6259899517041267
3.811895707540362
1.7731430150722798
3.657299145594232
1.5958007982900282
4.325389695072078
3.048155786485184
2.7771815431064706
2.347788492570118
2.8878264744293864
2.9391669240327354
2.117556071591986
0.8658438586142485
2.844779090275166
2.817747737499594
2.764486029491681
2.8032252551268955
2.70952468014909
2.1482909942059196
1.4324911252219454
2.56851813101125
2.0640950582854813
3.023654421411808
2.3498265494461235
3.027874708999118
3.198199983331887
2.9564355971654734
3.590433381458241
1.912747312058227
3.495788759175346
2.9933228917260335
2.1029033774538473
2.527905334722858
3.0856625740055277
2.062202328823675
1.8475746498739802
3.4541669876648555
2.988160427134683
1.961314213624329
1.8866823036751832
2.4201184620193046
2.775583085780299
2.53350840673328
2.507617665477235
2.84028399951761
2.197926956509413
2.8507820474194134
2.267896071626019
3.302739053852814
2.8971254853300032
2.448951989117367
2.275538022423512
2.9068334259880806
2.288582725098798
3.165523064263635
2.8534025852746554
2.649028192308591
2.0821610150179013
1.9298553320458656
2.9634127070737732
2.4683084473610415
2.4951328616268733
1.8431895158643057
1.8193129644573507
2.0157482722857147
2.357081275675322
1.6120830456898863
2.3647358479403544
2.8435383880281724
3.3712040964773267
3.3091016089973273
2.4304875739072886
3.066834875308334
2.5114719634332547
2.6941901687032574
1.9874265630281776
2.303986102402858
1.9407058213913215
2.676089006786291
2.275958745275011
1.7171366608990262
2.849812718368551
2.5481009139281197
1.5527454870070514
2.0846800815193767
2.174115947194549
3.261138572000291
2.2871848947721927
3.150727693098003
2.8199401611445354
2.550760934360709
4.007863059186289
3.233523149564673
2.9955897391998243
2.6782496844980863
2.946879599243081
1.923302463775846
2.410633817468807
1.4579646100780943
2.604086428409306
2.811275329828933
2.336423766057258
2.34266422483594
1.9121810568047823
2.364174822036641
3.086859254811027
2.7347655335680314
2.8439600743325784
2.5793903929763444
3.2355655116012096
2.2899520495019123
2.4667777560273563
2.7557692531296096
1.8388063084623192
4.154895418421592
2.2533010355716834
2.6352144571009988
3.3345897949498715
2.3251307640851597
2.2385984049419525
2.4027903783200943
3.0683144142343117
2.9200424621496053
2.314598759333631
2.802188601957873
3.1150128308167897
2.3693825573704714
2.484053518822964
1.8527798743269135
2.5881192585759516
3.1643045432965553
2.558617770932072
3.185887909864121
0.3306812454012491
2.6801520227114537
2.4233609693169567
2.2389516040463455
2.940048146587041
2.5747024354186117
2.071626605518577
2.4919365688874393
2.033586480654965
3.1017834850481907
2.7189268725132267
1.6631002446065164
1.682686410509978
2.1159574840500834
2.5266751985589853
2.0612983738656574
3.500092891732415
2.214668922463378
2.580787628838216
2.841542045675112
2.3907882234699964
2.5204711847737755
3.2555466965659177
2.5594760481628116
2.5676969585725833
2.1760230342385207
2.1404412031132627
2.033222905471048
1.9019681922730556
2.5370212987865544
2.9823767594676864
1.5286799005954532
1.0581768723971048
3.539573595496114
1.3936609202055141
2.4487531942767866
2.3456959876842087
1.9953591886242024
2.4387213169347626
0.6396315631828122
2.79855180481597
2.538157233379825
2.4961644383651858
2.841562795394551
2.8062210899070164
2.416721298806392
2.7200430405979463
1.8920787437179467
2.3662820078979028
3.086901956789096
2.433686491024983
2.5725992012780354
2.237195426775338
2.687127214601956
2.941410012190695
1.3974028523934898
2.4108827300316378
2.589201987342848
2.6042340399719635
3.780839094929857
2.4756952679972204
3.495891925396647
2.1692063569181066
2.757051699503351
3.0452202528078227
2.263425209677639
3.1450559522163166
1.5041569531782408
2.602243166259447
3.255844997107418
1.378678461873517
1.5247377000844773
2.8060068202479043
3.1150991269820407
2.42389331673672
3.5658203191234117
3.789979603871985
4.5286021821591635
3.023419628135729
3.2039232968301032
2.351203856155867
2.34825309355384
2.835792459771397
2.2233448618071234
3.091315750600746
2.617158695446173
2.6772599901594507
1.9144898679416513
2.7099250941355466
2.4623458963912497
3.1353065638875623
2.62370425694811
2.1642022824479037
2.705048310354228
2.59505734647999
2.848428551148965
2.6678419436682517
2.1736068778575546
1.9237911448882457
2.7587932676522042
3.392577980675237
2.811935219369071
2.5142027533556885
3.4442309047097353
1.916442253163865
2.818614850060332
2.0747572273861494
2.403982160643176
1.5050516634891316
3.130917704771923
2.703790753599064
3.3305109322068196
3.2633378011738916
3.673907518088968
2.0564550851143713
2.2073653229618087
1.924758762335079
1.6415247338660515
2.6132816708044366
1.956375649706387
2.543096136593263
3.1182876654149485
3.765449176612721
2.5312661587040206
2.1157527903667184
1.4170414567848204
2.633797844286926
2.8743162020355078
1.6927361478232974
1.271856697398579
1.9738592894307576
2.0422685891836454
2.64645713658295
2.076136999539503
3.040163679159603
1.4600705368824607
2.5818055216550597
1.9275453970475833
1.934656858400297
2.031431133631626
1.8982778764016357
2.2463635277540073
1.6018624453559418
2.291531754061247
2.2815129940375205
2.2298896278794857
1.7211514890205715
2.2109337149436565
2.091630860283352
1.828898917136978
2.5042592174236225
1.8652601780184983
2.852410813612549
2.6563436151301305
2.8867726655383734
2.0963469787423827
2.578518257556123
2.3507515625520363
2.1796291180941942
2.1310584848320233
3.1055383633172466
1.8748906401614003
2.8829260929079292
3.5716784466192273
2.9646782898928
2.802944749484171
2.161994106741898
2.709942641690264
2.572844401410948
2.768637303162512
1.6868631172710176
2.857881246977562
2.565581153331024
1.9304205141745416
2.599987533944733
2.4177837096191643
2.791501918999015
2.1950636750107533
2.6820879973809877
3.118100873333113
3.4670897596901975
2.8026102711397183
3.4846772498081533
3.6818374882813023
2.4685302069140334
1.977863336431425
2.7175399006628838
2.219622081889471
2.1362189288104467
2.080284693823528
2.8039898957956577
2.2326128877939158
3.235043747245977
3.419559182626922
2.9439211350872077
2.445197289986282
2.387752991593385
2.973352345115459
2.8163781596353554
2.2890188567791516
1.6577183980769166
3.18759429680295
2.2097581819287795
1.9638561820029894
2.900068379356052
3.120745351625983
3.600622606915765
2.166849776491359
2.8101779554238346
2.1144367005905473
2.992535185144634
2.925827108057126
2.659208087705027
2.673445593672491
3.170902493796391
2.198091328043344
2.858176326780368
2.3401783254087727
1.8866994108437816
1.9609662054084183
1.7136587777976988
2.0091117697831247
1.5863181548850036
2.5987793434725637
3.323005228072007
3.0076246698666704
2.81687050150168
3.788372287517886
2.6113409428813315
2.838558311188378
2.7834344295406206
2.977149614119294
2.6860165236991755
2.4036113008332984
2.3206871965580262
2.9847775558483187
2.0697610214315367
3.283902665084031
2.468727600431437
2.031306339032167
2.9104443784584646
2.6143301429769403
2.3471005990226175
3.882162313987842
3.0859450622010254
2.8307890991367506
3.458824385855168
3.343475643460022
2.1071902007107735
2.4623305980558374
2.4346148282841606
1.5617977219479238
2.913719244033696
2.9836036432103357
1.9904592292667853
2.1264241197980014
2.793980331046201
3.27122861414629
3.0941341133312443
3.1880885248135225
2.9275498604602106
2.5282383713453638
2.623942395207843
2.4739291059875685
2.596487839119715
2.947116762512952
2.649729801323438
2.938049991087494
2.7396821509682434
3.046111469591989
2.5973077748679456
-0.07389855478646545
2.0452849764469843
2.737912238660717
2.4324515262869926
2.4087274374167773
2.8339860988466565
2.4854391053804914
2.011074495823756
2.1158424445287243
1.9044591059237526
1.5494835574776138
2.39347996492094
1.810396516439695
2.714840094813579
2.4918524929306725
2.317586038192268
2.9233655801950595
1.4703591388127473
2.3296093922337784
1.8324199276109805
3.1083207337198084
1.9144821888984809
1.4010990731583635
2.131020206311454
3.1892795585143165
2.788016901265225
2.799926148334563
2.688897254877369
2.0451713366177735
2.4779193308464498
2.317276091988624
2.059049940512579
3.310842432486948
2.877418246610896
2.478334320316073
1.6314985163985842
1.9906680380865738
3.063108117465972
2.675350814100007
2.7978515121738337
2.870594730982426
2.2759761289423057
1.9312178199077705
3.120189674298354
3.4929893130022154
2.484650920973616
2.6769687355323426
2.5560031570466237
2.474658199972505
4.0481024789114315
2.3806797483470366
2.4771647802668246
2.530424780286065
2.4788816515115593
1.8837558792825662
2.6473754755650485
2.2227864556441923
1.4288521302052108
1.9870601310646316
2.669718886844747
1.9681028310216755
1.9876168161802106
2.0115631146462025
2.141431124788365
2.3035292662784106
2.9832944826711234
2.714236362262053
2.692904687861594
2.1506795834683077
2.2907088514027896
2.700594613692156
3.012737056708704
3.6803887885148745
2.6469568485201624
1.4622479088832625
2.3475880166106204
2.3778494023419356
2.6789066623564963
2.833088375288198
1.9689923166630916
3.1182519424674826
2.2634902210366272
3.031668628654851
4.11498397589295
2.2654263441749807
2.5070889333807216
3.088584689088883
2.742966312703528
2.6162437568042805
1.994950460342008
2.2692225307472773
2.4977277235692146
2.1444466334029793
1.8864365451480791
1.9314956483437002
3.267081042746314
2.532917553955616
2.773001680739182
2.6669034324858067
2.5051531287612137
2.6596221227315815
1.8180048566819178
2.1476732830764558
3.0491314128219336
3.303742752456042
2.8037876752699806
2.618897997746975
2.046783955320561
3.1469151715952455
1.8570716166556476
2.3201714759350307
2.9420412679166223
3.313807747416471
3.2250638504253817
2.2354359516037325
1.9586687799719698
2.892565253199569
1.9509893517291161
2.5398968947589
2.710015012960984
2.857748740844869
2.7028039361311933
2.212953960108114
2.2548004714892875
2.7168574745612646
2.002026074783617
2.629950997654834
2.2606382868138724
2.5279652353405258
2.082399503842178
2.4691451343636053
2.2831223491394805
2.0663779324665734
2.7307737964277696
2.081197910024109
1.5062065188026192
2.8149141601304213
2.449172902176959
2.1436575448534048
2.427141598094085
3.131981721503064
2.8231003087930033
2.664108538583588
2.8740458972231604
