5.651783121023171
4.784560058759025
4.919878950551109
4.979151614858519
5.278509884802869
4.199763534527633
4.579311335126663
4.899750856494328
5.351225021458209
4.5839163121430415
5.292966215999754
5.209321570373186
4.852331610161624
4.6269250935908826
5.32341961086647
5.1071100922087105
4.768716279514847
4.4752917095945755
5.35374422647755
5.4696340998815085
5.173525568856311
5.273913807820827
4.996415793007097
4.929169230622903
4.802779411567533
5.303999028704329
5.562941331801951
4.973946676255076
5.341261530008879
5.158303890227191
4.977455172412542
5.070645691967707
5.163223659105816
4.584279363009846
5.18946235952324
5.040979222834913
5.12062096250654
5.106460134258118
5.292818058057888
4.903847751340938
5.070416366182009
4.7755388082140104
4.94898549013926
4.9352040949350195
4.928055680155401
5.044246344695684
4.584691576929918
5.428104145233906
4.824177050419774
5.611809409456327
4.692691597877439
4.5828873913730135
5.003211833259455
3.6532300729144995
4.485213748746383
5.273381817014199
4.881601675121921
5.468644696451744
4.243773062799827
4.496238000285848
4.890186278799574
4.767168412750463
5.307059557120519
4.9713905552157875
4.842104752998342
5.37621517778147
5.024821167051245
5.175891807488359
4.682722636134446
5.185639077934832
5.2868004096042425
4.10413516729483
4.636531332753418
4.957660754778528
4.902157581520062
5.117629663320254
4.9122095650035655
5.15987507814957
5.081720418529841
4.966403806561761
5.03794745876839
4.867682241457095
4.654950634412844
5.111249083807713
5.341160279430986
4.594729577594143
5.440519551603536
4.660179877727693
4.979317837476022
4.7976124921460706
4.505354685068689
5.005033092081341
4.0391319322436345
4.875751617957793
4.896924605547859
4.719897154795184
4.817416016718154
4.681856335624221
5.249810913718155
5.448994270209045
5.302782064310216
5.106509608648857
5.138826591828348
5.3027179431997755
4.744501726507723
5.173663852917397
5.1582294929758294
5.686011708535097
4.780142259519941
4.481184604228135
5.119587297100908
5.183218759661183
5.248423371417299
5.125336228452377
5.212082326748282
5.244482887414895
5.180066699322044
5.064520424606918
5.552135728658026
5.2148668589605816
4.250964226257921
5.219038153952411
4.5366755453321215
5.315018795758782
5.2972640126187525
5.147665446060067
4.47320682460874
5.216577094934949
4.999618611061574
4.66319191899236
5.185911757766273
5.32890083566155
4.914900827923766
4.685112927353347
5.121020066608139
5.420835870349724
4.604620250087802
4.803747532588683
5.217262411854338
4.4866001346401605
4.452042839744796
5.1856691636141825
5.3391751111302055
5.354237388644553
4.8896347574806045
4.460878349362746
4.604629210986391
4.889715217640937
5.146302419032473
4.769384716378379
4.952470572059229
4.974914103711754
5.098030937872233
4.565488965654276
5.212742554210168
4.434671098913697
4.451409155964896
4.539318723426845
5.360082869300476
5.5098904928890855
5.221499629763956
4.500621811568253
4.784702668432304
5.296630710152559
3.960092179132713
5.516979946289602
4.844587143034504
4.919086110256091
5.04445354541669
4.787178559621831
5.088575263059692
5.998031186934497
4.730242254592912
4.917484196008778
4.813213074339442
4.365308429470405
4.8761110259386875
5.447357476736109
4.8508820462214235
4.281381629216922
5.032192863984848
5.506911852917828
4.735226125091914
4.154823925226204
4.40817211164483
4.585775437425585
4.434841801756971
4.083990787976539
4.617748736696157
4.815508991559524
5.1975047701707995
5.2259707041417975
4.704386577369859
4.947786958613355
4.769758295487302
4.975670345930117
4.816972663790941
5.517410423162065
5.001624021407485
4.846603613490265
4.538435228827362
4.982581145148447
4.602390902498085
5.011878234848368
5.071245814847393
4.77845870510043
4.833874911624919
4.440492067463402
4.6151630460334
4.897839167395742
4.83416253967013
5.562881562111563
5.064426448606611
5.108194793114273
3.931430131319693
5.3035863887337955
5.129703444203385
5.03903300730779
5.165415835935197
4.701055076212986
5.212173312578052
4.871430881399648
4.960773325617762
4.658015647021853
5.335890746871527
5.042535132677351
5.253562561959965
5.088798604713978
5.231583079472401
5.015155786635191
4.5934633890944765
5.280055701847878
4.790763989365156
4.668088752594155
4.759630793876546
4.933455301733739
5.301223179771296
5.240627120064481
4.981778844575039
5.195054730902702
3.7607116792518607
5.754379051032389
5.319322098781421
5.441231760761233
5.2071437264352225
5.035496780712392
4.570201091410918
4.77523235880801
5.01602863919471
4.347990157223078
5.021984694953895
4.713349689879694
5.067026875596328
4.924612082104501
4.464184854714855
5.256331408546416
4.926411437312986
5.084094560961328
5.02334030168305
5.322958237520131
6.170520798203795
5.19768069767205
5.026571175649707
5.207953639045082
5.448127479584839
5.156132665399277
5.0729278040975885
5.365326712974612
5.2203309756399205
4.040961779175885
5.021122233822844
4.660139256552155
5.477445860551976
5.260665995461638
4.904200663972541
5.4580639096768016
4.993904783946195
6.055815115750413
4.503901424787391
5.269688901846755
3.6752671878122105
5.099893991280616
5.167003244093361
5.109376016740929
5.3628618655069
4.835804670668491
4.981089771857061
5.137500717858737
5.2173766353023225
4.934384493145509
5.072643964835393
4.948708993722872
5.101456063106928
5.035973837880413
5.115199933491081
4.719977833549884
5.0683903805081565
5.426671561282385
5.156387450775685
5.319496392675041
5.480386876138125
5.121979487596935
5.34681976378525
5.239681796843358
4.953043503385509
4.713123276542816
4.705356467198024
4.022965724294591
4.893447981133177
4.9078915753422825
5.043921847015405
4.103907215590475
5.031708894402008
4.93872834174935
5.336793390972201
5.052850200093015
4.619763228009812
5.232792738782361
5.471070493357967
4.9870157218900895
5.143987992891837
5.088180572743848
4.897180566693504
4.99859990111883
5.523889734659901
4.321996573247501
4.7996715669571
4.73245997890636
4.8618227756169015
5.324245066022276
5.730351546105685
5.166491296153255
4.601061519877786
4.723620385500241
4.212315428238482
5.025894691675276
5.645945716827123
4.471697835771758
4.204089103647375
5.070789311976794
4.9639939794579035
4.630765683736373
5.20939870568653
4.684245041597885
5.118891401024899
5.216477501243579
5.070831669563807
5.968719696689827
4.7138418322446105
4.849109639757077
4.367037988357084
4.228368461302719
4.81164385517287
4.881260598918249
5.46985636867663
4.428601435038119
4.675572569577198
4.625607882006168
4.66941441517391
4.952691014127779
4.806950520690858
5.214738629654105
5.363054826561356
6.067461826362856
5.2413475678739205
4.279883938983835
5.6342741302730115
4.8680862498813875
4.393561077276331
3.0755337736649393
4.47628107364945
4.821721328351567
5.094680504127054
4.699659816549079
4.78148611743293
4.5813263459410365
4.4826543178730756
3.9601088689491384
5.3980638074725515
5.440196808817607
4.726888529800208
4.970243917983911
5.78095623744515
4.809371682821991
4.724592019591836
5.259111896684032
5.178640525992718
4.260762081308968
4.714786264809555
5.369556947291223
5.284886422276198
4.462035756001012
5.3334239643580155
4.622587420167008
3.718020824822594
4.669910190879983
4.4295194128494515
4.75971654826688
4.790473965048179
5.257644964371638
5.012172609180944
5.107451739554013
5.712948429247465
4.782205819827834
4.996987662572944
5.011403700092133
5.055289519159383
4.4830207156151785
4.7071571685689015
3.6318416968648624
5.439701648534406
5.007553322011329
4.895542229784697
4.744997425093187
5.516921611324816
5.986489988479736
5.047091977732515
4.920586751417764
4.612581790923525
5.350174899967097
4.909059022721979
4.694128838996614
5.318406149982725
5.699000861749302
5.437224229918616
4.804456763709524
4.155607726910388
5.395005839228483
5.252915443709897
4.059968617999826
3.448949368885768
3.4523567327589424
3.6340161169985112
5.261753005116646
5.071960446066657
3.202453923215133
3.163561466246297
2.721221297654968
4.932195693382481
3.8823374962618846
3.4480403187342814
4.22208892511612
4.332386782051042
5.452808153029181
5.157759232856909
5.4071127026946595
5.013327104855701
4.700414826983096
5.290024150924655
5.750211912006421
4.483516347953102
4.959598186688895
4.823334627360077
5.071806065688627
4.163522193563329
3.44532083183625
5.1866742336399625
5.1872779231430455
3.9746241105838345
4.9096031772344055
5.285586277869577
4.728613352368608
4.110637993797333
4.934830052065382
5.031594151199608
5.745464160260139
5.2229493829981175
5.210475114837429
4.409711818411938
3.6279730393384035
5.209081252896537
4.700492497024557
4.447864848055827
4.1283950242402065
4.764928345925238
5.009987771325443
4.28222924660012
4.899614729277912
4.910341670531133
5.086617180647577
5.043086828824871
5.0086385729867
5.058793993512325
4.907115050289768
4.595354153948156
4.787577317932599
4.092068843549473
5.493836681656132
5.945031202796511
5.236592765278152
5.012602200526185
5.1630375941326125
5.268534797265252
5.7638033213633255
5.051712803490935
5.249966531744409
4.410849856431647
4.9401151189044015
4.801446591277007
4.743148120913979
4.960002736252622
5.20133766339334
4.685174245437237
5.134219853409126
4.7067149528991115
4.992303102925392
4.979551980335852
5.339655314939785
4.0797623947628
5.513150977596313
4.839329311841813
5.044990976601625
4.528082834534972
4.972638848849101
5.430218352330455
5.099077614593422
4.6970495246183805
4.922792128993725
5.8481814795372715
4.998383857740674
4.725060142953669
4.9482846135555745
4.795884120981556
4.544290203218368
4.329553274383268
4.256411285394276
4.994686486470991
4.739551285102668
4.081605051088709
5.535325617975824
5.408367713795892
4.9800546593184665
5.590387880472544
5.196068055321306
4.534837351110207
5.130286224716557
5.2026254278424116
3.893283923374791
4.1642776394591845
5.050727181338761
4.9588205359792115
4.769786621823819
5.85297830279992
6.019949028449895
6.05419481335097
5.362508018861381
4.87978137546545
4.312321375669166
4.644127041239967
4.860934731495641
4.807314842961574
5.201530320039978
4.902271597029588
4.759253693916549
5.282046238337021
5.059893272327277
5.153229042646691
4.709579990360915
4.967597928234117
4.442057080885861
5.014197980255557
4.742884173586931
5.195936058663926
4.999172851298654
5.0306777257963065
4.720673258721986
4.992239111591378
4.539518898937831
5.012597317955792
5.493615770237831
5.0244751877406335
4.859850402654113
4.439668402614681
5.407302163774894
4.73678527494533
4.602984946454414
4.9876538204101415
4.870739468967373
4.051786214679885
4.677254792517088
5.427004158127234
5.628879846024031
4.4761519390325635
4.96481853915939
5.249587090083594
5.468408896251673
5.380331008288402
5.270833928910207
5.142447811912852
4.621780507691182
4.904538084250764
4.665512295217755
4.004646414141807
4.858377996791687
4.18258735367787
4.984172211108199
5.322425076522249
4.698119617001038
3.651300031677528
4.668214491140366
4.916764603256203
4.927101764700286
4.338041018888385
4.804914737193856
4.713027214342818
5.30581134522408
5.007014999308126
5.256726101553818
3.754491829941128
5.668464713138476
5.153846766912327
4.4106126792401374
5.30783749863877
4.841401338511631
4.926661743608388
5.386803922730977
5.159703533550321
4.381228873553488
4.6923056666446525
3.8635156658043814
4.996706841808832
4.362870462243844
6.540965299039818
5.177000604809772
4.850039999048989
4.9633378381375115
5.245535864961619
4.452190500797579
4.961280110739631
4.7123264119172585
4.990782310790684
5.318368633720426
5.3504419987815535
3.7058770098736646
5.269456664418248
4.821853986960999
5.419266478205815
5.230052330388214
5.284133327424296
5.049903657535611
5.433408784677596
4.801151840526461
5.190693650425853
5.078791971186689
5.390747842174115
5.186853596596107
5.377661286777449
5.3479302462388905
5.352404548289616
5.1168470307372385
5.281472682775148
6.096919137637091
5.184517018513312
4.435444577878938
5.03529228588224
4.890429078578466
5.028300959703629
4.6835961015228955
5.0120358577679065
4.983800785533914
5.339171622919443
4.5051768787863375
5.576140675336416
4.908554221049915
4.4651788499120295
4.687416939545993
5.186457715691018
5.240416938600778
5.278572279175682
4.781254411084959
5.10280938264086
4.4694129715858875
4.941020234009061
3.5629404627228185
5.512610456777016
5.4351977297333525
4.6837871963305195
5.537783193055317
4.963274777846021
5.232225018438012
4.792423859844983
5.135594603878902
4.799709005213419
4.8276325107850635
5.0719546223053795
4.887423567873103
3.9248532259320794
5.31847745395324
4.871233156403907
5.062847820853443
5.55438693140964
4.630916021286105
5.006132206256876
5.382293240567014
5.36228985303872
5.492794894740543
4.935856664332304
5.992163216629434
5.010751229677854
5.774478824479482
5.1069119154469504
4.967910381189771
5.408941679248713
5.089548880608188
4.701528965381502
4.8831043993881424
5.5871276552524805
5.035884634192597
5.307746481901476
5.3804013966331485
5.166204368947596
5.22075867429206
5.149974966353445
5.26865269442262
5.4602344026711584
4.917389197009099
5.334390376910555
5.217368368784162
5.733617414140996
4.818785641672829
3.6714168581649513
4.897284010161178
5.003474734333235
5.345795104169113
4.9379251651892355
4.7683343634044055
4.639963057109114
5.075362045798007
5.061370986400014
4.108008869697185
5.445385770614076
5.012023946813374
