5.371911140045982
4.423421418778717
3.7700515742234626
3.777768003058465
3.1584050356398827
3.6641700870121725
3.4262510088213265
3.5699620394450817
5.1672948236350065
4.5348290928046655
5.885824874016662
3.6188944001543515
5.27803005129471
2.5488802379593025
4.405462135238816
3.6813960638125596
5.03236602474003
4.166164401411731
2.854599016053589
3.568211388395505
3.1219020277261142
3.4659134210060585
4.366903408235381
3.142534990494184
3.7237464381829173
2.3121306179792356
4.6885070072016966
3.862714675214181
3.8581392151282405
2.67681600847535
7.7559176383157915
3.2157031493782275
2.642337108862308
1.229130899966433
2.1634476437857733
4.313609637879085
3.998162894531431
3.869795857961565
2.920151761379209
1.3284215993229487
1.8330067057581885
3.959797456230721
2.586351719040416
2.608765762914671
2.912783794186742
3.8940518496285095
1.1414094639865997
2.682155335776282
2.8955946377179513
5.44866741009197
5.074689957162297
2.9083160440360505
3.039411390545479
4.8548799709243955
3.750179173423784
3.2656721957664123
2.035375414313243
2.7635599948793836
1.853352870402312
2.986322938077788
1.5994742577006211
1.7323938972104695
1.6922673583814198
1.5991374886132723
1.5734273614682164
1.7227709138455745
1.7227709138455745
1.4565013907279476
1.4692291753544073
2.0526172863010346
2.1418126937573376
1.9243804576272594
4.283208709389519
2.8498777601632366
3.4035873087698345
3.19516076410377
3.5596936652251463
4.000662927378533
1.760201476008853
2.890775493643007
3.5974986417933703
2.2246700758037736
4.46184842441569
2.8373292254009685
2.3152840217069386
2.70262230926374
1.9111734557878535
2.8846014596396534
2.693794015432836
2.5390803706144753
3.0453362196169866
1.5137163498299806
2.038609667005371
2.759496402927402
2.6712459482025954
4.228444278663998
2.6881558676456203
1.6197749143411517
4.5007144466221725
3.732618001761631
2.7856095001599663
3.2951459397130347
2.3640045357793547
3.8106216058055247
3.166336813885009
3.191770886582521
2.8791386501374006
4.507482408345905
1.2477287953127973
1.9805793647173313
4.220681106646142
2.8489494483525877
3.53893963686529
5.002557512833674
3.303761962753838
2.823778306966473
2.318213020079704
2.1319327774430823
2.3718272171917056
2.9211754368662346
2.6941616293548085
3.516767150762814
3.6357243966140818
2.6201175800008176
2.6600398168539625
3.018229749933044
2.8307870816591096
2.702900646435836
2.706180936810882
2.7367071580420985
2.7678114633547386
3.228826646674232
4.041000062493323
3.023430002362791
2.5157572950079476
2.5936314002682535
1.457310988442516
3.849373547125746
3.9222148212733963
3.496646851567801
1.9306614448717196
3.359648102469903
2.2900325521142126
2.918643048159136
3.296704730168326
2.2847587325783785
2.3838709755602894
3.735024010953312
3.494777918686376
2.7307989575542755
4.066472118358079
3.7299181059209547
3.9442027769032753
3.540379073784631
3.5786814496138177
3.0268255350803814
3.4314851708032488
3.8068723723513394
4.1643638545728345
3.417613143120501
4.638268171443648
4.353401252578924
3.488537230703403
2.747461748523527
4.602574069724693
2.4758642430174493
3.3083510579256243
1.7097538852155263
3.611415880926281
3.565321842453357
2.028296815433369
3.6294459171238533
3.3582570732430703
2.772250159828076
2.3716762888336067
2.1715905696686146
1.3830756038379532
1.8356114997014885
3.918554785537336
1.2478224696577693
3.173114961971227
2.034253598648836
3.4090615291759216
2.0006792917744294
4.366330419748684
2.3776799842108463
1.3566341217209579
1.3878736342225855
4.381942225552139
2.361868826309075
1.4202843868514785
3.4326114918186357
3.331571357667808
2.919640659059029
3.0216589751395686
1.9691066870635145
2.744000536944555
0.8142918634068876
2.6132225482412386
2.678783583560269
3.423210798324903
3.8989994131810497
2.9110192750367787
1.7060477701082069
3.2761424041810274
2.6929576314771757
3.2752276100879096
3.288378419941254
3.3916016513870804
5.116166351880137
3.7005508534082225
3.0455263004318263
4.328945686793265
3.17953433915213
4.333079122389559
1.9374441543957155
3.546011143715296
3.616840222888064
3.8559512651612162
3.8725330895476935
4.091427375159095
3.5837129785739004
2.8908783341611417
1.7234761113736032
3.201893858562173
3.080527747004082
2.808507416565261
2.5919510735528735
1.6292357678742766
2.5095412519955866
4.104940607946728
4.093451245146994
3.0258433354919685
3.302809185403443
3.448810694214476
2.7913299385634285
2.9638123877255294
3.084774254329731
3.104004642340297
4.838339433401944
2.7693513105271994
1.3855650521059402
3.328953996311647
3.350514238394752
2.7769522615888294
1.7924055482507626
2.5847383692216166
3.5185846630250897
3.1365048235776802
3.2734738885344923
3.6914636964857976
2.6091791495865513
3.975834692043351
3.5842944863870017
3.6536279745942974
3.2696179987541187
3.2760959785743538
4.313445399763166
4.283918866772623
3.642763375752768
3.8000497080096998
2.800907919250119
3.23862341196779
3.6716427171059545
3.7014162446114045
1.0642020850383958
3.8344241200182942
2.6335335332379506
3.158199257585073
1.887815540563023
2.9725036252565595
2.9417449650977456
2.9594182231373662
2.9835126478126863
3.0263771624565736
2.190684994148861
3.751892381192089
0.7440255351215241
5.092689922202863
3.863064560123895
5.7219371484441695
3.5527001588328972
0.6734466125516292
2.657008436582182
4.049457194824493
3.7876081391038183
2.2963462044799297
3.368273376324854
3.274062111773755
3.338817549780527
4.068330017571655
3.8872048804152373
4.062461577274815
4.7409080341177665
3.150985981596405
4.05781555556788
3.6528157403829753
3.570422776377643
3.2818664430899327
2.8475647977156595
3.574464614290539
3.4816651833500005
2.335314449572425
2.433037717310608
5.55018487663232
4.033688961190582
2.859199685109633
3.9256816362286355
3.451891209424357
2.692370845162474
4.052288754114683
2.796546491538251
3.1131880010490063
2.310905280539359
1.4107398298009866
0.43054133685112594
2.2640197279686403
2.383832845000879
2.7232130948124573
2.863354487309923
2.5788993603181103
2.082794756890985
4.5586144903241275
2.876263872042873
2.876263872042873
3.9867506264053603
3.386302217451117
4.758904338497225
2.5684029340489842
2.6298250032979444
3.032105042052477
2.176985935790428
3.484236483645269
1.181987053386269
1.9464388977533085
3.08915380257115
2.8018182405921577
2.3898721647048013
0.6080631200775484
3.050330722643412
1.3487373986400217
1.1043898974106958
0.901481150985906
0.8512893769581247
0.5799512267690634
1.8264278596202692
1.286726911752094
1.6164633828036417
0.630009754368654
0.4146646033269268
0.573026708350195
0.4933449855305958
0.6130532993970728
0.584450477551218
2.5165404452389746
2.1583445216274475
0.9076681220379772
1.4902983265641687
1.3762944119257683
1.853612144660196
2.4307099332663897
2.1433025598479567
1.1445298195636155
1.188622871914923
2.0894859404506834
2.5201723194647583
2.8987859899600568
2.9320905288521293
2.9317453460014007
3.975586839640057
2.977523501138478
3.1624624180180425
3.259712455559885
3.746608919244247
3.4672008252632027
3.4224475965489995
0.7926617447745974
3.10260758954735
2.6803177427706166
2.1491339980363247
2.0087444538197823
2.917393041993467
2.961391505946062
3.225429485998775
3.9146422143665016
5.023684797183602
3.437213800851696
4.1579418286658365
3.8643236426837984
4.168243614115067
2.737309458788509
3.444787295089583
2.754074917083414
3.9914890559229863
3.5504501046330925
4.463336582464972
4.248995716487856
2.667574287943569
4.207375754839606
2.7095509242890126
2.6629402124525514
3.288675211145903
2.8073644637753405
2.745055306349089
1.9819362546494277
3.409193301216801
4.182784599522751
2.7779350764437725
2.5559523142226093
3.77195268449138
2.913547046421455
3.53853398831295
2.343100810268364
1.9370038344608276
2.082212323667449
4.586977833748353
3.2028322027933416
2.8388887210106577
2.6071267651452996
2.944851947680929
2.5204868784674597
3.73857717004327
3.049231762734797
3.6606377169991253
2.6464671444005115
2.5756210175679977
0.736321041193051
2.687358277320368
2.3410595270486123
2.589403023465865
2.2075817701832143
3.0428472249885
2.8270672718987924
1.3409943443906371
3.060036543104908
2.6573889146597613
2.6597466245650665
3.5233913581611382
2.692127630330262
2.3542526980575014
2.702632833228214
3.359033250869445
3.8253557507264606
3.091962037743283
3.2985185778259876
3.3186856118419494
2.1414837087336807
1.7645907886518462
2.4613187791655426
2.3671563973497545
3.697654682464005
3.388646304598814
2.30316963373185
2.3661429807263645
3.681160638354015
1.4062460352535768
2.36353330600254
3.0993751101824962
5.288335150890741
3.030723152924243
3.8797024720769824
1.997563696757026
2.8004321895340754
3.2677998335831284
4.694162741297859
3.485647375025799
2.2142220716585093
4.966776349054456
3.7157200545716926
4.3252041156628085
3.8367811991953595
2.776311153284496
3.5485021999905144
2.2604532790872964
3.483098930653596
0.35674516907665055
2.044157205758344
2.2933363582129553
2.995032955160202
3.113389231673509
3.007553533340646
2.1153929164189504
1.9502571300764293
3.6801896359660695
2.1081487460362367
2.5963915014557717
3.4026660591499245
1.7443564472389674
3.287940712590042
1.6780692124490129
1.753286846152922
3.149674953342856
4.317549565203016
2.966681318528189
3.4485315512418193
4.148449630230012
2.115012858166942
1.1298333896341934
1.3048730944876392
4.634432322116111
3.023767235247626
2.367146234411599
3.0079082907334396
2.976513125231286
1.292096862851226
2.0446625433725543
2.3986448180684876
2.322224329432159
3.885281459766204
3.803286696909802
3.705036895916915
2.9318109900894993
3.0581245090704443
3.542133319036902
3.2940801296979374
2.501257508907927
3.183943120039798
2.593633764192472
2.552046044417952
0.4163796756110778
3.120306086430271
1.870246899013348
2.6416393209759477
3.627823235793001
2.1010126408659944
3.4770261307428947
3.598004406968062
2.8540516868502332
0.9044285003702375
1.9138459662120155
1.610391430337935
2.423486220843376
3.6110150840782684
0.14351238055396998
2.5798974990560977
2.3864931062728694
2.3405939340767157
2.115001411667328
3.694968587588729
3.2770154462902537
2.008949078090149
2.9034864886752225
1.2931928616898354
0.7738555376731502
3.8621579641974106
2.3174006410369685
2.218232681896177
2.1695636724712237
2.593562014467119
1.4279116354124355
2.193086655241113
2.220727965566021
3.4079159786348163
2.8334485084396634
2.853656470352471
2.819927984437344
3.8836008500841483
1.4819208949705533
2.6727872651087035
2.767574713961341
2.3322489606825516
2.8964020984833363
1.6696600282644432
2.5867361974032184
1.7600243620493885
3.0381498177621165
2.8541395002988716
2.82033608613294
2.509910208837603
2.944429288305899
3.535824327638999
3.1712160274156087
2.7770444182472946
2.651371560322351
1.9161372715127023
3.3059523799907384
2.3361232639435268
3.057668488742199
2.819927164114451
3.619559165510342
0.608569171653274
1.0047427194091494
4.2225031858198205
2.5856632713136256
1.9826459120629187
1.042933044953974
2.382542798982122
1.1156881516206099
3.525970263738133
2.7861858176929055
1.2031628822180878
3.6942926649411922
3.8199829063044777
2.553892153879739
1.51912928257754
2.6752240441625945
3.2216359378087303
2.7232613313419485
1.315898918478112
1.8413333095366569
2.4439204375138273
2.726811431521801
1.83006687128276
2.03142356997568
2.503771706021209
4.709166731296748
2.0791064899142233
3.365414179909197
5.310486410014951
3.7863811636377918
1.2042729484982138
2.309371646178866
2.0328619209675463
3.080843544357066
3.5613481211151345
4.728078038091384
2.995877244473969
1.9479257212828012
3.6033123245076046
2.8604643005346495
3.263884604114863
3.4447598429051642
3.5171136032037986
3.018456488055077
3.790675211247789
4.109154522287029
2.175026208712051
2.6265879877168015
3.0083306385071125
3.189644179547435
3.0853896731692987
3.167248650514778
3.0260824800041015
3.7476710877090884
2.4353055683342673
3.270040532682944
3.0958054690589694
2.379093598763041
3.9059676555864815
3.226487127982301
3.0716665189447863
3.766216514068777
3.325486333266869
3.0839496522200567
3.560162630853849
3.8730521633589206
2.9521205758289883
3.152021865501976
3.1383385905852115
2.535107901629818
3.108657447531893
3.2748407261517714
2.549641303279036
3.455129547873154
2.8350972663780167
3.5854615132085423
2.732926290551493
3.012172805542903
3.1537132023600725
3.5478896687500803
3.2184776556188073
3.0459872682965474
3.704872863522216
2.803501189745536
3.4781454291138805
1.289621944826643
3.006340390222827
3.2104368545469595
3.214050625546059
1.993124007987031
3.0361485112685784
0.5685910721097898
2.7841999388426846
1.8444165800552
2.455751514567199
2.608796156492816
3.4613462262565955
2.698941061023002
1.3907086748886162
1.2998493078438202
1.3516790531771967
1.2866478691753276
3.294102411497059
2.90193243939759
2.7446981540249604
3.0529958420434173
2.5412143458887124
0.8539552056450943
2.4041125555335077
1.8835246753922459
3.1454191324618366
2.08013105093924
3.401905514660011
1.637245045551762
2.991428296772494
3.406691374195379
3.548258505701811
1.4492100577702915
3.444196086629437
4.014475715009828
2.7134460498216546
2.4901077895943304
1.8501079252671677
3.140443069017561
3.249418610601325
4.370248867106611
3.4641559909902346
3.0827465189853527
1.9711170759292291
3.4037920583268653
3.2256779632958823
2.8479298589979534
2.7660224908359803
2.089381018430806
3.8127172933270654
3.7580976632475473
2.92474335771161
3.419807529597656
2.2451758541312037
2.6792820354321467
3.2788305883956665
2.7483385170273538
3.0398467538045635
3.5822266558957545
2.9699373763122487
2.925214836296805
3.0243498851978736
3.5621367675107476
3.473991955823369
3.2672835405701512
2.6654425666022847
2.366410883898988
2.699751724500311
2.491764846941296
2.2319433409545337
2.7200339463888805
4.384638099648675
2.2122045992870643
2.483311846354104
2.4433761100381095
2.681749733412707
3.134838972940672
0.8108910996733338
2.24961177034114
2.962520550817119
2.793570732594695
2.9136270142757272
2.380968877552573
2.4779877309342
3.0241730028939338
2.113790107498449
3.021403127870874
1.0086405851762312
3.976157310823094
3.261953434706887
2.8986318196307765
2.3162476980723463
2.8463401115650435
2.1940728832773404
3.8747938654610588
3.2561828142766167
3.2682161570964694
4.28539460394115
2.6717939312801504
1.4228257786340124
3.9899399734181764
3.5410249869965478
3.8706826390321663
3.556591871428191
4.023664585344832
4.245005825483888
4.07732089031298
3.2899890994795538
2.7438891190876458
2.826894165750753
4.446924456403254
3.912750646151926
3.009395999761446
3.4136247623952967
2.314970562688301
3.293502865259491
3.547942009146806
3.815487486757381
2.4812896796415815
3.480384065699397
2.998326809130442
2.9015227703625106
3.8613701694054603
2.480257624976547
2.8867499991872556
2.2594344400663386
2.762067436869061
3.3610646860066016
3.642061708159626
2.24225985557256
3.538518851470649
0.8808335086790469
1.645229012494057
3.227223954328916
4.087226856137562
2.457288087389317
3.1969731438757676
3.143025431292245
3.331698181168067
3.8774035895322085
4.624986022513439
2.455932129538687
3.1731146537386756
3.1212752950410083
3.4286995081453635
4.145537175666832
1.5235689595095367
2.837574093059275
3.6877176642344116
3.5999922680752836
2.9172437932872297
4.672375281681396
3.0555608336398303
2.1916970372895666
3.895281521760417
2.4406067998794745
2.226974748983414
3.667966439292438
2.9385264469299006
2.498787084513946
3.32538822053702
0.7027696387293334
2.3150156714945043
2.5949107420794286
3.2731581332392907
3.649358747507376
4.333196143595859
3.4488264952916534
2.19795232227359
2.052116715221508
2.8867176291278276
2.3892935016115007
2.680072079034426
2.289787314738254
1.5586728281531153
1.3947753287283047
3.3916451977941953
3.545772838353574
2.9380219496058357
1.465739592559446
2.3320329000148465
2.626025218505469
1.7013739764981473
3.264386805873003
0.35243237980462316
2.7397046964515965
3.173481896130194
3.97806935621293
5.701158918241269
5.543853031249821
4.399236728588813
4.600187526463441
4.993493197037992
2.794881705296639
3.3727039555015623
3.0372624894776945
1.8582532903033742
3.4073389602535653
2.00717812136554
2.5305406088778235
3.839670687119461
2.8608289686528767
2.081979121177233
3.063781771272695
4.223505319180285
3.2151009683701526
3.5777829919082635
2.652564502263723
3.234337824247265
3.2718988357122045
2.4571545597654953
2.7464968131394585
3.058049093596368
3.005552881275223
3.030470594189251
3.1489777841394666
2.4546990374284756
3.474792039430561
2.9472229507186634
3.2031774607749015
4.257300362097436
3.9873744202214763
3.859600528970977
3.5870271726360308
3.3888025427865625
4.510448590219735
3.779591972042281
3.769181512501721
4.12242834000882
3.6083779126588027
3.9118986395628745
4.287327159473286
4.310166975008599
2.9521357262735957
5.251435349979548
1.9249885632732129
2.204017443500647
2.9081582934263905
4.1265463545651855
3.6874751310270373
3.7546669061407463
3.5897312374324484
3.271545376951926
3.6475802824787835
3.0125789709356154
2.6555755094543647
2.655630290114433
3.1289532387268206
2.1748181618657165
3.5535167232993103
3.210440124661201
2.1681096360656107
3.91900435236704
3.4084638032657057
2.027966562807225
2.03022716524086
1.5728774927607043
3.3559981674923396
3.436721266081173
2.541826735354375
2.9119695980883433
3.1271802634869674
3.1168910963540024
4.221546579411746
3.48181009030757
1.8287533274057006
3.22172297169092
2.629830571218344
3.070802177609421
2.7016507314578404
3.1042518864522632
3.1575763742305814
3.419680078231065
3.758605054259973
2.793494611299897
3.6240050929780603
3.8286664485146673
2.3214844847537592
2.99434084424874
4.317649618620504
3.7991339260879267
3.596949762756465
4.060027098339348
5.088110842904988
3.500122540898519
3.6481686000310076
5.06610434362669
3.0377512344227933
2.925548733805699
2.3522535645458387
2.8810585566232287
2.7188711310445743
2.0203638166436275
2.439244218097751
3.155601956839127
2.7462151363146785
2.82269306187235
3.3158434299136124
2.6048730026357867
3.0530863749348076
1.6236646315643242
3.196542368964292
3.467191028828603
3.4777043469487388
2.8824507768933447
3.302462074695796
2.2739057898947594
3.072149975332187
2.4164686174452283
1.3389392630047845
2.9186901306562976
2.0782136841219176
3.213113054016598
3.8692144075409063
1.7002046427941178
2.6746771972725902
3.36498153609161
3.2802248476153997
2.9725819465960943
3.351615232618681
2.7158115043934528
2.479416973015878
2.5188391239854493
3.2243921844084156
2.917180748664112
2.481952013516892
2.9118393783375542
3.256515208811956
3.237644439465659
3.029106390626203
2.447855552580548
2.2978461693577263
2.470780101571583
3.315071512658432
4.059466557354941
3.023439301089576
3.584386801666212
3.9465206147742453
4.394079156741053
2.1982733976880087
3.5975960161738603
3.034553965315885
4.727239119656662
2.514031079875606
2.184186026377744
3.3581278001622983
2.8765146006802844
3.035470487686486
3.5203057594029126
3.3898060972926225
3.035701503683044
2.8475039530843427
2.8013667435310703
2.924759924531501
4.127321225695387
3.5945517423675906
2.9620986983673085
1.4320405550209165
3.4398383586311536
1.5317340854919914
3.7628639810491364
2.057778716163748
4.682617919705682
4.1754556972416035
3.697735559661877
3.808593960963248
3.6230858086715223
3.463621496857771
3.118622772004639
2.408545258942113
3.4398577057009323
3.197713284244826
2.6657867029702915
5.151454209527216
3.3046275911661787
3.246787532002643
4.46823226011541
4.054134421536637
4.485570345500166
2.6071561005815207
5.0905285293116505
3.3651812898358386
2.322408309932782
3.0179951823532316
4.589114297713279
3.2969616606007803
2.6977717462909494
2.065898552490705
2.3831075701358975
1.9771929620031936
0.9366236662870717
3.0361372384590983
3.6837020503281073
3.6847648512217512
2.2464904893199247
1.7463771994581478
1.6843425855306937
2.3420528527574125
3.4642772831576094
3.961252629781933
3.694912963353751
2.679869728397784
3.1727292567831027
2.510656534457854
2.3250104281420825
3.192686785052315
2.5913081040570614
1.9426925236002182
3.309493962205655
0.9114300138549445
3.1754944358277823
1.7090030861700214
2.5100038069801234
2.8429576318507137
2.380287307573475
3.007853815066678
1.7224393386277903
2.4424899422122963
2.8036247888815877
2.909099167937553
3.231199966874156
3.3580598933483023
2.987752819351821
2.310634819584929
2.0093646008249717
0.7080951994387843
1.529061415795331
2.4483678477402178
2.138304335033129
3.1420494385901367
2.2611165175100942
2.459632637191133
2.248100156504649
2.3520160635735543
1.652836397037969
2.0369890029434665
2.1083187612644396
1.710717929790536
2.683915645881364
2.2705548852812867
2.7456173033196722
3.880996659731089
3.19911404049153
2.3222430966832333
2.0446639369833757
2.272247239476569
3.647826313076915
3.7442540963465483
3.5653717910168448
5.120507806405393
2.6066057232692925
3.0144855050247084
3.15570260135265
3.0674647724450153
3.231161451070042
3.2466586140699922
3.2594193805681426
2.7718962709865136
3.1254784161070144
3.624053041003289
3.3744056996380873
3.220028129351056
3.8096776322619506
3.0253797106185476
3.436025803392028
3.3829952594208157
3.619965451840038
3.587962994310589
3.5964188040459684
5.209104698376791
3.0483671202029843
3.521948955081695
3.7492882847896283
3.5238154471363656
3.9175338438645957
5.004571636592201
3.2491865017940755
3.0119116770694516
3.6342235593901355
2.863669888271568
2.3718025576092736
4.016101939328012
2.3444514754130066
3.761717079685989
2.4930288692402716
2.9612384982852746
2.0338907151882704
3.444481310615725
3.1049451946351203
2.7685714007170956
2.8337154824884587
3.2375272406860813
1.6048922181965566
2.0032729462573626
2.449741489022113
1.0271575178546137
2.3659060118116564
2.6844479133023835
3.8589100724616694
3.1967286995312123
2.9527587325948708
2.7845356446334364
1.8509335695522422
3.323335182638462
3.099158835770057
3.9822422255243213
3.487728677149853
3.7959190338511424
1.203062551229484
3.9566447561446543
3.9594434529041447
4.163639149301454
3.402137553996149
3.6856122975135075
3.137653316074076
0.39609466430603923
2.8907815037641997
2.2664950224598917
2.2197752380573816
3.3298879063514084
3.0402034312639548
2.9956940014795954
2.9086355326066458
3.0426099179292785
2.8663204670794196
2.6420451830355756
3.6561142301657683
3.02916645744203
2.7724150551068956
4.3169926724200085
3.544718354351684
2.8495880285083617
3.096128726132127
3.3302227780540585
4.027674500352466
2.9515678217188244
3.807424515288374
2.5043517694748054
2.7125704009717255
2.3136549299079263
3.040347633288695
3.314157872773947
2.823688590223478
2.46013908798225
3.5823879782157033
3.5895720351502933
2.8303078170739626
3.2701827627351325
1.3525953386392873
4.182494843013481
3.326700474879547
2.8728092948724693
4.018859616046073
2.962491225134493
2.876928577546683
4.117014725437785
3.504426813547985
2.7808959579606674
3.8871249391782547
1.9149047641004646
3.0947096495396713
4.293267210791426
4.423024905296583
3.7176157506251415
3.3233076554941094
3.7220359317739367
3.7102988627413125
3.1613539060654503
2.8903454361938823
2.5929248346566487
3.0149432889644685
2.6179459556683033
2.4649402362887254
2.5656370242717914
2.843404575069643
2.9549438282792657
3.1834642495958705
3.140634371165217
3.150694696058012
2.5562935923477887
2.1799423616173605
3.307604912098961
1.1296935608022838
2.926946468510972
3.7489967879741206
2.651129330443813
3.3244973289564714
3.729928463995342
2.465790992586195
3.4016184382498853
2.417900046872478
2.7770174229275613
3.414705138232118
2.6093572417971105
2.6659866889425996
2.9494583606571947
2.8971404124291262
0.9992277988413143
4.115551928355571
2.23237195376829
3.5890527152315013
2.8226553620517247
3.0566454803535126
2.90310991182361
2.5786197120613634
2.8567198141368735
2.471456972201802
2.632724454271827
3.3631158581836704
2.036776482248542
3.108164979575528
2.203364956069609
2.6880472788349796
2.557766380274876
2.560879872565196
2.88053293633115
2.857029967536566
0.8516122039678975
2.3520947638583647
1.7962164685704396
4.044772933544648
3.6460536503060506
4.31310017236008
3.7851717505460933
3.4071163530986257
2.7745029724008337
3.5657133473023825
2.057034333867329
3.05624604205894
2.9437665331065386
3.202135246409857
2.786811977968333
4.607325697961042
2.9688641634616846
3.187572586062819
3.747329717977795
3.287201607543471
2.746253792026365
3.678130397519996
3.36353259813493
3.7780969839556167
3.5919416946405573
4.2142782556487
4.359985081398411
3.746918920899266
3.6411170502210313
3.6897891603549167
2.4965738017155132
2.903399837485032
2.9752750398018994
4.14742034619771
3.903274871535264
3.6501363956958754
2.981050790606482
0.5052620284476572
2.3051162063797603
2.5164093127394866
2.5672966840515636
3.0419503254189246
3.113396853383047
3.3898548656135215
1.7930533003163123
1.0884026110580072
1.3084958775840638
0.5077891945521382
3.248562595108105
2.735508886793685
2.998275437206165
3.1684688401029
0.9715912388592618
4.006887350447851
2.971302306036855
0.41696819695113074
3.260508071486879
2.785433123342739
4.636416229422914
2.107055849090645
1.4319806854933521
2.494504612794408
2.6771803145332864
3.2482398752768376
3.5222397360955267
3.0530798265051726
3.107506563504362
3.0836829869026654
1.602206776869802
4.128549900965971
0.5081274849353385
4.033896460536267
3.113789131255579
2.396159368155508
2.9224851043618356
3.0543831189725066
3.1155066529292386
3.207200349983226
3.7163507408015968
3.5299331708837283
3.2248967638070547
3.7939051620320834
2.7683712362422384
3.0591065284062764
4.2178770849066085
2.6216463809067356
3.3845161860398556
2.6816093877216725
4.278616290213286
0.7149185007079448
2.9941999551466383
3.611562990694907
2.4665745585482366
2.64553535951674
3.9025610655409824
3.80072891257295
2.447277114313356
2.2161034640783743
2.9511759383838734
2.3220478629929855
3.097860977713736
2.5243140106573425
2.3074307008437485
3.424319477150882
2.5395146687126724
3.666971332852833
4.210856160616699
3.628581399962501
2.763625682192281
1.0559503235510999
2.8769726393422697
4.473421081538277
3.17030212602398
2.989739580618557
2.5361497048646022
3.0576616288409935
2.657208403163579
3.040076317841283
2.7442887267116367
3.994727536425953
2.5853308391809304
2.5986400714310696
3.804756848231901
2.6555444737251896
3.3686299383731284
2.235781100887169
2.2691604952933515
2.9711572672595294
2.223797247692951
2.4650123283220617
3.0721255031424892
3.500816799597858
1.9482581330625761
2.251940326574176
1.9026849205004035
2.5680942643991407
3.211946665028154
3.698872440259832
3.5464563264613487
2.8352417042591185
4.720739878799566
3.06773266508032
2.743878201424857
2.932243114739629
4.048820963615577
2.094994471792672
1.9868812717630777
3.7661357303847756
5.365826809487704
2.72267099811421
2.3048682527490527
4.006297121425875
3.2456100365030234
1.557865520080684
1.4425654905595824
2.245818753146717
2.246989364859248
2.8427233688044575
2.548180799570974
2.699943629755329
3.2271593799585996
1.344857448104381
3.7326804759666516
2.58699515286071
2.8391297971584484
2.827805095337548
3.1812974674498626
3.230599242477497
3.1935585660987194
2.397385178028463
0.9397934934049292
2.037613826564469
3.1860391757752886
2.5039815204187477
2.798639806607147
2.24937242634706
3.683008867097297
3.100306973034795
1.933820500680528
2.841129489158286
3.3393576944341636
3.010801396763398
2.947419987296765
3.0109154533942197
3.29705862857639
3.932512137983005
3.3976010436672675
2.6800027825903787
3.1288277968231526
3.04996712466763
3.513149155606559
4.1471810821118265
3.5498912920348387
3.359886239673639
2.76840536156352
2.814587785945
3.4970625828275463
2.8869345069006442
3.1802633984424764
2.7105394630095727
2.965976166464456
3.0978976308581245
3.1543749878030756
3.3725360335910937
3.359230101317164
3.1796074573310054
2.4789510020383787
4.500188798291196
4.136952419231495
3.8492871338028674
4.1491225923277
3.9443633051383573
2.924707025223218
3.931438174967765
3.596708601196303
2.8257869358881234
4.521977939933022
5.114287046112011
3.608049080789669
3.397345318895077
3.263961148998559
2.6540893486122785
2.1326449101748963
1.4385300217480808
2.8918100236096858
3.8060727632028204
2.3420528527574125
2.8039534693854167
2.601226995902905
3.262390289350197
2.69267267784003
3.623805973447322
3.584984118328097
2.9155603394353964
2.983508343154437
3.123588731302175
2.8945437888318617
1.7920837083253343
3.550151526653363
3.1773424146539777
3.4620725915446457
2.4450876562874884
3.023074382342925
3.368811207649066
2.5915540897389726
3.6127040996406015
2.7379309015123776
4.005914857139132
4.00522568674465
3.3640215446173536
2.7151185595807816
2.054433021393409
2.352807536545644
3.278320405713922
2.5251207804561053
0.35102375264740093
0.941658734087695
2.864844247960902
3.3515333529271363
2.6098570509153145
2.7457623623148217
3.286347772470301
4.255783015423899
3.0074588671520712
2.418232550507751
2.5983292305452443
5.005797118170496
1.5401878539550626
2.802619801924287
1.918827477799916
4.708450753904828
3.856906891414097
4.843185600998212
2.8697621930087402
2.563860259389153
1.3781159194927035
4.773555739740436
2.7166504083207563
4.776941902585329
4.585630500650669
4.496013078153553
4.592259362257151
4.493710780316785
4.551016914580685
4.363948064604022
3.9859686238967784
5.040687419990986
4.735819903612304
4.0033161953174226
3.9220876702485583
1.198136993373626
2.2450393656407845
2.099240196779318
3.0963495074195713
3.044854863677492
3.445998705812431
2.676962735122765
2.699117794253236
3.387363901539888
2.317080375217567
2.1923514745333708
3.0490901532843147
2.9818615017363976
3.031154547410027
2.7849128105334673
2.9715574131753337
2.9879838400980905
3.7387973370345393
4.501499065283698
2.6741858371260494
2.8565083036251893
3.963873826361742
2.5697277449085627
2.107195145540304
4.964837576186381
1.401769566873205
1.6207460999217007
2.4435186091599825
3.2314257646946034
3.41419629079994
3.995562885541976
2.425026376308928
2.829656698839218
2.5210001286369588
2.6317641003447183
3.580173853634229
1.6131379752659303
2.535539631517365
2.76272558553223
3.8810036849308553
2.5900823029764797
2.882132536896999
2.5792844513422057
3.5323962545395613
2.9123393659947383
3.1547160042611497
2.615844610765119
1.8981434241027832
2.6813670424213356
2.0412085911529996
4.404864371894954
3.4084333595851377
3.587020240067344
3.2331002209597326
2.1984408988328785
1.3359549820260823
3.2673367915860116
3.0081935668867423
3.158936412568128
3.223933856053659
4.83124507837611
3.6585331140560124
1.8699064658821367
3.6662814567978588
1.3758160549794343
1.8600065989585035
2.8892918423970886
3.351553643443514
4.249178173927872
3.5388268835829297
3.320221222964512
2.9866371043159714
1.3952145342166928
3.5965186436563767
5.325675088906433
3.983107940402082
3.8372837993293394
2.1949919127686437
3.2178522154459204
3.639603252734645
4.696767521325599
2.9918985263716085
2.8846877782838165
4.032116272241586
3.1689875953435562
2.9139340455703344
2.420394235999849
3.4987807586843624
3.4394649968457554
3.695002528868724
3.504688198331801
3.006667042356053
2.6809215781781415
3.5156000486880474
4.211603587499153
4.094774301984546
4.200829134101434
2.782691365005868
3.238618581178892
2.6798386090557726
3.216192340839222
3.5413031191626896
3.5273765192807107
3.230349902978254
3.4748777650647127
4.2017305580891335
3.3112413862431462
4.773526227122973
2.984296344751972
3.0719577649753598
4.053362909646321
1.8840989531641785
4.274656504519736
4.4689849036977325
3.1820120883633307
3.7245907610560978
4.019329458984264
4.741311438849078
4.135316036137979
3.5624218438161854
4.151406279147434
2.039034460185624
3.2998864946358966
4.404271755308337
3.072734404414405
4.389589793344853
3.723963315939467
3.1449453121990865
2.0388617780529392
4.026257239855487
3.5357977277302677
2.530022426988852
2.1537289687692
3.0059937479967234
2.6597101547308712
3.553879132564953
2.4587245457743103
3.261348697613398
3.459902620879754
4.252832253830667
4.543024616629109
3.0559059801050785
3.39952591726414
2.861238247481401
3.60807881400809
4.115257528173201
2.6611573146533845
4.181143090971646
2.6297968503575895
3.138164591437643
0.7815983331238505
2.3752846708599673
2.483499373617782
1.5001862347137722
3.540688911030754
1.8924060957382987
3.3267071691732646
3.4941427132759846
2.7127252447382038
3.281982325912016
2.11160050665878
3.211703081195213
3.8126480552556132
3.4050865497643525
3.2401056078466635
3.7248331833916524
2.930023294942123
2.8744367964749014
2.907690668954201
2.7355402901364325
2.6010969924285057
2.8866711188702117
2.2550883196706293
2.530081595576963
2.8523774491208105
3.9729291033423872
2.5840253691523563
2.359085467513563
3.3689746169539307
2.0688676616362525
3.9729291033423872
2.8765741974702266
3.7795199236274097
4.3719504622205925
1.6257221176980177
1.8977960198387256
2.097440878767981
2.552256281790532
3.6355715217400957
2.271387663350954
3.027026488749913
2.1370883704658663
2.9018896674141605
2.7181936294451914
2.0592025917222854
2.914865990845456
3.075237236418185
3.609452928630848
3.008225585793271
3.9751719025153927
3.1431584117181233
2.008412202360153
0.3797836111720958
0.2215359210860397
3.6371459129806185
3.1207971064622635
3.287962728040153
2.695679643231701
2.590031487093332
1.4124624750366137
3.371518800649539
1.9369333849661519
2.0563162006936997
2.7206426155598544
3.184204586465849
2.7657076399305973
0.6894353296692612
3.9236191496427715
2.549427801107101
4.992151754578683
2.9290052936223985
3.1999620406276614
3.089776242808967
4.396505031553361
1.5462045109259352
1.7580681609845348
2.4360377757873586
2.8653416320973566
3.6615134207769473
2.2995864023293118
1.0995676515931314
2.9470777563631345
2.2241147713766596
2.855476541108346
1.0995676515931314
2.6130118281168997
1.9353616110585452
2.8765725331080128
1.8944841824434524
2.575065382372689
3.9896634503047084
2.64438551753892
1.318536423053982
2.656363648518068
1.9023966942939932
3.4173742164833585
2.3252693981653962
2.3408044001739805
0.8658792601933727
2.4123658233540066
3.090845045936183
4.124715957424311
2.874515537539201
3.3348051376991332
1.4638161067582591
2.811373982502434
2.598786729643316
2.8604850292519317
2.564587936907345
2.8409861187511614
1.9641643949411114
3.6016322043254245
2.4772321344652344
1.294222607141302
2.4915196791639778
2.794354451875439
2.2763318724202906
4.017509325271604
1.9808444114732833
1.8913478001696753
3.4356684970614437
2.0566780015585078
3.076359940619672
2.9045326728216856
3.064645320043149
0.6318781654202219
3.442138071236598
2.8484424808271935
2.8618893552993647
1.612439199430737
2.3481216663130495
3.613602642168846
0.7189316525148444
2.8199815781874626
2.9463651307399816
2.2731346431933597
3.278499124646374
2.720015577397789
0.8217883897248281
1.4712571097900375
2.859741717718182
3.5439395954183546
3.0871969261935694
2.4694924277322015
2.061475314132739
3.363023740422538
3.030784089891023
2.839958762833507
2.638018555689361
1.0235715097834892
2.3418664606058717
0.6145740132446389
2.5079701175059235
3.155580362219399
3.1498785094662147
2.925364889432725
2.0941221809721746
1.433331486414409
3.339426462787598
2.8881972023026936
1.3699219589234373
4.944181995080465
1.6910201688700286
2.322779765635053
3.57599886755714
2.614228806706275
2.4297423102887845
2.5692419815788616
2.5312782846910844
2.6766269475703472
2.5728192046442304
1.3138261800219944
2.3799994862871516
3.10814981165216
2.226922243197163
2.3514693715913486
2.572628091208821
0.7096854961065335
2.4552776895647006
2.725084811713174
1.866061641897059
1.4526680402340415
3.5489783922011453
2.912260205047982
2.8388485737365823
2.605431748194839
3.5768118442186347
2.321128446198948
3.055364277409662
2.4174341827092807
4.063943633204989
4.007784876152737
3.623842562526259
4.910096555389446
3.894703807779427
3.4197117144879186
2.891676177917967
4.462598793088965
4.285173456854955
5.60961072798587
4.897034461612188
0.8704009026622583
0.8128535344164747
3.4262869120459793
2.896595100666564
3.4361327942335134
2.251548021953325
2.4294969740963555
4.244003386086801
2.745048998295707
2.3509816955040574
2.582888398840816
1.6607640500602066
2.9798395359650955
2.6491850355216355
2.7412288575415245
3.313171515731514
3.022669987279641
4.185381300532975
3.54043854036304
2.8654040923887107
4.33588085830503
4.797731427467058
3.670051449833565
3.394195916843712
6.195154407527971
3.96666780087993
5.34294963457912
3.77485856064141
3.4053565995638055
4.397092292262449
4.630662919810861
5.463142985572926
2.4938216551671744
4.425265223997634
2.1740781925992927
3.6680861195057144
3.789580400883089
3.300189713302088
3.355209700705865
2.1981589763169898
4.2901700517056955
2.7635534263760415
3.3331053148861907
2.164976808696741
2.9761805211258108
3.067994454869445
4.313616252643912
2.741658304382213
2.4066183180263647
3.737421999258187
2.895366833705824
3.1783642109861505
3.1189169448566463
4.060447602075
3.575097540534577
3.8660362326635833
3.4679283240096193
4.505634222753935
4.072039270534234
2.739308255584673
2.724764299496605
3.9367136467278865
3.4680836554765846
3.9728298392382673
3.0737145801896917
3.1229078287226346
3.430312276081128
3.3445889428270066
3.548714194660007
2.722504117308652
3.431295252247133
4.365183011221589
2.800958487915044
3.207507811006513
2.7827768094762155
2.4187377814765085
2.847974886924795
3.2646785422823994
3.4547203440579386
2.7218843437997364
2.8096131569777323
3.300448611583153
2.1507774728913196
2.6860965959568786
2.3788084409068055
5.10999266346451
3.17126878884235
4.210329387571114
1.3132431615710511
4.187688340389014
5.451164012027223
3.3661500415130714
3.649542468301522
4.298666291598241
4.641033639796247
3.96622117141172
4.344012946035312
4.566200527677472
3.692863025434285
2.661968688738026
1.0034960078348218
2.8698870588270973
3.4316131819665214
3.2311461690199605
3.3801200278321852
3.407939558434338
3.6867175806229717
4.979262305925359
3.4916832497992436
3.5285257594907744
3.2170515603714476
3.367830072648111
2.907030082688728
3.0033805983999913
2.939365914707752
2.9568954458981684
2.718528966528792
1.5497579982884142
3.2856210823403833
2.9087866257089603
2.001361354051615
1.2446413968570589
3.1329844280568
2.2148624266757624
3.4768097720843305
3.751624068165265
3.183447226259845
3.8238215148190475
3.067753691719327
1.6754005349365597
3.0211535066015185
3.390872818564784
3.9765872578163375
4.074958814043558
4.231471246731784
3.1537489403099217
4.175495494197347
3.4374044158606933
2.8254264724628015
4.429302996920686
4.229954069949824
1.8173922345179978
3.191207117762812
3.6031922851998552
2.4634609241040515
3.6909767064070804
3.6504552015285214
3.595910762452758
3.527353157093866
3.7783325621063204
3.3504586097638622
3.215962523297203
3.847802990141127
3.125657687437275
2.5184710753743014
3.221175920156397
3.2984977968504086
3.1913741686770374
3.5552290103337696
2.578563487081035
2.342283765178645
2.672436333437261
3.3702320025119223
3.53167426642638
2.6736147280426
2.403064677117663
2.248487786444055
3.354757009860169
3.0273049304008857
3.1213125951705214
1.977881894180379
2.2865724302729653
3.155489297254415
3.259667735869408
2.951459903106211
3.1466967337400047
2.485775748750437
4.928640251094851
3.0229628880774873
2.7433476900497133
2.8641170797311837
2.9193210175709305
2.7554477950034517
2.7879689994075996
4.300276679382953
3.0935480446200536
1.4469576127279895
4.393076908490428
2.6869037699307805
2.8519181294168687
2.3465025822770706
3.729381299646806
2.4461429580560865
2.8531107054032727
2.943001457989287
2.4739239018634764
2.367049087752581
3.5477176686496708
2.5212711703042188
2.7395355436730466
3.0584861357365214
2.91632677260294
2.8807150847040424
3.603049498623502
3.103796009373932
2.0305034723388222
2.581875513356849
3.072876637147635
3.1521092944828535
3.6474845015099198
3.5053175521607067
3.3931300440017056
2.892484599790603
3.664031407023881
2.541092686236171
2.1418108671140024
4.79369991416733
3.2968756046548884
4.654080203148482
3.3135893489764348
4.521556064363871
1.5928888556686962
3.0305624580695985
3.944014278236087
4.360390171059704
3.4435335196674317
2.943827562945135
3.4873746892461313
3.417428781269056
2.6512646101604327
3.544038790553618
2.8665146558241084
4.347367196199874
2.912053143698584
2.4458357948579437
2.81291262566692
3.406627152011111
3.5485310676008175
3.6713879564168894
3.8909003471949193
3.7830933807057843
2.577464064752353
2.816862198260872
2.9002682654280987
2.461585891553147
2.206176971377265
1.7354564263015357
3.036962867035135
2.7495700676379027
3.295444397027342
3.777667850173278
3.426049812207834
1.3891904990388384
2.3781740497345867
3.1544949910356976
2.1295503108855125
3.175701130503228
2.443754892336421
2.6844205117461875
2.7245140145279154
3.0399915404916
2.727164767303142
2.7971265467901563
2.6302189071068742
4.183508360517337
2.8882333669903955
2.379139276887014
2.7877293551087803
2.343551177841203
3.3268369215547127
4.182157376839268
2.9310396899775695
3.490852589197905
3.900435816212209
3.445991519290348
2.6143913015239253
2.573417757492672
2.630615414923903
5.015702597634231
2.096859336153206
2.668036284334173
3.639655706077725
2.806552898329719
2.091866937234699
3.476367070816512
3.892951324928124
2.7059758545556876
3.3853923077030226
2.61920570082383
2.9364138318333697
3.767590873926888
4.252796794504563
2.7968926855617497
3.057860861784481
4.021836525038797
3.4696560037847552
3.0534002163386447
3.6927514037059104
2.246579681137378
3.8406857349759775
3.8388291094842226
4.17838780022523
3.473281526891186
3.4783942923394964
3.1742492646723215
3.352832569035994
3.359374493167672
2.7196129582012247
3.412492205825533
3.3530200104472403
3.074604742390408
3.9070228894709946
2.4749135466208054
3.059974266889325
2.2578842268180095
3.6178605425686605
3.437950356561641
1.4196599141860409
4.286191993127593
1.5335767507652656
2.7185403512516135
3.0047808429735117
2.229860352261845
2.617224205273956
1.7128675892717493
3.505298485542964
2.545601361733178
3.9377766028392616
2.7571960079497484
3.3422541911030144
2.9456565068264515
2.226178926954818
2.9655248547754103
2.5497022399826568
3.487230555235159
2.350410752019407
5.282466529510883
3.7764358244633924
2.9839257744386964
3.221266316886835
3.2230209477258667
3.2265241045460016
3.457026915673268
3.317872587881521
3.2975505471569786
3.3000933391469642
3.2657840320757283
3.616346070900301
3.1944074666130713
3.2601579300565575
3.2547237557140196
3.4341509690678644
3.2944243233242556
3.0703856072625033
2.964017614419081
3.2110299964397275
3.1689117913092204
3.1659689054878752
3.4341509690678644
3.2944243233242556
3.5140360921211946
3.513741552004686
3.106839927517787
3.324548368688838
4.904735342339168
1.8157802060580313
3.155064027301368
3.2807285124915
3.3500884600313126
4.095206340526158
3.7650002307522024
6.426180718651015
3.50778407675035
3.5022880081029064
4.205716451405615
3.2084948726427265
3.6317794149498166
3.6352046015124433
3.7317907034506543
4.049293502233277
2.5947746727323127
3.618748289650326
3.1450765854821907
2.677275595475595
3.512399459632914
1.1788374964954542
2.088899072892532
3.2358168854390237
3.3968962279955144
3.9700354527266
3.512548592464933
2.9052468731995758
2.7116342983427737
3.1439550095387836
2.8328783599921596
1.9572256527321685
2.886848988270467
2.6671149525638382
2.1154498372125694
3.0092774794250756
2.9213069351004988
3.0488644892988317
4.135586135268998
2.4526750814426634
3.6533204935993573
3.4598927052281216
2.4558061924217873
3.065590178586899
2.356642199835192
1.8337379219727579
2.3121077063057722
3.3042403862730616
3.843690888424881
3.7238560202818274
4.251521058448142
3.5700809878162145
3.275158281027394
3.070270083089917
1.2286702529497395
3.420906361498856
3.4129517747675258
3.1115469847190953
2.848951810063448
3.1275771023611694
2.2344382918909114
3.187505743932923
3.5946944456042003
3.2206465211609534
3.424051257855462
3.294736756496314
1.5366022466321074
4.089031013673649
5.017451757204665
1.8174908981938502
2.6929448992603535
2.213069317325213
2.8058124527205344
3.6989971206662093
3.84827824835976
3.62101680187827
3.7575280606484864
3.4858495808317986
3.5874389587456195
2.8883492427072976
3.643682964554303
3.0451825424980203
2.947313697518763
2.9385334780923653
3.137563086543767
3.4886861648758067
3.115487040073077
3.1424056554998723
2.460069829524957
2.969555552288742
3.1992488963883923
3.5417029890175673
3.5755162899930224
2.8404137377883645
3.8455302806435845
2.4594276963980137
4.221152942810771
1.9988758698328877
3.5707148099237678
2.097674240462129
5.074864676832439
0.975373235665681
3.245858444031041
3.0472534339240305
3.1348674395106615
3.161613631662924
3.218884294101028
2.410531535778507
2.0322862903511334
2.2084794730146653
2.830253062665773
2.4559883180751583
3.1407820115840654
2.6508059710727556
2.5904923177595904
2.4311009302945052
3.008951379007487
1.3701006534379228
3.4266279039579635
2.8078993284230607
2.8907806710653445
2.7991988902109917
2.801110553101241
2.657510819893241
1.0127579503695556
3.1964077430073288
2.603302548535758
2.9492399581408364
2.798997086208564
3.598857360336977
1.2945683307596125
3.2582749841579943
3.1985698517870316
2.703375578698868
2.575756353246657
2.8758308779619317
3.24626257275017
2.920729932058474
3.3610331380250598
2.9831727867124505
1.2750540455654318
2.6517212945000406
2.84833470539915
3.021736562221446
3.483848646863627
2.46594084331665
3.0953962260220025
1.4947978260660184
2.122888492763037
2.8558890810379984
1.0555873926152248
2.7678274546710027
2.7853206362720058
2.836619581162465
2.463201750310356
2.7615604069319377
1.8974012927510218
2.997353466533933
2.949223364515168
3.0100076926920742
2.8847846968856103
3.4676599068158707
3.3227585050644857
3.5782652080411728
2.4275143913409254
2.095257266974892
3.2022912539566706
4.259485846366033
4.111547198038092
2.488373704422252
3.9395548717166124
2.7015800983145786
2.346703358807555
2.8303435218004367
3.16506074538824
2.8933752284160557
3.6512687170048257
3.6152932166499685
4.0297919850031105
4.286014136859768
3.200130399830055
1.9897170320354558
2.895042274815209
3.2205797894808286
2.787742157311765
2.3359124210860163
3.5280659028541
3.0928189233104586
3.696518221087
3.9012188991299293
1.1129231068977559
1.9585307944723913
2.4377220645526885
2.9036065880477624
2.738897530909808
1.8591899152514657
3.323297856125241
4.008843859501159
3.511028045324632
2.7257434305933397
2.9054967495509514
3.9855374952908105
2.711524490151825
3.1015993183623807
2.734040761709945
3.2437126704648986
2.9052376570991454
1.532948070591
3.569468433832076
2.167845304636503
2.347663049542308
2.562812125580844
1.82689947477169
2.5394836743632543
2.41116913417447
1.1014655986598467
1.8443571636514222
3.972190333286042
2.554560594328963
2.794919166049013
1.7804809425664576
3.994387981548488
3.6772934790497374
1.6277024820667747
2.261586001107654
4.478072898265266
3.8376618626204624
3.7840002794167593
1.2307096562591369
3.018111154840238
2.4316361894763787
2.7737992433212475
2.649565877170029
3.0646908855229764
2.5966376073500212
3.8375524893180146
3.0301243186631788
3.662925823867936
3.581475769816564
3.139644554637764
3.991646266564664
2.595037559912597
2.731431717534558
3.400786023774655
3.271737214673839
3.0329093322532366
2.791934057028851
2.6225375992893474
2.815751947979279
2.2035012773618172
3.5121223124797543
2.903143842495627
2.8019418831767946
3.567564610858007
3.084442956649036
2.808166212901357
2.7208018595323153
3.29010406021795
3.1415577667864314
3.488857618221938
3.093762599296522
3.494867482370613
4.209049653465085
1.8006530868038484
3.2090737157670954
2.498611628192847
3.2567031909269177
4.084156995437178
2.2899528910727174
5.201344024440658
4.131594394205726
3.9964712416976838
3.3067506020517174
1.9776902947620663
2.368443471627436
2.4174609900911106
1.888996405237807
4.045510743418051
3.987411114405595
3.3757497373369105
2.7846511765346618
3.32906215943562
3.5034658858861683
2.9967344205435045
1.6761261293708074
2.9324129567221577
2.436657616045584
3.6944126944074527
2.016913166294316
4.477352805585086
3.0342708045601734
2.5789437571538625
3.5469637679141264
2.886670802369266
3.6706601984971385
3.0941684774382594
2.90230320108185
2.8559678205974217
2.8961047371632356
2.3197951903654213
4.1238657649318675
0.9796091785271934
2.4559904191620303
2.225347152383322
2.7009226945482023
2.952437969154295
3.3868331444879662
3.389281045241392
4.690005347462197
4.774105377923103
4.417024422552836
2.71878366821407
3.338462979151031
1.9995353410377743
2.49240316695603
3.3196352725579223
3.6031188019346914
2.3807538890198385
3.70585898370245
3.972473009688296
3.598365674828336
4.191832905575461
3.678291619288895
2.2332764023144573
3.4657943513688734
3.2564720035962136
3.4846737222249122
3.563948673140763
2.2026136104686813
2.3674904803166
4.071027883216378
2.6010602734189856
2.952675459218345
2.6534011696445883
3.9840803921253856
3.704966426520635
3.2687079878380603
4.818189072209183
2.161943179546192
3.130419921723476
3.098738191044453
3.0980233411691622
2.4003271564159503
1.4133634339746237
2.780321698779048
3.2699824236759585
3.1020250778396097
3.5450216314710596
3.16804303431841
3.062891622555069
1.9037053482628807
3.5654062348229094
3.8774907356866226
2.245498480090246
2.9937030531942157
3.5916873142623733
2.9055515175685622
1.1684207394760944
2.343440900144354
4.2763441786215255
2.2992054968240794
2.690560571502112
2.376073648664658
3.2990054159521542
4.057054958156086
2.846854860270974
2.6373320066720325
3.6923565695745815
3.427189896588718
3.331850332278875
2.8258925764274165
2.457630224352078
4.2216560631579245
3.7568197781163755
3.4984016409258327
2.9653656369474604
4.211108582536578
2.736903221226783
2.50489138767258
2.560130987817166
3.006357786412659
2.654186098635726
3.4050078760285687
2.8009082115492197
2.8713421833471147
2.6079838101238955
2.0648478503960384
3.412027252849509
2.3196562267775143
2.689468629618317
3.0300525179405375
2.0838309101110344
3.8083830270918604
2.9635330872282144
2.9138356828225227
2.5956151677319323
2.418690321710977
3.041959276718343
2.3934604156495523
3.010951120885824
1.4470517915547672
4.041815232627968
2.4929378370223034
3.3129632668333207
4.452824271020237
3.1635756057239894
3.512719621756643
2.5753524988150165
3.1213738306041585
2.832895525091394
3.043944995836478
2.832198627322791
3.530030612470965
4.002135895847435
3.0588990001755323
2.4900511284063622
3.7042596248787096
3.1479376178835596
3.745326275002812
2.6629427681503333
3.013689739229083
3.8985827487160543
2.922969452464485
3.347025414640806
3.575307831435791
3.759200458862366
2.948273808831086
2.0794666142025253
4.746974935610183
3.950871262514373
2.810709381903332
3.2524310807854233
3.2659906532180325
4.178701794724995
4.442626700437076
3.348784827164175
3.403342758305489
4.047781232191985
2.987323895566085
4.473482272241337
3.765594141077758
4.118617856893691
4.208012019416626
3.0703154330057014
2.4161231573572834
2.8774908918523527
3.9125133902291718
3.865169262189491
3.291689051302744
2.8591287603239177
2.3927682786187647
3.2960547338510873
4.408295981933638
1.4119462184984775
2.6567139315838233
2.5605031141542702
3.253467678854827
3.7806627734657976
2.4346375513510363
1.9064852771784155
3.1317636705245624
2.7439113144835043
2.8616643114536977
3.0454146453028335
4.1944569682293995
2.1954117595773575
3.155207634182699
1.8218348350988105
4.180688209167132
3.6621678344934785
2.178961223101431
1.9753220233641258
3.0229338263527485
2.91661270095402
2.025765984860123
3.5096124705421614
3.2503149229009205
3.4773052551482992
3.262337003870163
3.3594076130517574
4.226602960409974
3.094319036730821
3.414142681732238
4.1992281903871245
4.922471851533928
3.914759569633201
4.4165300500449565
4.806434221734879
3.705864995825797
3.2914892451020115
3.2274853918259323
1.8359631456041312
3.1259167307212654
2.966640386791269
2.103893860163912
3.8349157283002326
3.4237948344874107
4.770389062068486
3.8092872479247544
3.0314426965280985
2.054755157288156
2.576532462569258
1.7561453831170124
0.18033172428725486
2.732930871040181
2.0634323689600977
2.6462015716769294
3.7210013065437
3.13305022215112
4.725563862666671
2.5700414303182963
3.7980127250018185
2.5194363335174224
3.8093241394588238
4.192031655702765
2.468061893653827
3.5457411397077907
7.170185576279453
2.608187563272288
4.234770324072858
2.6667610638901946
3.026530262248984
2.499061360200082
2.7777463063569554
2.744293463199372
2.4643963447513677
2.83793333673787
2.314890206240606
2.577062529293013
2.880324967922004
3.3804571936768633
1.9438453810506597
2.724383144366419
2.946138463590847
1.0864751240288104
1.8870571592040346
2.303847889580033
3.437724937017362
3.775589903805803
2.2517820269480557
2.120167225367736
2.947762968001046
2.7326322708145208
2.7198406260704022
2.5774984822552645
2.1048877996541386
3.246496782237469
2.646884183690294
1.9561229510345417
2.8291966802077617
2.75438761983072
2.8373852304976284
2.401252127730981
0.731009343352512
3.5307657270410546
2.7964163123499217
3.492596035048249
3.488862466120036
0.2638118278750796
3.3721183983447847
3.4321633935809293
3.386293105247022
3.2327144423546414
2.4375971179259475
2.568282184893785
3.7265008445254058
3.0448509303639124
2.788911620320756
2.491912563096422
3.10942680367305
3.9331237140155095
2.9496588829679986
3.107566007070572
2.5920149864277304
2.9091166813344125
3.4944407423046737
2.559393528262712
3.1196768658124627
3.138775821916718
2.0936031479471446
2.3732681726503664
3.0836288350117127
2.7040374454877845
3.1285955697124495
2.3000527319623494
3.7572515593060203
3.9548331210968577
3.1259528056287054
3.2942564501532314
3.6668485384312333
2.541889188861476
3.0485690184184424
3.277293756704418
3.6648404147510485
2.6960556958238615
3.796182345570741
2.21550226076529
2.9652530159430923
2.830841037541902
2.7868551992230106
2.6609643579785196
2.817857177420699
2.9387081081137705
2.7641946737458483
0.6937767954984309
3.194092686525709
2.993498790336627
2.791319563537697
-0.16403684003237506
4.0815676224280875
2.82900191312711
3.280552967233268
3.220665967381194
3.3676106794184393
1.7677423065129227
3.322992040058674
3.035076280052668
-0.17821463939621607
3.5313517578228626
3.7821595795205125
3.2599463236826995
2.7231850617688185
3.1433541947309633
3.351586935417901
1.3027081551410218
2.361786222582339
0.3926258576837913
2.969841366548671
4.3184977018933886
2.219411586799362
2.404900054820609
2.8176202405153097
3.0027142054129623
2.1926260535879787
1.6167445829292064
3.699316782715862
2.7986559990580884
3.6239300043595284
2.8717661683867135
4.289954906935748
2.8085695852756327
2.2351914534547124
1.957846295969488
3.369657150379309
2.1423146294205218
3.1293032964836285
3.723395628430572
2.628902134574429
2.943473604307675
1.1530552471087017
3.3705259460923687
3.165811949691927
2.678520874143236
2.193182086216982
2.6607094592022413
4.198508465097845
2.9412536946192898
3.6222249841828833
3.0428499694050863
3.7280803968301264
1.8916583933243092
2.0122568179125278
3.266080594242827
2.624522028760573
2.984221582439939
2.594250548607733
2.1036922694009808
3.0522255080960665
3.0073096454973123
2.741345645529849
3.3800367553419592
2.7512815300316915
3.9574777296554284
4.2624414928318375
3.117303938252192
3.126522683808303
2.8931118323695535
4.255806411396306
2.468719854408328
3.150319394941817
3.4904453804427034
2.637374982252237
3.1605734404284718
2.5770729117783135
2.8697481797127686
3.9262423976497267
3.18502332134234
2.7641506222394376
1.3133034604218037
2.1325115427455503
1.8155545556250035
3.2355209097078275
2.294304976142934
2.8480974034802333
2.225237209776418
2.254094048367265
2.7603901791794336
3.2667312771483648
2.9980435570999853
2.849311891883702
2.8419562725768284
2.7481415499373254
4.212285588933953
2.8081773271249295
4.326374089081568
3.697316502298971
3.3532120009341297
3.2310153893909557
4.10961030906061
2.5962031253570603
2.0774774322892338
2.652423214958714
4.382904263197201
5.025952430295186
3.11048310088805
2.661111999323418
2.6508845033588795
2.838862996071208
2.002379829144544
3.306185239470069
2.494548034969316
3.7368268998874767
3.029489021700787
2.9012416783992254
2.4654621805840162
3.658873456471533
2.603959931605716
3.2100714146400167
2.988146159432677
3.0194464110735106
2.671286370566072
2.3887182578484882
3.419623370469286
2.4857447571838818
2.3341172793807625
2.3363504553881596
2.73145260874886
4.056163207622529
4.259051321434412
4.743487995724596
2.4013035290995823
2.9977468913399083
2.3462776456381285
4.522793499892647
3.5208103412862006
3.3510895704665793
2.957282283383351
3.7256184751934196
3.677152010522978
3.0946536970929883
2.295153933584607
2.8759036717100126
0.8896790640089751
2.2648830507596465
3.0486296237423645
3.4134720762977433
3.4078539760553714
3.090559649187503
2.503279005594065
3.718384023112472
4.301658899901347
2.9730983222070084
2.551039619851657
4.523760883005086
4.43279654475183
3.6670530405659885
2.350533689585684
3.1685406974130816
1.3151077894712295
2.6026533375835683
2.7657135566222513
1.6020748479910303
2.9159019517248828
3.01067922316515
3.841013937294766
3.424464261944508
3.819021612238298
3.651258410607878
3.4027487988776257
4.020192084030414
3.103266219389464
3.4213314873670004
3.257470446100478
3.8948803658562854
3.9357876111205026
3.6971483205939624
4.107410967370826
4.189816999489496
3.8761605314119376
2.3789869664293564
2.4386967361106473
3.518891231724231
2.7318730635930377
2.5494828422220466
4.3750692571742755
5.363353589602326
5.220727967995603
2.710797654339134
4.378273353689362
3.3731211621813264
4.289842405655504
4.276692476367507
4.330427986174875
4.186915474669351
2.0783080534522966
2.818866606946457
3.3675271896677623
3.914049473603461
3.752474792361458
2.6813046875725184
3.2816745677721295
3.840834454878565
3.243562846993345
2.309031436373597
3.4569345093501602
3.0735965671190892
2.4240384455035944
2.9921881433157314
3.69016104749481
3.406614798845031
3.3829849031896484
3.2732485396083115
2.507165699776596
2.668583298576927
2.8669448527079773
2.6861964661014697
3.1414098326439017
3.0024505013136453
2.391884614259583
2.4193441686755586
2.925595655071885
3.001839163621817
3.743232871663132
2.1163953746068316
2.845764369630964
1.7426774297891852
3.2825930001217904
3.258629531781777
4.008293736991342
3.8118607346009914
3.6928512822168407
4.22912193808091
2.8631192903177287
3.0175082632055217
3.9272685717829523
4.146969479252944
4.135230886265658
3.7709092048123685
2.77867964876207
2.41599962918392
3.1404696412952084
3.931757201906958
3.665166413749935
3.0281413067803973
2.825976338368379
3.8352045112517246
3.8746407108335363
5.026025702235833
2.1377079823192395
2.025655855360087
2.5545065419919144
2.5234897224250927
2.303376423272356
2.1675929344371125
2.200225631400796
2.205899271539621
2.2694289369704723
2.3951416373503465
2.177439206816689
2.334299676919202
2.227381949232896
3.6454911006328157
3.409488538161785
3.2326382633663355
2.672198607560225
3.444852072308872
2.1333231224066083
5.032306124442227
2.605733824714255
2.77097003810853
2.686269646217471
2.105226917476015
3.4913528700817236
2.376154671230557
3.3151860639341866
3.5352979363368373
2.8448373072364395
3.4258509681012463
2.8550206004486727
3.8624249877213055
2.741804670308913
3.2531456994461276
3.4293619672856606
3.824679459717463
3.3950483470344617
3.7917661121544803
3.7467054900665278
4.134879310574682
3.103394227763929
3.8540393183526516
4.400458451440677
4.1509969233731105
4.079274552791673
2.1707035611042484
4.400442040946649
3.909165153495618
3.5620619344352518
3.9764341094281663
2.360497389881515
2.809290290670541
2.681955724463365
4.4107788088482085
3.420387232930595
3.7209427848185164
3.55421477115461
3.3460094131912363
2.702139388994725
2.8345777676622648
2.639719585067626
1.4626930609986695
2.3286292416669268
3.98903025512735
2.724564739773865
2.344078873319445
3.249364559365065
2.634484079694485
3.297740689159172
4.0744201112949145
4.324103894230814
3.2557371733294564
3.406784414594961
3.6993575890375308
3.532262512492103
2.844099171218189
3.223557066210009
2.1214301563640214
3.0807691517290876
2.784348864204257
3.13981041366508
3.3984435278508283
3.9110701687208556
3.2765647837273972
3.7666782957216265
3.70065110762893
2.075215831772599
2.9342290391081614
0.428982259587686
4.43067672326858
1.2109913021417529
2.604164577620666
2.92081024767167
2.3207907459291945
2.411209255677355
2.896118621938509
2.5655807374895927
2.2870303335436644
2.1676356102389684
3.1767052053699656
3.071314116831748
3.232323039972405
2.651816088583233
3.1838881582549847
1.5245640689556792
2.214592015598738
3.184140644217642
3.0902984871416903
3.2587263359530523
4.865725589973924
5.010100004952754
3.4814988324051157
3.6807813287887847
2.304172636572536
2.114708521349244
2.1831993938358893
2.2597117111914695
3.8371990434040373
3.247461496288971
3.4627255137312556
3.17456333890021
4.751163853445146
1.9948039047703146
2.8615134674115286
2.327532695096309
2.7463939678921756
4.572249994982038
3.71151316032117
4.625048973497776
4.677092500024525
4.403790036315323
3.3098520879964863
1.165435671124503
2.9750123423854347
3.9382600331735684
2.4454772733410235
2.415756501005432
1.135560678362833
3.022214905046072
2.2386610829577664
2.012007073466348
3.6060675929884582
4.170145437650958
3.841697155901858
3.074365933440559
3.7626318287927156
3.1519321881635514
3.4234935549527865
3.7587388237061603
4.328279433728312
2.7753454855752246
2.3027311277339253
2.094472066585887
2.156582957821997
2.1670513950631927
2.189456936953294
2.320062048258431
2.2083742349395354
2.1382029650055405
2.0888914709456055
2.3624046316142877
2.1288017095039593
2.5547100126493554
1.9178982989003126
2.304819931436893
2.1061215418296007
1.8789358989120393
2.092151261576756
2.172880173066246
2.1126764925107433
2.217421426254197
2.4719860156156366
2.0989853589606433
2.1674472541360243
2.1614329380533017
2.014216687264535
1.9575137128444582
2.1476286160611173
3.181726635479319
3.197977378633732
4.612447089100485
3.6990671004199474
4.133838677427957
3.7744622358189344
4.410788829572192
4.113363032655348
2.3469710890833655
2.9844175354171205
4.442265521626431
4.2548173863614895
4.050546240461239
3.2373053605431337
2.979011427857758
2.121358525973581
2.521974483719835
2.547448744538637
2.168318042139447
2.0989853589606433
3.836940022449318
3.498580507104228
3.4975028161143684
3.704231140245693
4.870296336316969
4.162738079645811
4.737294757086515
4.7538615860632785
3.2794838991794673
3.7600015688269868
4.403540324813182
2.852560679013904
2.797159207488596
2.626837814935669
2.8438936006020645
3.6733964165278783
2.5685874672321964
3.525243755970755
4.46407377456726
2.859448321336596
3.564206418940953
2.6591799831470446
3.513018903447051
4.000322253971564
2.125439367357977
2.72410367107464
2.6806522587947876
3.306915393848493
2.137831417288958
2.9448444610124365
2.039952923150816
2.0451762328317775
2.2111419521972415
2.039952923150816
4.734580071653094
2.138758664961406
2.7513810045808844
3.208761642817095
3.2562554858587327
3.7681596710836045
3.944553750683292
3.2389229601818794
0.8641882897061928
2.211455749291871
4.434604372162165
3.263448895531293
2.4414689058262375
1.9832268431253093
2.6398201917129307
3.3196703067399027
1.2782327714905688
3.162120862396836
1.4083811166185685
3.106825219398026
2.7350793540641316
3.1537729286303464
3.181608061766249
2.2694966391855407
2.5155051130744552
3.341404710533422
3.5073523035221084
2.2427312049435937
3.286321618045098
3.9408561467241214
2.3889525942887286
4.091229003281043
2.408587762235811
3.264431705255185
4.059062060998777
2.700214380007274
3.9772103198112694
3.602306707192256
2.890048817851448
3.682800773811732
3.3942485573693886
2.4023889422717293
2.750068826672665
2.9107576527324945
2.2214781325349136
2.6639438752200872
2.754645774452623
2.3938149124223047
3.1699257717795954
2.9076947122465078
4.027683760451129
3.904181415922972
2.993288742950723
3.1588344365462495
3.150270825383113
4.0728001969396415
1.3066649810457145
2.0606308088074843
2.9367229859662274
3.877211675757618
3.8257440541455363
3.521324737282861
3.6519941606276465
2.573248610602625
3.3609861114964734
2.897015307590224
2.809597857250229
2.6169634076698527
3.192041781990951
3.604287165228405
2.625388223335464
2.519908425323905
3.2463261409051682
4.306008004214716
2.704575804975838
2.0501461897182995
2.3881679758826464
2.406559280373152
3.8435108768224446
2.295145829206786
2.741275592774799
4.2368416266950994
2.6486178292423057
1.9624255081162814
2.8458970741885437
2.5627205967300326
2.6701628376331064
2.9762632785320773
2.2414408259851735
3.825991248692831
3.06184642807935
3.412154141252956
0.3336103399791708
2.886511216490204
2.9426712920838614
2.37122018076685
2.931781304179881
3.803882510721751
2.657331154334748
2.97782268510472
2.8401677194908785
4.2536631099087225
3.0049393709605807
2.339184803710884
2.439101556646558
3.715140686090054
3.2629885350874126
3.7386882275760476
2.2254292340978807
3.1594093995441934
2.679047744192431
2.312592815913579
2.9320310315183957
2.5338674162731856
1.7665408437734071
2.610653128369181
2.7232556717782157
2.6628172424913856
2.7800790639950876
2.5752066798923154
2.1420450568535276
1.861135403724588
3.0242890739284163
5.162400489634299
2.641984366734656
4.541198120441262
2.30430751351388
3.1779616450450785
2.610916624252283
1.7373010545344456
2.609838512666926
3.100882329303723
1.8532822296862277
1.690608968023175
0.7495707644792278
1.2904683704174804
1.669944476120607
2.7809536747823778
3.225701923497648
2.726430158522482
2.3677252349478586
1.9387065939373653
4.144291017370001
2.401959808037355
3.514029978688967
2.776878637614189
2.462595698396819
2.740209256751606
2.66615411570833
