1.7764120631224307
2.9936780681692157
2.9323611957235967
2.930606236539687
2.669862774689465
2.708053792809941
1.8511960266910594
2.8063110903513993
2.5007949186047544
1.9051954804124074
2.702641841185172
3.3807280494328413
2.2315207505971055
2.5287052274990223
1.5334585592293477
1.4372210649331885
1.9569599689565573
2.1594981102822874
2.8566153176421603
1.90787702365231
2.016671402752325
3.804676694914656
2.557847194151108
3.67799667365182
3.448115492088359
2.5888901572346104
2.836098694817303
3.787376198384115
3.1961257886493883
2.661440950004383
2.638547697278882
2.8111380340525978
2.2248639333475313
3.1100767135869183
2.4034189682055773
2.12646052604466
3.114838592303473
2.401043514258047
2.9062588029218883
2.529287046301933
2.8921249977896983
2.360938379566697
3.145891099995159
2.999474055449749
3.0519535463313865
2.297324863378198
2.0168076062723066
2.0993282488602136
2.9248053254802917
3.3112842092883588
3.850941452487598
2.6409959706851756
1.0730999159928896
1.7603581796848136
2.9619559713084236
1.1501156525787795
2.126759369023247
2.2522711596443665
2.675276594899003
1.6043907223816078
2.4322319324084463
1.433375684536127
2.5186390456574195
1.9917395885912796
3.367156391066004
3.827579256529514
2.8858945186161753
1.5095568778003952
1.7887464309725296
1.3459833758603674
2.645271866142472
1.7072219671038826
2.388362199684991
1.4929946122486362
1.9376444347376027
3.2284776591444784
3.0543422989969398
2.489727076336874
1.1743118130005703
1.6860537965271125
3.231255787098114
1.6829624256679052
2.1479465788756253
4.23235202928796
2.656506939519985
2.4161349660551634
2.0703552612945257
2.0525923015436085
2.0967280424139974
2.69286895664018
2.8535250502110068
3.260060724204555
3.3429310389033313
3.8747386430679462
2.721323775836869
3.025642340622677
2.8475442991753925
1.587053454288083
2.191683985928472
1.6897682927077138
1.9200254312520062
1.4153414465939964
1.9679593211463933
3.2110643659764175
1.8483542586182922
2.2223271621392375
4.028818762681966
2.279088207259894
2.163503081465675
1.2566243423521999
1.7213583223499718
2.109069602056557
1.699994445476754
2.915853634332712
1.0076503291909122
1.8803491148673284
2.0377181675497913
1.505327341959852
1.7028303774557683
2.1235852708652927
1.4568075261134112
1.9107808503342871
1.716351075793803
2.6103946856061753
2.3101597291956786
1.8665828716130803
1.208285730753562
1.5160295039441616
3.26267250390443
2.756126402770248
3.8239407197440807
2.3433169598156884
2.348870064532845
2.2517335247018484
1.8010417091487188
2.4663339142483145
2.3072825033341267
1.4231320789515622
1.4573271605875628
1.7772868195394982
2.29883075156565
2.182740743370962
1.9037411885480375
1.5177154903438093
1.785136857559825
2.670516721315961
2.012447849510354
3.177824345863715
1.8576333356635002
1.8106720444610975
1.9619348751073882
1.6851178054126774
2.790916317615657
3.4234478652961973
2.359956015958997
2.3340508364632004
2.222753599579837
3.058331716532981
2.3742424681615164
3.6542802801347336
3.225783690455251
2.5464831754133055
2.167611340124981
2.2103306742456
2.8662614645932525
1.5489906084317204
2.4587352014785546
3.902124589191053
1.407098754793376
1.8245129492897927
2.1150823286964857
3.6180672970828276
2.757456791166496
1.843290887210199
2.941462640185168
2.362610466782394
2.9214894349211233
2.7292189389117882
2.8430473739530004
1.580535292014371
1.7004299385672454
2.0287310422995204
2.2662393403739713
2.776314706409584
3.0871940364420385
3.356169476472405
2.0114001778605908
2.825612978429326
2.6791860709333792
2.171211203473356
1.5274232464265507
3.3594817335860796
1.8636382740294308
2.5068848404698043
2.0261606338391753
1.6436343112441834
2.688243078626367
1.4554829981799973
3.3520976743571196
3.245514926703001
4.078009903679494
2.3803244166837905
2.312186861458451
3.296845902539018
2.5121282027310845
3.351968926605251
3.9541074453011
3.294660280740662
2.219643347275289
3.7109287212298385
2.05251327455353
2.1196654999223687
2.150719444690025
1.513145399385278
2.372987623107315
1.7685903863931902
2.63282332754786
2.066517374403451
3.2520553753819272
3.5553712635493047
2.359345655149861
1.852072099040354
2.195869029884861
2.1702519875649613
2.7213029731522322
3.9213118689982474
2.3918794099465
1.3479228776130816
2.8549852481361495
1.910793567117861
2.4351404297494477
2.267590169310904
2.037129809636261
2.4082558679014343
3.6720535705032917
1.7092109444506685
2.0492187712882224
3.2982831781353297
2.262839714157181
2.2884490817760876
1.5882480358969815
1.7057270365192276
3.810673826754255
1.4302434976085834
2.217079872865907
1.4895441104995006
2.2361963897632395
2.702146867171249
1.2088719354039592
2.314965574419695
2.460663986176798
1.3502489982279384
2.038772555685816
1.911983950119503
2.388556280408887
2.6557597957229726
1.8993094067099539
1.8027739186622995
1.9126386115714333
2.2233589374328613
2.4643011425854935
1.7997811991003974
2.566159307731305
5.006471773981689
3.320822684084536
2.030920458569942
1.8752809213412625
1.8500515767840393
2.584375855455896
1.7187903164640381
1.6065085563551562
2.653761609857168
2.0713574470631895
1.3844760629312702
3.362635710179767
2.218252086396949
1.0883176363749034
1.59339541979415
1.2040595159574712
2.5939856963263237
2.4896853282560527
1.027583618022442
1.2873622658125878
1.5441640991886483
1.4493676325983396
2.2936716687053376
2.0046833209314863
1.3535226721412397
1.958098338498007
2.035502973951585
2.2838298052893284
1.7456868630449929
2.308180029943636
3.020159499961212
1.3983258370503244
3.3815771460688078
2.932133116484766
1.5450310063855488
1.9112204873668153
1.7043343987715247
1.6891651127437348
2.3872330137008375
2.487102339134962
1.662617649014532
1.5146500735628743
1.6739576790992279
2.0689595275667987
1.7188779633652604
2.3726566801190834
2.1118340912210685
1.8203670852749632
1.3402602793952376
1.6976626963833892
2.366183402611339
1.566250119705174
1.7314068679351395
2.6522270608830403
2.1496638968136894
2.619054289883576
2.7350494331825654
2.182566843216477
2.2399710994120907
1.9234962337601176
1.6207575701343526
1.9506170365976834
1.4520896471281333
2.4445443205968997
1.761399235322681
2.0797166149312813
2.9386630815431842
3.612715064773832
2.659985196062151
1.7882759434222488
2.475196485376177
3.0509303998402526
1.7140255505682027
2.271440481695116
2.8886704476636
2.5331148529672567
1.9100806708274514
2.036966281656955
2.4210939155955544
2.1943321671489135
2.2908546508226184
2.1708661828822784
2.6973228138828187
2.105447189124906
3.239478982829299
1.1755025622406896
1.5798300278132287
1.5858911676389573
2.7127289180672194
2.7895014903825666
1.6165685827390164
2.2713024058988323
1.667168159039761
1.875976022430804
2.6052006739222047
1.2733662447023177
2.4214044180824468
2.5070061928488916
1.668471675697574
3.309611548972793
1.2293422732092787
3.256788516440346
1.8598799091534288
1.8923398769959854
1.9507910176245897
1.7022808496756658
2.0086721495336857
1.434275423857543
2.3818271285516763
2.134953673366631
1.5523107926296278
4.122641063537396
1.7264288657986344
2.7655677109318586
2.182912910590369
1.5789988683352325
2.5079026451979556
1.6692244639850047
2.0295526934295727
3.4031123311727987
2.2637224497106527
1.9770804509594606
1.4619583565725764
1.4028589446559336
2.636214783300928
2.999872873001977
2.1500137499186422
1.0931510184145758
2.4239459920043647
1.6292468113808718
2.31021237441722
2.569427848748152
2.5967339064109276
2.182087953109029
1.6870506125380924
2.1598540838144453
1.8086137455840314
2.1677640747632285
2.2610656875064823
2.36025492062746
2.0505195339879205
1.8521605250429085
1.9826685825853188
2.47017577790167
2.751230120249195
2.324645637218189
2.2066375117134744
1.8920158661483446
1.9834361844915156
2.5777548667082
3.3914426857078683
1.5776302997785034
1.842305581577108
1.8157449276271147
1.964585976725838
2.188018062048602
1.1377064653388005
1.2532771082732725
2.0444060280048544
3.2762884949528104
1.6036517293653956
1.7709416841294343
2.2942429264865374
2.4476223640726555
2.5908183802304756
2.279651235146797
2.9000891315131185
1.6448629972060484
2.0582988983657073
1.8409224405804758
2.030433860303564
1.7053630879408157
1.5781078855818462
2.0887973943305664
2.4569689454898107
1.8393196157055716
1.832113361158029
1.86253594823867
1.5760184107187327
2.4880064861889846
2.464155187496653
3.07425364166806
2.61910948797117
2.115719100169728
2.0741686330177695
3.865918496959134
3.1600248979041075
1.6400461362845704
1.3652811572832322
2.857768993476893
2.1127548472527646
3.0912462972717476
2.9979811958326787
3.013087040557672
1.285635545887901
2.3512669494518565
1.5976044585913018
1.3716903976067516
1.312786130899167
2.0890887080794664
2.78587586023363
1.9363372891662611
2.380776427854079
1.7849535834877177
1.9440975363307138
3.0581321446115224
0.9072631125969794
2.030111088140007
1.0423668801695316
1.7080628100039312
1.104941574738606
3.6139790293836818
2.864021173444332
3.288907081825723
2.4766718986730543
2.6699287762224984
3.074053015762286
1.1048230661889862
1.3735057812454987
2.934007329744769
3.763986243332935
1.2148812619642035
1.3624198291334668
1.3278966497197107
1.844547250056539
1.6479072078851311
2.1776677279603844
3.492914810292349
2.623586479315408
1.4227915327708358
2.3597680108292933
2.39613312420175
3.232230013435501
1.7878043060052884
1.9402813875885452
3.6095175781134103
3.5943272700303956
2.4872622581321617
1.8770106628950747
3.3160839918543035
5.806804098021834
1.2269672999824015
2.3096912152568354
2.3206318811694953
2.7322506699070552
2.9598410326479176
2.1670919563738194
2.548567492515868
2.2874918834940607
2.5894287283233988
4.436596168800108
3.310444709312572
2.225090453521729
1.0061612167578773
1.6764403235906369
1.637793443800073
1.9365513847977152
3.8333894434434908
2.403993978237543
1.5013816075859692
1.3211518800976307
1.5186613812720415
1.7891936248198246
3.0114582477864853
2.4234963935890117
2.011732901338827
2.0312439650307352
1.8575153273715017
1.4665523715207986
2.352887644428506
1.7140660149068252
1.5213044603189023
1.59900410501142
1.2627094230640084
3.5349182041013494
1.7807969211462582
1.42985542990371
3.342169598046312
2.467651612600211
1.532825495671483
2.5799262220178294
2.939690783297744
1.273150249563217
2.19231120087967
2.548191273966767
2.6273742548929238
2.3285977737958223
2.5047711514470365
2.2529499545575105
2.465199393881739
3.0285901188461932
3.046561057826594
2.1597647791097736
2.0970547539290094
2.4898653053167648
2.5854295925837754
2.7097423526844375
2.090622997588317
2.4075133557665436
2.410142989902379
1.4193385777065275
3.6326558125008095
1.8600167299240593
0.8554018212104092
2.258205296495276
1.1543956529536632
3.8781715884935983
2.5773954255897227
2.550897282955718
2.6412945830958217
2.813040739667031
2.4109359804209776
2.122529047929034
2.378223030828446
2.9477836561493085
2.2503858349968575
1.6543680564227876
1.6098721931337785
2.3032112318416673
2.274164137856702
3.025524257538006
1.9904791781364184
1.2133352223667173
2.1009753113013496
3.055743798546815
2.6112614227813804
2.8060784630592828
3.1592196200133986
2.438345299632919
3.0317397012920013
3.514894975733353
1.9294114506368043
2.6704406868851556
3.1828362378074164
2.754766356792913
1.9153974284707105
1.9963155715915317
2.541974275646022
2.2434619993493525
2.399446698182136
1.607768835255247
2.2374815111902437
1.6872744182462858
1.5072973706959538
2.580269194456439
1.687832142206433
1.968942276287507
2.0837376926215927
1.2232765904085072
1.266924360358101
2.2733425083740544
1.7702558873745307
1.19986834976023
2.06277711019231
2.9290188196457687
2.171136869030452
2.2931162771691023
2.4413940751939363
2.3995095379515865
1.9054916392777534
1.4377266986783002
2.9220240656160623
2.041647609593437
1.8695788237091426
2.4751829755927477
2.0573138096792865
2.343814191568897
3.3233197883250116
2.7347301345247503
2.097446543506634
1.7474335739892406
2.467383970849016
1.0607495920402883
2.773562441779748
1.7655020522055704
1.5532734938817434
2.1216794741192193
1.1449751066555107
1.6849257098446255
2.217656685136784
2.2843795180854407
4.0284585060346405
3.043733546967953
1.4342916679761875
2.178222105873833
1.8440386095176564
1.5715872898366827
2.2915961452006037
2.404043065132191
1.5244146603373965
1.1591204049338484
1.115982693472425
4.980699827312567
1.3537708705686504
2.548371111131438
3.869433140115159
3.7026311828443093
0.9448897457607335
2.1322107520146067
1.8419814174043796
2.36337935453238
2.5941342276221193
2.442067759295996
2.488981197139606
2.310163272297689
1.7805655885095433
1.6037240982535206
2.0008296780859443
1.4127123447504928
1.7890476815923138
1.287202036385752
1.5378773274361859
3.605932413265261
1.419112222155862
1.9450468373445704
1.9571845383287654
2.2949596935806826
1.7390119599413743
2.360283665432758
1.9081299497925635
2.472527105926229
2.5821340932564865
1.7443805413310232
1.938699121955326
2.2926013101231577
1.3534890953788496
1.6911095487378625
1.3835506463173306
2.013556493676587
1.3052854559133884
3.037606645926401
2.4954720803405666
2.0665340461159096
2.151835648828562
2.5937562663457157
3.6310279518949273
1.894072108960901
1.7245822651328973
2.412161273617658
2.706196718556204
2.1454370248744263
2.9240969019363563
2.5610294144203394
2.3755172447777797
2.6069720326510595
1.687787373454759
2.052358864195231
1.3217015715482927
2.6473666319776727
3.4440726333828056
1.7528970687174354
2.6033324975520844
5.564901361401877
3.138797662292475
1.758035123640688
2.7589239966948838
3.0694215939958824
2.010420820509129
3.07478534447232
2.631560931718861
1.8705098268502838
1.255987925096689
2.205389137691939
2.108427954465999
2.7068151244625227
2.424023966415636
4.969515096556787
2.2918903861500732
1.1968676343079079
2.5921132724431213
1.7460250551491547
2.5925161938804617
2.588190967616748
3.326294617371962
2.2504338624950604
2.201058605215976
2.514872197332554
2.417780843308006
2.7890436870108943
0.9072839156669409
3.135010387382283
2.400430820721718
2.1627522574506552
2.646881167883227
2.6750059234046577
3.3875506485564064
2.280131109350056
3.8456495549318106
1.846158942691947
2.009209147685175
2.073519121181619
2.3416835880930975
1.227109907132627
1.5446555868842902
1.873242113173624
2.6907706409632572
3.2684038679984515
2.1236398093556605
1.6432023621251548
3.091252698851576
1.9942119810046168
2.964535257463738
4.544649777321824
1.973896459201247
2.8984026205592257
1.5764788663923461
3.4289099591032617
2.490243233867406
2.2355778910968436
3.243995297290902
2.083438675379009
2.545597680451894
2.7506543057015325
2.0688405881025784
1.9576500474679717
2.0241810819288757
3.8017608065833435
3.076074242478247
1.802471166158802
1.5679131071391894
2.07983300123048
2.251875810551207
1.179442586275103
1.6540718384262363
4.208130226567184
2.786077260488297
1.774246242590451
2.493450533375585
2.2076903680625914
1.8861080622214421
4.051357572764708
2.699947569640534
1.699941418422612
1.9965841032856366
2.228940207189935
1.6851354985887583
1.9066541434080757
2.0784935160339577
1.064784180584687
2.2086986701496856
2.2996125999094046
1.780339079551486
0.7189319612702723
2.083928930921273
2.616437433123664
1.7615212515737577
2.1141968382799057
2.180568596654973
2.3301965882025018
1.903232689550006
2.0322704110921754
1.867695402117966
2.9910592495531123
3.1679339195269436
2.875655543900334
3.090544943309548
1.907937059258494
2.6702638293113976
1.7900839408392901
2.0953922583206137
3.221510717381323
2.046486716076001
1.5267527195122723
1.4022030860428611
1.850260468874883
0.9841765939375634
3.406856895645578
1.6661525425802637
1.176364305410503
2.492759060557857
1.5064990581176114
3.450541467281496
3.1919088927003294
2.1045963340322222
2.643189790570378
2.083461793141884
2.5057041694787663
2.0372190576224534
2.4093114317257496
1.872447382461466
1.7008625295135147
1.7422621133716631
1.613119218521866
1.7509248376407711
1.5335164968422237
2.0047488264497586
1.4791097354012872
1.4513812173697145
1.3135296818702145
2.3116125366170173
2.314980721086948
1.8791634868174794
2.464646780882448
2.8530394345528385
1.7566162590646428
1.7638149009737067
2.081997895799668
2.3606477506903225
2.1321983372047635
1.9873672127752178
2.1472504741272447
3.063703636407604
1.6785934823119926
3.2321166061637028
1.0509671097531792
