6.8134130386835
4.4314801093704075
7.0459106751078
7.120422668107929
4.5223641828008
6.437830678620958
7.3025847296057105
4.946994932173986
5.170073313441223
5.911859437528856
4.674669911275044
4.555595797279095
4.741407307701326
5.716897995186737
3.791139220757307
6.123208570239683
5.045206803542241
6.159055257555055
4.931496606082138
5.0307672949913735
7.9305684739632305
5.3942950741748295
5.642444018258635
5.013047824106408
5.405962997156674
4.412946102074458
6.9149388028406085
4.241911391032489
4.833408853671551
5.918063300474634
6.091241490451423
4.689423693503189
5.720559483259994
4.85930016177908
6.402732956677415
4.40451183271002
5.358887785493732
4.501679122748215
5.8027608725708895
5.97841312921854
4.6547536088546675
4.397684853608536
4.591826385765638
4.877371967321245
5.554599354315375
4.458295814278283
4.6295463716573515
4.453379452034823
4.865078764979772
3.7539192895379694
4.797491946400746
5.5502712989882745
5.612321555748917
5.542084784965457
4.974769579263549
4.162815824308905
4.882494620957359
4.883875661871875
5.619694125414226
4.831437940771389
6.528984596101741
4.694186372751096
4.573368574758305
5.927109660446153
5.0464097898152485
5.976326535914566
4.715318803917363
4.857386342090406
4.7662817793274765
5.964216266075231
6.592236502062347
4.088142565646323
5.784651272337443
5.120088194071488
5.0691842289336
3.452336695408032
3.2941785255049623
5.273618766806935
5.6912052710113334
5.513443790790493
4.172000978230208
6.378850991487781
2.0633395289571714
6.8638998795506385
4.801812597896975
4.869345618848441
5.787872099925123
5.193371613581889
4.957942021082623
6.760993321948755
5.994510127645178
4.922840566610821
3.902874455864241
7.587091944986662
4.1197868988983615
4.248657809448838
3.726501722430603
6.117806259472394
6.640904282292803
7.006153800757556
4.7882934118048
5.176735374561857
5.238617663328756
4.693351209232791
1.9999999999999998
4.2608749528322
5.862978417579756
3.696346589249996
5.931925888373234
4.776611973194848
6.908597668430764
6.713176409730763
5.595556031001529
5.502582908426124
5.6663856599606905
3.293590007205873
4.64056894111777
3.690546962377803
4.646523177020871
5.9737906562316265
4.782179277491364
4.699894351245405
5.529379615600236
5.550918449847469
4.86134280822517
5.0901878444985815
4.664464934180733
3.989318954623952
4.3053617565486215
4.743095329302415
3.9938931310556485
4.658765503607174
4.794331667536378
4.619683022835332
5.172884546825447
5.0002423010448815
4.880329383529173
4.384428952905132
5.5939515648779565
5.115104191786559
5.48752601364342
6.556436842946818
4.650269517502281
6.039045678886228
5.261924750980879
4.128957252047773
5.471180946866921
4.260552711585716
5.0196806902789275
5.429807131915298
4.824007330948856
4.842572759716473
5.552111367398414
5.8636753098451555
5.65424445601999
5.09352671489672
4.922193422721355
5.841362442900133
7.689551240571683
5.435984789737661
4.5305033060518065
2.8615352504193794
5.118931230442612
6.109191598496501
5.769680160339153
4.570597991354498
3.7773919931259115
5.090496152774092
4.532206125373251
5.353144360922141
4.708850691851384
5.7185940237627975
5.4509365503657445
5.356709447374072
4.635195132142926
6.825256623008917
5.009124236644533
5.7569428138304435
2.7858442734661546
5.6031651819129245
4.954214018243116
5.112186762548652
5.1742292056064105
5.250892371364777
4.097672162770563
5.311953625787819
5.755370643304825
5.6261272724816
4.6645138976328555
3.8913870927630065
4.792658616874883
4.489105703697916
2.4923895113841694
3.770061142224819
6.758579511717972
6.182427872061759
4.485990950945809
4.733067690860498
4.368727068706397
4.852012579253597
4.899120712724599
5.45121882789379
4.3343008061477715
5.0850142842816455
4.86359834543385
4.814619072736837
4.2408055220343
5.048773366877391
5.175653142987488
4.77129432920794
3.9103567948177047
4.1039562013937125
5.070292553377186
4.4337398327769275
4.506911937272827
4.609249774993557
4.424204199034461
5.40930165031523
5.927029644264001
5.198382541789047
4.852788324356977
3.837627102234927
4.913166995657999
5.97491338365651
5.559457726719365
4.660775339551555
4.79036777683454
7.0921666399760515
5.91827602733372
5.579674514762722
2.0024953940887027
1.9999999999999978
1.999297410408547
1.9933816596410336
1.9999999999999998
2.0000000000000013
6.586913658245486
3.9940389997129406
4.471562135321281
6.125073009603183
4.547351521984682
5.072525438142384
5.397474041458988
0.46008341794879914
5.153185204758044
5.692394755835743
5.019661515335413
4.306257602565335
4.552933471005202
3.6934308459743566
3.0048547721980836
4.487616072438376
6.663474507787532
6.36737073748668
3.209247161825756
4.315282204049864
5.276872149930068
5.876901262485814
4.743213621832281
8.95200430243948
7.070511640894345
4.8609765816425625
6.491184348241368
4.342340676843494
3.718046585117121
4.78862000121754
5.270142189674254
5.162769583385846
4.314403299237703
5.094648962911704
4.073359036958722
5.251219154529636
5.4798055403933885
4.505864772596871
5.464123156844616
4.9523715405959035
5.796346559153487
5.502264030666202
4.910851116518316
5.011632890432376
6.036666489875241
5.890427629318923
4.408842795108601
5.60617833096255
2.8961637131029763
4.8234280455314815
5.3396228149634
4.580847085208875
3.9749897760323107
5.136519720171794
4.7449599372591695
5.260266122054379
5.557202723014367
5.061754922176215
5.617045140929349
4.83227539478016
5.144718381502145
5.740244475393083
5.620912926824754
3.7162764337362186
5.811188342156555
6.534315477840858
5.603481862596815
6.947590447596969
6.752527598473159
6.810308588710644
7.038837204429669
4.647340878859794
4.663436009923742
4.000054123071509
4.712590023138177
5.442210793705936
4.087533586609164
4.703137520458858
5.979354588627096
6.038099582891515
4.560959964027836
4.14473850329777
5.381786828571878
4.890607164396348
4.923192121551317
3.962273650688921
4.421536103955072
5.116733243866193
5.7367461735303
2.265988279500731
4.834419912089422
1.9994049950817783
2.7263087575033116
5.750992896549238
6.516188777736508
5.681858649712783
5.113338686734274
5.2842509235510455
4.628158305429496
6.424830572666771
4.072121922390162
4.23774001867101
5.3085223299941084
5.187590042388921
6.079774407823937
4.234877751392383
4.071736228613377
4.060462249404711
4.985699628348566
4.552192833975468
5.536669653586877
5.974578364919676
7.064291563556884
5.437856085119959
5.651549825814968
6.154603387679812
4.8180545408920885
5.575160971860873
6.4340661696077035
4.591234634255951
4.7686283287330475
4.585290945358249
4.246753536486899
5.583812093105382
5.499051096297855
5.041960532673136
4.686511502740502
4.886421256954247
6.102119913497516
4.350281899916497
5.755520616970609
4.82755042381509
2.2503347592434517
4.8379204739976895
5.728469031926247
3.994247668502553
6.056815736245705
4.910746384261348
5.576458708444745
5.018807262798087
5.092937388551815
5.260703306507848
5.04857637574526
4.099201393894505
5.119887553611051
5.040723342579969
4.827964404968868
4.580690408745003
6.772770947094867
4.0830755918877895
4.005061864389051
1.9999999999999993
4.5445315215700575
4.7986451523306926
3.1608327758732764
5.187640252687142
5.148444901038056
4.427274466632393
5.930496518085421
4.788844629846487
4.476245989359719
4.793076128321462
3.559891566199296
5.323830417688274
4.859012539757221
5.185082126772738
4.279552731693213
5.921320106106252
4.775127549603347
3.3679283130580835
4.121434750272672
6.643028535223677
1.599215987072263
5.307405760973212
4.226780554085127
4.862723465202839
4.6447818350735774
4.701647003041344
5.406044460746783
5.734245817288105
5.072337133957333
3.8221210374991177
5.741119154062295
5.521206859812569
4.3187899678279855
4.628188025346417
3.856199909412172
5.547823465975714
5.242912458326582
4.305239692973633
4.911144785304053
6.230226451272395
4.60746667359363
1.7473472082888513
5.414641998574588
6.3560088100803185
4.657704671366821
4.561220702226957
5.801465520940738
5.6518645427277985
4.894297978151554
4.431976422117233
5.976054628322267
5.592517674712283
4.859804761427096
4.6138800191048075
4.777703416055332
4.8877916964292245
5.738197975798613
5.034890048551259
5.164328127374915
3.4314583059844583
5.444003741550604
4.093083875520477
5.0454727522519045
5.147817458105924
6.504553835920056
4.492974850585334
6.070473188602875
4.795678300797272
4.1668452270352905
4.965954997078803
5.052249279333838
2.5773950568245603
4.314254588088423
4.29406875416852
5.032020406552665
4.502719326292944
5.59226633622949
5.14419426003926
5.189314751294253
4.75831047624021
5.394897065938162
6.686693110645572
6.478070779188911
5.072850574969407
5.451152293411651
4.616763781919151
4.009203104084875
1.571893720958871
1.571893720958871
1.9999999999999998
6.091571389398365
5.788107933150622
4.045810135703758
4.537162638617631
4.4006122995417165
6.02420845759616
5.036066410998782
5.018927981676642
4.973519400248019
4.466313269717495
3.5830312005260767
1.9913703741260038
5.798059578894305
5.0744725137242925
3.285886487568624
5.137465228180967
5.921605242199762
4.847095328146584
5.6951082131276305
4.6305398310954216
2.5281395770135484
3.822548069768141
5.000919653406805
4.982408531398249
4.698890963311585
4.99853493290571
4.7595919989814846
3.7887953345125114
4.658931315203056
3.6286573910793556
3.000375102901911
4.748456266344494
2.82573430423648
2.452075503344636
2.007119278866586
0.9578742977040227
0.7704752448014216
1.4716283604654479
4.360249899316843
1.0519798942724963
2.8233406824659566
3.769928053543148
5.361860697674812
4.173417573746948
3.04239597135448
4.9149977595707295
3.5700134755044206
3.7379905668408364
2.9206472178958878
6.499919809634369
5.116854107626258
7.835351044684867
5.4184036804886855
3.4371639530633313
4.019202946385563
4.846097288548767
5.605609990093252
4.6233148827137605
3.876186238885646
5.06145314904594
5.436515701582216
4.657856732332059
6.13864859605653
5.531720371160318
6.1095041072646445
6.181593653172869
5.836331065320136
5.565245436656273
7.216623149926327
5.483612007093997
5.11517971631406
4.746637159385164
4.521192330815758
4.684797323718447
4.835455617605064
5.4367061615019
6.071432492034541
5.011940232100233
6.288668070542595
5.591697227295628
4.781437902717345
5.279069562320272
5.718084386658703
4.94586020813254
4.60584669902075
5.041597930327569
3.227131974230761
5.064797360087423
2.0024953940887027
5.494986645593322
4.2777809128830775
6.2665317171210075
6.583391988391927
6.952639328750857
4.713134142443327
5.490496681054623
6.797375562679557
4.93984708706807
5.227131550134104
4.146935476688682
4.029241434209195
6.154430232296756
5.441608953480296
5.602216006555013
4.58521373756686
5.146968318580266
1.9980153547405501
1.9991595193854956
4.419699562635801
4.951906613863035
5.77211677976934
5.62291144049144
4.519775317432845
5.002913514603103
1.8720021592560514
4.789908587881211
6.83711250953442
4.059660801404872
4.225384621893111
5.767372474510665
4.993881721576727
4.863390186003122
3.0078746867721065
5.104636128125504
5.5590552627666705
3.9805321861673253
4.940182904422442
4.552031770697802
5.846103008827452
6.010391697969329
4.965578481745336
1.9994383970771705
5.036708489551586
5.472698286848133
4.169749800613742
4.6776228781629055
5.652443842236167
5.836880262567236
6.3961226868136585
5.312592792163137
5.042342633848362
4.45687193029244
1.9933816596410336
5.679005456896464
5.990324513535185
3.8560602286170944
4.2272322517084735
4.422604293459638
5.2504843362305476
4.873725812432144
4.410640462103708
3.654848514795343
4.909096532399817
5.512219321942398
5.086769151072186
4.03099558159686
5.016686212734985
6.2480445749654745
6.074775290040593
1.999297410408547
4.5436596488717775
5.138151505894653
4.583973567822445
5.040425273612821
4.709924440761924
3.960796417892638
2.0000000000000013
5.003686866561951
5.706882072981832
4.043463552423921
1.9994049950817783
4.070362669370517
4.584367251426553
1.9999999999999993
4.458962445908776
4.372911842745535
4.202270677660044
5.218114547086206
4.615424205350994
5.225724077084916
4.345687015391107
6.530112791508735
4.8825373449426746
7.039546548802616
4.5053238718027995
4.571291212126869
6.636227684333855
5.127663512408658
5.206785895907824
5.1533183108725815
2.5311805414437365
5.32164045824676
1.9941236786860645
2.5423575967658048
4.31956468185736
5.08975992378498
4.161493711528871
4.0490098251490485
3.7820075526973733
5.934781697940453
5.341081076634726
6.228715301684352
4.87595935122445
4.389752588003973
3.0479263300886688
5.112817511688913
5.19668172473051
3.8392094458427
5.58804210549998
4.809071354728486
4.986616709207828
2.002443412030723
6.138216827419162
6.127811101055513
5.681123651524954
5.364768139720839
4.808320052834153
5.1892601886583964
5.556965649157435
4.966459175545612
4.057506880773768
3.3554308758063027
4.070280949076288
4.557176527211343
2.5197322014798096
4.5739211421922
4.687575487103366
4.079543716392008
4.6436710416496645
7.484496965527038
6.522244079951399
4.223679737937077
4.663997426979973
3.5106933022826765
3.519456110209716
3.806026213477974
4.803414336623009
5.196201183454647
3.8057659932302537
4.940823147011593
4.179409478004424
3.5145820255312774
1.6665333059370138
4.228357351257234
6.211022257122018
4.621589951478494
2.9261828366516136
1.9994383970771705
4.562882355674267
5.171737601179392
4.680485230939363
2.0000000000000013
1.9994383970771705
5.801718909130745
2.8222102437695296
5.265674268177952
2.4750168146830975
5.155250153367795
4.203202538256217
5.633720799262491
2.00261143711204
1.9999999999999993
1.9996191138523622
2.000338908951159
4.079136383004729
1.9994049950817783
5.005799713601751
2.00244939785717
1.9996191138523622
2.0000000000000013
4.778686607241093
1.9994383970771705
5.216662015877445
4.837198540967653
4.81946230084513
5.3349251656694845
4.363193458596873
7.0821710281284975
4.232853210551486
2.517550512656835
5.263450395575749
6.6172768373014055
6.37901199312472
5.200791312993031
4.02701936878789
4.45299043875316
4.306344782575731
3.0398562781544523
5.5892238923220745
4.800941738999343
6.701619077317872
5.598731252655616
7.454716756783324
3.956832315001725
2.00041615824352
1.6281008817632792
3.9851141363252327
6.9999973408753515
5.4709101878688795
6.8793178221871845
4.356383901164106
4.095404987216646
1.999297410408547
1.9994383970771705
5.959374388961879
4.837172099106429
4.682001689274684
3.9951571612722576
5.346603344044791
2.002443412030723
1.9991595193854956
1.999297410408547
4.950262109658428
4.937011523503425
7.181832216595234
5.112151397480466
5.55063356555392
4.658666282341305
6.693889520059933
5.417115956305063
4.215990944961518
1.9994049950817783
4.407237810820014
5.881628546521254
7.251922558188869
5.425506493326879
5.194333637613326
4.128986909422375
4.888214447830008
5.110236143245572
6.003935093905655
5.1374691629237885
6.251202274545037
4.726936975641219
6.545586568369254
1.9999999999999993
5.080305605704856
4.872856681932252
4.970441667585577
5.314740930328273
2.00261143711204
4.942958453827889
6.048384905055727
2.0016886988865563
6.340655303173731
5.257858974848883
5.347192383779689
5.330041343933033
2.456815887849537
3.3523366198885616
5.783666934742883
3.8393951010465814
6.485891161748437
7.0425526966263785
6.4146171196005595
5.26564567044109
5.524060196805259
5.368004191500159
1.9999999999999978
4.988915021537085
2.877707151149732
5.631087518887657
2.005276921947318
3.5736036776145954
4.595377600874182
4.541209881638757
5.18279315146381
5.016496650930594
3.7965992797484343
4.274762683561883
5.620637312769791
4.839315755437478
3.4460230297711796
5.479326217061207
3.900456034272293
5.100910434400259
5.35230377937719
1.8091206174492789
4.395348339878186
1.9977311905597466
4.800153371226708
5.545800085810971
4.879244773616637
6.423333201954126
3.7039991652931787
4.882381362904075
6.38391707768351
3.935468203207773
3.442040849693444
3.8495395763079143
4.30501270641034
4.206208587971311
4.319628772674205
3.9567458006033256
5.087259531851818
3.7150852952525764
5.455717002544304
5.328338473299615
2.55402911438631
5.140679003283949
6.279152486461348
8.083550446003436
6.642309829358917
6.582157841608786
5.050482662181658
5.312402313532674
5.867766956683431
4.3835495006112986
3.065174212968931
3.883129032855403
3.475118171233556
5.089281558716742
5.533908111825175
4.694083425243169
4.661192374366219
0.27668007744957945
5.469810098577986
4.43764981919885
5.706141140247338
4.705116175566895
5.084149341647638
4.4543831127672435
5.212440340242944
5.8903024069313865
5.668937959912268
4.219020328634234
1.9980153547405501
4.486883332563416
6.592336989911331
3.3327298504318312
6.3734193673471555
6.551281374131605
5.723671214850933
5.911802608819734
5.377701760033739
7.047630298778928
5.833108136981162
5.21313385906417
4.130865869784054
5.3518116182355
5.46249153554111
5.792058415721786
4.830634755415489
6.846282044137238
2.0053274494650872
5.220563815449458
6.37928591714134
6.140650781655262
6.866535661373074
4.605027299976616
5.955675180137287
2.6144071942735616
5.408379600924755
5.292240397586528
1.9941236786860645
5.439157674986667
4.964434762914886
5.003820666777914
2.00261143711204
1.9996191138523622
6.71141327736003
3.9631395747700178
5.638518326420231
5.673549510471442
3.6964183101181605
6.00168098631609
5.464183349963495
4.389412297498365
4.67875351734258
4.833045461533903
4.239510228404863
5.098191600330643
1.9980153547405501
2.00041615824352
2.304367492995452
2.264817722012345
6.469975190471903
4.80493718810264
4.540305551961356
6.1637815892248184
4.8505510067223865
3.981085625462647
1.9941236786860645
4.040750605080786
3.088406469925723
5.2784891241085745
2.538039296384766
6.37102981490407
5.183322715580239
3.7477812273206905
5.302662987397421
4.388742424759196
4.75138256701451
5.631084164881461
4.329852097360189
4.82863851851409
4.4303007117682025
5.682074799591159
3.502928016646168
3.9144339449644625
5.049664238005854
4.753015797174468
5.597018585061642
1.9999999999999978
4.919485279257319
4.876904168936359
5.156830088318305
5.7987540370973445
4.84352923791567
4.279357109123721
2.538039296384766
4.762778733857161
5.364604571481784
1.999297410408547
5.245085201245693
4.3487592252481635
2.6833151052881368
5.095295251537849
4.771802375339522
3.9571702128328683
5.320475307140521
6.274670009928641
3.7721678631928013
6.687680075044916
1.9980153547405501
2.8533068257708325
4.531813332898804
6.388452218869242
5.478232938319138
6.977163656547912
5.0701872074207515
4.723934613533679
3.27490144893522
4.606391728393988
4.509855056271537
5.154717148191612
5.396504011120175
4.442555592595889
5.141264159044891
2.0024953940887027
4.720800998750141
4.883609512330698
2.0037269835247096
4.895498358963447
5.253936865156873
4.550241644128879
3.6483585866140857
4.536381925044136
6.4798601563167395
5.652489471691462
4.780314805309024
4.4811574479031195
4.8670545361004365
5.569426696232584
7.912598570542544
4.766396987887193
6.7523023111061065
6.097184160586561
4.192962898630235
5.378820479801046
3.7293089129773356
4.480817988938402
7.333113146452487
6.088194977389474
4.186341755510723
5.6633563611171684
7.439004431023622
3.1079099945633857
4.0840284509879945
4.66202497430065
3.8810436878666015
3.21175473322972
4.975671612338825
3.756859170714888
4.769957699048474
5.062288829636963
4.316128164657936
5.0805781519522935
4.738781901788863
5.283453277759249
4.769127188607456
4.623734265249832
5.744526094808004
5.563677734303985
4.160420220572588
4.664274081997637
5.161394197844012
1.999297410408547
3.8312998523322683
4.445506344212412
2.000986562872497
2.2432240128568695
3.4150744200317975
2.016676432763966
1.999297410408547
6.104099569436327
3.92157263111206
5.594118215067083
5.600767845477085
7.108188682109558
6.1359374407211735
4.6453586312418444
5.174020085204915
5.6247835645633675
6.33969067453171
7.013874034218308
4.192560611264227
3.2493016545881526
5.393951738969408
1.9994383970771705
1.9993065672227452
3.938841772370284
4.791372323584895
5.972115308501903
5.567715144545516
6.248638549434056
3.352703872525485
6.576099174747211
2.00261143711204
5.19254577017977
4.7807051013505015
6.488191848305548
4.620056535773814
4.20204086896853
1.9989620111747017
3.472786959096772
5.6191217759438805
5.895359580398331
5.113181673230306
5.453958863363358
4.0990302542283645
4.339055195720909
6.734067572768466
3.5948367418367035
3.053902082274441
1.9996191138523622
4.944089881394092
5.195617971329648
5.484017448524017
3.719244452616694
6.281897718944043
2.0053274494650872
6.028001291010426
6.371636347562605
4.901684032072751
5.269863817861925
7.346718277795336
6.281244518659381
3.8776139530572253
4.370117881263541
3.549943230981452
3.545020902850338
4.475243561108087
5.472898614236636
4.343834400568912
5.298769946244099
8.028478803097027
4.74875191282521
4.950659322343894
5.348402688365599
5.986884717743664
1.9994383970771705
2.001928996216563
2.002188907233027
1.999297410408547
5.709031494324911
5.746706824899374
4.856737923275743
2.00261143711204
1.9989620111747017
3.7756168082458057
4.526058802810076
5.129154578224256
5.055245128503222
4.410654036843264
4.838822621509638
4.7029248407031385
2.00261143711204
1.99809610856043
4.65104563427061
5.39320616532717
5.502183873979879
2.341640954654676
6.655621198775458
5.632641075303475
5.051096770116444
4.297088352986334
4.021385096562951
4.749164037014831
5.815539534616477
4.0584390008955
1.9999999999999978
4.803944395244391
2.0031907606435118
7.93386482217481
2.801067960714633
5.211592943678058
4.430595148304237
5.039279961475221
4.335768527266918
3.8888128571239466
4.174386000431676
4.9884555583102586
4.966590351062029
1.9945134962776456
2.0031907606435118
2.0024953940887027
1.9994049950817783
4.156764264101385
5.086575180686874
5.251556616316471
5.11716535086412
3.837977316834348
5.210208333400575
3.1117868693333777
4.503606990223982
4.787038352924008
6.35310371943903
2.403451237669846
6.063047205558908
3.9012056508153816
3.242637150024612
2.875566485282955
5.151966796816785
5.240260820775255
6.844472076823227
6.182266934032884
5.3704362345393655
5.387759174223043
3.467761990251782
5.128251150928914
3.5329850606348554
5.680524392476541
5.576832012976658
4.748258841467168
4.250625996941729
5.130982707504222
4.568864086364645
3.7701306914483483
5.784737824964647
3.885238226632004
5.16450076170407
3.63155036664943
2.001928996216563
4.388601371218894
2.7660434240171017
5.056246792963284
6.748632089003267
4.238355133078276
4.371193076676672
4.655041837980642
5.16657755418725
5.179478559107224
6.651013131278106
3.599590624072296
3.711541199113096
4.537235989664564
3.750898193125211
5.224980166528111
3.91520251100393
4.568879114223096
5.078599525214969
4.512998147202908
5.778352280788173
3.17378897790239
4.961567745499082
4.096317758477597
3.807326062781195
5.012742620232047
5.757422348669772
5.705799840079603
3.7043052244828596
6.813074560648194
4.695017345971055
5.934341954549015
3.4829760680278246
7.020122048381271
5.145772877045551
4.287650329750996
4.56768011408763
4.240640676587288
4.147802816552545
3.228554770478349
4.38790758165559
2.90394933598243
4.36565226823382
5.038762657592864
4.4728633654854155
6.316673168560292
4.736312511635089
4.277882201013579
4.350771842397894
4.052888286974562
1.8241461282063576
3.454075754787634
4.415576385235343
4.115861074643553
6.488588811957047
6.894764387658695
5.369088917594709
4.145706472223392
3.694733568290156
5.109638198488997
4.665111946145565
6.741715679634888
4.775676059831973
4.902048596238687
4.664115999887839
4.6589623908803475
3.5930940547359684
5.213658692890732
4.097760242903934
4.076746494429867
4.611409213717822
4.777798337467508
6.212013427433451
5.38953888511431
5.560003161531013
3.5279376534051936
3.975231896019699
5.472408483661363
5.770588207753169
4.085165271049923
4.919270307258952
4.332519697494573
5.982357901613723
4.743679804098097
4.137939214305937
4.6486432934919995
5.045058757407538
3.4249832581029587
4.9136262664952515
5.666886617736438
1.056388109140587
4.791030521324428
4.452231236194829
4.725496667037825
4.865313936429376
4.8195473015424435
4.138945699752042
3.2176478913869753
4.628916871337568
5.885362088160436
5.028784387319476
4.320152254294042
4.350991698812516
5.635372461475047
6.971791037027176
4.308746282591166
3.6959736196421273
2.600990158724947
4.519599712098526
4.24891231518647
5.947312502790075
4.751809087916784
4.737393600690954
6.250256461774768
5.8142024645413635
2.9630870451221285
2.5797504978116805
5.320661918090781
6.53317906122577
5.855725655633959
4.925437975073532
4.150394942960082
4.7430465620153175
3.5607027836487593
5.736995248921285
5.5028366047897075
3.8660540471123763
4.217891571650634
4.349871669556462
5.5138969203522255
5.639046724698667
3.9723481148596305
4.665430255930811
4.5696089317716115
5.918981415932653
4.499183312598392
4.685752577865346
4.740360791281069
5.946767401701118
3.666779761613584
5.3482334298881185
3.624640851855021
4.309756330214895
4.4004847118622
3.672892747312826
7.148998554933177
3.8023088847741393
4.750697973201234
3.858905222372196
5.752823611820631
5.638642216406827
4.224402934269913
4.735159396819698
3.764542387856094
