5.584906384335845
3.6208409851834347
5.743758522137319
5.295331966485221
3.8092487907675006
5.292419656513502
2.8358258371985494
3.7449107602409035
4.162308364344522
2.192874325243065
4.116460250530551
3.446786099699204
3.3515102589716763
4.780828047690598
3.4922760477432746
5.847132148662814
2.636085599864271
4.859744770221035
6.664736724919062
3.7112369529444393
2.5187034854077353
2.639148348664377
3.40429397655725
3.1279847552097775
3.0508568302485064
3.3230196579141036
2.0941417264338313
8.218570730016404
7.413599930429909
6.439619646262337
5.82396567058962
4.890715594771269
3.595381224283246
5.6732165562653485
5.626687911648949
6.390526083464883
5.496449826349497
6.730959506001755
5.285513752832697
5.142409212141549
5.676869457591973
6.957665601916304
3.545983189629579
3.8574028078247125
4.986027244034772
5.108248136146081
5.49479069822856
5.369753670288327
5.588596597518693
2.0271458336124817
2.4293723242485092
5.145000098831622
5.640250411022245
4.55842603227138
5.000136879498415
7.974317781903612
6.159966971655091
6.365898508813571
5.999250694758349
6.611499537971599
5.675656836210769
5.781230966448512
5.503083447058156
5.393206481219813
6.6030859029087186
6.516023242624791
6.262535766781632
6.054989644030861
5.34169445086853
6.099677940439384
6.143529706672082
3.849796936346757
5.662815712269403
5.513347925849186
1.9890195721873472
4.920621521612188
5.734765036740602
5.265016751746581
6.343838975050141
6.25381002877977
5.961754556323608
6.684015459503754
6.241690211546726
6.363615071094989
4.939928977455797
5.900750664828213
6.550958947084239
6.275829346539555
6.8417781993578455
6.097671193052322
5.474596927359373
5.509764635517267
7.211027116958581
7.842653777424245
7.319689826736309
7.443860215399866
5.333799142394689
7.689807097774919
3.003689631466097
4.380295376004511
5.016285375633571
6.165865024777187
6.352091734872674
4.991589577130397
5.182349396426818
6.556302960983849
5.68781646458859
1.381752916743227
6.128663552905023
4.9533612384912145
6.823267393157345
5.939693414695166
6.82425763919821
2.2108943772243346
3.514189363736211
3.643243898735973
3.0666943148892294
3.446941617622937
2.615862825563017
5.593724609239998
5.531481856427201
5.919927668607619
6.015131907915736
3.619776382212709
4.835165981400241
7.114703224419333
7.084684391113942
7.874263920680959
3.4654005801811487
4.619095678972574
6.442634529429392
5.198987765793401
5.64220736173299
5.9397089489895745
7.532445722351493
7.589649602160236
5.762714123706732
2.0512689329616722
4.842889183463226
6.496772277221963
6.1615590414849075
6.224551826222796
6.171181300108395
6.01374428443226
6.367387666651856
7.051550818370628
6.221075603527685
5.598599555279472
5.377574064459728
6.3940966801913985
6.807851049789383
5.38434477793666
6.13116337020665
3.619152648118824
6.538842338417689
7.327718236120261
5.545160041733182
6.196560194755326
5.376753049476869
5.616348814401912
6.430588890853272
5.139124251816268
6.218565512076037
6.291099923147883
3.676012243622662
7.163343731641902
5.56960853819857
7.078529662437467
5.933371347801986
6.594652133929837
6.798827177541854
5.602653951863399
5.564392280295249
6.12078651064383
6.4752410728461784
6.1310628907014495
5.922470107528693
3.2570616832399755
7.026302084207473
4.726752126415179
5.959050278617136
4.24434347362334
6.186224270099512
6.5879717034472085
5.913779000299813
8.797867204288687
4.503537069661252
7.846094527858737
5.088168880741112
7.192174371117805
5.680026161512797
6.657810096380856
8.172339591139712
5.7053074330439655
6.299684333256528
6.193012710392213
6.245056699567907
6.659376118248389
7.80545909161862
8.176861107679311
7.49448768984898
11.638294590049115
8.686429548923387
8.475229140923343
2.746363740723774
6.464773479839272
5.74079417666574
5.961041438628114
6.757445256629721
8.129617225773092
5.749787146411268
5.010751874773283
7.220254938248184
6.644912220007074
5.816162284884085
6.414320454783522
5.841926720644214
5.86285880048752
5.748797601160137
5.730936740735879
5.912090269066576
4.070261547341153
3.424939789485797
4.025941869447556
5.563214502338619
7.402507130939846
5.065859402711443
7.555329108528606
6.987301538117577
7.489356303609146
6.406918700848538
5.654989071405286
4.812982512135123
4.6288510651491945
5.690280557407473
6.173712008048522
5.377683995916518
3.5829715554239105
8.681855308743513
5.377540934062995
6.381525908239843
5.797193056779562
5.958591367174236
5.101889781553311
5.916616869525668
6.499908953730806
5.265138610804768
3.5061348477608565
4.269580029893072
6.304133832524226
7.853993351611977
6.582622165056563
6.680234916534468
9.025459491056125
6.680581948850284
6.304219678141905
7.141615254730958
8.311070318633746
7.058338677759307
7.889598639979887
5.755090188278397
6.141980676883742
6.0209512021222285
6.426395743766636
7.183197469805332
5.800012408667855
5.695291782146403
5.136458793006014
3.869754912866098
3.747457197935388
6.195264290284521
6.929434300884697
6.7105695085689065
5.5044431631645425
4.660799924980427
6.451110341924737
7.799794744010317
7.10365690676992
6.627413758230391
6.3454106043326215
5.495594828276389
6.215879393220574
6.765581949219061
5.726047930688529
6.503540053862862
4.669977352183634
5.267301622830853
6.310510544446563
6.036105643274907
6.288335662812215
6.066265864506758
4.975516444076363
5.971759181118042
6.005025669027382
6.59000828377551
5.8818797488012144
6.622131926889589
6.596994953424475
7.533987505531204
5.172074815459471
5.812761001803241
6.29639467861851
6.8581529135075865
6.468983323645961
5.9673284780869835
6.3443107218316
5.509586644703885
6.727438766239977
7.808520574940256
5.481443504908415
7.033525638167519
5.796774139062726
5.7611864911523885
6.322389367880274
5.733710972479963
5.358326307883893
5.662051297375022
5.067328766729625
7.102609087347367
4.8401237016527245
5.813147227268559
6.765047792748229
8.227603452014117
7.468527741682689
7.611327618607608
6.181070639802115
7.4958227562486455
6.02285569025377
6.271216451257364
4.740243816316905
4.85135897324077
4.804956187646883
6.630997873996653
5.923253707308281
4.0128235340933225
6.205501658114459
4.311878397434651
6.602395502480912
6.363896823869141
5.116719703827908
5.605892060499671
4.532898008877224
4.307130161205797
6.98917137069808
6.126272824135318
6.7595960539114115
6.941929788910265
7.190370029535376
4.393063187753468
4.986045347229438
4.826771376358224
6.248253834522774
4.821353406960888
5.087783253074823
5.766339863777085
5.7431278616027015
4.053624041235598
4.564323303187385
5.4485321257972625
4.738058775552567
4.534012857529914
5.759523143563487
6.397492900843432
7.38674477022306
6.087385784854708
5.920012461232916
6.449916739678058
4.82854455295663
6.571621938467992
5.63851676316599
6.2084081722166555
5.603609463140719
5.767376389957117
5.2631525045282395
5.900492965255215
3.8869110679804426
5.617910693050374
4.84020273086907
5.902096306481303
7.456639898735641
6.992578967410214
5.159225055280418
6.309961742078877
4.814166994491964
6.706868711342255
6.297550424923325
5.431877291594084
6.213704451033763
6.1589895160468
6.633595222747707
5.880912334425247
7.2471270810136454
7.020653855800931
6.110421813896856
7.057525230223143
5.695219037110626
5.794229206171936
5.594346449488805
5.653661126776226
5.069547785211675
4.1886091591976955
6.20544988214316
7.244906536071767
6.4436876500249225
5.261070525178441
5.735160501174526
5.612253293752137
5.173999232403841
6.813335347673562
5.973312832151382
6.320713570319208
5.510777667294039
7.105564783687954
7.129363000620291
5.32896695379901
4.406945801825517
4.669161335350996
6.63442654256225
5.549885622775974
6.145603350591601
5.203343672190139
5.523683776884426
7.3409420828572305
4.9027860606320095
3.7373350257296076
5.1661990262229525
6.377397514849648
5.223282201133318
6.105922843904804
4.656605636600479
4.481324866094225
5.760976385574493
5.446394367453253
5.406831318154587
4.865455826950446
5.306647503965763
6.454295102339865
5.63944497973362
6.180187317243349
6.604856342499339
6.965821281713231
5.306336473751191
5.984948058848053
6.912448043316477
4.96530053588972
5.013374812237952
6.286650780590718
4.939271030773742
6.537333989316753
5.890941146772277
6.795127857843554
6.232873212543438
6.180071618340591
5.117873079629788
6.451191471481247
6.40452293906368
6.535069452170775
5.739797444392853
5.005722931676497
4.574706895686451
5.58764143151543
3.60683282287069
5.2535546853242465
6.278700685089178
4.955590446934608
6.708903190203297
7.715592888505964
7.522502543059041
5.065911961359836
7.357868253765053
5.388470358751297
5.975380402467741
6.968053883231433
6.724686211639347
4.369806743433995
7.061700539399866
6.42700697112384
5.236891953664884
5.858690371115653
6.139918607980624
8.335507649332113
8.491331833178204
5.295460118955064
6.095387467266511
5.626557933592271
6.907169808208474
5.854012068288301
4.490852888670521
5.189682868483269
4.555796757866138
6.30976516961348
5.456909698546306
6.373263904436176
6.090917465120682
6.10576884717797
5.639781508537044
5.159887868118565
5.676149866553149
5.687922921940725
6.355108030396197
6.470124893213652
5.7559865109487465
7.061961946874311
6.495678893918055
6.63034340081725
5.924593688603325
5.999079192356503
5.332060904718912
6.696057820567474
6.310035309233096
4.894467529940051
5.0372196071211155
5.452946968785844
4.778194291302027
6.306348801554329
4.8148914032545544
6.530398505793471
5.549439469364526
5.170241832270315
5.515475454615346
6.904892705591835
5.0933780125324954
6.975659645266071
4.798165923362357
5.303349705655856
7.329776329112665
4.987971974975504
5.405854433923547
5.164289917804345
4.92018714128096
5.830985945422376
6.571877858491801
5.858177724988516
4.127775515363918
5.574850347306598
4.796787883349388
7.577866057976284
4.777979212023738
7.400644366219512
4.974776876197611
3.8277062603906282
5.033390918201404
5.651392501211369
4.29593534279937
7.441861488903235
5.829112523622884
5.8036669836254635
4.694646816871653
5.137619084160122
7.02379068159469
6.202428959219633
5.023347939224208
6.338929873776241
5.9733064133824305
6.212629292783662
7.902624954669686
6.628472001691806
5.684691309860326
6.298849542460295
6.340479147393509
5.079602465647981
6.795360312987662
6.055559281521024
6.213504839206349
5.339656611971822
4.1009353031251825
5.240295369661722
4.239635579535354
4.79816520646705
4.697422526751953
5.359904995646012
4.398705662056849
5.568565349780952
4.270964473636081
5.181592205773822
4.3252613681394205
5.745012373537115
4.199678266937811
6.862912876402965
6.7807761468213155
5.713341471541552
6.341706596113121
7.709751776935894
6.4162116111857
5.262588124263888
4.548973302486088
4.824445552771902
4.767694987984816
5.653870007877346
5.304254394556754
6.345173705206487
5.484131977568225
5.494145955837819
4.854634656414217
7.045690470512108
7.039642209958457
6.1425605446990215
5.540682141904501
7.9600490909895765
4.906519609691619
7.234356105605974
6.752996229111736
6.416693073177738
5.342511772363442
7.410845142071207
7.311341395897674
7.296634280516537
7.3161554652350205
3.3940135566091247
7.265781022688696
5.559368172840102
5.482943616185722
5.152307029811759
6.165083131580367
4.9519847319487535
4.653699497627797
6.468523524175077
5.761624677565908
6.810422133636955
7.097849310589828
5.139412926657855
6.597967294914171
7.126866302827152
6.775309778264629
5.889507843958828
7.956265032574965
6.909584101613755
5.64760030463995
6.4476109863306315
7.724023218379949
6.730653032255757
7.327269473967233
7.825657424966486
7.010436933465405
6.013040076180215
7.076350940888318
6.027666800796399
5.626925898755565
5.770450466149724
6.36784767928057
5.53375216624814
5.126361092277042
5.507546899146346
4.421624320973374
5.285115749459313
5.130417756125569
4.88710394043648
5.36169681847228
6.769810463283468
5.370212624205349
7.622356339379704
6.030453978505071
5.6978650971506415
6.496521143208558
6.622322495925511
6.5765821102547735
6.79262341737633
5.056935627248043
5.636305545156138
5.1919900106469985
5.813781779351825
4.40714914243942
6.127076771457738
3.37110931516717
6.694543223252192
5.415118745341518
6.172614179867211
4.250743405976724
5.033936810985816
5.236825181783157
4.00434146380389
5.627282004967909
5.274234989918362
5.208980926958496
6.082705988524773
6.3918813133282635
6.203048442532473
7.758913165249508
7.139627852509277
5.333672713468697
6.268041701064942
5.266738001154484
5.19656834407383
4.639316462483392
8.29344522817803
8.6325930590042
7.8269005086716446
5.236225663650437
6.836766905583111
6.172737171377123
4.170176302735799
7.052321753866984
4.061329051798423
4.8188628950724866
6.426349535835004
4.679522657534217
6.547454196013892
5.6769418882129585
4.897006523817277
5.529559637052871
6.460686559652671
5.323533057455577
7.278983105697453
7.032264278137837
5.200835302117173
4.933046574725264
4.986496335841807
8.550967568482573
6.368493817057925
5.104093068340895
8.98120880447716
6.702986881180265
6.470018401128219
6.989438104773678
6.015520546112037
4.461948681388266
4.285622237699749
4.700472524149543
4.83162324896702
8.326361214441633
5.897624872162803
5.430659965952281
6.575225828152061
5.889248396224237
3.098961809044181
4.2645027695554045
5.279748848985529
7.158821123754343
5.725903327910776
5.240528187183033
4.906980764057477
5.730778502616525
5.911126627725446
6.087559540013554
5.798938763494924
6.195227170635389
5.806666304934739
8.289708782785741
7.300047335615552
6.7393514470172216
5.149514069711146
5.954020641036676
5.563067987026238
7.133193970394894
6.157765731745007
6.681157057116033
6.555541248010536
5.488746093080266
7.569621979619696
6.818172466370286
5.055569315406849
4.150050179761114
5.663067330729891
5.416845542530225
8.200745272528703
7.0544785875812455
6.736445757077996
5.537687172694943
5.634080595431702
5.128318374314588
3.662167012530176
5.922836499425758
6.363983955712082
6.449100367744923
5.59535632654295
6.769602702597083
4.36376714071578
6.77971747221865
4.446348498432792
5.845653355847878
6.533869197572073
4.329917729405248
5.134858361749773
4.745961111312176
6.936945929112137
7.844646617527514
7.860561516168913
7.909586307487668
7.829088337908262
6.282413658050014
5.676663620927335
5.458789406907452
6.056028897805716
7.311382259506626
5.817519389572359
4.3983766832556705
5.132061258593464
7.134705077541589
6.2802698146991744
6.513554648366816
6.521711156589812
4.546846682921456
4.732627885434365
6.9105402780085825
5.243214577093192
5.578623003916576
5.785284363024037
5.022223654307368
6.608138680504596
5.876446393101586
6.938339363722534
7.9961370678480135
6.423514063330453
5.8126100351953385
5.4993770631671275
5.240051986324973
5.7506904226407105
5.987108944529037
5.048956373012093
7.180462460775358
7.148271361520783
6.155849875405111
5.577076294268999
6.61957928851482
1.8193011117135516
4.57246748970892
5.9001556295535105
6.516690008504386
5.469482399676963
6.050819746069275
3.963246257642772
6.223656474855447
3.768797744917369
6.046127579442421
6.214482037723771
6.1215422307510154
6.328376443597905
6.672254566950095
4.983202511329185
5.982468215709052
5.724613878501731
5.533082401981291
5.105315858513674
4.751511983347965
5.112619160989621
4.491376826404821
4.796146197819397
4.625056828553514
4.974438310969852
4.92682444172016
4.168662069362921
4.444261679744162
5.490817165297086
6.472998944727362
4.929820544211308
6.168579164210504
5.256361299253611
6.321201159600787
4.067784048755851
5.322415956464141
5.317075977925467
4.385042756231763
5.640928125238951
6.350247378406723
5.46625515755909
6.894688311130391
4.174160158249039
5.054435990020907
5.091835954731949
5.980171347074809
5.044081037019934
4.745457858279679
6.3066645730909
4.655396412792804
6.818990377594095
5.26633662310411
5.430231975316086
5.56054619351546
7.233895301228561
4.58196832704661
5.788406625562469
5.256588388416509
5.122572684577222
4.959562998458866
6.4952791241855445
5.41960717643093
5.882529288055654
6.259609022974334
5.640585890515908
5.404686499418141
4.928023254248616
5.312819552649046
5.83897467430176
6.0297915677566145
6.5061935832311475
5.981824472042885
5.908498861198845
6.04669581455499
6.3198460024760985
7.047086873482225
5.743794859011455
5.103932462941365
7.0230791559799055
5.429681052025352
4.842667634413495
5.325181066792643
5.121785163575905
5.9040436883201854
5.52100263627013
6.022260764365408
5.746363089495899
5.4522899623265895
5.943341116371
5.363086983851914
5.3892554179346135
5.54196374289939
6.305124012903441
4.336129778593281
7.149704115090537
4.068406409096219
5.6167921249582164
5.455357697984499
6.541583217988353
5.076467376240813
5.039298923448543
5.505707820637114
6.331049351936627
5.090275705587151
5.316731215354049
3.9886524308496427
5.528911618378891
7.686418456855417
4.977616881660314
6.750012954150413
5.849744716387404
6.208581584123118
4.939111719635651
5.653823721098021
6.3138166348299505
8.007819436135295
6.395969814594927
5.6068654655618735
6.65735698311038
4.063664525316326
5.410839481088239
4.446300885986398
3.1209003652645824
4.753415657873119
5.569448927822628
5.341944731510806
5.404263657651791
6.821925779669888
6.2605818970898985
5.517241327300002
3.6101633624162166
4.09937923009696
5.353416988297765
4.010846915004339
5.1853403622997565
6.3116816503312805
5.952529357642166
6.5688844662265575
6.151539474506437
4.350218598312485
6.348777224287181
5.542169066245403
5.728026073636349
5.412348133132504
5.719639866682713
6.91146110754525
6.082719125745657
5.159498432893303
5.219185560759441
8.013814352789458
6.965055888872717
6.055133090259222
4.637190098305585
6.442761494102864
5.988271175013917
4.675417178421113
5.1499171440797165
4.355163121536002
4.046208981162886
6.175148481305055
7.203607966109734
5.828180623820081
5.724397247253193
6.163294250509939
6.125391322792
4.9315739815157205
7.29187041018522
4.617680452645815
2.2818130756460664
5.088995920582842
5.353189105707884
5.086700536844758
5.8116735340872445
6.03580848428789
5.0226176922230605
5.52997451628726
8.703809804666355
7.57075467979375
5.956429069377056
3.8072987836102747
5.402836744230159
5.641207786385495
5.462665777729029
5.60902805092825
5.907585267731163
6.236675628258725
4.818758561582069
4.984379425123995
5.799558239593347
5.0156979630841
6.1929537718784635
5.110435202290724
5.533518067745218
6.37728352085161
4.844666781755534
6.008512847381343
5.9270253680531395
5.071905641080149
3.040434919557792
7.892192583195615
6.54599697219712
7.861923675792417
7.7749707465238
7.814199514753238
3.7106229778119815
7.108072898094342
8.2680701221517
6.985915473020343
6.349818750575312
6.947559796386672
6.586941424804102
5.213899820518752
4.470207726472532
5.644134136279256
8.036029583040039
6.8612114359825
4.092626626378355
4.883160595102521
5.6509802498543005
6.744241876944558
4.817092655511956
5.5809968647792925
4.22199426892059
6.311544767123634
6.275290605655058
6.859021506028099
6.205113285442702
5.407565049651834
6.365882669694921
4.972078346672639
4.2645027695554045
5.086997490740155
5.9513088647440755
6.757629104932533
7.64505333714424
6.847607279015815
7.636533567527569
8.570345326060247
4.96661396055018
4.585652179541244
6.429023527780689
6.731169980367364
5.622766551018097
5.478721646275823
5.319213945649304
5.0641422333911965
4.695626647537665
6.502001001378406
6.435204560754242
6.292965432746677
5.455632106725662
6.591371599659635
7.268187146711202
4.952796700424848
8.902070293869274
7.624409841764815
7.515762193266529
7.410696972748477
3.982469722765327
6.160064168913928
5.212819824302545
6.347064079192595
6.059931754588988
4.878597156050648
6.029050774191064
6.187362742631064
5.9641538157484515
5.817156524723364
4.193770049881788
6.237695716938806
7.980778560765565
4.28820800500915
6.817500057469516
6.631623390579245
6.125018696329517
5.716428606650571
4.535452202756551
6.220936074812036
5.467870576315267
4.836953280755812
4.781098365515692
5.495152335766073
4.585740370422338
7.39642957809299
5.501776668372304
4.640281282433945
5.769579969179372
5.218017619449939
5.630673965050781
5.374335288069029
5.826168792035986
7.419139039833675
5.68792302858394
7.409791776985173
7.0494971828189446
5.606113218344073
5.61602738326653
6.067251716842991
4.721133562265127
4.255139665306379
5.26000519472929
5.352449406998989
5.61282222579946
5.168869074565097
6.192501625763338
5.027805709189252
5.940467217053928
4.765488847647455
4.083646375500349
6.9365576836872105
6.524118009387853
5.242798571590794
8.477940995846836
4.453291945571976
6.655136948515396
4.809744183701488
6.324871409137888
4.04176529088429
5.343246280861239
5.12617290597573
6.147233215489766
7.1499078868999835
5.876165608754216
4.95226239372935
5.427116019521865
7.023458163377119
6.089824415566138
6.654423541475886
5.644477067722514
6.827201716439017
7.262293054408671
6.984279071677106
7.045390647167405
7.785666004211025
6.500658923398898
7.1999444727861395
7.903104877117831
5.913344042977462
4.4494225476657885
5.535710709298625
4.669157563565864
5.93243849116877
5.684219592837747
5.027321675515587
4.770374477667344
5.326209961993664
4.062990913665324
6.092469902902314
4.414061086514177
7.379966549983635
7.894738080092381
4.672945038591707
6.357424152483385
5.207355806508985
4.268785786216906
5.391937079953644
6.581744816739684
6.275746681969503
6.276403331985187
6.03933582000489
5.918040558776618
6.261419471492962
6.546101717145216
7.588660046098799
6.929650700716753
5.606748003502764
6.268362024534405
6.920370946820873
4.272467829667247
7.258508258246899
5.7714070764555165
5.4391799539351675
7.2210131662432415
6.035002241333958
6.02807995437745
7.061877009616546
7.435327184018571
6.779145965073942
5.8065339117182715
7.157773546535645
5.6915910470326265
5.439550488208893
5.516027843861974
6.574569997746665
5.959306188054804
5.727575290616182
4.632836004438778
6.348468830720582
4.851838468246095
5.97269709230391
5.626907099976794
6.863637187796148
5.811431525037915
4.831988893213245
5.423561983689001
6.362549254599453
5.24413558515846
5.127776368030447
4.999735420046546
6.736637680629793
7.580546281437326
6.52217841038125
6.576337814841828
5.805559431797718
6.325840599991884
5.6230174263798345
6.457912116853079
6.22753524178109
6.517581828732117
7.361400757424009
6.054756842510806
6.5125380329610145
7.280570127623808
6.9422646965672925
5.3943581257874085
5.369361375014445
6.494279218438909
5.258469634690247
5.297320225516747
4.737646753805324
5.292246920915279
6.108349698849023
4.559947111681199
4.331567695879075
5.454523103737428
7.712309615201024
3.8379345589877665
6.709305765200219
6.521941806496542
7.561130563586977
6.584170661397668
6.484502353017357
6.377510060448052
6.539458538263515
5.52861397805484
7.426520325041123
6.5271439818598385
5.138546069045538
4.777103563283574
5.398779513132353
6.417296110587652
4.518952420768343
4.706170857856804
4.479853234494906
6.076631428779065
5.591361411181295
5.877846769762598
5.532837336370157
4.606671627126739
5.323484964048401
5.3189676544159985
5.473460284440194
6.901291714731075
4.922799651520021
8.807296033865446
6.944600110284004
5.676106072753084
5.6604118126004765
5.6500212191979795
5.178333418273667
6.0805978626201345
7.3431295373122065
5.928571565308335
5.393812221996019
5.49851305819709
5.216387735363666
6.206961266097021
5.495154500358779
5.024718224534798
5.125871101264337
4.866528180458736
4.599728109008097
4.500756302880867
5.379765531346787
5.243477907305732
4.087154142216314
3.955275103419265
5.678221614564037
5.049594205578712
6.41610981362429
5.533268714662152
5.59458671065277
5.102062743333404
6.703765149883511
4.840876003944791
5.666095959095331
6.582435252036007
4.514799999192743
7.3431206601504595
5.2629000076778585
3.712584149192848
5.766985905289431
6.505539950332024
5.540977843391123
5.313382649794387
4.741663142687932
7.034451432224709
7.041499633493872
5.7106160313707885
4.856141566296368
6.297393501999674
6.919862097486813
6.0172241232133
6.054049723346497
6.355323078567924
6.683704313392563
5.671288245159279
5.560764378115915
5.105608351142478
4.272467829667247
5.928401991008069
5.2018125257986005
4.42909220763658
6.029251018007687
6.832471296335732
6.9383632539771485
5.8982721404844805
6.883043802984983
7.805882687217949
6.438567665826885
7.514798013084892
6.87429651961403
6.742332273486354
6.649360846998979
5.1766095118571025
6.132406420175574
5.334168293365385
6.408102076600245
5.6194213393910735
7.538223209643507
5.814118051436099
4.830775162026685
7.316516910458078
5.301439445983743
5.0194667624527955
3.196212359971414
6.3702699826143405
5.254328039946733
6.3042283883427555
5.754069805915086
7.5398166471216115
7.61088877084576
7.203864250352821
5.305000277969496
4.167897979913514
5.506843297884886
2.5413924507326966
5.088441679392042
3.513303636792042
3.738762704368924
5.543485474053863
6.222526708503212
7.570830053784909
5.456089816086293
6.877044660712718
7.4924917381888685
5.171090848075745
3.652660457690511
6.224536012324848
5.752886627817461
6.712033639549866
6.667307143059787
6.825364537302668
5.464161109317906
4.868551054301543
5.049657684507431
5.671888243840359
5.590218437522605
5.020742672253589
5.427087070940537
5.1904357896759965
7.093893130301969
4.914925034095841
4.912375357414413
3.7300226595405195
2.561784858680382
3.4020805894351835
4.6487182494636725
3.698926560934761
7.071404819317328
6.974190005180086
6.151625597779973
6.125858453367947
5.10030746252989
3.6096459957715004
7.051502717492839
5.252495680775427
5.106297767895656
5.792841666757229
6.242337985656814
7.460557376245935
7.534554574026096
4.433478969435775
3.5389488845291615
5.655941499990072
6.691669023368855
5.990331797296274
5.8769305035225505
3.886654265242622
5.892537034956649
6.230078335569014
2.938900923126598
6.253758164836357
5.181736891442196
4.181503832245129
5.412445291660537
4.434063601603886
5.672619900740482
4.446594602714381
5.335315347850888
5.0523206654222275
5.634631256233591
7.300092872572292
4.7839388457030925
6.40840464577673
3.950741752330131
6.33086023950863
5.324843794260543
4.86728967333053
5.568003299410472
6.202640713532598
5.966497773390389
5.458771426168652
5.37948276094559
7.987494518077846
6.42027290363716
6.665738864622241
5.884888181009697
5.29061595915373
5.448077007700863
4.776676228569206
6.053472307931567
6.622463493139351
6.589028746102289
4.862067200666015
6.559469528927132
7.006806244862927
6.223351147430621
7.006929514067906
7.65255939535426
5.952424747492474
6.56822919764117
7.311944497575464
6.5498203249102875
6.891042892214601
5.179022425146881
5.292462649721354
7.690082153393281
6.35700061635324
6.467979910908654
7.3437695157502505
4.85179352337917
4.907748375005541
6.758778101958632
6.272461005986006
4.410909184920448
4.890930004307999
6.019213371691971
4.4239483606701615
3.5046225616626003
4.5987707073116075
5.855757349745886
5.035772129992145
6.082053995729116
4.84021621722454
4.513484060723764
8.283592570545572
6.632691971629057
5.611455058853391
5.1739447806468615
4.967792093355655
5.978914935889594
5.438981014006075
6.506029934489974
6.803671929133717
6.650234712069619
6.109279863946296
5.303871699572289
6.373734408209609
7.980499758471523
5.983895448467361
6.5702486392643
4.504243463142306
5.636060790263433
4.446231626590522
7.252252333639731
6.996103422599028
5.946023903599443
6.189439756114532
5.918553835862514
5.622359944794966
6.518734293864383
6.266503631588972
3.5965600080795452
7.007901166392962
4.767077515438173
4.872036574005966
5.945292443956641
4.034022139833724
5.944580469248299
8.208360774953174
4.247160163246464
4.482810424373655
5.253493799485012
3.5053615293380624
3.7905359268425127
3.49032732929129
4.92590345166307
5.573773780998166
4.145806869222734
6.099176648153708
5.606435726636393
5.461621812561654
4.111066437506303
6.331451466153498
5.8152093008535
5.270571468915311
4.082100443292789
5.54541258196367
6.04421918904775
2.349409369926832
2.825460296954517
2.9208029126765696
5.27601159218033
4.377604214443557
5.332818744511682
6.687005586195643
5.738665499429212
4.847618856397957
6.418931001332079
4.77629314944352
6.405934172050364
5.637440711025259
5.720777330950148
4.729314086992941
7.531837943625348
6.462635432021058
6.188103191048869
4.489530589026655
4.511747086148787
5.534984395117491
5.459543408776911
6.357224444335468
5.087000009436405
6.668270329969194
4.508561809365337
7.773741118564536
5.712298796325153
3.468512866236646
2.990789337291647
5.335082640667602
5.8846770424595345
3.961968281871296
5.97018939675537
5.723812583568162
6.609766283615457
4.087453389362015
6.381278468341564
4.448774015052113
5.35609053809741
6.186998166343675
5.310981250500408
3.728083339100341
3.820686352695547
5.564026256518735
5.4000633302404895
4.696883268890745
6.558450687898465
5.439373499733945
5.473302350944565
5.069662483001205
5.971828880532905
3.786863908083421
4.728783047759143
6.3827523173050364
6.526480555587294
5.800365090055137
5.751371084163809
4.549978018494276
6.751537035264198
6.110949070174478
5.373810108681243
4.927776256170105
4.437366863536713
6.532796171303859
5.03623707689937
4.8621706536402
5.342825276127801
5.116659743169153
6.75364205351886
6.040944842639874
4.671274128548802
6.398281420111658
5.157498893549692
4.586617934822973
4.320617690531055
5.365453870023248
4.761839877026555
5.224578813231166
4.906339567184085
5.164860786103855
3.930906078817873
5.222692607175378
4.197721708531323
4.159251435910971
4.2013970622586205
6.284102464669735
3.615504897464994
4.597116236682767
4.146629643579499
4.512025608117528
3.952469147787561
5.315263687066166
4.1595411493720436
5.713715770212557
7.136051415504298
6.269992551073868
5.46112952500429
5.0313619891617005
6.745574463428244
5.190808386558384
5.108434896673956
6.009982763490641
4.261748266045863
6.559129525394411
5.592526356536727
4.170176302735799
4.808453977147055
5.55600663374279
5.069227944238445
4.491761107583525
6.819784932938384
5.936876508866893
4.985093263660994
7.164291016067487
5.92410337229362
5.075590609159616
5.644219142330011
6.551652412225699
5.464958801331884
5.013230311093534
5.168939695917372
5.9609627910059615
5.548131449372733
5.864088926198505
6.055380283499385
5.080248577771451
4.709021843711768
7.208009377041449
5.919109377105079
5.69398703241613
4.009646171969625
4.986783126107385
5.769997357736632
5.782894618679581
5.643702464930949
7.435017933522823
6.00335323689636
3.7470864536168293
5.073403629466282
3.8870531597408142
5.5219809047653445
5.446159884828791
5.95703447629039
4.941663047180355
5.478901338038459
5.848440553518438
4.912999915117694
3.87909258505205
4.603920446515314
5.476927260478576
5.563408116831527
5.143993658843016
6.045456399071211
6.116081522805349
5.3097675272238645
6.2662578976337056
7.284181421328797
5.737716266039265
6.458276542034349
7.268684059674491
-1.4161154891749859
4.748699294648403
5.4455037918309275
5.058918302886051
5.4974581685218675
5.42039635664798
5.199393220552707
5.62524890651263
5.197216283758383
5.2480535289426
5.534686401083259
5.2265283296169915
5.4219554980835385
7.248274032540834
3.4780907790221653
4.914303616553373
5.556993201704724
7.030695748463322
6.280723179407925
6.602344336341375
6.534258073105174
6.576301278228852
5.899947378446851
4.749590019080288
5.529751772095525
6.5456063522613555
5.387442080752812
4.7160453235543125
6.1720160118987595
6.651687264054759
5.2553601827510645
5.253816203991022
4.478524700408156
3.9575749343323037
6.910650101174347
5.987647961632793
5.2930571043173895
4.987222021516891
6.644120122927177
5.437322344356239
5.144583016336947
6.328171897120221
3.661016312827056
6.319445228471805
5.328205057350417
3.683637694981224
6.099547354514521
6.165736823698799
5.446303145000423
5.0542300295177105
4.537069619988959
6.581965089915486
6.281090297519672
5.951510487910406
6.340426563557764
5.414339626609386
5.0253464323064945
7.621965421273149
6.664148336061108
5.4975744439453464
5.496323122403399
5.16717949232298
5.576640103145637
6.006821348201238
6.431044998549597
6.894318002219732
7.081353839383332
6.561988008690724
6.913489615464758
5.532969486543115
4.566405015260219
6.314474450478554
5.881090948636828
4.713959545596815
5.283844089897837
5.304433483395796
3.9318232584966646
5.628103357174329
4.4937934942598305
5.905050587298418
6.344755687621134
5.8746761925797975
5.258067150903241
4.023254013266298
5.272724810051262
4.146908527654219
2.8330421978367912
5.045350871743089
5.745111853539863
5.167333082905352
6.313167020289465
6.2895787888357795
5.500963406321252
5.744779651382994
6.9519741312848025
5.569330551666062
5.232817961584426
5.191368353321455
3.972959626883354
4.908367101280488
5.7487052672862875
5.1762837807128514
6.08271832925108
6.196190633601183
6.98288202242294
5.758910596255325
5.073469118841287
5.331881476917345
5.253975836825706
5.557456227635185
5.971967392249155
5.968201514685819
4.769336763390679
5.0433485759169026
5.636495095413096
4.667371185838282
5.481589991342746
4.659175320373703
5.37084394646634
5.24648933133293
4.554947996114363
6.244739491257366
3.8833724057320307
5.747349335873935
5.601288482057393
4.8459160555499095
5.368896907164318
4.338543924579831
5.215469319935003
3.431125298722497
6.19468320984466
3.874857602179084
3.3957201663281396
4.2865474970812265
6.417548690401415
5.954174432494192
5.9542957239877214
4.8319512065317145
5.816465988280512
4.528153791599385
4.94495807592151
4.183004802189792
6.301089211271004
6.096334521189415
5.324523668603783
5.286247776069821
4.537260512508201
5.921996791335477
4.66608537979769
3.85904483983398
4.729513836265659
6.260698682310608
4.300018205653632
6.668325643369488
4.655501654179492
5.464764306802187
5.732239748066621
5.665398443406796
5.5147058891270175
4.4900605257452755
6.036129688105437
5.562367355041455
6.7991694965360745
5.905755996086774
6.198690838464468
6.407178490885414
5.270195530490288
7.077125409678
5.912950590994348
4.916517377278697
5.313220559982024
6.169312381484174
6.122676585807386
3.9216939007709417
4.1100403352538475
6.2585193566612185
4.532869270357884
4.444751653932919
6.562610886365295
4.889140468531968
4.583040051169133
5.021811576914467
5.896233548075397
3.691061851678826
4.129655392390178
4.613356467151191
5.760080390109003
6.7148426660725535
6.144245972731995
3.176056321367771
5.089036046077368
6.125744137868974
4.6078841494649225
6.908214985106961
5.5990141734656085
5.6666092218079465
5.790739767059693
4.618535077010251
4.726003358178301
6.436988514770581
6.04563223313701
3.6458803047998405
4.729752953425681
3.8024979993778594
5.466023776774132
7.899511723819362
4.298916045627984
5.451218419306367
4.075505825368859
4.682687860292922
5.504042348910295
6.256997711420313
4.708571870967692
5.6535217768137676
4.8654377121010945
4.54873502006643
5.846177524304087
6.3818660011244965
5.92060480614085
5.786165209949966
-1.3546953848913161
4.039200340325261
6.485028885340077
6.501475250901155
5.987499094700142
6.0229275069163934
4.509393070405738
5.578704784354172
3.3932148668720625
4.057506323458664
6.5068173967199385
4.3158585857410365
5.20709747288778
6.092884491676139
5.795356989875884
4.305311621648773
5.674341249012945
4.624283100528007
5.688591316769774
4.865034549859792
3.376609312308115
5.886827041397749
5.288644002141534
4.864901913517638
5.304626198805669
6.648521714154967
6.866566028058109
4.842631802951734
5.395074869448486
6.134308396933239
5.20370079450988
5.324446452684485
5.555357332728267
5.159544316076865
4.794467054729989
4.078336703193263
4.371294321382509
8.516844224975245
5.502740769089361
5.390590859566359
5.1661182522735505
5.9130447037193505
6.168198333202695
4.428064383802699
4.885375265291394
5.546617526749106
5.537247589281734
6.09630624522136
3.5341322822460954
4.068478211642345
5.4580913578092325
5.444354710500682
4.882227455408771
5.538917676628863
3.7624170181832572
5.725779110838798
4.187201822002617
5.2760431015035225
4.973292461895322
5.338869524699004
5.049397940442176
5.498618998508525
5.202715385819068
5.688877340667984
4.5007218660211326
5.988057940645638
4.9898565091655644
5.903193306822343
4.456877391339261
5.987654558458094
5.343007487574933
5.039990176375575
5.469869818271385
4.308468105664473
5.497261962633002
4.389015628715266
5.804809914659728
3.9268580369553723
4.068883158256931
5.549153241005155
5.285934896831756
4.573589113966934
4.4925426766074725
6.133370855942223
4.539231005520245
6.218359466895907
4.578835039417819
4.9807798558456
4.922268284257047
5.2809821065449105
5.008746849818862
6.033681126007535
3.7588430800865025
5.213361908130892
5.608720087486818
4.804479742731157
5.354594482386645
4.429510702084969
6.185075450667633
6.233603291905065
6.469773110348323
5.2437663613289685
5.812576041321185
5.457325159967085
5.3937087755167425
5.858477542878616
4.938839017736907
6.0094400499809755
5.03125763239683
4.85946202509339
4.950279427757629
5.670409105915853
6.193388856136025
4.6842989690039545
4.674223413956014
5.187406762422758
7.132064922578425
5.700890190535499
4.309519627964821
5.436580931689921
4.435163989818787
6.3889809357887
3.440463445725556
5.644554050268161
5.814458383040252
4.684285326048645
3.594277972223418
4.415069132502433
5.3646249766675655
5.295352577527539
6.408097316853805
3.4483163659280622
5.150680008582377
4.245976747969862
4.760221398070579
6.457710997511383
6.4417852310570805
3.758970623626178
6.393011006091117
6.476833965360826
4.855393633246549
4.775955550110344
4.586560090674248
4.548032601738164
5.833607171435675
5.701861670470406
2.2992805382988197
5.204191656036826
5.67929683359234
5.334835568971574
5.996559234253538
4.346175132829442
5.727089741181176
6.509077156489977
5.7872020794448265
5.011634761548738
6.2873000716164675
5.787529027926594
6.096947392562937
6.3048503780850735
5.168916368394902
5.389812674556859
7.1735180940579
6.3044723915907515
5.6940318212379175
7.554136402890089
7.823135408390162
5.402038207469453
5.264012776516385
5.229521761519275
7.976684178227264
6.230108825573429
5.316165467345286
5.719733667188776
6.182130149540642
4.579503985970688
5.358649335989654
5.234557925513084
3.7133820988663873
6.260687136841715
4.7022411790011045
5.577881222000841
6.153261299768775
6.522762777436769
5.994528066457521
4.231861748443446
4.708568736221648
6.470127545721755
7.025455342099304
5.315423818393992
6.295764510105656
5.748297307240159
5.318594209005616
6.799659948030592
5.805370330801648
6.3612707873285546
4.570999358869893
4.734316442117376
5.8497649870043755
5.56814727915738
6.8224526416095745
3.5826665761610754
5.772332250063175
5.272309198066819
6.002875167005509
5.411903103259262
5.337090222915864
5.722880676727457
5.763769591109135
5.5470440530081255
6.543137662893861
4.833161340342163
6.152719806456999
5.1047057030432885
5.515313276082001
4.825785323255911
6.206534493238159
4.670886326174433
4.805740661005723
5.713027944885089
5.456159174219777
5.9524997560310915
4.1104785838342615
4.697124609028435
5.683561539398059
7.152605045940489
6.330320704816229
6.7886357643693405
6.06577984381402
6.307967621626521
6.504746807342453
6.984824438144509
6.070179917158568
6.281167771848801
6.730541099311639
7.089018293598518
5.239712259429972
7.004239797231394
5.1138458102929745
4.364564601361896
5.210895778611974
5.695053923138157
6.118113051834139
6.339406927402802
5.227601896389253
6.15348850480989
3.9125775223404706
4.872024172293241
5.326692361252034
4.978829244607052
6.125696582581667
7.408537795302398
4.986950957528694
4.832682975085643
6.372891953495583
5.677950091702696
4.403722252484965
6.34688649124643
5.728423338214805
5.861645668871997
6.52168138100037
6.7261445677327005
5.4642438638998385
4.787518425593605
4.7943935742067065
6.158043557434209
5.604722103727191
4.84785240617753
7.258916269643083
3.8864717543783933
3.8864717543783933
4.039985422522545
3.901871910089731
4.4275791271513745
3.6311668292562107
5.369544578495195
5.255587831498876
5.230793203217455
5.446269178746898
5.73142604620429
8.177310455974375
7.642865027359868
5.412503000232621
5.046606551760817
5.850493764366925
5.132529482770583
7.000401220799559
4.392166564406984
5.450853044023879
5.847945475752671
7.2049500158882305
5.903269430948074
6.735403422817348
6.72197943278477
6.307862765998018
6.741714608175988
3.4101745216599344
5.393890818669126
6.285685862348997
5.425374790993549
6.346442093564107
6.404994801974643
7.054334392344396
5.332709019773833
5.715065637841556
5.95462735267494
5.924978410723483
5.8537046224371645
4.91573366855528
4.65250285488446
5.574804110583694
5.368404881704843
5.605045005697494
6.082751071681199
6.447802326882087
5.5434206136889
4.975356964625245
4.973706520139728
8.446591503783639
6.098163808585118
4.744597182155571
5.610133549600684
5.150997861317889
5.947046781757242
5.404512555188054
6.2869318652188015
7.140453143335235
7.288912126789158
5.564816235720174
7.3449249439707645
5.761553141719978
4.806383405691081
5.395011494582075
3.9093498950191474
4.971217393717975
4.300909640979767
4.091933118673345
4.2340210259712325
4.581672679166197
6.874564653939588
5.694048639253357
7.318274659057512
6.020454742137123
6.500654239929373
4.817699899468378
4.580975077344683
6.33919360330674
6.320266206877496
5.672508114487321
5.453002715848003
4.58498970560802
5.361915638649188
6.363894711092371
6.9890097766029164
5.883349241948685
6.18297431763933
4.052486817556837
5.641422942250594
5.291037623257468
3.701290485286881
5.622884260080604
6.144499364501849
8.236720981014935
6.735052758051955
6.169102305462129
5.882910431335424
3.9072976963391866
4.853236178528902
4.853236178528902
4.508722625748054
4.27606171257244
6.664753476887196
5.690082334587724
6.0167060800176735
4.639110766120377
6.473335659830923
5.77178557091722
6.112049842490501
6.356703094867749
5.533674934148515
5.283634118584544
4.096078399447565
5.9800904841054665
5.78821911823332
6.395619597670084
4.790492830246817
4.709608589573058
4.028786122137764
5.3773138600459465
3.5147938987987004
4.59698946706545
4.888903656682377
5.705874382932578
3.8566379763038365
6.912028142859237
6.682787362876051
5.911392590557957
4.733459669937672
5.1126523839767115
4.750635027585434
6.125345162631057
5.381468032890799
3.888366597932289
7.7555006616234365
6.079744148214678
4.475085721996883
4.383562525286969
5.779203445415402
5.741254402006945
5.367728870192955
4.909338967023161
5.973826134217399
5.58585282319484
5.089305478669838
7.025774541443949
7.728116377409287
5.996196303770067
5.548705970041848
5.618198820745997
5.6403666373646235
5.630487681571873
5.642185841377846
6.239067935991323
7.323165361805881
5.727638530356861
5.769148988232428
4.827084201413657
6.093630707953489
3.9276092600945134
8.055451411085002
5.130191859130777
5.93717707727842
6.036486149892889
4.793134806601275
4.100540346686271
7.361362676892309
3.178675510548423
7.335814146483579
5.430992288650102
5.7334529011831314
4.924891733861065
4.916060336316901
4.639939160201915
6.483203497771742
5.036608329290625
6.863821989652739
5.588927277117122
4.048426037931979
7.676457065641991
5.609913092167722
5.672301019527551
4.952554266280209
5.707474261535494
5.076459425136576
5.01759293336825
5.493880517214373
5.590386638518068
4.920050557737528
4.868583338410716
4.327826647131352
5.403364333100312
6.722187816747831
7.985070802120265
4.6949392280050155
5.768008573903627
5.24310869431007
6.394781914043921
3.604067589266172
4.381350283149011
5.835648078724495
5.892942124763441
5.071614102243201
5.212050410702554
6.4238602859501235
6.2781241787044015
6.448358464212245
7.064814911793199
6.025157019300091
6.945558447517224
6.92667941256131
6.818279776938713
6.713973288520671
7.105984446611979
6.349834392795483
3.566755539028491
5.318841461082466
6.069984998910146
5.474332797205353
7.166778281257527
6.353767465251917
6.311802478482204
7.822351678880571
6.977221430074307
4.229289725774851
8.019356112897455
7.231289761803515
4.4467083891290535
5.557784681818922
6.594367001926447
6.85769494847056
6.4708122706775235
5.200974581253366
4.481041468177507
3.402864986506242
6.397687869974619
5.856279892041651
6.525601430820622
4.809548970375601
6.225174693665111
6.463171484170633
8.05443388150954
4.710227880515342
6.304445529851793
6.029811539950723
5.779498978755148
5.795377111367259
5.38444537168186
5.370583456076443
4.888547613045877
9.66432775846252
2.3246620055802354
5.2524536773177335
6.346409426102433
3.4555059339908136
5.646106196473485
4.908910797879316
5.525549528504418
6.198410883548113
5.071677967505412
6.20762536051128
8.32738612706626
7.492218012860648
4.991621603017435
5.8450466686774645
4.973205812176138
5.153378316659949
5.3928276649517075
5.985125364802209
4.99404524808615
4.605589580613822
4.63569422132578
4.297244072416327
4.181059563869832
5.605622833336277
5.139536623444539
4.944840766199701
5.650067522170323
4.105896125196996
5.147888731543898
4.814167133699197
4.524830235740373
5.8748072146012
5.309801561703155
5.201346131698507
3.299069191619268
5.358902021537598
4.82176781864845
6.74231990413597
6.354945518774308
5.16823296052239
3.9331696182679314
5.072223667647085
5.920641051972559
6.140206123572188
5.198912479661612
3.8963211753472256
5.116449421137767
4.670355099975127
5.145945563765936
6.200319259993194
6.503688261177921
5.888625222856801
5.340200856097763
4.279701878724461
3.2747516741252776
5.549162942072161
5.5677194718747245
6.35089377259648
5.998671780079267
6.58021362631768
6.599973753581298
6.106646880389247
5.676470863361797
8.693322486568153
4.577185871490952
3.450365563319608
4.787075675411806
6.384324091162644
5.758879528229102
7.417934434892855
4.718948608949006
5.280355188795698
5.506853222790441
5.3041750719454885
5.822764416079259
5.775030391941629
4.413517214388049
5.122698273122569
5.370956051679061
4.831762948821346
6.706954779252736
5.419292429935305
6.0121622081343356
4.138066972694687
7.100033239847313
5.998929934892881
6.3918305598474054
5.934251262675118
5.285166001041985
6.608014254004659
5.680769980698237
2.690291965762513
4.965451064752677
4.376716792418362
5.477688303305074
5.514698664966969
5.976242088726846
4.817893271996991
5.230136982545166
5.017208846216308
5.050376460648483
5.7413074847263506
6.8703452283514785
7.256435670418132
4.719124195995106
5.246732606059962
6.266304416229321
6.007043603426642
6.072163231438105
4.837925280806297
4.7045150055019
5.673651290685354
4.562347015002156
6.426285338828837
5.2963729340230055
6.599724926871229
5.757941073556782
3.670616085754149
5.4859633687875125
5.09045127843881
4.43010074835243
6.99146056738159
8.297040367112679
6.186917822685932
7.345866825122262
7.128920757726089
6.4309054300278055
5.631511530965303
6.501452582627088
4.914171871823354
6.992587858223777
4.848663543807839
6.865330297519789
6.8525912756061444
6.802129355745806
7.2005777762123575
6.395642766242576
7.351962883313691
6.326071180158356
5.777332441215668
4.382334619226576
6.376367825597269
6.729913956591176
5.488179205972153
6.2431666784698265
4.458608107606365
5.10945738194207
4.780615497124926
4.81788093635414
4.834469410162577
5.790671586025611
4.878061746322891
5.628377524700844
4.374662180385513
5.185419198931434
6.027441466108016
5.324707297553517
6.009125047323586
6.635349995474341
5.116669657125879
5.4543359942130545
5.4294275988096805
6.747510314452199
5.927214754183144
6.085914849227485
5.152741162811319
5.411992572514125
6.397808579778826
6.008118388989176
5.395567615310328
5.313039044431296
5.208783295398105
4.764522435941813
5.648902614805661
5.927356127195334
6.210451754921352
5.031809071339122
5.108029018296137
5.59603295818986
4.685224688223485
4.3126371364040725
5.510682434208294
7.676130985623779
6.062134374213993
6.08619110241458
3.9453801364697356
5.0354484382316
4.040199646676969
1.0797159265334075
6.977178398990854
6.0160846933834735
7.640872178028655
4.039188305197804
5.500463368082637
3.5713746317789656
5.047439451071546
4.383863544520259
3.9940343693290092
5.85632326060063
5.973355350116784
5.230831418580077
6.096341531760775
5.886059615657065
4.741891963468938
6.912667750151018
4.714398230847639
4.408369107980786
5.594014340915988
6.7343417704318576
5.203306549298154
4.759093532601813
4.8560520506921305
7.083303163256517
4.815098312315989
4.7584028468208555
5.501332542418157
5.98411744191298
5.165977794546743
6.327348764042483
5.296237390841082
5.154643808911417
5.412272157390639
4.7164886235428884
5.8347684168449305
5.069354989265856
6.58557382362739
5.119686940944361
5.635448732734364
4.544498587384207
5.9121338042673015
6.368571312765822
5.091519098064893
5.070974092049183
5.57549975277836
5.580882258297291
4.34785528868559
2.776521289339918
5.695136910573382
6.824905044763416
5.239443535602588
5.836987249772192
5.317895956829058
5.167770872998685
6.372297178463719
4.679624161257603
5.2722924588565165
3.1400160459889106
4.85262196949375
4.268037947252688
5.690538731667758
5.9950456577921525
5.981930877417347
5.101922231620393
5.357880221167801
6.296245041865488
5.2808655299032985
5.098001398217154
4.927864695048625
6.028679636097282
5.5274047049874095
5.681828033962753
5.403398397433359
6.142141384820434
5.943661457251536
5.996973268987501
5.657042414438083
5.122720536813499
4.573594370735034
7.184941431859768
4.392770668252813
5.412829938117695
5.230104123332834
6.333370424808869
5.608258430502444
6.027413025925179
6.967466406800013
6.752803023524948
3.1369149539092724
3.8681774698417395
5.521563474691192
5.618816940867729
4.419834593455782
5.674537536251367
4.833520198861173
4.744777774759136
4.887955533408522
5.9526703386408375
5.590431419533465
5.522824445645707
5.5831484792465425
3.830078317935765
4.966165939518723
5.49820926796777
4.8769813635897545
5.055121356522091
5.660654832474599
4.682900088427315
7.100893354539907
5.70722943617015
5.6557132623438235
4.054738125384462
6.3928227143694984
4.931233513036695
5.115571388420634
5.376593478168014
6.1654041483321835
5.880048513861939
4.287051546670095
3.435013143639963
4.618850107153893
5.011890669072461
6.488926864526666
4.724406082257292
5.514430028056533
4.9494801526739876
5.62372674761119
5.0664720374471255
5.351385052266886
5.091004056907061
5.595867539251168
6.000930989681556
5.83447584897292
4.707944944745512
5.283445454322819
4.338607394516459
6.414790570021893
5.051817477811009
7.274937592000628
6.2117357491343235
6.195454738677324
3.5080460420019524
6.406994851342064
5.625268237880382
4.938933449832752
6.106265412294774
6.739689053279129
3.5882608120947195
6.047412080402264
5.867231998506679
4.839207589777891
5.963238065797121
6.730534305467356
5.451032839058775
5.794347906340429
6.322020171322747
5.204729061267427
5.458670161062253
6.075185638727376
6.101048293931853
7.438785866873915
4.96231490631894
6.2151343590291175
5.143472165143752
6.9246118745802
6.12020681640279
5.043150832221837
3.968553424339632
6.019697716176796
6.095150950199342
3.384444609776238
4.7502378762259445
3.696598202825212
5.7789950370740755
5.026369600615922
5.600658785096616
4.565610639979786
3.5888305702157424
4.5114489222749405
4.774051042486893
5.029099000664454
4.922129501613448
5.253067531958744
5.35261112319786
6.2293940363779186
6.154166265474815
4.485610227922215
5.110302459809023
5.057900394339123
6.254023970553808
6.1775093236215275
5.761197389573307
4.96227134269536
4.783631712007211
5.106640063903682
7.436131851616247
4.864029247257812
5.470288697196492
4.897995372648455
5.307191446119241
5.246751576223093
3.9682921996357354
2.5747334986348456
5.700927485744061
6.391457591917702
4.041331458173625
4.012679082072348
5.372232796052688
4.751450246859449
5.452128376451829
6.286769323455741
5.876003409775277
5.879951618522445
5.179658887540158
4.799110865079872
5.852684830914169
5.191586745998904
3.431442597743819
5.62596614531943
4.529802764920267
5.7297453532078135
6.472989998563708
5.711272392626302
5.734242773777941
5.861883927174552
4.535235554565392
6.186509038441792
5.760494140497049
6.095571551926111
5.1826255817749365
6.162504495637394
5.8525000540068355
6.5869247413164755
6.387395236040521
5.111185845787338
5.992346487758097
5.361758280994798
5.443770828342006
5.916202624797407
5.168895778222609
5.706636408643267
6.15508137681306
4.987549735788908
6.132079401486418
6.20888528734725
4.971488606562167
6.458979248390516
5.023535249635795
5.535645886690324
4.851022502700219
5.610334228521231
5.330156308797669
5.140075031573391
4.955103936047806
4.632676034732042
4.387312599055445
6.707046166728847
4.841320993616603
4.33173345110357
5.906938597233912
5.6738200885939385
5.012762185221921
4.470001216904551
5.4911212146502795
5.196320895111651
5.824317186332506
5.0340695633528405
6.146546427419588
5.079879619416262
4.3043015067564925
4.760398007331552
7.046183313835222
6.640061528503915
3.4993677331481803
3.92937828720566
6.31438698909389
3.9001128295992062
7.364355518812037
6.988680957865841
4.214825811526896
4.170310809703583
5.318315545513429
7.070334459844925
6.114834069562876
5.505616484314279
5.848831341704046
6.153504153696358
5.608802750410175
6.348312992810314
5.23024553901271
6.764908981970314
4.786225645754309
5.960426510130193
5.66357062112939
7.743158753327948
