9.624542124542124
5.830388692579505
10.949593495934959
7.616161616161616
8.185314685314685
7.781365313653136
5.645974781765276
6.700743494423792
7.280078895463511
5.582681272822118
6.96425855513308
6.423829787234043
6.306078536847767
6.273684210526316
8.10315670800451
5.293525179856115
5.606451612903226
6.002129925452609
6.8158508158508155
7.079937304075235
5.645974781765276
6.303108808290156
6.215496368038741
5.526315789473684
5.770314192849404
5.582213029989659
6.07744783306581
5.8158567774936065
9.375
6.348555452003728
5.381642512077295
6.0327102803738315
5.435523114355231
6.002129925452609
6.008317338451695
6.700743494423792
9.476510067114093
8.361423220973784
7.515492957746479
6.0466717674062735
6.055172413793104
6.273684210526316
5.9040778498609825
6.821428571428571
6.1002331002331
7.2839721254355405
6.56
6.4649298597194385
6.7309833024118735
5.277337559429477
5.427906976744186
5.442159383033419
8.959752321981425
8.0
5.435523114355231
6.754553339115351
7.084302325581396
8.557555919258046
9.550253807106598
6.8941728064300065
5.482857142857143
5.877828054298643
7.579381443298969
7.6396103896103895
8.36002444987775
10.489557739557739
6.512027491408935
6.07744783306581
6.4649298597194385
6.756302521008403
6.467567567567568
6.732947976878613
7.513285806869734
6.244078269824922
8.36002444987775
8.860439560439561
8.626093874303898
5.457364341085271
5.820403825717322
7.896411645226811
8.258064516129032
9.516260162601625
10.302893309222423
6.85
5.654088050314465
5.785945446139621
6.059637912673057
6.423829787234043
6.140399814039982
5.9040778498609825
6.303206997084548
10.382352941176471
6.0327102803738315
7.558743169398907
8.705882352941176
10.130922693266832
6.226548672566372
7.513285806869734
5.832960893854748
5.875424688561721
5.654088050314465
6.612268518518518
5.870911469690362
6.144834930777423
6.235714285714286
10.053691275167786
7.292713567839196
5.309523809523809
6.020161290322581
7.139575971731449
8.478991596638656
5.79383429672447
6.0466717674062735
6.458015267175573
5.832960893854748
4.77319587628866
8.372742200328407
5.870911469690362
4.866071428571429
5.769911504424779
5.518267929634641
5.627744510978044
7.131174089068826
5.407263294422828
7.241935483870968
7.280078895463511
9.65938864628821
6.053908355795148
8.0625
6.008317338451695
5.832960893854748
6.052444444444444
7.526427061310782
6.13728432108027
9.860125260960334
6.659420289855072
6.1002331002331
5.582681272822118
7.13179571663921
6.9958677685950414
7.579381443298969
6.758064516129032
8.901554404145077
6.306078536847767
11.350093109869647
14.601532567049809
5.877828054298643
6.0
6.092592592592593
8.755927475592747
6.002129925452609
7.616161616161616
10.949593495934959
8.775571600481348
10.1995597945708
6.215496368038741
5.79383429672447
6.244078269824922
7.705882352941177
6.700743494423792
6.304054054054054
5.54475138121547
6.717149220489977
8.10315670800451
5.433697347893916
7.139575971731449
6.306078536847767
7.781365313653136
6.052444444444444
7.292713567839196
9.824675324675324
8.342592592592593
7.692035398230089
9.486230636833046
6.764195583596215
5.805907172995781
8.844444444444445
5.770314192849404
6.8158508158508155
5.518267929634641
7.6396103896103895
5.442105263157894
9.824675324675324
10.268595041322314
11.066666666666666
6.4
6.4
10.146179401993356
5.870911469690362
8.423963133640553
5.903650508677439
6.635925671025465
10.743223965763196
9.976934523809524
8.185314685314685
5.780821917808219
5.899413243922884
5.832960893854748
6.455696202531645
5.674418604651163
5.9338103756708405
13.108433734939759
8.744
5.830388692579505
8.756644518272426
5.908045977011494
9.030414746543778
6.306078536847767
9.976934523809524
6.53125
6.857142857142857
6.675149700598802
11.159090909090908
10.005172413793103
6.8565891472868215
5.178082191780822
6.052444444444444
6.273684210526316
6.008317338451695
7.115537848605578
6.298412698412698
5.789812332439678
5.8441558441558445
7.802527646129542
7.133680555555555
7.292713567839196
5.640181611804767
5.785945446139621
11.257112184648417
6.07744783306581
7.513285806869734
6.857142857142857
6.586659663865547
6.197701149425288
5.694248234106962
6.482688391038696
8.423963133640553
6.700743494423792
11.414614121510674
6.0570071258907365
7.192771084337349
5.770314192849404
5.899413243922884
5.9040778498609825
8.342592592592593
6.0069390902081725
6.128012048192771
9.20754716981132
5.645974781765276
10.382352941176471
10.920071047957371
7.35
6.07744783306581
8.36002444987775
6.306078536847767
6.7957244655581945
11.441055234954657
8.744
6.306078536847767
8.939808481532149
5.370053475935829
7.151001540832049
5.105582524271845
7.781365313653136
8.756644518272426
6.303206997084548
5.870911469690362
8.822349570200574
6.215496368038741
6.423829787234043
7.151001540832049
9.455252918287938
9.060022650056625
5.7272727272727275
6.732947976878613
7.781365313653136
9.08274647887324
9.399038461538462
6.07744783306581
6.816774193548387
7.304936305732484
7.304936305732484
7.515492957746479
7.2839721254355405
6.273684210526316
7.5
6.226548672566372
10.013333333333334
6.954918032786885
6.857142857142857
7.304936305732484
6.4649298597194385
5.899413243922884
6.53125
10.289586305278174
6.226548672566372
9.65938864628821
6.635862068965517
6.659420289855072
6.0
6.700743494423792
6.0327102803738315
7.929844097995546
6.298412698412698
7.896411645226811
9.030414746543778
6.0069390902081725
8.939808481532149
9.030414746543778
7.495726495726496
5.046332046332046
5.614840989399293
10.311653116531165
5.870911469690362
7.714285714285714
6.295825771324864
9.53766413268832
5.283433133732535
7.515492957746479
6.0069390902081725
6.152293577981651
7.049742710120069
7.526427061310782
5.785945446139621
10.069805194805195
6.754553339115351
10.463696369636963
5.442159383033419
6.754553339115351
5.9040778498609825
5.551724137931035
6.07744783306581
10.945239576851275
9.616279069767442
6.07744783306581
10.195467422096318
5.9040778498609825
9.030414746543778
6.303206997084548
7.488054607508532
7.131174089068826
6.4
5.838222222222222
6.9958677685950414
7.752877454299255
6.166666666666667
6.563988095238095
9.455252918287938
6.675149700598802
6.303206997084548
7.8938223938223935
6.0754716981132075
6.7957244655581945
6.857142857142857
8.732919254658386
6.700743494423792
5.503211991434689
6.273684210526316
4.627118644067797
6.303206997084548
7.072815533980583
6.903654485049834
10.949593495934959
7.513285806869734
5.435523114355231
7.999057492931197
6.140399814039982
7.476780185758514
7.579381443298969
6.128012048192771
9.94468085106383
6.717149220489977
6.954918032786885
5.9040778498609825
7.13179571663921
5.952076677316294
6.594736842105263
5.582681272822118
7.513285806869734
7.8076923076923075
7.752877454299255
5.839743589743589
6.717149220489977
5.877828054298643
7.558743169398907
6.8158508158508155
6.543589743589743
7.2839721254355405
6.059637912673057
9.08274647887324
7.4567474048442905
9.476510067114093
6.732947976878613
7.579381443298969
6.002129925452609
6.525233644859813
9.545454545454545
8.10315670800451
5.360995850622406
6.13728432108027
5.738723404255319
5.875424688561721
5.870911469690362
7.049742710120069
5.5073891625615765
7.792284866468843
6.423829787234043
5.903650508677439
6.458015267175573
10.311653116531165
7.131174089068826
6.433159722222222
8.959752321981425
5.899413243922884
7.280078895463511
5.433697347893916
9.486230636833046
6.764195583596215
6.732947976878613
6.1002331002331
6.140399814039982
6.3313725490196076
8.423963133640553
6.215496368038741
6.8941728064300065
6.008317338451695
7.192771084337349
7.781365313653136
5.9980392156862745
5.934210526315789
5.946511627906977
7.513285806869734
9.545454545454545
5.785945446139621
6.244078269824922
6.586659663865547
6.077319587628866
5.740072202166065
5.71578947368421
7.079937304075235
6.391644908616188
5.9338103756708405
6.052444444444444
9.616279069767442
6.8565891472868215
5.6281179138322
7.513285806869734
7.781365313653136
9.20754716981132
6.244078269824922
9.53766413268832
8.035398230088495
6.525233644859813
6.586659663865547
6.433159722222222
6.13728432108027
10.420289855072463
9.824675324675324
7.98521584861029
7.146753246753247
8.423963133640553
5.738723404255319
7.558743169398907
6.96425855513308
5.019323671497585
6.244078269824922
5.785945446139621
6.458015267175573
5.435523114355231
7.999057492931197
4.949438202247191
6.348555452003728
7.292713567839196
7.241935483870968
6.857142857142857
9.030414746543778
6.0466717674062735
6.961367013372957
6.482688391038696
6.431060606060606
10.214285714285714
6.8565891472868215
8.30478589420655
6.586659663865547
7.513285806869734
5.769911504424779
6.857142857142857
6.07744783306581
6.764195583596215
6.052444444444444
6.235714285714286
6.624408703878903
6.8565891472868215
5.839743589743589
7.131174089068826
5.870911469690362
6.0069390902081725
7.98521584861029
5.875424688561721
7.133680555555555
8.185314685314685
6.273684210526316
10.791421856639248
8.30478589420655
7.781365313653136
6.635925671025465
9.476510067114093
7.98521584861029
9.342078708375379
9.49469964664311
6.303206997084548
5.877828054298643
6.478615071283095
5.870911469690362
10.142431021625653
4.973597359735973
7.929844097995546
6.235714285714286
7.072815533980583
9.20754716981132
6.0
5.54475138121547
6.586659663865547
10.142431021625653
6.732947976878613
6.433159722222222
10.16706443914081
6.8941728064300065
8.264516129032257
5.820403825717322
6.635862068965517
6.433159722222222
6.8158508158508155
5.219451371571072
6.954918032786885
6.857142857142857
11.098081023454158
6.145348837209302
5.785945446139621
5.839743589743589
10.949593495934959
8.10315670800451
6.512027491408935
5.820403825717322
12.029169783096485
5.608695652173913
5.879310344827586
6.29253112033195
6.186813186813187
7.513285806869734
6.186813186813187
5.738723404255319
6.303108808290156
6.306078536847767
6.306078536847767
10.93040293040293
10.382352941176471
7.304936305732484
6.0
9.030414746543778
5.5964912280701755
6.53125
5.645974781765276
5.178082191780822
5.507792207792208
5.442159383033419
5.047128129602356
6.29253112033195
7.8938223938223935
7.2839721254355405
7.8938223938223935
5.740072202166065
5.582681272822118
6.624408703878903
7.280078895463511
6.56
6.29253112033195
6.635925671025465
5.791666666666667
6.732947976878613
6.700743494423792
10.142431021625653
6.497373029772329
6.276519666269368
6.348555452003728
5.740072202166065
5.838222222222222
5.582213029989659
6.586659663865547
5.785945446139621
6.29253112033195
6.295825771324864
7.98521584861029
6.052444444444444
9.476510067114093
8.10315670800451
5.54475138121547
10.142431021625653
7.382594417077176
6.244078269824922
7.079937304075235
6.016949152542373
5.335211267605634
5.507792207792208
10.463696369636963
6.0069390902081725
6.764195583596215
6.754553339115351
5.098360655737705
7.317697228144989
6.052444444444444
6.07744783306581
5.582681272822118
7.476780185758514
5.363636363636363
6.016949152542373
10.382352941176471
6.306078536847767
10.108190091001012
6.8941728064300065
6.821428571428571
7.515492957746479
6.754553339115351
10.791421856639248
5.627744510978044
6.167259786476868
6.6075
5.03588143525741
5.528727272727273
6.194880264244426
6.7309833024118735
6.8565891472868215
5.913488372093023
7.98521584861029
6.586659663865547
6.433159722222222
5.178082191780822
6.586659663865547
5.769911504424779
7.476780185758514
5.433697347893916
5.614840989399293
6.961367013372957
10.195467422096318
6.082077051926298
6.348555452003728
6.586659663865547
6.215496368038741
6.497373029772329
6.431060606060606
7.558743169398907
6.215496368038741
6.0069390902081725
5.217391304347826
9.937691521961185
6.303108808290156
6.758064516129032
5.9040778498609825
5.9040778498609825
6.0
6.732947976878613
6.732947976878613
9.030414746543778
6.140399814039982
7.74083129584352
6.348555452003728
9.231316725978647
5.507792207792208
5.9338103756708405
5.442330558858502
7.526427061310782
6.635925671025465
6.433159722222222
5.528727272727273
10.142431021625653
5.503211991434689
6.7957244655581945
9.615384615384615
6.700743494423792
6.96425855513308
9.030414746543778
6.194880264244426
6.082077051926298
6.273684210526316
9.222222222222221
7.515492957746479
7.651515151515151
6.808383233532934
7.468819599109131
6.1002331002331
4.850948509485095
6.306078536847767
5.785945446139621
6.303418803418803
5.245862884160757
9.20754716981132
6.8565891472868215
6.754553339115351
7.072815533980583
6.6075
6.276519666269368
6.624408703878903
9.476510067114093
6.0069390902081725
5.507792207792208
6.961367013372957
5.210772833723653
5.789812332439678
5.787068965517242
6.563988095238095
7.752877454299255
5.7886482449589245
6.215496368038741
6.700743494423792
9.4375
6.477064220183486
6.104020979020979
5.877828054298643
7.579381443298969
9.958041958041958
9.486230636833046
5.30977312390925
5.877828054298643
6.152293577981651
5.785945446139621
5.133034379671151
8.185314685314685
10.069805194805195
7.049742710120069
6.0
5.832960893854748
5.787878787878788
7.792284866468843
6.512027491408935
7.495726495726496
8.2140625
6.086956521739131
6.4
10.741935483870968
11.572368421052632
5.899413243922884
7.049742710120069
5.105625717566016
6.13728432108027
6.140399814039982
10.949593495934959
7.131174089068826
6.700743494423792
7.488888888888889
9.89516129032258
5.820403825717322
5.820403825717322
6.075829383886256
6.586659663865547
6.13728432108027
5.782051282051282
8.732919254658386
5.6281179138322
6.732947976878613
7.515492957746479
5.7886482449589245
5.903650508677439
7.513285806869734
6.077319587628866
5.363636363636363
6.066481994459834
6.754553339115351
7.800865800865801
6.215496368038741
6.8941728064300065
6.482688391038696
5.383544303797469
5.435523114355231
5.682403433476395
6.0476190476190474
7.8938223938223935
6.816774193548387
11.286764705882353
8.36002444987775
7.792284866468843
6.7309833024118735
7.192771084337349
6.1002331002331
7.781365313653136
6.764195583596215
7.151001540832049
6.273684210526316
7.292713567839196
6.273684210526316
8.557555919258046
7.151001540832049
6.433159722222222
6.295825771324864
5.606451612903226
7.558743169398907
6.624408703878903
6.633879781420765
6.002129925452609
7.403305785123967
6.0069390902081725
6.8941728064300065
7.084302325581396
6.482688391038696
5.7886482449589245
6.167259786476868
5.821348314606742
7.13179571663921
7.752877454299255
6.0466717674062735
7.049742710120069
6.0069390902081725
5.435523114355231
6.008317338451695
7.131174089068826
5.008495145631068
6.0
5.877828054298643
6.497373029772329
6.635862068965517
6.244078269824922
5.1354466858789625
5.614840989399293
5.821348314606742
6.635862068965517
6.8941728064300065
5.442330558858502
6.700743494423792
6.4
6.07744783306581
4.8
6.8565891472868215
5.582681272822118
5.821348314606742
5.832960893854748
5.738723404255319
5.929577464788732
5.472488038277512
6.857142857142857
6.431060606060606
6.07744783306581
6.497373029772329
10.142431021625653
6.635862068965517
5.9040778498609825
6.082077051926298
6.0
6.059637912673057
6.144834930777423
5.738723404255319
6.857142857142857
6.059637912673057
10.489082969432314
6.7957244655581945
6.53125
6.304054054054054
6.244078269824922
6.525233644859813
8.860439560439561
6.0
6.0327102803738315
6.348555452003728
5.421150278293135
6.732947976878613
10.571218795888399
6.586659663865547
5.832960893854748
6.306078536847767
5.179966044142614
6.276519666269368
6.273684210526316
8.423963133640553
8.756644518272426
6.961367013372957
5.433697347893916
5.645974781765276
5.06767955801105
5.645974781765276
6.563988095238095
6.732947976878613
6.391644908616188
5.435523114355231
5.381642512077295
7.2839721254355405
6.754553339115351
5.407263294422828
5.877828054298643
6.306078536847767
7.468819599109131
6.0570071258907365
6.0466717674062735
6.190355329949239
7.792284866468843
7.513285806869734
7.2839721254355405
8.30478589420655
6.8565891472868215
6.0069390902081725
5.48984771573604
6.912144702842378
9.366336633663366
6.758064516129032
7.151001540832049
6.348555452003728
6.635862068965517
6.152293577981651
6.235714285714286
9.53766413268832
5.9040778498609825
6.423829787234043
5.582213029989659
5.54475138121547
5.6281179138322
7.317697228144989
7.476780185758514
6.758064516129032
7.792284866468843
7.74083129584352
6.764195583596215
5.903650508677439
5.832960893854748
6.686015831134565
6.002129925452609
6.142640364188164
6.07744783306581
6.348148148148148
7.543256997455471
7.579381443298969
10.173913043478262
9.53766413268832
6.391644908616188
5.821348314606742
5.899413243922884
5.02020202020202
6.016949152542373
7.802527646129542
7.2839721254355405
5.606451612903226
7.513285806869734
6.594164456233422
6.104020979020979
6.186813186813187
6.348555452003728
7.280078895463511
7.98521584861029
5.308880308880309
5.821348314606742
6.303206997084548
6.194880264244426
6.8941728064300065
6.303108808290156
5.787068965517242
8.626093874303898
6.8158508158508155
5.7886482449589245
6.612268518518518
6.6075
5.787068965517242
5.762917933130699
6.96425855513308
6.167259786476868
5.582681272822118
5.6281179138322
5.666195190947666
10.142431021625653
8.386217948717949
10.46476510067114
5.392215568862276
5.454545454545454
5.870911469690362
8.35064935064935
5.870911469690362
6.0
6.303108808290156
6.303206997084548
9.703034682080926
6.7309833024118735
6.226548672566372
5.412545235223161
7.558743169398907
7.74083129584352
5.582213029989659
7.513285806869734
5.758241758241758
5.851851851851852
6.4649298597194385
6.700743494423792
6.700743494423792
5.899413243922884
8.756644518272426
6.624408703878903
10.570819112627987
5.934210526315789
5.839743589743589
6.008317338451695
6.700743494423792
6.07744783306581
6.624408703878903
6.3979591836734695
6.482688391038696
10.489082969432314
5.682403433476395
7.35
5.913488372093023
7.8938223938223935
5.770314192849404
6.586659663865547
6.194880264244426
5.875424688561721
5.518267929634641
6.526315789473684
6.0069390902081725
5.644484958979033
7.692035398230089
10.370826010544816
10.949593495934959
9.89516129032258
7.146753246753247
6.0069390902081725
5.694248234106962
6.96425855513308
10.945675482487491
8.860439560439561
5.870911469690362
10.382352941176471
9.624542124542124
7.468819599109131
6.235714285714286
5.899413243922884
9.930939226519337
8.10315670800451
5.762917933130699
5.738723404255319
7.488054607508532
6.659420289855072
6.423829787234043
6.128012048192771
7.468819599109131
7.280078895463511
7.515492957746479
6.273684210526316
5.640181611804767
5.406593406593407
6.07744783306581
6.8565891472868215
5.407263294422828
7.513285806869734
10.022106631989598
6.008317338451695
11.257112184648417
8.626093874303898
6.4649298597194385
7.382594417077176
5.427906976744186
6.020231213872832
6.754553339115351
8.557555919258046
8.10315670800451
6.7309833024118735
6.764195583596215
6.295825771324864
5.511834319526627
5.645974781765276
5.105582524271845
5.293525179856115
6.215496368038741
5.787068965517242
7.292713567839196
5.54475138121547
10.069805194805195
8.10315670800451
7.146753246753247
6.700743494423792
5.738723404255319
6.0754716981132075
5.645974781765276
5.899413243922884
5.608695652173913
5.654088050314465
9.476510067114093
6.635925671025465
5.421150278293135
5.392215568862276
5.178082191780822
6.303206997084548
11.386194029850746
7.468819599109131
6.96425855513308
6.0570071258907365
7.131174089068826
7.403305785123967
6.431060606060606
6.142640364188164
6.478615071283095
5.572025052192067
5.407263294422828
5.646310432569974
6.433159722222222
6.612268518518518
5.821348314606742
5.614840989399293
5.231481481481482
7.151001540832049
5.433697347893916
6.235714285714286
6.72972972972973
6.215496368038741
7.468819599109131
6.764195583596215
9.03943377148635
5.744186046511628
6.624408703878903
6.423829787234043
7.488054607508532
7.515492957746479
7.692035398230089
5.0588235294117645
5.572025052192067
6.075829383886256
5.9980392156862745
6.816774193548387
5.640181611804767
6.140399814039982
5.339541547277937
6.194880264244426
5.614840989399293
5.472488038277512
11.151626764886434
9.301282051282051
6.633879781420765
9.930939226519337
7.896411645226811
6.140399814039982
6.422857142857143
8.860439560439561
7.304936305732484
10.791421856639248
5.929577464788732
6.29253112033195
7.151001540832049
6.303206997084548
7.91044776119403
6.96425855513308
6.4
7.781365313653136
5.770314192849404
9.03943377148635
6.348555452003728
10.570819112627987
10.146179401993356
9.4375
6.9390581717451525
6.754553339115351
5.356120826709062
6.754553339115351
8.185314685314685
5.839743589743589
5.877828054298643
6.0754716981132075
5.335211267605634
7.131174089068826
5.435523114355231
7.079937304075235
6.276519666269368
6.13728432108027
8.756644518272426
7.280078895463511
7.280078895463511
5.789812332439678
6.348555452003728
6.4
9.486230636833046
8.557555919258046
10.76923076923077
6.180412371134021
7.151001540832049
6.477064220183486
6.0
8.818666666666667
10.275862068965518
5.738723404255319
10.949593495934959
6.4
6.8565891472868215
5.927536231884058
9.030414746543778
10.311653116531165
8.598726114649681
7.513285806869734
7.08843537414966
9.94468085106383
7.072815533980583
6.612268518518518
6.8941728064300065
9.129979035639414
8.756644518272426
5.851851851851852
6.215496368038741
7.304936305732484
5.738723404255319
5.851851851851852
5.870911469690362
9.129979035639414
7.2839721254355405
6.07744783306581
6.128012048192771
10.216216216216216
6.152293577981651
6.4
5.645974781765276
8.361423220973784
6.586659663865547
9.092491838955386
7.752877454299255
6.07744783306581
5.785945446139621
6.353383458646617
7.280078895463511
6.586659663865547
6.754553339115351
7.304936305732484
7.280078895463511
10.235981308411215
10.935395189003437
7.476780185758514
6.287634408602151
8.30478589420655
8.08
7.513285806869734
7.131174089068826
5.785945446139621
6.423829787234043
5.877828054298643
5.785945446139621
5.946511627906977
5.582681272822118
7.280078895463511
5.666195190947666
6.635862068965517
7.079937304075235
6.525233644859813
7.692035398230089
8.30478589420655
6.7309833024118735
5.787068965517242
5.503211991434689
5.899413243922884
5.813492063492063
7.072815533980583
8.386217948717949
7.543256997455471
8.185314685314685
6.303108808290156
5.9040778498609825
6.624408703878903
5.588108108108108
9.301282051282051
6.3979591836734695
5.870911469690362
7.792284866468843
11.480854853072127
7.192771084337349
8.76
5.442159383033419
7.495726495726496
6.700743494423792
6.635862068965517
7.072815533980583
6.077319587628866
6.348555452003728
6.594164456233422
7.896411645226811
5.870911469690362
5.877828054298643
5.442330558858502
5.913488372093023
8.626093874303898
8.10315670800451
6.4
6.29253112033195
6.125
6.13728432108027
6.167259786476868
7.468819599109131
6.732947976878613
5.275466284074605
5.870911469690362
8.775571600481348
5.5174825174825175
7.382594417077176
6.226548672566372
6.808383233532934
5.5073891625615765
4.991561181434599
7.13179571663921
6.758064516129032
6.478615071283095
6.477064220183486
7.526427061310782
6.478615071283095
8.626093874303898
6.0069390902081725
5.277337559429477
6.0327102803738315
5.903650508677439
6.0
6.53125
8.860439560439561
6.002129925452609
6.104020979020979
6.431060606060606
6.612268518518518
5.851851851851852
8.258064516129032
5.335211267605634
7.579381443298969
6.686015831134565
6.433159722222222
8.342592592592593
5.617256637168142
7.579381443298969
5.877828054298643
6.104020979020979
5.9502487562189055
6.190355329949239
6.07744783306581
6.0466717674062735
5.7886482449589245
6.306078536847767
9.060022650056625
5.899413243922884
6.700743494423792
6.7309833024118735
6.9390581717451525
7.2839721254355405
9.516260162601625
6.612268518518518
5.913488372093023
6.754553339115351
6.0466717674062735
6.8158508158508155
7.543256997455471
8.860439560439561
5.640181611804767
6.954545454545454
4.949438202247191
6.3313725490196076
5.839743589743589
7.896411645226811
5.627744510978044
5.407263294422828
8.732919254658386
5.682403433476395
6.140399814039982
7.513285806869734
7.752877454299255
7.999057492931197
7.488888888888889
6.194880264244426
6.287634408602151
5.870911469690362
5.806094182825484
6.059637912673057
6.052444444444444
5.363636363636363
5.740072202166065
6.700743494423792
6.244078269824922
6.273684210526316
7.241935483870968
11.308683473389356
7.072815533980583
6.140399814039982
6.07744783306581
7.32
6.273684210526316
9.550253807106598
7.792284866468843
5.135531135531136
5.5964912280701755
6.07744783306581
5.457364341085271
6.0327102803738315
6.525233644859813
6.4
5.787878787878788
6.8158508158508155
6.348555452003728
6.1002331002331
9.129979035639414
5.582681272822118
5.770314192849404
5.528727272727273
8.035398230088495
6.612268518518518
7.752877454299255
6.525233644859813
6.635925671025465
6.052444444444444
9.517241379310345
7.8938223938223935
6.525233644859813
8.372093023255815
6.624408703878903
6.482688391038696
5.787068965517242
7.139575971731449
6.194880264244426
5.877828054298643
6.525233644859813
6.624408703878903
9.20754716981132
5.646310432569974
7.382594417077176
7.8076923076923075
5.640181611804767
6.635862068965517
6.244078269824922
6.075829383886256
6.07744783306581
6.082077051926298
6.002129925452609
8.626093874303898
7.802527646129542
6.458015267175573
5.133034379671151
6.244078269824922
6.07744783306581
5.442159383033419
5.614840989399293
5.79383429672447
10.005172413793103
6.612268518518518
6.140399814039982
6.167259786476868
6.0
6.4
5.5073891625615765
5.582681272822118
7.317697228144989
7.526427061310782
8.36002444987775
5.472488038277512
7.896411645226811
6.8941728064300065
5.899413243922884
6.303206997084548
7.8938223938223935
5.851851851851852
5.210772833723653
6.8941728064300065
5.530035335689046
5.640181611804767
6.456521739130435
7.752877454299255
5.392215568862276
6.152293577981651
6.7957244655581945
7.304936305732484
7.151001540832049
6.675149700598802
7.2839721254355405
6.0069390902081725
10.022106631989598
6.8565891472868215
6.594164456233422
8.557555919258046
6.140399814039982
6.6075
6.348555452003728
5.245862884160757
5.952076677316294
5.640181611804767
5.870911469690362
5.877828054298643
5.899413243922884
6.635925671025465
6.754553339115351
5.293525179856115
5.5073891625615765
6.700743494423792
9.486230636833046
5.791666666666667
6.700743494423792
6.0754716981132075
6.624408703878903
6.96425855513308
6.477064220183486
6.732947976878613
5.421150278293135
6.7957244655581945
11.414614121510674
6.586659663865547
6.07744783306581
7.896411645226811
6.635862068965517
6.53125
8.859130434782609
6.525233644859813
6.29253112033195
10.949593495934959
10.311653116531165
6.215496368038741
6.194880264244426
7.131174089068826
9.760814249363868
9.399038461538462
8.901554404145077
10.724565756823822
6.0069390902081725
7.139575971731449
6.140399814039982
6.273684210526316
5.260554885404101
6.348555452003728
6.303206997084548
5.008495145631068
5.625
6.586659663865547
4.507438016528925
4.931854199683043
5.370053475935829
6.104020979020979
6.732947976878613
5.870911469690362
5.645974781765276
7.151001540832049
6.140399814039982
5.30977312390925
5.682403433476395
5.338888888888889
6.1002331002331
7.2839721254355405
6.304054054054054
6.458015267175573
7.131174089068826
10.069805194805195
8.386217948717949
5.785945446139621
5.433697347893916
7.037037037037037
6.276519666269368
6.8565891472868215
5.832960893854748
6.303108808290156
6.215496368038741
6.053908355795148
5.877828054298643
8.775571600481348
6.215496368038741
7.280078895463511
6.0754716981132075
5.830388692579505
8.755927475592747
7.468819599109131
6.304054054054054
5.442330558858502
10.791421856639248
5.8441558441558445
9.550253807106598
7.8938223938223935
5.682403433476395
5.7886482449589245
6.431060606060606
5.526315789473684
5.222841225626741
7.468819599109131
5.839743589743589
6.4
6.433159722222222
6.754553339115351
5.176724137931035
8.386217948717949
8.077777777777778
5.550314465408805
7.468819599109131
6.4
5.789812332439678
5.42
6.391644908616188
6.13728432108027
5.821348314606742
6.659420289855072
6.512027491408935
10.0
7.792284866468843
5.870911469690362
6.96425855513308
6.244078269824922
9.486230636833046
10.005172413793103
6.8941728064300065
5.877828054298643
6.303206997084548
9.129979035639414
6.482688391038696
6.4
6.303418803418803
9.301282051282051
6.273684210526316
6.197701149425288
7.333333333333333
5.946511627906977
6.423829787234043
6.273684210526316
8.264516129032257
6.45
6.104020979020979
7.999057492931197
7.131174089068826
7.896411645226811
6.4
6.8565891472868215
5.30977312390925
8.756644518272426
5.507792207792208
6.764195583596215
6.56
6.7309833024118735
5.877828054298643
6.348555452003728
7.896411645226811
10.76923076923077
6.717149220489977
6.07744783306581
6.96425855513308
6.348555452003728
5.528727272727273
6.306078536847767
9.030414746543778
7.74083129584352
6.144834930777423
5.899413243922884
6.961367013372957
6.8941728064300065
11.048109965635739
8.2140625
6.8565891472868215
5.79383429672447
7.513285806869734
7.079937304075235
5.433697347893916
9.20754716981132
6.077319587628866
6.0069390902081725
6.295825771324864
6.303206997084548
5.877828054298643
7.304936305732484
8.372742200328407
5.5073891625615765
5.903650508677439
6.423829787234043
6.624408703878903
6.9958677685950414
5.654088050314465
6.144834930777423
10.489082969432314
5.821348314606742
6.635862068965517
7.792284866468843
8.372742200328407
5.582681272822118
6.215496368038741
6.8565891472868215
5.770314192849404
6.306078536847767
6.295825771324864
5.903650508677439
7.558743169398907
6.07744783306581
7.830903790087463
7.280078895463511
7.131174089068826
7.781365313653136
6.128012048192771
6.717149220489977
9.497076023391813
9.060022650056625
5.787068965517242
5.787068965517242
6.190355329949239
6.635862068965517
6.4
5.588108108108108
7.280078895463511
5.849056603773585
5.274621212121212
6.425619834710743
6.0
5.339541547277937
7.2839721254355405
7.830903790087463
6.348555452003728
7.792284866468843
8.36002444987775
7.513285806869734
6.002129925452609
5.9980392156862745
8.557555919258046
7.072815533980583
6.754553339115351
6.306078536847767
6.07744783306581
5.572025052192067
6.433159722222222
7.131174089068826
8.36002444987775
7.476780185758514
7.280078895463511
6.07744783306581
6.295825771324864
5.899413243922884
8.30478589420655
7.280078895463511
9.516260162601625
6.659420289855072
8.372093023255815
6.13728432108027
6.961367013372957
6.857142857142857
6.612268518518518
6.128012048192771
6.298412698412698
6.7309833024118735
6.478615071283095
6.348555452003728
7.513285806869734
6.273684210526316
7.543256997455471
8.36002444987775
6.456521739130435
6.4
5.54475138121547
11.569306930693068
5.260554885404101
5.363636363636363
6.732947976878613
10.58364312267658
6.857142857142857
5.785945446139621
5.360995850622406
9.084536082474227
6.008317338451695
5.870911469690362
6.754553339115351
7.896411645226811
9.084536082474227
6.273684210526316
7.98521584861029
6.8158508158508155
5.903650508677439
7.133680555555555
7.139575971731449
7.8938223938223935
6.29253112033195
7.752877454299255
6.059637912673057
6.140399814039982
6.8565891472868215
10.41635687732342
7.241935483870968
7.692035398230089
5.789812332439678
8.36002444987775
9.53766413268832
6.433159722222222
6.152293577981651
6.167259786476868
6.306078536847767
10.420289855072463
5.913488372093023
5.582681272822118
6.140399814039982
10.1995597945708
11.308683473389356
7.752877454299255
5.838222222222222
7.403305785123967
7.049742710120069
5.877828054298643
7.13179571663921
6.425619834710743
5.2588042588042585
7.079937304075235
7.146753246753247
6.244078269824922
6.140399814039982
8.404973357015987
6.8158508158508155
9.486230636833046
6.423829787234043
6.07744783306581
6.706422018348624
6.306078536847767
6.732947976878613
6.4
6.0069390902081725
6.56
6.306078536847767
6.431060606060606
6.215496368038741
6.059637912673057
6.512027491408935
5.832960893854748
6.477064220183486
10.146179401993356
7.999057492931197
5.830388692579505
6.140399814039982
7.079937304075235
6.273684210526316
7.304936305732484
6.635925671025465
6.235714285714286
5.899413243922884
5.582681272822118
7.616161616161616
5.913488372093023
5.614840989399293
5.899413243922884
7.292713567839196
5.832960893854748
6.764195583596215
5.614840989399293
6.298412698412698
7.752877454299255
7.71830985915493
5.738723404255319
9.958041958041958
7.74083129584352
9.78804347826087
9.222222222222221
5.838222222222222
7.802527646129542
6.700743494423792
4.663461538461538
5.113095238095238
6.142640364188164
6.857142857142857
7.304936305732484
6.194880264244426
6.700743494423792
7.792284866468843
10.382352941176471
6.276519666269368
6.631578947368421
6.6075
6.303206997084548
8.36002444987775
5.54475138121547
5.789812332439678
6.0069390902081725
5.383544303797469
6.008317338451695
6.077319587628866
6.8941728064300065
5.245862884160757
7.792284866468843
8.756644518272426
8.626093874303898
5.9338103756708405
4.879251700680272
11.414614121510674
6.104020979020979
5.644484958979033
5.805907172995781
7.579381443298969
6.13728432108027
6.226548672566372
6.008317338451695
6.273684210526316
7.151001540832049
5.298507462686567
6.612268518518518
6.431060606060606
6.525233644859813
7.382594417077176
5.903650508677439
4.995618838992333
5.363636363636363
5.877828054298643
6.478615071283095
11.386194029850746
5.913488372093023
5.06767955801105
7.0495049504950495
7.558743169398907
5.407263294422828
9.760814249363868
7.476780185758514
6.306078536847767
6.525233644859813
7.792284866468843
7.781365313653136
6.095238095238095
7.98521584861029
8.48407643312102
5.79383429672447
5.787068965517242
6.104020979020979
10.676402767102228
6.732947976878613
6.525233644859813
5.666195190947666
6.244078269824922
8.423963133640553
6.215496368038741
6.244078269824922
6.4
5.903650508677439
6.002129925452609
6.303108808290156
6.055172413793104
7.488054607508532
5.877828054298643
6.635862068965517
5.830388692579505
10.069805194805195
6.857142857142857
8.705128205128204
5.9502487562189055
5.293525179856115
6.633879781420765
5.2588042588042585
4.892215568862276
6.348555452003728
5.277337559429477
5.870911469690362
7.072815533980583
6.7309833024118735
5.820403825717322
7.131174089068826
6.700743494423792
9.20754716981132
5.770314192849404
6.059637912673057
6.1002331002331
5.832960893854748
6.8565891472868215
6.0327102803738315
5.785945446139621
7.752877454299255
7.8938223938223935
6.180412371134021
6.145348837209302
6.07744783306581
5.785945446139621
6.020161290322581
5.769911504424779
6.526315789473684
5.9980392156862745
6.063218390804598
8.264705882352942
5.79383429672447
5.408163265306122
6.273684210526316
6.059637912673057
9.03943377148635
6.433159722222222
5.740072202166065
5.582681272822118
5.870911469690362
7.896411645226811
6.9390581717451525
6.586659663865547
5.821348314606742
6.624408703878903
5.7886482449589245
6.303108808290156
6.020231213872832
6.8941728064300065
6.128012048192771
6.8
6.303206997084548
6.4649298597194385
6.586659663865547
6.07744783306581
6.055172413793104
6.244078269824922
5.738723404255319
9.301282051282051
7.692035398230089
6.624408703878903
5.903650508677439
6.077319587628866
10.335858585858587
5.406593406593407
6.732947976878613
7.781365313653136
6.194880264244426
5.849056603773585
6.732947976878613
4.917582417582418
5.503211991434689
6.197701149425288
5.442330558858502
5.135531135531136
6.53125
6.306078536847767
6.624408703878903
8.775571600481348
5.694248234106962
6.295825771324864
5.838222222222222
8.48407643312102
6.635862068965517
6.586659663865547
6.0
7.079937304075235
5.820403825717322
5.30977312390925
6.857142857142857
6.0069390902081725
6.29253112033195
5.582681272822118
6.7309833024118735
6.348555452003728
8.76
6.0069390902081725
6.0327102803738315
5.407263294422828
6.431060606060606
6.298412698412698
5.283433133732535
6.303206997084548
7.579381443298969
6.961367013372957
7.2839721254355405
6.059637912673057
5.875424688561721
7.131174089068826
6.423829787234043
9.550253807106598
6.477064220183486
5.738723404255319
5.222841225626741
6.555555555555555
7.382594417077176
5.407263294422828
5.913488372093023
5.789812332439678
5.875424688561721
5.54475138121547
6.244078269824922
7.513285806869734
9.030414746543778
5.899413243922884
6.8565891472868215
5.789812332439678
6.273684210526316
5.899413243922884
6.13728432108027
6.423829787234043
6.273684210526316
7.896411645226811
5.870911469690362
6.052444444444444
5.582681272822118
5.54475138121547
6.467567567567568
6.635925671025465
6.152293577981651
6.020231213872832
7.8938223938223935
6.306078536847767
6.052444444444444
5.740072202166065
7.131174089068826
5.899413243922884
5.770314192849404
5.946511627906977
5.820403825717322
5.381642512077295
6.467567567567568
6.961367013372957
6.104020979020979
5.870911469690362
4.701098901098901
6.190355329949239
6.194880264244426
10.949593495934959
8.557555919258046
10.382352941176471
7.6396103896103895
6.194880264244426
9.824675324675324
6.8158508158508155
6.0
6.0
7.072815533980583
6.152293577981651
6.235714285714286
5.518267929634641
5.694248234106962
8.756644518272426
6.190355329949239
6.8565891472868215
6.635925671025465
6.8941728064300065
5.787068965517242
5.644484958979033
5.839743589743589
6.754553339115351
6.306078536847767
6.700743494423792
10.146179401993356
10.142431021625653
6.494252873563219
7.792284866468843
8.860439560439561
7.896411645226811
6.732947976878613
5.7886482449589245
11.350093109869647
5.588108108108108
7.802527646129542
5.472488038277512
5.787878787878788
6.635925671025465
6.4
6.4
6.306078536847767
6.7309833024118735
6.348555452003728
5.606451612903226
7.896411645226811
5.588108108108108
6.700743494423792
6.7309833024118735
6.8565891472868215
6.525233644859813
7.488054607508532
6.586659663865547
7.752877454299255
11.388990825688074
5.434579439252336
7.304936305732484
6.635862068965517
6.215496368038741
5.370053475935829
6.624408703878903
6.675149700598802
5.927536231884058
7.558743169398907
6.732947976878613
6.303418803418803
6.754553339115351
7.304936305732484
6.612268518518518
7.058510638297872
7.488054607508532
6.152293577981651
9.486230636833046
6.700743494423792
7.13179571663921
6.431060606060606
6.8158508158508155
5.769911504424779
5.9980392156862745
9.092491838955386
10.413793103448276
5.5
5.791666666666667
5.614840989399293
5.13302752293578
6.612268518518518
6.244078269824922
7.802527646129542
5.9040778498609825
7.4567474048442905
5.899413243922884
5.03588143525741
7.151001540832049
8.860439560439561
6.732947976878613
5.2375
6.306078536847767
9.958041958041958
7.513285806869734
5.179966044142614
7.896411645226811
7.830903790087463
7.304936305732484
8.478991596638656
6.152293577981651
7.74083129584352
7.74083129584352
9.89516129032258
6.077319587628866
9.89516129032258
5.899413243922884
9.89516129032258
9.49469964664311
6.53125
7.131174089068826
7.802527646129542
11.257112184648417
9.455252918287938
5.821348314606742
5.407263294422828
6.052444444444444
6.764195583596215
6.732947976878613
7.579381443298969
6.273684210526316
6.306078536847767
5.870911469690362
7.999057492931197
9.703034682080926
7.896411645226811
5.740072202166065
6.903654485049834
5.870911469690362
6.226548672566372
7.115537848605578
9.20754716981132
6.8565891472868215
6.764195583596215
6.635925671025465
6.07744783306581
6.391644908616188
5.421150278293135
6.306078536847767
5.558502340093604
6.754553339115351
9.976934523809524
7.131174089068826
7.2839721254355405
7.929844097995546
6.433159722222222
6.857142857142857
6.586659663865547
6.07744783306581
7.2839721254355405
5.805907172995781
5.787068965517242
6.732947976878613
6.13728432108027
6.754553339115351
6.8941728064300065
6.002129925452609
6.9390581717451525
10.41635687732342
6.35
6.706422018348624
5.7886482449589245
6.186813186813187
6.700743494423792
5.381642512077295
6.077319587628866
6.140399814039982
6.215496368038741
6.086956521739131
6.766666666666667
6.423829787234043
6.215496368038741
7.317697228144989
6.142640364188164
6.306078536847767
5.454545454545454
5.153846153846154
8.035398230088495
8.186147186147187
5.769911504424779
6.306078536847767
6.140399814039982
10.142431021625653
6.612268518518518
5.903650508677439
5.903650508677439
5.806094182825484
6.0327102803738315
6.194880264244426
5.606451612903226
4.959276018099548
6.0466717674062735
5.627744510978044
10.41635687732342
5.740072202166065
7.4393939393939394
7.792284866468843
5.4
5.03588143525741
5.913488372093023
5.4
5.383544303797469
5.877828054298643
6.226548672566372
6.857142857142857
5.550314465408805
5.839743589743589
10.090196078431372
5.877828054298643
6.0
7.792284866468843
6.0
5.614840989399293
6.0327102803738315
8.185314685314685
6.53125
6.478615071283095
5.738723404255319
5.952076677316294
6.512027491408935
5.582681272822118
6.244078269824922
5.435523114355231
6.104020979020979
6.700743494423792
5.640181611804767
7.929844097995546
5.770314192849404
5.645974781765276
6.656626506024097
10.489557739557739
6.0
7.558743169398907
6.525233644859813
5.5964912280701755
5.805907172995781
6.128012048192771
5.435523114355231
9.030414746543778
4.989247311827957
6.717149220489977
5.805907172995781
5.442159383033419
6.447916666666667
6.244078269824922
11.386194029850746
7.292713567839196
6.084967320261438
5.06767955801105
6.477064220183486
6.0
5.7886482449589245
6.002129925452609
9.624542124542124
6.215496368038741
6.0
6.458015267175573
8.10315670800451
8.10315670800451
5.339541547277937
11.054794520547945
7.151001540832049
5.903650508677439
8.48407643312102
6.961367013372957
6.0466717674062735
7.280078895463511
5.339541547277937
9.731707317073171
6.467567567567568
5.952076677316294
5.785945446139621
5.224390243902439
5.787068965517242
6.635925671025465
6.215496368038741
11.386194029850746
5.644484958979033
6.563988095238095
6.273684210526316
6.96425855513308
8.8
5.215596330275229
5.806094182825484
7.468819599109131
7.02013422818792
6.456521739130435
7.241935483870968
6.659420289855072
5.805907172995781
5.738723404255319
7.513285806869734
6.857142857142857
9.481927710843374
7.317697228144989
8.642857142857142
6.194880264244426
6.07744783306581
6.766666666666667
5.627744510978044
6.287634408602151
5.849056603773585
6.467567567567568
6.128012048192771
6.194880264244426
5.903650508677439
9.70663811563169
6.8941728064300065
6.3313725490196076
9.824675324675324
9.824675324675324
7.929844097995546
7.151001540832049
6.580419580419581
7.468819599109131
5.738723404255319
5.03588143525741
6.525233644859813
6.754553339115351
10.949593495934959
7.515492957746479
7.146753246753247
5.927536231884058
6.686015831134565
5.9040778498609825
7.079937304075235
7.781365313653136
5.9980392156862745
5.870911469690362
6.298412698412698
9.75242718446602
6.525233644859813
5.549800796812749
9.53766413268832
5.06767955801105
6.700743494423792
6.912144702842378
6.6075
6.07744783306581
5.903650508677439
6.422857142857143
9.760814249363868
5.791666666666667
6.020161290322581
6.700743494423792
6.152293577981651
6.586659663865547
7.488054607508532
6.8941728064300065
5.551724137931035
10.090196078431372
5.903650508677439
6.8941728064300065
8.10315670800451
7.292713567839196
6.128012048192771
6.303206997084548
5.839743589743589
7.304936305732484
5.832960893854748
6.0327102803738315
7.079937304075235
10.489557739557739
10.463696369636963
10.16706443914081
8.36002444987775
7.98521584861029
7.382594417077176
9.20754716981132
8.756644518272426
6.303206997084548
4.721925133689839
5.79383429672447
6.07744783306581
8.709897610921502
5.785945446139621
6.0327102803738315
9.53766413268832
6.008317338451695
6.8941728064300065
8.36002444987775
5.503211991434689
5.9338103756708405
5.770314192849404
5.572025052192067
6.766666666666667
5.899413243922884
5.277337559429477
9.703034682080926
5.934210526315789
6.700743494423792
5.442330558858502
5.614840989399293
6.008317338451695
9.94468085106383
6.7309833024118735
4.890243902439025
8.626093874303898
5.870911469690362
6.903654485049834
6.4
6.456521739130435
9.516260162601625
5.383544303797469
7.579381443298969
5.738723404255319
6.053908355795148
6.0069390902081725
6.215496368038741
5.109316770186336
9.976934523809524
9.060022650056625
9.129979035639414
6.295825771324864
5.839743589743589
6.580419580419581
5.518267929634641
7.513285806869734
9.53766413268832
9.576923076923077
6.128012048192771
5.645974781765276
6.077319587628866
5.9980392156862745
8.713395638629283
6.194880264244426
6.303418803418803
5.9980392156862745
7.192771084337349
5.785945446139621
5.654088050314465
5.821348314606742
5.019323671497585
5.407263294422828
5.549800796812749
9.703034682080926
6.961367013372957
5.770314192849404
5.877828054298643
6.586659663865547
9.703034682080926
6.4
5.2588042588042585
5.789812332439678
6.104020979020979
7.802527646129542
5.645974781765276
9.550253807106598
5.785945446139621
6.306078536847767
6.586659663865547
6.104020979020979
5.6281179138322
5.381642512077295
8.755927475592747
6.29253112033195
6.612268518518518
5.388617886178862
5.738723404255319
7.440559440559441
6.96425855513308
6.8941728064300065
9.092491838955386
5.047128129602356
6.152293577981651
5.877828054298643
5.913488372093023
6.059637912673057
5.503211991434689
7.752877454299255
6.082077051926298
7.133680555555555
11.077434966727163
7.146753246753247
6.635925671025465
7.802527646129542
6.447916666666667
6.142640364188164
5.789812332439678
6.002129925452609
5.047128129602356
6.433159722222222
6.700743494423792
6.525233644859813
6.8158508158508155
6.353383458646617
5.839743589743589
6.96425855513308
6.624408703878903
5.740072202166065
6.186813186813187
6.423829787234043
9.231316725978647
6.961367013372957
5.79383429672447
7.781365313653136
5.370053475935829
5.740072202166065
5.787068965517242
5.407263294422828
5.06767955801105
7.896411645226811
5.010380622837371
5.7886482449589245
6.423829787234043
5.614840989399293
6.0
6.431060606060606
6.5212765957446805
7.131174089068826
6.94300518134715
5.820403825717322
6.086956521739131
5.738723404255319
8.10315670800451
6.0
6.635862068965517
6.167259786476868
9.12
6.53125
6.008317338451695
6.635862068965517
6.4
5.682403433476395
5.442330558858502
6.306078536847767
5.787068965517242
6.273542600896861
5.54475138121547
5.820403825717322
7.304936305732484
6.020231213872832
6.754553339115351
6.273684210526316
10.489557739557739
6.13728432108027
5.645974781765276
5.785945446139621
6.458015267175573
6.055172413793104
8.705128205128204
6.754553339115351
9.89090909090909
6.002129925452609
7.476780185758514
6.303206997084548
5.528727272727273
5.370053475935829
7.781365313653136
7.752877454299255
6.431060606060606
11.048109965635739
6.612268518518518
6.167259786476868
6.0327102803738315
6.675149700598802
6.059637912673057
5.335211267605634
5.407263294422828
5.832960893854748
6.423829787234043
6.4
6.084967320261438
5.178082191780822
6.0
6.287634408602151
5.645974781765276
7.131174089068826
5.770314192849404
7.304936305732484
8.818666666666667
6.140399814039982
5.9040778498609825
6.4
6.152293577981651
5.738723404255319
7.192771084337349
5.9040778498609825
7.752877454299255
6.077319587628866
5.433697347893916
6.637931034482759
5.588108108108108
6.303206997084548
7.513285806869734
7.792284866468843
6.152293577981651
6.29253112033195
5.504854368932039
5.770314192849404
6.303206997084548
7.6396103896103895
5.1354466858789625
5.530035335689046
6.167259786476868
5.442105263157894
6.104020979020979
6.002129925452609
5.582681272822118
5.9040778498609825
6.624408703878903
5.870911469690362
5.738723404255319
7.13179571663921
6.9390581717451525
7.280078895463511
5.9502487562189055
5.5073891625615765
6.656626506024097
8.96
6.494252873563219
6.348148148148148
5.9040778498609825
5.9338103756708405
9.476510067114093
10.429787234042553
5.435523114355231
7.781365313653136
6.4
6.458015267175573
6.052444444444444
6.140399814039982
5.105625717566016
5.392215568862276
6.0466717674062735
7.468819599109131
6.433159722222222
6.594164456233422
9.53766413268832
5.54475138121547
6.717149220489977
6.512027491408935
6.140399814039982
6.423829787234043
9.94468085106383
7.488888888888889
7.85
6.190355329949239
5.877828054298643
6.754553339115351
6.306078536847767
6.8565891472868215
5.787068965517242
6.142640364188164
5.608695652173913
7.558743169398907
6.077319587628866
6.8941728064300065
6.07744783306581
5.899413243922884
8.48407643312102
5.899413243922884
7.925925925925926
7.526427061310782
8.626093874303898
7.304936305732484
8.10315670800451
6.0
5.435523114355231
5.614840989399293
9.516260162601625
6.525233644859813
5.645974781765276
5.877828054298643
5.528727272727273
7.558743169398907
5.770314192849404
5.877828054298643
6.423829787234043
6.077319587628866
6.624408703878903
6.431060606060606
6.306078536847767
5.582681272822118
6.7309833024118735
5.870911469690362
7.151001540832049
9.703034682080926
5.7886482449589245
5.820403825717322
5.791666666666667
5.582213029989659
5.214814814814815
7.792284866468843
5.482857142857143
6.6075
8.36002444987775
5.582681272822118
6.348148148148148
6.8941728064300065
5.5174825174825175
5.903650508677439
5.787068965517242
6.295825771324864
6.055172413793104
6.4
6.821428571428571
6.128012048192771
6.1002331002331
5.383544303797469
10.069805194805195
6.0466717674062735
10.791421856639248
10.405063291139241
8.35064935064935
5.903650508677439
6.075829383886256
5.528727272727273
6.635925671025465
8.775571600481348
5.528727272727273
6.497373029772329
6.586659663865547
9.53766413268832
5.839743589743589
6.052444444444444
5.899413243922884
5.9040778498609825
5.472488038277512
5.838222222222222
6.303206997084548
5.582681272822118
6.1002331002331
5.832960893854748
9.545454545454545
6.477064220183486
9.616279069767442
5.694248234106962
6.635925671025465
6.226548672566372
6.637931034482759
6.13728432108027
5.528727272727273
5.877828054298643
5.9502487562189055
6.8941728064300065
6.306078536847767
11.434731246308328
5.277337559429477
7.692035398230089
5.946511627906977
7.692035398230089
5.877828054298643
5.133034379671151
5.582681272822118
5.787068965517242
6.612268518518518
6.458015267175573
6.732947976878613
10.090196078431372
6.29253112033195
6.8565891472868215
8.423963133640553
6.700743494423792
6.586659663865547
5.339541547277937
6.586659663865547
5.260554885404101
7.999057492931197
5.903650508677439
6.07744783306581
6.857142857142857
7.896411645226811
5.551724137931035
5.442159383033419
5.5964912280701755
6.7957244655581945
6.140399814039982
10.997587454764776
7.13179571663921
5.407263294422828
7.781365313653136
5.549800796812749
5.645974781765276
5.644484958979033
7.072815533980583
6.306078536847767
5.9040778498609825
6.857142857142857
6.423829787234043
5.899413243922884
7.072815533980583
5.682403433476395
5.640181611804767
5.224390243902439
6.082077051926298
6.084967320261438
5.9338103756708405
5.407263294422828
5.260554885404101
7.579381443298969
6.7309833024118735
5.770314192849404
6.055172413793104
5.903650508677439
5.582681272822118
6.635925671025465
5.435523114355231
5.48984771573604
6.423829787234043
6.142640364188164
5.645974781765276
5.832960893854748
5.442330558858502
5.407263294422828
5.787068965517242
5.870911469690362
7.543256997455471
5.442330558858502
5.277337559429477
6.4
6.235714285714286
6.348148148148148
5.682403433476395
6.0
6.482688391038696
5.442330558858502
6.142640364188164
7.049742710120069
6.186813186813187
5.877828054298643
6.467567567567568
6.659420289855072
5.820403825717322
5.9040778498609825
6.0466717674062735
6.8941728064300065
8.626093874303898
6.075829383886256
5.830388692579505
6.8565891472868215
5.627744510978044
7.488054607508532
8.186147186147187
6.94300518134715
