3.64695
2.6557639
4.7228613
3.7820425
2.5986793
3.7820725
1.8336607
2.8161354
3.618538
2.4007878
2.8128834
2.0026956
2.5847876
3.9195454
3.3962717
2.9607618
1.7607838
3.5614133
3.3541691
2.3957086
1.3977865
1.1726878
2.7568276
1.2285848
2.630166
2.944282
1.3671871
4.1745234
3.8468142
3.801144
4.0510654
3.5571988
3.7394946
3.6136634
3.8432608
4.186636
3.667337
4.1716075
3.3999603
3.7836967
3.7006311
4.3074284
3.1448662
3.2355828
2.9156284
3.8509464
3.7805943
4.236087
3.7029443
2.3390083
2.113247
4.58045
4.803974
3.8539143
3.2420387
3.0916424
4.594635
4.317819
3.9397902
4.3270864
3.664291
3.4512434
3.769434
3.8538375
4.1098166
4.331214
3.5910444
3.5875428
3.7736378
3.8694942
4.2819824
3.1592221
4.353505
3.8549383
2.4810476
3.100252
4.2879124
3.0716538
3.7124846
4.135602
4.121504
4.157486
4.0894485
4.0630975
3.9923556
3.9793582
4.482563
4.4971676
4.0286636
4.0737267
3.841841
3.679646
4.2234735
4.2699203
3.5237017
3.8635287
3.7128754
4.1028023
2.5636737
4.462715
3.661258
4.169075
4.3323183
3.8595452
3.5728574
4.093428
4.3542395
2.8344316
3.924701
3.5436773
4.031519
4.27096
4.1798773
2.1044474
1.2420876
1.0383979
0.8319484
0.8428081
0.9685327
4.1088815
2.9277148
3.9441767
3.5232296
3.173366
2.9648137
4.201886
4.7197323
3.4044242
3.1341996
3.6323793
3.76538
2.6351254
2.945759
3.952394
4.537459
4.461115
3.809814
3.4302566
3.624169
4.199958
4.0485373
4.140395
4.114848
3.9058385
3.4266832
4.6790156
4.0909443
4.0295177
3.5853314
4.262953
4.0325727
3.6958694
4.7791543
2.280241
3.9858654
4.5615087
2.8192492
4.45408
3.3373084
3.9524539
3.454502
3.908646
4.1574965
4.1930366
3.389793
4.203473
3.4042192
4.093628
3.9309738
4.7470055
3.7612398
3.8004272
4.6276584
4.4350815
3.6547441
3.8619637
4.1519985
3.3699408
3.7707415
3.6238675
3.9404914
3.57235
3.8532374
5.067272
3.9791033
2.9693947
3.2506104
4.031225
3.7999756
4.7152476
3.4798605
4.049774
4.7102795
3.5379407
4.243932
4.0090528
4.377075
4.4129386
3.6437483
4.0366983
3.0017657
5.71167
4.053935
4.215333
2.702689
3.6250403
3.917265
4.305874
3.259891
3.6934307
4.3340673
3.8424988
4.1604233
3.9883132
4.0030193
3.6968737
3.753723
3.9223864
3.925281
3.5817459
3.8020556
3.642111
4.231287
2.6713138
4.2496643
3.9756255
3.8133216
4.1631722
4.237233
3.738225
4.317518
3.8902783
3.8870175
2.6094282
4.401345
3.8362527
3.7104678
2.4974732
4.3905807
3.6577234
3.555208
3.7744138
3.4883883
3.168943
3.878613
4.12591
3.86998
3.0689187
3.587899
4.2616653
4.332758
4.2117815
3.7129433
3.7109325
3.9207244
4.2056885
3.9750142
3.5954576
4.1211205
3.9892263
3.3901212
3.6102097
3.9393427
4.458105
4.0788755
4.1355824
4.203851
3.725494
3.583438
3.6998568
3.9675858
3.633535
4.2819033
3.624625
4.5395446
3.9873152
2.939792
3.6765594
4.3848224
4.276885
3.6246095
3.8012733
3.9122205
3.7356653
4.2383623
2.5519407
4.004651
3.3110187
3.6128685
4.9024205
3.3022614
3.573801
3.5408192
4.0174656
3.856267
4.049874
3.6684406
4.092645
3.6052783
3.860455
4.0012465
3.9795492
3.9947515
3.8225431
3.673933
4.110052
3.7864695
3.785732
4.15917
4.0844016
3.5072715
4.1060038
3.597384
3.711296
3.9656472
3.5215118
4.1635847
4.046255
3.9936776
3.540031
4.64278
3.7770426
4.39307
4.7187357
4.8482842
4.0071607
4.572428
4.682789
4.4167194
4.0104723
3.9747472
3.4780984
4.326332
3.4406238
2.8404274
4.1616673
3.3859081
3.7232265
3.9158306
3.928202
3.8566554
3.2973094
2.8050137
3.3318486
3.8751485
3.706286
3.7429535
4.3334265
4.18044
3.7549615
4.0243216
4.16638
3.7612972
3.5799463
3.8886075
4.011529
3.5412447
3.5517232
4.0391474
3.7399175
3.4022114
4.041767
4.3926215
3.1135528
4.3570185
3.8424199
3.6303105
3.7811334
4.2868586
2.7059686
4.1392784
3.7480416
3.999095
3.8317158
3.5984213
3.4545825
3.2719045
3.730918
3.6572652
4.0047455
4.214567
3.5141482
4.313427
3.5521061
4.1215324
4.2316847
4.0034943
3.6137521
4.340208
3.946392
4.134473
4.3896494
4.5243797
4.271722
4.758826
3.99994
3.555011
4.188261
3.5562117
3.7063909
3.233157
4.204627
4.2150383
3.9497957
3.6200128
3.9655612
3.7359529
3.9654253
4.429949
4.232543
4.292793
3.901606
3.774732
4.315178
3.786206
3.2841835
3.998958
4.4656672
4.1362734
4.461788
3.4513092
3.4788475
4.4214435
3.630802
3.5427458
3.766744
3.8802586
3.9836087
3.515369
3.1553323
3.0049803
3.0137925
3.3851495
3.6256573
3.5554118
3.549195
3.459146
3.9584196
4.189722
4.0988827
4.207403
3.5885873
3.9141974
4.278186
2.969278
4.3040752
3.7173462
4.051397
4.033886
3.4380906
3.5634704
3.9245753
4.2692747
3.6637063
4.31184
3.5754168
3.5066166
3.8504937
3.6506844
3.4724655
3.7639608
3.828308
3.8850853
4.0522633
3.5816698
5.0835114
4.281748
3.6080475
4.488982
3.8632276
3.627454
4.3022933
4.2575936
4.483932
3.6095228
4.3811626
3.9400961
3.1951258
4.1967125
3.6537309
4.4884357
3.6071656
3.7968621
3.6698265
3.7105787
3.7544143
3.4122145
3.186461
4.044012
3.9461048
4.1096935
3.9054508
4.2160835
4.160608
4.1172314
3.9191062
3.6461344
3.8639765
3.7005293
4.205625
4.1848707
3.6700227
4.187997
4.288618
4.036825
3.8755019
3.654513
4.0598536
3.9904776
4.386653
3.711608
3.5348608
3.2924166
3.9577165
3.413492
3.7841377
3.8660076
3.5384462
3.7838821
4.022875
4.217169
3.5851007
4.76201
3.2518947
3.1398106
3.9830627
3.698073
3.7753143
3.866629
3.6952744
3.9908357
4.258935
4.2182345
3.1942317
3.5113463
3.587553
4.7203474
3.5170717
5.047692
3.6059453
3.3994977
3.906924
3.9999425
3.4165332
4.805655
3.6566782
2.9482818
2.8305533
3.6412292
4.0433636
3.878763
3.6049488
3.7161546
4.049245
4.43679
3.304647
4.172864
4.09353
3.4413304
4.1958313
4.008938
4.7703
3.8035142
3.8512616
3.440039
3.9669757
3.8161094
3.2351701
2.7419145
3.6825163
3.6725273
2.8976197
4.055955
3.0430663
3.7229128
3.8179624
3.8928938
3.2746327
4.325264
5.147468
4.0650215
3.5669975
4.046086
4.0560193
3.914962
3.6096926
3.2532775
3.8263683
3.393192
3.560901
3.9829543
3.8405602
4.128024
3.159267
3.8967142
3.479596
3.999483
4.317231
4.5264697
4.118694
3.2579947
3.94017
3.9008236
3.901121
4.0536323
4.466331
4.155308
4.506762
2.3638818
3.7572403
2.6924467
4.179708
3.73306
4.3839464
3.5635974
3.7027102
4.1727495
2.5913355
4.3265734
4.0322943
3.9001775
4.179065
4.2128143
4.4082403
3.9336119
3.9584613
5.45523
3.7860637
3.9364033
4.6100283
4.2203283
4.458659
5.0689173
4.162139
4.0693626
4.0446153
3.8111537
4.136468
3.9594858
4.1060057
3.872532
3.7165678
3.823898
3.570605
4.212372
3.882207
3.8408065
3.35905
3.9579928
3.4407527
4.231741
4.0589523
4.0068207
4.199094
3.7516322
4.1761904
3.889201
3.5122256
3.8886075
3.7053921
3.494846
3.6679022
3.0790837
2.769493
3.77059
4.2212725
4.5299354
3.9207377
3.2904737
3.6224685
3.7146957
4.11411
3.6880622
3.008479
3.6394284
3.8505995
4.258508
4.034588
3.5574958
3.9394555
3.7202773
3.595388
3.7998402
3.7589066
3.4638515
4.7121263
4.226015
3.4511535
4.1909122
3.6839595
2.7862594
3.660177
3.8026142
3.1687293
4.681736
3.5440662
4.493107
3.559679
3.8796601
3.7881458
4.282695
3.570519
4.087449
3.9163988
3.956731
3.8853464
3.5842786
4.245265
3.3253782
3.6488225
3.6868465
3.8752818
4.370926
4.4382334
3.5395553
3.5501192
3.2991445
3.9704638
3.5959291
3.846824
4.281604
3.1554766
3.9387114
4.2827587
3.1606324
2.5822473
4.330659
3.7248883
4.1767697
3.3808806
3.9219577
4.140814
3.835836
4.3217726
4.2091017
4.042816
4.2737093
4.1632466
4.841835
3.7445896
3.6986341
4.322207
3.8423822
4.2280383
3.9534185
4.490551
4.0417576
3.9215312
4.0033927
3.7507048
4.0011334
3.502855
3.7999024
4.4886117
4.3541656
4.29932
4.200531
3.5525913
3.4302266
3.4856122
2.6556792
4.008625
4.422451
4.175144
4.0522
4.5401287
2.8082027
3.8883543
3.2629697
3.7933197
3.7944608
3.0258217
3.9738374
3.4117835
3.84155
4.949562
4.446176
5.021994
5.0492315
3.4816813
4.073196
3.7778335
3.2622304
4.1771207
3.6024494
3.257928
3.6855302
3.9062443
3.8422925
4.611553
3.736364
3.807208
3.8014593
4.3695507
3.963516
3.7114778
3.9260008
3.5069695
3.821702
3.7630503
3.9214654
4.1531873
4.0887837
3.5744376
3.7596438
3.8699539
5.2394075
3.962687
3.7293353
4.004223
3.9888175
3.624325
3.102654
3.62412
3.1099591
3.151365
3.8355749
4.224886
3.5621982
4.2718997
3.1879573
3.8495915
3.7645655
4.02386
4.124438
3.9134529
4.024546
4.220044
3.7907598
4.248929
3.5625901
3.6974964
3.6366112
2.7774189
3.7388322
3.6586006
3.824729
3.8731103
3.26206
3.871552
2.9711628
3.9458554
4.099332
3.8614585
3.7088432
3.8873856
3.5676222
4.1029496
3.8050797
4.0675716
3.90873
3.5313828
3.631064
3.6526804
3.5980577
4.447776
3.5405138
3.7465844
3.8343933
3.7045736
4.2807584
3.0716286
3.9455237
3.2258458
4.081092
3.7391431
3.8367043
4.3296266
3.758742
3.6354547
3.9853086
3.8453305
3.5492983
3.999914
4.2681427
3.1196535
4.2307544
3.419396
4.2473555
3.6532462
3.7527702
3.6171153
3.3929458
4.2423816
3.9500458
4.115482
3.5136297
3.9978676
4.3596296
4.4305143
3.2608073
3.9297733
3.8629808
3.8548183
3.5996392
3.3506992
3.67677
3.3564394
4.2359605
4.671099
3.6919553
3.2420344
3.782983
3.9325008
4.04369
3.8043547
3.5511844
3.812388
3.71764
3.2784345
3.7009685
4.1273146
3.601814
3.7891228
5.027436
3.924474
3.6443846
3.4571698
3.0201433
3.5950541
2.2727382
4.219819
3.9267201
4.2462244
3.7729723
4.315955
3.8998022
3.4679158
4.290664
4.7198405
3.63416
3.8027782
3.7031558
3.382738
4.211197
2.9597008
3.1176374
3.1382039
3.3729894
3.9866219
3.9335074
4.0307384
4.3255453
3.9325676
3.438492
3.1588635
3.6824822
3.8037992
4.1448603
3.7353153
4.166295
3.575572
3.676852
2.9165053
3.9572744
4.0745068
3.3947237
3.577903
3.947088
3.838248
3.326715
3.8273187
3.4782567
4.6542244
4.156195
4.848608
3.5944664
3.1773596
3.903252
3.6095319
3.9255793
3.6052575
3.0266395
3.572975
4.173308
3.7569647
3.9636235
4.321439
4.5267873
3.4081385
4.4385433
3.36457
2.9888525
3.1938977
3.2375436
3.7331924
4.2831497
4.3044486
3.4397879
3.8611836
4.928768
2.9093616
3.594084
3.4379072
3.572474
3.619981
4.226216
4.3527174
3.8476279
4.0070496
3.4096267
3.9531565
3.7418456
3.3130808
4.0404997
3.3840406
3.7333837
3.9401383
2.7017999
3.8976912
4.1477804
3.7039986
3.3180456
4.475909
4.314468
4.172557
4.799608
4.195483
3.2549374
4.1865673
4.6349716
4.55518
4.037782
4.315711
4.5257287
3.7253447
3.5972617
4.211375
3.731035
3.6312892
3.774563
3.8081465
3.8255816
4.5286474
3.9857976
3.8930244
3.5457046
3.7443702
4.1267996
4.422944
3.9307773
3.7625637
3.9479523
4.0485673
2.7203627
3.8914607
3.7990925
4.626942
4.6159043
3.9611826
3.788086
4.661017
3.709183
3.6285067
4.040454
4.104909
4.150593
4.122555
3.856809
3.3630137
3.7033958
3.3042192
3.5604358
3.3918884
3.8227909
3.8639734
3.4304812
3.918657
4.801618
4.572281
4.5887446
4.2625446
3.0881279
3.28915
3.344949
3.9480295
3.9870534
3.6100447
4.051605
3.5497956
3.7015245
3.979499
3.3814445
3.8944025
4.4975157
3.3993728
3.9521952
3.7812836
3.3934708
3.134068
3.7573833
4.6416993
3.7322288
3.4633129
3.8779862
3.4676363
4.3666773
4.6015
4.0378094
3.6239715
3.4974673
3.4782732
2.7185504
3.756893
3.9976723
4.065078
3.9912913
4.770588
4.272102
4.219696
3.5687418
3.5438898
3.63731
3.3685184
4.155224
2.844833
4.1330833
3.6892216
4.241273
3.4653966
3.735396
3.2994156
3.7808235
4.7518005
3.990545
3.6536345
4.200133
4.005455
4.399914
3.7093909
4.4967575
3.3824148
4.2663364
3.7468088
3.9989505
4.466919
3.473439
3.0872412
3.8615947
4.736894
3.9716914
3.9010758
3.4452438
4.238779
4.2179003
4.350321
3.573345
4.1677
4.134409
4.3380203
4.34766
3.666946
3.7186406
3.8042717
3.5549877
3.9276323
3.487837
3.4963422
3.2460182
4.1489153
2.7779255
3.981689
3.819448
3.86833
4.311212
3.8063455
3.8819444
3.3394396
2.9589381
4.3928585
4.025118
4.132999
4.4963593
3.9249306
3.5921206
3.7424645
3.6812017
4.422206
4.3357353
3.596376
3.684122
4.2039404
2.9317486
4.54688
3.801234
3.4960122
3.9898636
3.7369647
3.8726306
4.299618
3.6052637
3.7465417
3.3905797
3.9136233
4.1338177
4.267724
3.791846
4.656061
3.6852434
4.141076
3.9033434
3.1297925
3.9912364
4.3840976
4.8205714
4.833214
4.206684
2.5745523
3.4258702
4.0606112
3.60885
4.018632
3.7471724
3.6814587
5.0533924
4.258149
4.079772
3.5782065
3.8096468
4.2984276
3.7929673
3.7544727
3.8216968
4.202014
3.7883084
4.0819016
4.510663
4.2507787
3.9905987
3.862685
3.3563354
3.7643895
3.66439
3.3196244
3.8232553
3.654143
3.9199507
3.851107
2.7548442
4.380204
3.4874568
4.7969923
3.8645856
4.138445
4.2012215
3.8459377
3.8660717
4.012398
3.8369653
3.5838764
3.902996
4.0107903
4.009472
3.5246112
3.7675624
3.5164466
3.506944
3.8583593
3.6391804
3.7650473
3.9058943
4.1748343
3.8744254
4.1790934
3.9154716
3.9661207
4.383149
4.116876
4.500489
4.003271
3.7720408
3.5914373
3.8005753
3.8816943
3.6177173
4.598002
3.865082
4.0827217
3.6251848
3.9574401
3.001469
4.0471954
3.6765094
3.812555
4.214606
4.05363
3.829752
3.9511395
3.7090597
3.3209562
3.8083093
3.6812239
3.3578267
4.2410975
3.8922808
3.6860178
3.6804347
4.368614
4.343009
4.4751225
4.025204
2.853056
4.1037436
3.49929
3.6695442
4.2216463
4.212436
3.642843
3.566067
2.9784648
4.270432
4.5747004
4.2389965
3.79726
4.491868
3.1676004
3.7132137
3.4199805
3.7742043
4.3589897
4.011325
3.4954438
3.7347348
2.9317486
3.5363262
4.2285767
3.497142
3.8054557
4.50832
4.076252
4.0238147
4.2128844
4.140215
3.9433696
4.286161
4.545532
4.3568554
4.039509
3.5587711
3.4964428
4.074404
3.8522325
4.1068077
3.751064
3.7927015
3.8605068
4.089878
4.1409607
3.749991
3.0399907
4.184453
3.806369
3.8873444
3.5551767
5.839157
4.086103
4.5821943
3.6507366
3.2680738
3.6319373
3.3412836
3.339629
3.095347
4.118682
3.6912856
4.2965355
4.0611134
4.1718073
3.9939156
4.26943
3.4838192
3.7296948
4.0045156
3.651585
3.7525647
3.8483403
3.7322462
3.5959473
3.3913114
4.112342
4.2130623
3.999177
3.4876063
3.9423892
3.4613547
2.5697386
3.4258814
3.4681082
4.0510554
3.1552112
3.3625562
4.1788754
3.6765678
4.1048074
3.6314697
3.7116144
3.800104
3.705593
2.9291375
3.4361825
3.7420003
3.9595132
4.077134
4.489783
4.3778343
3.6285605
3.0899246
3.592086
3.8262098
3.9490352
4.100586
4.0420046
3.6353683
4.677831
3.6439345
3.1856272
3.0018978
3.596689
3.7463312
3.4718282
2.7248611
4.4332485
3.206448
3.4071896
3.948062
3.48822
3.3662336
3.3536234
3.883997
3.6654625
3.6904714
3.3605084
3.1475403
3.6434014
3.5953069
3.9890394
3.7499661
3.88289
4.039119
3.8542113
4.091444
3.8123016
2.9293694
4.2119155
3.361876
3.866597
3.997702
4.0879593
4.2597113
4.2663965
4.284553
3.6336005
4.4039116
4.2709064
4.091625
4.287854
4.40539
4.0801077
4.3632097
3.663912
4.1454406
4.2296143
3.4882388
3.8534884
4.2656913
4.0513477
3.6300418
4.116781
4.306448
3.6630208
4.0422316
3.8184187
3.5531607
2.9430192
3.558435
3.925951
3.3184984
3.2143493
3.7254367
3.552875
3.8974724
3.9789004
4.0416718
3.923807
3.0939531
4.0003476
3.9098594
4.1985655
4.191905
3.7183082
3.7975864
3.8016598
3.8526397
4.088652
3.7392676
3.0078115
3.732151
3.5593853
2.9908342
3.892356
4.461531
3.9230351
3.8126268
3.7905772
3.6430047
4.7895365
4.2012835
3.3121226
3.9454987
3.448912
4.169104
4.013992
4.0016317
3.470757
4.2451982
3.3309455
3.2441206
3.7869122
3.0003808
3.1653364
3.0280747
3.606026
3.540871
2.943254
3.709989
3.8915906
3.671792
3.7426746
3.3643947
4.2030277
3.8109229
3.7785645
4.165291
3.7118948
2.9049375
2.9149516
2.62398
3.4764953
3.8825684
3.465863
3.8068705
2.8681695
3.8287253
4.035728
4.0579424
3.5516438
3.7156565
3.720068
3.6409223
4.175576
3.799853
4.03146
3.72681
3.7844057
4.047962
3.9639633
4.1425114
4.049017
4.188468
3.1553695
4.382456
3.5994666
2.3041806
3.3630672
3.7352505
3.0901139
3.2075808
3.6125197
4.121955
3.7940547
2.7362676
4.1415563
3.3539577
3.5008557
4.2401075
3.5204136
3.843084
3.4021554
4.4788084
3.758552
4.2735233
4.0423527
3.8960636
3.393471
4.31968
4.138281
3.6488254
3.6203256
3.6535184
4.023531
3.4057097
3.7747307
3.1921163
3.5774012
4.3984966
3.9111664
2.89448
3.7985435
4.0728674
3.5046334
3.44649
3.8153431
3.8778052
4.30273
3.5038123
3.0698042
3.6652768
3.7091727
3.495316
3.8426974
4.013584
3.1765466
3.2099025
3.9358923
3.8227909
3.4016023
3.9501247
3.4451613
3.635938
2.5423555
3.7969718
3.070957
3.4646873
3.6452973
3.521205
3.5026422
4.097232
3.7314146
4.1594267
3.7048068
4.282815
3.6001968
3.6354427
4.172434
3.4253314
3.4194753
4.144645
2.8771458
3.5097494
3.611797
2.6629984
3.493373
3.9901855
4.4895325
3.7694094
3.962159
4.22027
3.6235855
4.289738
4.329582
3.2682517
3.7257862
4.211359
4.041007
3.9230983
3.4289007
4.1981688
3.696711
3.881601
4.239238
3.9284987
3.6561942
3.335041
3.7599893
3.466349
3.1685686
3.4930174
3.8747587
4.2239122
3.662502
5.04559
4.329117
3.3605108
3.308119
3.2459764
3.7000647
3.7487166
3.906329
3.2996204
4.048147
3.9798136
3.85769
2.618881
3.2763858
3.8471646
3.924076
3.7348335
3.9600294
4.061533
3.6224666
4.0392075
3.6712031
3.9762366
4.3133993
4.351719
0.7166606
3.4467435
3.9270012
3.8661118
3.8661118
4.013707
4.374187
4.107741
3.9270012
3.7884867
3.9025884
3.998796
3.998796
4.579893
3.589147
2.92465
4.0106936
3.939647
4.2231455
4.2602835
4.348914
4.1681957
3.9126577
3.3718405
3.7557545
3.581376
4.0522423
4.7729173
3.7000713
4.1453524
3.8962765
4.4035892
3.525477
3.4442067
4.024881
3.7947912
3.8763976
4.0581017
3.8935108
3.949254
3.5110228
3.693788
3.634779
4.3575926
3.5472443
3.287816
4.401267
4.127701
3.7982132
3.5207515
3.5493724
4.2232223
4.1333284
3.9566312
4.0147953
3.8580916
3.7683551
4.483161
4.295127
4.123008
4.0393276
3.769127
3.882521
3.987493
4.233925
4.1362867
4.5044127
4.2471786
4.041113
3.8631828
3.5674555
4.019202
3.6936371
3.5022368
3.8377047
3.4217696
3.3852606
4.0174556
2.9812531
4.442853
3.8801413
3.98617
3.9445624
3.3243885
3.2179966
4.052911
3.202311
3.762612
4.1379247
4.5647006
3.9391205
4.442853
3.9941173
4.1174173
4.1406856
3.7047691
3.8610492
3.2342446
3.9570017
3.1781404
4.1934233
3.9655604
3.8212402
4.4747214
3.8961923
4.11558
3.918187
3.656855
3.901454
3.7289171
3.8662133
3.924089
4.0114946
3.9474008
3.897645
3.631888
3.8511167
3.4496393
3.7588115
3.4892921
3.8088727
4.2405477
3.8574698
3.863429
3.2734988
4.1093163
3.614329
3.8146715
3.6391973
3.3844702
4.147274
4.0783596
3.7360044
3.969582
4.2917385
4.090805
4.1200223
3.820161
3.7383704
3.9464674
3.7592216
3.0160031
4.453555
4.527091
3.988443
4.079855
3.7165086
3.4094918
3.6552048
3.5172431
4.1440387
4.2413435
3.6587868
3.8322227
3.917511
4.005477
3.6380844
4.2123566
4.204109
3.7562926
4.4036493
3.9155998
3.936468
4.259965
4.3980412
4.4980283
3.3098714
3.8530388
3.6402714
3.8308463
3.3035204
3.658593
3.3004315
3.5570714
3.5822058
3.6798224
3.1157267
3.699657
3.1387098
4.147163
3.7804103
3.0549283
3.4908826
3.365057
2.9958055
3.9315174
4.1700344
4.1402464
3.2237623
3.3501492
3.1995149
3.8930957
3.7120452
3.874529
3.556431
4.1993847
4.0934596
3.5215967
3.9881763
3.8527327
3.5883207
3.574497
3.5742216
3.4051704
3.8483002
3.9714806
3.2220032
3.9424932
3.4442778
3.8616776
4.010227
4.2376394
4.1586695
3.8996437
3.9273314
3.4247665
3.8923786
3.833305
3.8669162
3.287028
2.4854164
3.4228954
3.8761704
4.3104887
4.0272946
3.8912213
3.4075832
4.0999937
2.8436677
3.501872
3.8135796
3.5448189
3.5115895
4.137074
4.328638
3.4936972
3.698086
3.8091567
3.0869648
3.621634
3.5060704
3.9333732
3.5100522
3.5542076
3.9152963
4.020033
4.3176436
3.8508534
3.749346
3.8255808
3.7259395
3.7771878
3.7267957
3.9170952
3.198553
2.9797509
3.615548
4.405061
3.4906504
3.45726
4.1166162
3.845894
4.350167
3.7051225
3.718679
3.583737
3.777729
4.031146
3.0486934
2.9322557
3.9813812
3.2576509
3.4248683
3.9654825
3.2374027
4.135614
4.0708523
4.3427963
3.73354
3.961873
3.6128519
3.4924645
4.1411614
3.479824
3.8507798
4.2301407
3.644843
3.638242
3.924363
3.7611587
3.8606675
3.853722
4.388767
3.5140002
3.565325
3.6358519
3.4067447
4.1239653
2.8557532
3.459598
3.732226
3.35402
3.391242
4.2299185
3.7085092
4.2024155
3.76955
3.5442848
3.7421215
3.7992904
3.613611
3.0738337
3.701963
3.788342
4.132905
3.4393923
3.7816591
3.404954
4.264805
4.004729
3.946098
4.033827
3.6757147
3.6571703
4.0713453
4.146588
3.3469825
3.605345
3.6016755
3.6658053
3.756249
3.645449
4.026722
3.703567
3.3243046
3.6573503
4.8138294
3.965632
4.0082483
3.5158758
3.6925461
3.8994598
3.5852995
3.9030836
4.2809763
3.549883
3.5160236
3.5448635
2.959495
4.1095057
3.2530208
2.5674052
4.026288
3.7437222
3.7193472
3.7974105
3.9759007
3.8722076
3.5315259
4.2604327
3.760724
3.6890626
3.8418407
3.170404
3.801775
3.8106692
1.1412061
3.6985018
3.8411453
3.9461584
3.9606268
3.662897
3.8780754
3.7763054
4.037557
3.978591
4.172374
3.7377095
4.174926
3.6706429
3.382473
4.0238485
3.8594415
4.178036
3.462198
4.132264
4.303525
3.9576573
3.4830186
4.006963
3.7430372
3.6160944
3.5308502
3.9480977
4.1026897
3.8025281
3.9139905
3.640751
2.7938433
4.075665
3.3880422
3.765111
3.5622084
3.9545417
4.0528207
3.691475
3.7877047
4.058814
3.5458543
3.9601192
3.3349798
3.9030364
3.8142805
4.2008324
3.6616104
4.3951926
3.0665927
3.316464
4.383197
3.6960876
4.3242435
3.6574693
3.771697
3.6773813
4.066
3.6548126
3.7807214
4.0875893
4.069146
3.4431825
3.9633808
3.685478
3.7987537
3.8220954
3.81427
3.921873
3.8592315
3.8186364
3.6935394
3.9852839
3.8395352
3.8550205
3.9640224
3.6694105
3.8878841
3.5845819
3.940519
3.9720154
4.0571985
3.972736
3.8568928
4.035653
3.5546625
3.704
4.0652294
4.2810564
4.29116
3.8911073
3.8644378
3.4480796
3.860011
4.0361576
3.675537
3.9558346
3.6650918
3.7732062
3.1287951
3.763321
4.0919933
2.6402419
4.0806093
4.0771437
3.92382
3.6390707
3.1530857
4.184313
4.029997
4.3280907
4.153805
4.376785
4.260857
4.2062225
3.745371
3.9578905
3.946261
4.5864043
4.0412526
3.7007298
3.5524304
3.646904
3.7089505
3.6895943
3.6292922
3.1542
3.5984278
4.278896
4.2006474
3.7929294
4.0048113
4.32578
4.4701376
3.982458
3.5259602
3.671779
4.1114087
3.5474231
4.6503863
3.2576144
3.7722998
4.5223722
3.5562866
3.5861266
4.0370665
3.2112465
3.540734
3.9178882
2.5184824
3.9536119
4.198372
3.8616202
4.142925
4.285865
3.998604
3.4732206
3.6425853
3.6083713
3.9826372
3.3620548
3.6082008
3.8155499
3.9964325
4.237953
3.9464667
4.3936996
3.623319
3.4593315
3.8017728
3.7999928
4.2263145
3.966407
3.7177448
3.4855149
3.7382038
4.115613
4.0343084
3.9539406
3.5181825
3.9025474
4.0003757
3.6243172
3.4761858
3.8041058
3.983637
3.8853772
3.9417284
3.752973
3.8317397
3.7091508
3.54079
4.128829
3.8537736
4.259708
4.5731454
4.2077503
3.2600513
3.761902
3.9523315
4.4337406
3.4381547
3.7682018
3.787467
3.356216
4.1502695
4.1923294
3.9045599
3.912542
3.5659735
4.2178807
3.8162413
2.6035044
3.8532543
4.351908
3.478311
4.2346573
4.133828
3.0629482
2.5358856
2.7537572
3.3899615
3.085738
2.8997526
3.6446335
3.622455
3.8234172
3.2646167
3.7319505
3.6954641
3.575497
3.614423
3.8363726
4.0561304
3.6180568
3.8504915
3.5265954
3.5379214
3.5091443
3.920938
3.6812422
3.9194672
3.312183
4.2079115
3.6045406
3.6062682
3.4366975
3.9688606
4.3128843
3.8126435
3.8909621
3.751934
3.5032413
3.4692435
3.6814806
3.904604
4.0715537
4.1477795
3.0883317
3.7434025
3.016705
3.36454
3.8124595
3.898237
4.011707
3.4169428
3.8390522
4.378788
4.5923123
3.790075
3.6100402
4.384001
4.0236425
3.791885
3.6766696
3.754935
4.5351925
3.749965
4.113829
3.7168198
3.881887
3.221846
4.1938353
3.4647632
4.173718
3.801737
3.561903
3.3690832
3.8896608
2.2630916
4.148632
3.4941354
3.4214618
3.3259459
3.4904923
3.926532
4.1318502
3.5278382
4.7713346
3.638089
3.8477473
4.058291
4.008676
3.78426
3.3435678
4.027278
3.4897149
3.7348657
4.0132794
3.9991233
3.9273531
3.6094112
3.316513
3.7484446
4.249243
4.2361045
4.074594
3.5966568
3.6205566
3.7996008
2.9382403
3.7163265
4.0021544
4.219919
3.7172344
3.645757
3.2614486
3.6742063
4.558697
3.744507
3.664359
4.5633235
4.242796
3.6469834
4.0794783
3.6605906
3.9277587
3.30027
3.6457949
3.437118
3.7992415
4.574096
4.1569314
4.267215
4.058232
3.736371
3.473542
4.0405793
5.0163794
3.1637506
3.82007
3.3696296
4.0929947
3.628023
3.7788367
3.5222576
2.96186
3.9694648
3.804144
4.182618
3.8168147
3.2970142
4.650238
4.092039
3.5037298
4.41934
4.0574718
3.128668
4.78061
3.796406
3.646516
3.742469
4.8387566
3.4976852
3.6795144
4.024093
3.6428885
3.7961726
3.5948749
4.200508
4.544053
4.0203137
3.8283525
4.237041
3.9922285
3.512539
3.6488721
3.6507604
3.575776
4.0841494
4.3435535
3.8031642
3.8259013
3.5056531
3.331769
3.6953578
3.9848979
3.8745103
3.4519663
3.963221
3.7971826
3.2611167
3.782065
3.6025493
3.6840386
3.6370842
3.6213932
3.1785955
3.8866816
3.313538
4.2547936
3.8132272
3.728867
3.7344847
3.5536563
3.7656744
3.7555158
3.832955
3.3697252
3.7385411
3.7110085
3.7885976
3.9928381
3.4422808
4.1713185
3.4734726
3.7785373
3.5073686
3.5315802
3.9944496
3.9724212
3.9559565
4.279836
4.506563
4.0894527
3.7276475
3.6639733
3.373209
3.5280972
3.7823842
4.7070026
3.9136665
4.119038
3.6299243
3.976299
4.2662
3.5657933
4.2093496
4.14699
4.3798428
4.0232124
3.6655774
3.300576
4.0515537
3.996572
4.2194853
3.5457528
4.026065
3.7921028
3.8355584
3.9552174
4.2486906
4.3113985
4.659314
2.9542346
3.5505962
3.3969958
3.9131558
3.4238257
4.0168934
3.7193844
4.577959
3.785306
3.5048854
3.741264
3.8904486
4.5468884
3.945718
3.8364363
4.065535
4.00749
4.0546618
4.1184793
3.607336
2.2290664
3.5782738
4.3501015
4.6711903
4.1737194
3.59793
3.4835114
4.103606
4.245268
3.451648
3.930301
4.0933166
3.8846548
4.4192834
4.0324564
4.299136
4.399563
4.241212
3.493971
4.3501844
4.109542
4.3364983
3.402778
4.104704
4.4424496
4.299863
3.9676995
4.143347
4.3620625
3.9666977
3.6774776
3.6443634
3.688974
4.0934935
3.73015
4.1652336
3.5633967
3.7753997
3.7639713
3.8054254
3.8486445
3.6223023
3.76494
3.9196837
3.6625698
3.9118614
4.3927135
3.6062915
3.4759035
3.9621034
4.144803
3.6495073
4.073325
4.0735474
3.86768
4.1688485
6.1530447
3.863525
3.4336352
3.562983
3.6161957
3.805194
3.8705132
3.9987571
3.4216342
4.1637588
3.891013
3.0685773
3.908308
3.4992702
3.753587
4.5404825
3.6756587
3.8913624
3.69897
3.6279411
3.5967464
1.906987
4.1595173
1.6396633
4.3435154
3.5748572
3.6374135
3.3643024
4.0954056
3.6714237
3.2716038
4.0019083
4.0620437
3.519029
4.122095
3.4699855
3.7433586
3.1794598
3.6426427
3.988735
3.7611492
4.018264
3.5519075
3.9293718
3.624319
3.868094
3.5689633
3.5606766
3.345808
4.3606043
3.994048
3.3222358
3.889665
3.699953
3.4855273
3.4784925
3.7284691
3.386118
4.203968
3.5461888
3.771609
3.4919116
3.8839471
4.378291
4.0994983
3.3613858
4.1874466
3.329591
3.5916994
3.381455
3.4787083
3.9289656
4.119282
3.9478984
3.783474
3.795248
4.535675
3.6956096
3.7174919
3.5370355
3.587903
3.420392
3.86812
3.7093859
3.9130886
3.8652115
3.7822545
4.0552897
3.6195421
3.3891263
3.5161455
3.6885347
3.5792162
3.6083148
3.8179169
3.779995
4.0757465
3.8551455
4.1074696
3.6726723
3.761061
4.286459
3.599696
3.3805962
4.1418357
3.8404794
3.7555287
4.081735
3.959708
4.263193
3.0672507
3.6543243
3.8702312
4.013732
3.6570902
4.38231
3.7842476
3.485557
3.668365
3.5372298
3.4989753
3.8680787
4.150972
3.6909318
3.9575493
4.3489385
3.474977
3.4047804
4.222577
4.20142
4.014503
3.9808273
3.954535
3.1785553
3.3710568
3.1035268
4.1683364
3.9176822
3.8697605
3.845728
3.7947347
2.7169342
3.7384222
3.720681
4.508538
3.4565701
3.3272667
3.501172
3.6892304
4.2218657
3.9965713
3.7820163
3.791291
4.0423183
3.6595042
3.5310442
3.6996331
3.378112
3.9272015
3.290228
4.2133427
3.7208889
4.085461
3.4392884
3.7347507
3.2517586
3.6215107
3.443355
3.8415246
3.4226859
3.8435297
4.026473
3.5870354
3.980495
4.204318
3.9733112
4.1052117
4.1873198
3.7635274
3.3877826
3.9038289
3.8798215
4.0459585
3.6108675
3.7354875
3.744897
3.0818286
3.9276888
4.0152597
3.8570073
3.9307842
4.5268226
3.8413088
3.971535
3.335273
3.7045374
4.048741
3.7735143
3.2316132
3.6662123
3.951856
3.3796635
3.1641333
3.798638
3.8409994
3.7464406
3.218182
3.612329
3.766679
3.86551
3.8341134
3.7984824
3.587208
4.1428337
3.0537796
3.5913599
3.927484
4.3751297
3.4199083
3.599423
3.680878
3.9520037
3.606048
3.9600728
3.0704272
4.0310335
3.9921207
3.3722172
3.5868478
3.454715
3.9764915
3.7268376
4.039889
3.342326
3.5747995
3.753838
4.116493
4.0234613
4.261421
3.7213194
4.2587233
3.0038986
3.86381
4.2959557
3.5372813
3.9954019
3.388991
3.8072982
3.4163704
3.5487986
3.7410522
3.976878
4.4923153
4.423708
3.765368
4.1754904
3.6951742
4.0248947
3.8164995
3.7921484
4.1513214
3.9820533
3.796814
3.7338514
3.518755
3.9584427
3.5194385
3.7613864
4.1497574
3.3166363
3.8169146
3.5826046
3.2604117
3.5869443
3.7735233
3.1911135
3.4279428
2.9462485
3.950578
3.4247417
3.263141
4.322263
3.7783022
3.757961
3.4690678
3.5026858
3.034699
3.7662385
3.6621451
4.411247
3.829572
3.564846
3.6143844
3.9851124
4.0793056
3.5468836
3.4846437
3.8993342
3.6045926
3.9941957
3.590646
3.1669974
3.2098143
3.152837
3.791231
3.8830981
3.392376
3.4051158
3.6113453
3.7199407
3.4581404
3.2686203
4.23393
3.9150853
3.6287568
3.9677165
3.819093
