2.281081081081081
2.1319796954314723
2.918918918918919
4.072413793103448
4.95985401459854
5.269230769230769
2.5371621621621623
3.9555555555555557
3.325
3.4974358974358974
2.3276955602536997
2.45679012345679
2.7130681818181817
4.369230769230769
5.077441077441078
4.473988439306359
1.995433789954338
2.406940063091483
2.6956521739130435
3.5294117647058822
2.9577464788732395
2.116883116883117
2.376237623762376
1.7864321608040201
2.6944444444444446
2.925373134328358
2.334763948497854
2.436031331592689
2.606741573033708
2.436031331592689
2.3484848484848486
2.3962264150943398
2.3454545454545452
2.406940063091483
2.2945454545454544
2.222772277227723
2.2562814070351758
2.606741573033708
2.6014760147601477
2.3043478260869565
2.6165413533834587
2.6108949416342413
4.846153846153846
2.436241610738255
4.082802547770701
3.942528735632184
4.055865921787709
2.4372759856630823
2.078125
2.608108108108108
2.245136186770428
2.3962264150943398
3.1810344827586206
2.057017543859649
2.3333333333333335
2.245136186770428
2.6014760147601477
2.5805369127516777
2.8801498127340825
2.5855072463768116
2.411985018726592
2.0486725663716814
2.8230769230769233
3.125
2.6923076923076925
2.706766917293233
2.2562814070351758
2.6419753086419755
2.3454545454545452
2.057017543859649
2.4357798165137616
5.0
2.9577464788732395
2.3121019108280256
4.325396825396825
3.302325581395349
3.9956896551724137
2.1793478260869565
2.4357798165137616
2.6954545454545453
2.182857142857143
4.299651567944251
2.100591715976331
2.3950617283950617
2.6019417475728157
2.3950617283950617
2.1954022988505746
2.100591715976331
2.528409090909091
2.3208333333333333
2.9444444444444446
2.0987124463519313
2.3134328358208953
3.210843373493976
3.6968325791855206
4.258278145695364
2.25
2.6944444444444446
2.411985018726592
3.159090909090909
2.1055276381909547
4.0
3.8870056497175143
3.8167006109979633
2.536290322580645
2.3121019108280256
2.1319796954314723
2.528409090909091
2.3276955602536997
2.0987124463519313
1.9932659932659933
2.005434782608696
3.544943820224719
1.9811320754716981
2.11284046692607
2.6019417475728157
2.146017699115044
2.7247706422018347
2.606741573033708
2.146017699115044
2.222772277227723
1.9
4.082802547770701
1.9781659388646289
2.25
2.44
2.6037151702786376
3.1640378548895898
2.1815718157181574
2.8171206225680936
3.5527950310559007
2.3950617283950617
3.5860465116279068
2.3484848484848486
2.3043478260869565
2.4431818181818183
2.2988505747126435
2.064171122994652
2.5078125
3.9956896551724137
2.2216494845360826
2.536290322580645
1.9156626506024097
2.1837837837837837
1.9763313609467457
3.1595744680851063
2.2448275862068967
2.1493212669683257
2.4009216589861753
2.008510638297872
2.3684210526315788
2.057017543859649
2.2945454545454544
3.030425963488844
2.608108108108108
3.5860465116279068
2.9218241042345277
2.1745283018867925
2.3208333333333333
2.4327485380116958
2.417989417989418
2.5219123505976095
2.6097560975609757
1.8918918918918919
3.1595744680851063
2.407766990291262
2.2777777777777777
2.2261306532663316
3.033333333333333
2.740072202166065
2.411985018726592
2.3207547169811322
2.606741573033708
3.0027397260273974
4.232365145228216
2.1493212669683257
2.9037433155080214
2.732638888888889
2.23728813559322
3.257425742574257
2.0606060606060606
2.908011869436202
2.5428571428571427
2.436241610738255
2.0987124463519313
2.396551724137931
2.3208333333333333
2.1601423487544484
2.3276955602536997
2.2972972972972974
2.596638655462185
2.9037433155080214
2.005434782608696
2.140096618357488
2.057017543859649
2.334763948497854
2.1666666666666665
2.325242718446602
2.9577464788732395
2.4327485380116958
2.6770833333333335
2.323651452282158
2.83399209486166
2.3484848484848486
2.3132530120481927
2.0348837209302326
3.189189189189189
2.475
2.83399209486166
2.4186046511627906
3.5527950310559007
2.45
2.608108108108108
2.8686131386861313
2.0606060606060606
4.303703703703704
4.491803278688525
2.1640625
2.0324074074074074
4.082802547770701
3.3333333333333335
2.12
3.1176470588235294
2.2846153846153845
2.141263940520446
2.0202020202020203
2.1954022988505746
2.1745283018867925
3.1818181818181817
2.6954545454545453
2.5342960288808665
2.5208333333333335
2.3454545454545452
2.182857142857143
2.4545454545454546
2.3497757847533634
2.6019417475728157
2.3056768558951966
2.5078125
2.383399209486166
4.3577981651376145
2.23728813559322
2.4365079365079363
2.406940063091483
2.6014760147601477
2.043181818181818
2.376237623762376
2.596638655462185
2.656716417910448
2.9919354838709675
3.9555555555555557
3.0027397260273974
2.141263940520446
2.2945454545454544
2.376237623762376
2.777027027027027
2.146017699115044
2.62
2.6165413533834587
2.2448275862068967
2.4
2.925373134328358
2.651851851851852
2.7032640949554896
2.7896551724137932
2.777027027027027
2.706766917293233
3.0123456790123457
2.827956989247312
2.7590361445783134
2.4372759856630823
2.245136186770428
2.3497757847533634
2.3208333333333333
2.528409090909091
2.3484848484848486
2.005434782608696
2.3056768558951966
2.6165413533834587
2.2945454545454544
2.3684210526315788
2.2945454545454544
2.4545454545454546
2.5342960288808665
2.2846153846153845
3.0982142857142856
3.0285714285714285
4.0
2.764044943820225
2.216
2.186335403726708
2.6272727272727274
2.23728813559322
2.436031331592689
2.2945454545454544
2.526315789473684
2.36734693877551
2.6014760147601477
2.100591715976331
2.977272727272727
2.559322033898305
2.7069767441860466
2.235294117647059
2.3497757847533634
1.7843137254901962
2.175084175084175
2.1964285714285716
3.1864406779661016
2.417989417989418
3.0396039603960396
2.1727748691099475
2.1964285714285716
2.407766990291262
2.408582089552239
1.9811320754716981
2.6
2.417293233082707
2.6272727272727274
2.729230769230769
3.397727272727273
2.2448275862068967
4.520833333333333
2.175084175084175
2.376237623762376
2.417989417989418
4.184834123222749
4.752577319587629
2.6019417475728157
2.4401709401709404
2.6419753086419755
2.2972972972972974
2.175084175084175
2.982142857142857
2.15625
2.857142857142857
2.6019417475728157
2.9413680781758957
2.608108108108108
3.5860465116279068
2.2261306532663316
2.2777777777777777
2.2216494845360826
2.385321100917431
2.078125
2.1837837837837837
2.186046511627907
2.526315789473684
2.9047619047619047
2.7435897435897436
2.334763948497854
3.1864406779661016
2.0176211453744495
2.6165413533834587
2.4372759856630823
2.218390804597701
2.4262948207171315
2.087096774193548
2.4262948207171315
2.6770833333333335
2.7130681818181817
2.606741573033708
2.3823529411764706
2.0606060606060606
2.721311475409836
2.259259259259259
2.281081081081081
2.334763948497854
2.729230769230769
2.3454545454545452
2.729230769230769
2.087096774193548
2.2972972972972974
2.0332103321033212
3.6129032258064515
2.1837837837837837
2.4357798165137616
1.9875
2.204081632653061
2.1319796954314723
2.383399209486166
2.1859504132231407
2.392405063291139
2.2777777777777777
2.1601423487544484
2.4242424242424243
2.2698412698412698
2.4327485380116958
1.882716049382716
2.3497757847533634
2.5638297872340425
3.1176470588235294
2.1748878923766815
2.529850746268657
1.9080459770114941
2.1319796954314723
2.245136186770428
2.396551724137931
2.419230769230769
2.7247706422018347
2.216
5.846153846153846
2.4327485380116958
2.6165413533834587
2.6037151702786376
2.83399209486166
2.11284046692607
2.3043478260869565
3.09375
2.596638655462185
3.023880597014925
2.2216494845360826
2.2562814070351758
4.031446540880503
2.2846153846153845
2.252136752136752
2.52212389380531
2.245136186770428
2.1166666666666667
2.557919621749409
2.385321100917431
2.407766990291262
2.3454545454545452
2.383399209486166
2.2046783625730995
1.9932659932659933
2.141263940520446
2.408582089552239
2.5208333333333335
2.391304347826087
2.740072202166065
3.125
2.4262948207171315
2.140096618357488
4.378698224852071
2.9413680781758957
3.723404255319149
2.4064516129032256
2.078125
2.649484536082474
2.0202020202020203
2.1954022988505746
2.3484848484848486
2.407766990291262
1.9206349206349207
2.3454545454545452
2.8815789473684212
2.3392857142857144
2.1666666666666665
2.417989417989418
2.141263940520446
2.5208333333333335
2.3004484304932737
4.441860465116279
2.0853242320819114
2.1815718157181574
2.2777777777777777
2.5870445344129553
3.466666666666667
2.2941176470588234
2.0898876404494384
3.119496855345912
2.2972972972972974
2.436241610738255
2.3962264150943398
1.9
2.252136752136752
2.407766990291262
3.7
2.218390804597701
2.383399209486166
2.729230769230769
2.218390804597701
2.4097421203438394
3.4081632653061225
2.1964285714285716
2.218390804597701
2.0096618357487923
2.0606060606060606
2.4401709401709404
2.245136186770428
2.2470588235294118
2.311688311688312
2.334763948497854
2.0
2.557919621749409
2.2467532467532467
2.2945454545454544
2.635135135135135
2.3276955602536997
3.6384615384615384
2.1837837837837837
2.078125
2.419230769230769
2.141263940520446
2.2777777777777777
2.6954545454545453
2.100591715976331
2.5
2.087096774193548
2.557919621749409
2.436031331592689
2.0
2.4262948207171315
3.5860465116279068
2.5833333333333335
2.6419753086419755
2.8801498127340825
2.5342960288808665
2.182857142857143
2.0898876404494384
2.2972972972972974
2.5793650793650795
2.146017699115044
2.4401709401709404
2.2777777777777777
2.052752293577982
2.4722222222222223
2.3132530120481927
2.5601503759398496
2.245136186770428
2.488372093023256
2.125560538116592
2.407766990291262
2.706766917293233
2.3208333333333333
2.4642857142857144
2.7069767441860466
2.3484848484848486
2.45679012345679
1.9932659932659933
2.3134328358208953
2.4372759856630823
2.1727748691099475
2.186335403726708
2.488372093023256
1.9763313609467457
2.408582089552239
2.25
2.3513513513513513
1.980263157894737
2.6419753086419755
2.5342960288808665
2.436031331592689
2.2046783625730995
4.04375
3.5527950310559007
1.9438775510204083
2.281081081081081
2.1636363636363636
3.1818181818181817
2.245136186770428
2.419230769230769
3.1864406779661016
2.2755102040816326
2.12
3.3353293413173652
2.4262948207171315
2.4262948207171315
3.588235294117647
2.651851851851852
3.2916666666666665
2.436031331592689
2.528409090909091
2.325242718446602
2.417989417989418
2.3004484304932737
2.5869565217391304
2.3513513513513513
2.6
2.383399209486166
2.1319796954314723
2.0324074074074074
2.4372759856630823
2.3043478260869565
2.25
2.3208333333333333
2.396551724137931
2.1055276381909547
3.4311926605504586
3.467289719626168
2.2941176470588234
2.2046783625730995
2.245136186770428
2.052752293577982
2.1587301587301586
1.7417218543046358
1.995433789954338
2.6770833333333335
2.596638655462185
2.1954022988505746
2.407766990291262
2.298507462686567
2.88659793814433
2.827956989247312
2.330188679245283
2.725806451612903
2.1166666666666667
2.419230769230769
2.2046783625730995
2.11284046692607
2.141263940520446
2.330188679245283
2.406940063091483
2.564516129032258
2.5208333333333335
2.298507462686567
3.1640378548895898
2.3043478260869565
2.417989417989418
2.5219123505976095
2.4390243902439024
1.8656716417910448
2.1319796954314723
2.2846153846153845
4.516129032258065
3.0123456790123457
2.391304347826087
3.2164383561643834
2.175084175084175
2.186335403726708
2.549019607843137
2.6419753086419755
2.635135135135135
2.1964285714285716
2.1793478260869565
2.2261306532663316
2.408582089552239
4.073593073593074
2.4262948207171315
2.2046783625730995
1.974025974025974
2.7896551724137932
2.408582089552239
1.995433789954338
2.4262948207171315
2.175084175084175
2.396551724137931
2.252136752136752
5.573643410852713
2.3454545454545452
2.334763948497854
2.5371621621621623
2.1815718157181574
2.8566037735849057
2.216
2.4262948207171315
2.323651452282158
2.4357798165137616
2.5805369127516777
2.436031331592689
2.0606060606060606
2.417989417989418
2.3846153846153846
2.5342960288808665
2.252136752136752
2.3276955602536997
3.085714285714286
2.2522522522522523
2.408582089552239
2.334763948497854
2.1793478260869565
2.087096774193548
2.141263940520446
2.298507462686567
3.268617021276596
2.330188679245283
