4.4405794428539
3.3085965100283987
3.778990009336191
3.4212850237479167
2.2569456081637593
3.1073967255116233
3.5953940922927523
2.449161109175495
2.7057523543214845
2.9114810111427527
4.844373623188005
2.7166293134294746
4.160668351551468
3.677690751163771
3.401934007346972
3.8497953774806737
2.979422368822117
2.229726506102238
2.2628866498915094
2.827422908056583
4.6392314897393305
4.119967570452824
4.935775006879983
3.442772297147832
4.011743027776221
2.7603123796543945
2.1131952582217246
2.510497692628664
2.7021878641439376
2.505782564336916
2.082892352389312
5.262455022782706
2.9573137851925546
2.0211175166014352
3.838632378011044
3.7145423934061736
1.779409193343241
2.7186442940735973
2.6397675859565317
3.6799358574178096
2.619555501074862
8.391621550038844
3.6590820755184623
2.5860998482358353
2.603908463738786
3.7738715658531836
2.273472327046714
4.263879959420964
1.709997857347039
3.7446878852101797
2.315976062158883
2.3380549543376006
3.3653854302769166
4.409490231580618
1.9617184320917824
2.944382468148184
4.654786206600807
2.8647731763327724
2.7167843220562045
3.3476733012752713
4.934696290180074
3.0937051095959953
3.747931858292234
1.82324531807568
2.7653468889188257
3.327498918834267
2.957387981510035
3.5152032892858203
3.8975477177930338
2.988962840050072
3.0947414144432908
4.405123972837549
1.6161544671454138
1.4335196576899811
3.951439425004387
3.6461320915602724
2.7477843513766076
2.099178650641219
3.534466442771238
3.1715273770387076
3.2801592306038314
3.3915839647299717
3.4167403885556658
2.8690995156773242
3.3974312425603816
2.40662705459977
1.9516412497384104
3.0006626111989187
2.8008897001054858
3.3908616348974947
5.1058096172057414
4.689462239327862
4.680191460760703
2.116194246194251
3.6599450712810495
1.6654957472461758
3.80548268200985
2.645200790043117
2.918185247018075
2.1461158766233006
2.905968894783799
2.259028709224937
4.285654276768749
1.9994659340442318
2.238839953413519
2.835837993560735
4.389955558904008
1.3553299995504449
1.6202614081606737
3.272864265094653
4.249051342032103
2.954216093710863
2.162518547994408
3.6809456167425316
1.9136991831529502
2.30921881764756
5.143003647420949
3.3730534847013516
1.7620337109399251
3.526626618847317
1.8496636399993454
3.2270296443691167
3.5107056902542495
2.9215783605987857
3.619946290741007
4.226931741079134
2.1171312627692527
2.4616706760319005
3.5161802818909185
2.981315081516191
1.7749330040636688
2.9893403107701353
1.9896113419597536
3.8969374846039306
3.4895272362932097
3.1941521439000704
3.5423111059585346
2.638195734949964
3.257891327609475
2.98581656723162
2.850646120913956
5.647041892547827
3.495400324241056
4.797635899940617
3.5077551427241986
2.5684818297678293
2.776485880801644
3.652882486993675
2.033717745196608
1.852329846548492
3.3486710405019298
4.646040007700096
3.5041128597225857
4.769384622146291
2.426726490017362
1.4367764598178108
1.8122481873453664
1.756053037787608
3.6823304289417367
3.212496204970658
4.3265383413454215
4.805931963125863
1.2145174942013561
1.365929430902077
2.55634478732523
2.568050260532926
4.151167329916557
3.8943369703003183
3.8175458773629183
2.6111864029796625
4.007796065308998
3.929844166297199
2.971579054070387
2.7207870245625596
2.322512070172025
4.549564380667084
4.066572319522335
4.572071620623765
3.385800154255796
4.996689169345362
2.7155242331319
3.792991903834754
4.6642717160296785
3.6533978578540447
4.155806499653271
4.07439954780084
3.3864716520121307
2.245095947332637
3.541877365365595
3.509348441353538
3.433247136738313
4.2198136906216615
3.7386991566941763
2.255315964116575
3.6514324270282352
4.07697944954255
4.32677106247212
3.527042616910849
3.335727977420718
2.665367766598121
3.3831166742010055
4.262085343372187
3.6200869677944314
3.4156117543610547
2.6657410757930866
2.5817444608582316
3.839742130943242
3.3382069397427383
3.855400390509924
1.2334098407324494
3.484358771260705
4.024143911788148
2.165674792985506
3.8082277003813707
2.9490288604772408
3.3015306794158787
4.0165946297429596
1.9248323336958757
2.1673649623367095
1.7485373123910757
3.5428104470644373
2.2560279089770527
2.7838919682009697
3.259850167861138
1.7330808427550135
1.2826080056687323
2.180224971155482
3.4013912341358017
2.3767103710220376
3.1514143588841277
3.0911272553325646
1.6014633087958892
3.1185931470916164
3.148936694142987
2.5007636246486706
2.596549871133146
1.5868039494267518
3.425828187963358
4.230875836407144
4.771412960467515
6.095389461819542
4.202667913372419
5.77659809317386
3.92574288290102
4.854489643019727
1.790672680772151
2.886642468057763
2.2803015015687143
1.7592324260171455
2.7844240946673424
3.0301774800177386
2.1835464842596806
2.595518545523217
2.545278866657431
2.5510281329320277
4.527743076747159
2.517887530399678
4.320052963177407
3.4851928097784928
4.16519243251991
4.736448535239935
2.86767377109633
1.8657320154516663
3.336588528048951
4.2189667172753085
3.869989258017095
2.873813404298559
1.6772758966911447
3.1054152655968195
4.921615699452006
2.902119582931645
2.419270948287073
2.218104101865896
1.658935114641067
2.639728676754278
1.8129999059839152
4.064055643994162
2.8177654337208167
3.0866161662280236
3.9436030297007347
3.2286275997902094
2.7576437849707185
2.8833533809873537
3.5268679444130133
2.112054241109114
3.8365048564116786
3.5060911034647404
3.7322002995893766
3.621453116608471
2.7035839299878446
2.644983551481205
3.5138339322303667
2.4288725446984003
3.789201103515699
4.796622242170613
6.067862230903396
3.7247910225889123
4.018385090561015
2.8602270685714055
3.842449304374583
3.4622844401560413
2.9449421996996836
3.5121253682181997
2.542191344470336
2.4361891343430693
3.7170438483644257
3.9778881308896974
4.010233235309722
1.5092567434841342
3.2843590170180623
2.456516985577924
2.482206771411148
2.7099545693594562
2.9104066650506915
5.925930233556119
2.668794375879869
2.881312256076511
3.065456370236707
4.778883173634344
2.720637105500412
3.274475196315367
3.394728517416643
2.1021596591806477
4.666538893295706
3.0188702737426647
4.0222431326102726
3.5387357291218993
5.752698130431557
3.43586144487729
3.189596146719605
2.8469125259332446
7.94077102738575
3.4840818111834766
1.5570696299088336
4.823949877464714
2.0719348191372196
1.6844024536802467
1.8893200170883566
2.234749558292983
2.198669150788509
4.447196961759691
1.8969140895418373
2.705827270333878
4.342661585465793
4.740647327990618
3.0753599538644165
4.189827052873264
3.645640379401332
5.75505170441835
4.194353228096662
3.649180649485004
2.703767082427719
4.064119978575205
4.937477300089961
2.498594735055191
3.216014535931848
2.5926137689074777
3.2399015382542524
2.732441958344886
1.9423496832351619
4.37501456427935
4.29506322395015
3.913495936015451
2.388801538428239
4.389943889548956
2.9396135033376094
5.010244975412035
3.6135852119546996
3.7759707764683768
3.6734104604078346
3.3501693220497635
4.6825815847109675
3.6177947866830165
2.0196289029371726
2.012213307934605
5.300343503899448
4.264912122112429
1.7028322134439873
3.569938665284295
4.4137146423421045
5.643551066301225
4.482872739540348
2.269817991202072
3.5215842694045127
2.616151119310517
3.8847493481211783
4.578453272816764
4.742957723071876
3.7998790389923665
2.7802881399224724
3.999925878356675
6.049668708758243
4.514838659208138
3.2150670697814894
4.443157930632724
4.240735422685829
4.759851837334849
3.084759394548153
2.40398300274646
2.5551893918923496
3.8964904539247303
2.65436424026357
2.2421221699807643
2.0650014453165033
1.4435171011622374
3.495234035270674
3.4808173773351303
3.5708685133933176
3.2387892136420113
3.485436519798295
3.951032326307298
4.574574062524328
4.589445709081779
2.6830524726799303
2.358126435062608
2.360283344280023
4.590410870851032
2.675661154805461
3.032437474509295
3.5994326285407587
3.4087578674418424
3.2970966790028062
3.8604171817740283
4.808654964748602
3.957986892677373
3.785149834364824
2.452771104374948
3.4118532206116186
2.514842237313123
2.8545073318161838
5.491448226717761
4.307477742275294
1.908802399591801
1.6869183204356342
4.014405134345556
3.434282681372994
3.5742118884889824
3.356813299878965
10.337197268221484
3.293480923547513
4.254915521952973
5.597675734705726
3.512285186090203
4.386630227408926
4.349662909949752
3.25495226434729
4.724166617566042
3.44228823850254
2.4339447577048463
3.5647262690207144
4.094674468512583
3.963803469423879
3.135188600819075
3.341403564870227
1.7172505115973387
4.277557460227146
2.1355310408678934
3.7212987253823373
1.7043690217403837
2.717506093427957
3.142211526475591
1.8739601805107897
2.5849866582979018
2.8959027876885277
2.2733547230301774
2.5098181284633223
2.822281725198312
3.288596625435494
3.1730681572070814
1.8204841541476833
4.1489610887205846
3.8135278890479145
3.269748263312822
2.1925532074226983
2.931950672125843
3.4715447660933143
3.186433577387227
4.046024517850885
4.428852269089046
4.023337547143649
6.448604731472464
3.955243200795351
2.3579988062512354
3.361928198193284
3.401991011719105
5.619137374225817
3.769144761400056
3.3639210544939684
2.927362855884189
1.8367600669550443
2.873164312023405
1.9733799130326175
5.5618584715504165
4.200333298429283
3.5766531917660593
2.7412911856277744
3.572824698815474
3.034094952229728
3.085754283734333
2.4692730636488944
2.7692714101357514
5.023117227154045
3.6708802177401627
4.490427146927002
3.2485791183759325
3.517142550002263
2.3742850214710245
2.806806985051286
2.66027716825859
3.914036554692601
3.1164014743916733
4.666862707212474
1.849293354531438
3.590906583293569
4.257009818913548
1.7745548698623166
3.69159189294727
3.6980081905336184
2.8030046111423466
2.4556911269237855
2.207759343320089
3.539988704358426
3.339349751212884
1.7578541373703742
1.0667008299518093
3.268750200060045
1.174745750135951
4.377870952709375
4.760986888790128
3.300450841499079
3.897335751471349
6.4018549489356875
1.7779411306018464
3.367656904707792
2.6332171106385793
3.015864504742183
3.3453051392850566
2.844709097748893
3.148592684466947
2.4993027235925886
2.068272961877843
2.251696186363913
4.402773705084642
4.048791160008314
3.11855315356806
3.8632854858205565
2.4841647257967043
2.169039282746261
2.448968647540168
2.433443426109483
2.7750295172691577
2.2694860950976743
2.673301003034017
3.595900584929147
2.421843042786189
2.8240463959528137
3.5698604004079786
2.391901802696775
3.364525565903967
4.912737318537347
1.8984050815513145
2.0413179580779084
2.63018530115695
3.4601692852660433
2.4879315008484957
3.1612369006820416
3.4806086485025256
2.6621435184209696
1.959947018625209
3.4351912976134837
3.726331472241322
4.483641003146772
3.396872418455973
3.401372759320981
3.4367555546825668
3.422060614900626
4.473279979763974
3.5600014231419084
3.9656576029224238
3.3542893228967383
3.122555921407077
2.5674766959869393
3.3197723447329905
2.7888335930685284
6.257646587116258
3.9046120201422667
5.458107993848949
3.4345536224953235
4.587712083684885
4.4639267920584835
2.5846075431594593
3.292872572650261
3.1903296157013235
3.319654873490299
2.307068392774439
3.2596145881493923
3.3807580349056234
3.6208486042041605
4.0460428428289195
2.536925729531144
3.610580270141335
3.297767332752385
4.142193883924605
3.5455425258345303
2.672935074263784
4.413293759441415
3.3238936790556695
3.6433474331852413
4.262050917563196
2.9701592210202463
2.645620805454123
2.754428685781504
2.2341037364013814
4.591824258830341
2.696800448038223
4.117492829804792
3.4889453022195203
3.126120595836113
3.657644137412769
2.7928395809350945
3.9096379394630385
3.316796481788853
3.123268130276606
2.391593806244325
1.7083006710838549
3.3322105577332315
3.258043915050373
1.7259405929502134
2.0938812819060093
3.0144326953982508
2.7757506716674514
1.5857326664145794
4.621795116012532
3.0125941664402687
1.354170403649701
3.3070114961467705
3.962651682782972
4.033637879212702
1.9978920253911474
3.4325180894687324
4.538560058018763
4.182223470434622
4.0389487339018295
3.4320442970221325
5.689262979384502
2.3745575371036676
3.1263296053958256
4.410922012239485
3.1199907823898303
2.7872025689027926
2.1500135433266023
3.1608853601077893
3.937076715130777
3.0567223407238067
4.001359122078325
1.3481265717119018
2.542161326735191
4.0249255798419625
4.197036918738419
4.474865797747958
3.1042398657480446
2.652120529108907
1.6437683534280232
4.46474518533195
1.851992436271954
2.6724880290004442
2.0223114238233184
5.981614141988451
1.7570895695860593
2.207668742809502
3.2924385878863567
3.583959363915213
4.72881035714347
2.6971704567083945
4.2197455363868235
3.8954636006175782
1.5557364780294833
3.060742597431203
5.38338972610332
1.2382582221594485
2.633411034682934
2.692865786839765
10.130581051890461
2.01293522982846
2.435049113600154
2.4173758262281857
3.6787977091869095
5.226987715197742
2.4849109672559977
1.835509478146391
3.0519183875351383
3.684305972699151
2.7385560504851694
1.5030464881346202
7.2228034467684195
3.341189725997857
4.374530685772954
4.72574655119245
4.85533480145167
4.72574655119245
4.898253837924144
4.851351155608196
1.715749594251452
2.6506824329412195
3.108706357310922
3.9738931762894207
3.890206224586894
1.5980834849335508
3.377710533739999
3.2852155938762304
4.158923928356413
3.358716738859241
2.7813108799055146
2.195659622493806
4.5215064059516745
3.0326118753469924
3.3844807693676904
4.019864802553576
1.8926794885215337
5.05546161483563
1.4436674772170035
3.456762280372007
4.166343708258956
2.230539600000489
3.3536961369549085
3.164736181680556
3.59295947189191
10.117757001407558
3.884155228751897
5.6153269843461135
2.9680292827204395
3.0559921895074313
4.0465551831861895
3.030110398073588
3.2035344017533056
3.4236502468109804
2.4059962415786997
3.4053900800277557
2.232707620718862
3.6044542558476027
1.8010914928071349
4.64650973357903
3.3618047418832018
2.4662346622442404
4.840025988417871
2.118356204720619
3.4074809758291607
3.7469384716153167
2.4048289393476514
2.9512635861074252
3.6949139109747913
2.5856393452378086
2.008468204998038
2.336446644149245
4.252516631389164
4.167381995701518
3.023123818665591
1.4489893993631313
1.6485735917292337
2.6866046371484975
3.8878476790437766
3.1942040611242812
2.1908329072792365
2.2841588541420097
4.240694734474659
1.99390643507081
1.5757113413141168
3.73914331182162
3.010334562643207
2.9297247478598805
2.046163846693067
3.0818367142304215
4.4605669792699105
3.564564378178186
3.405551211137588
3.7750902807977464
3.49094632075758
3.706079460590996
2.4950315474450795
2.8437775307798243
2.605075774277465
4.032755217389021
2.96238076912885
1.9693771662271127
4.887401197021637
3.523936272676347
1.6994270613723137
1.9660104073931848
4.0557580346664786
2.38204222578059
2.944406138844125
5.783942831534499
5.535055365854049
3.9007877340908483
2.5025484616343974
4.4890714283689865
3.180273458086059
3.599981244127804
2.6309532755208567
1.7804553594967796
2.369658191757837
4.661630604885246
2.797412164881919
3.4815948156465426
3.1407226232174126
3.915681360579269
2.1717801620860167
4.426761957260715
1.848788976965327
3.1590258835925895
3.3236813738520503
3.4436073577413553
3.27996428681328
3.2590383930837232
2.789991117032878
2.773087083830274
2.8019271273596655
4.5192484959219525
2.8510873948772795
5.053929481046858
5.403545726923142
3.3915655302245735
4.231689832970076
2.974666767408704
2.5792568796729296
2.1599244792753516
1.9770739714262784
1.7377934104085475
2.052434109845521
2.7096519299076665
5.431224944288284
3.523678890151568
4.737840811622869
3.926699561769568
2.8275940987621784
3.5132887054794164
1.5491583770775328
2.245624454558981
2.9373741278143153
2.1785938407191905
4.74021091976023
2.1809617527490133
2.9419226588135308
2.7103090707888753
3.273956174306322
2.609826242536768
4.386331642363224
8.365461678578116
2.167183322886487
2.4340513480706467
3.4117282286499075
3.589178905122798
3.5291731981709327
3.3468002010798257
1.776902796132029
2.6867475542050525
2.833463971133216
3.117948785608728
1.8911942321128894
2.3018089488729707
3.2711715504372427
2.1161540332090865
2.654082820984144
4.58536104702365
4.0464886067074906
6.002826820531313
2.259800733353942
2.7230036815417495
2.986900204169273
2.659976518647768
4.274503213789417
2.467481254445153
1.803463651246052
2.413738061995074
3.044838821477138
3.4352800652272806
4.038624484386019
3.8764432307123835
2.938120732770366
3.6650295539152022
4.596617172065256
3.936291162472762
3.0991193342078374
1.9043143784317769
2.2569952045688075
4.959259471320522
6.074846605749024
3.753322334231381
2.9286807664188608
4.403447151200706
2.3471112422342797
3.9842639096673516
2.3076678967258064
3.2642038735533396
1.6941051091137997
3.1525965451711238
3.3966794753847647
3.557473889661301
3.970892599672187
4.4388353377216445
3.1577838398086593
3.485596168753894
5.149194127193143
3.763793557342128
3.7224526848370725
3.21871845511018
3.114182929457609
2.5039472626969546
3.5836861302303102
3.7816492891552613
2.5426507333443613
1.8036204861241996
2.4142435383943033
2.614245617258613
3.516153536796885
2.4817243009186845
1.4103201208571046
3.1902820090177344
2.6419660714365967
5.8356854522860635
2.2212589850491016
3.225504453217034
2.7790365070510132
4.061948876073367
1.7970309958550097
3.820352278695625
2.6624709091833276
3.731959428005239
4.391763341455636
3.5510644685011563
3.0922960638686847
4.610883833258677
2.9496393362706157
2.4399054084575433
3.0011780987599304
5.9075373570135845
2.621742961422895
1.5138141305304593
2.3470628206438815
4.322323074023077
2.661282940647366
5.325808926984615
3.2593617841449505
4.454233512524237
4.9585054814696585
5.081668688471764
2.857709680162005
3.5850506088212772
5.170348694612156
1.9150143319117618
2.9732879608715646
2.938134457026618
4.409240699578723
2.630823028897201
4.084149940292065
3.9392428360392766
3.3691416572995876
2.6062639627028767
2.393043309307432
2.192311923011643
3.5521339416370465
3.02080731125226
2.817141464159976
2.7950059519413633
3.554119624909704
3.1389809680989824
3.8570597754910576
3.7405991152065137
2.351558458839211
4.219835918165848
2.5478491226318343
4.221420502638447
4.708340771568385
4.004599294477477
3.666064838471308
5.614366352592711
2.995121149637983
4.337187132449426
4.75917015397673
3.8692104239884837
3.0264749468384546
2.8129755056969628
4.961610222946097
3.7954862316560596
3.019184889714372
1.8086373706217997
1.5666312041885277
3.29682046399767
2.5269046169745533
2.696534247207834
2.8385467953343118
1.47780102637743
2.745813457316253
2.502692494182766
3.5789134894186216
3.231999730033143
4.495793795760669
3.1776130306381236
2.958783731175735
2.8064573503233485
3.1966495320490074
2.5736634464401735
0.9774058224287672
0.9937768236767942
1.3755490949775906
1.0044219248338808
0.9476228384753357
1.0097540946795083
1.6295897141360778
1.6295897141360778
0.9139237319441327
3.7733356749113547
3.1848974176875613
3.1573770645368837
2.81470664102256
2.9411453010111916
3.245017457082049
1.9774499932451766
4.333608578800972
3.0255458700403985
2.9122553083299523
3.390599499467289
2.715660549889491
2.2507566896282936
1.98572728702416
3.8136019410110116
2.6963769824011456
3.3349011109208386
3.475863396316132
3.021506132118897
3.074519134483631
1.620080807265035
3.637395061260686
6.683870524328465
5.219738179831124
3.342828373518906
5.190804318486431
5.400029604616815
3.2301981868980576
3.026484328804918
3.1396040807215373
2.7867411228203753
5.226662133221367
2.869208671708017
2.27436542749082
2.6556518292737494
5.367233339626533
3.9557008562831153
2.1478572001977154
3.805077686079966
4.1914473217559625
5.267693906120546
4.102373709716114
4.186304500509455
2.439767516064843
3.039205749423924
1.2571724038493601
2.5625563478795157
3.158324665060505
2.263592804760558
3.9963150953175846
3.071351264017347
2.455578001315576
3.6798934630433
3.0229352146610684
3.208302157977169
3.2587551025795114
2.5695840736974014
1.5760980449018551
2.023094089895787
3.2641030879584774
2.3939544141479323
3.26134656414722
3.382839958227769
1.8495676362684204
3.6075512227495072
4.277256644287584
1.3372345073966336
1.994018263221805
1.6608212702065601
2.2998907465770877
4.053076905292296
1.6547104147702623
3.319396586024825
2.337234990593315
3.2923337921281037
2.993982577190455
3.1731083825175492
2.6179063171905126
4.125067252856538
4.366298241588407
4.391677026070793
4.378334573584144
3.6447856865918835
3.7281755753914694
3.1251190283034442
4.610739516223527
2.477582687424213
5.496447516508414
3.835367643853723
4.18046935361635
3.24054680989245
3.822912110446964
3.9265986358149565
3.645655727565743
3.783199741967709
2.903666540257584
2.4861150633870297
3.5157362889864734
3.329841315424245
2.2307264351686062
2.789303281631715
3.9576282968669836
5.053929481046858
4.030792412629311
2.106392213369408
4.730054030442448
3.4048031836888346
2.438082165834762
3.0962903306463887
4.52285929573238
4.01621102888993
3.817911481017008
3.6781614878412583
1.6366718419580133
4.386831207010614
1.7096219144019311
2.740054314287868
3.7586385252188252
2.2752742175122735
4.827526798910225
4.589244245224255
6.182735638683604
7.83307034738115
2.01505655524074
4.974241535928002
2.4295159163787488
5.7344143063269994
4.174959714176815
2.7565189682918034
1.7068863332239657
2.4111553585147316
2.920277688567163
3.3968205224416486
1.45557447645467
4.300163678070409
3.032253718151762
3.338349751343201
4.946166721232969
4.612561606891298
3.504039896424359
2.1599051962045963
2.5249275101434696
2.3829633371565
3.4144406967182173
2.4666620828830736
2.90586439829113
3.522871970339401
3.9098023972422506
3.445030727907397
2.659085691848307
4.579691216837653
4.662015872105511
2.021263941162429
3.6631477230745304
2.3222267111254387
2.7404541203956216
1.4304391489082515
3.2920016104708107
4.1317568493093235
1.483250723904607
1.77980985376962
3.0781637723385162
2.2471076325671007
3.2420499490171895
4.369560912602806
4.521541217018936
2.1937447398930976
3.365850091899256
2.2687987011356445
3.585276953996591
2.8311610457722662
2.913397346019986
2.966251237540028
2.7618933559850913
1.5896994501783843
3.580659939031201
3.884777709466542
3.060197405599269
2.665658876067963
2.1384553393128893
3.285888457070985
2.746629434972042
3.1553470072807333
2.665472967803126
2.2012923121060726
1.4725940678217295
2.52174984246952
1.7573425764698785
2.2948441816469805
3.2045551509990178
5.767319410823227
4.875807305749229
3.1630255127271454
5.0715129408352695
3.5204181168107804
5.0272737559172
2.7696332038051112
3.7548139708372323
1.4865025356087858
4.164982823207614
2.9256767456632455
2.210714073712845
4.456408841789824
2.555457910804186
2.026108161809047
3.1249023802951954
2.14160885424966
2.5182877875417713
3.004412853845826
3.478802159390678
5.041514009105561
2.643179712956127
5.6847163855719955
4.473359461113909
4.357578330222819
3.258056094826993
1.6438805883935448
2.0535634047706255
2.836344148467523
2.3633604928306586
4.085573780389743
3.1570859722792233
2.306376866608783
4.59832219426049
2.4905885387663727
2.7792286146286065
3.9959063324342488
2.8699383933500284
3.5652658418069616
2.814266971161731
5.091755513374068
4.339682844759096
4.234724953835405
3.3767070937193955
2.1642058976883116
2.936868706884611
2.0040446581110953
2.3418228845563216
4.055107625322372
3.7966187249043504
2.883002388620882
3.1457468390009784
2.900227220440509
3.508375304230324
3.2645226518765607
3.0882973719608655
3.9847457614912516
3.3926581947324634
1.818131543090252
1.897581572724848
2.537001388927797
3.6103215259729784
2.5499042952550917
3.4352609070797384
3.070675808913593
2.840600154964084
2.52480651799102
2.9994882548961397
2.9163536927848455
3.810909183462618
2.4035675658350724
3.0667327723464286
3.0624978188274405
4.775661736082284
3.299396292199469
2.4433231512238844
2.697162411991255
2.766293954858085
2.7115804115414877
2.0423988806175766
3.1120293495332207
4.17032167024238
2.2959379411207594
2.3726291715111487
2.034583185840904
1.6940876645988308
3.4667544622506603
3.089666341058274
2.8233038966343122
3.1275486133508803
2.5893019579667405
2.176837969746336
1.8252924747411914
3.64330461058289
2.9787979107639653
2.2005856789575704
3.8007069277554635
3.8692900904367717
1.9520356781630923
2.3252422209461594
3.159908732866558
2.4068433065090167
2.3180343528077136
2.7536126511724865
4.471696338566768
3.5797828070526827
4.054721885046459
2.6759334829284236
4.313682032842683
2.33937541108529
3.323775768341434
2.1108926711741547
3.079461502148467
3.2688550309214164
2.3763622042131884
4.226983180466784
3.031902958451906
2.7891641648610053
2.8599845108947473
3.4672125594548366
4.456048181736015
2.790578125883902
3.2017852422277104
4.93102588284519
2.325059935228413
5.1197011062695745
2.170853832237955
3.311241035903505
2.6462996293672147
2.6793160946502557
3.8939333026453555
2.8506500494250213
2.5342171120111607
4.089805635933573
2.1677593914491777
2.5565276719836034
3.4573340419035565
5.187001521472728
4.740605896732909
7.757247804720822
3.429526939011321
6.901726938694621
2.545173521984803
3.7620203767118245
3.169289418538538
3.051314091709054
3.0451852587338215
2.7436653920401737
4.48087670990767
4.01939011375516
3.9982764450561605
1.85181212812698
4.542992890316432
2.989977901603258
4.208954809587916
3.8836860778987514
2.7412301071704146
2.7060839375941006
2.6052874198899043
3.9336199749956005
3.9623929567228067
2.4866616789189737
3.6603505296651764
2.332015115361033
4.526833848113322
2.128884548322388
2.268001451397125
4.1430239110938265
2.2608390675749654
2.5435145077106127
2.6213865238589733
2.635661581998954
2.3178650539293484
5.434802364015696
3.419586279797525
4.394996042329617
4.031916267752099
4.943531974534412
1.9375028361856723
2.771835555008954
2.809408795734778
1.582453264299349
3.6419816752077403
1.9501680929044487
3.3184079482101017
3.3297836156234615
3.972591941645415
2.284253291947831
3.6331223849855507
2.1535238030756436
2.40414141641538
4.455860793269234
1.6558810497197833
1.4954243703413783
1.9779976571060613
3.267501224639164
2.0832914526527597
2.079407404871938
4.432594682291011
1.7872808202308081
2.8266352937731183
3.514413082036479
3.2458465521400637
2.3146192468523368
2.043695496946712
1.893025079685637
1.8594398778415124
2.3885691269722544
2.5269135256902207
3.3982147542159744
2.6807202600603492
3.1379499836992606
2.131020452760973
2.9195166149004734
4.113541782497555
1.7771943335196778
3.4864369625628773
5.941355756579292
3.723198547941157
3.096180623546247
2.9409386217641473
1.8797520214594798
1.6634664694170533
1.9527533040558267
2.6961154477034506
2.149401198015878
4.275790368916382
4.6261466108565505
3.8226108251152673
4.620154713666609
2.5345224624793925
3.49772864022073
4.516157494563195
2.862424948085886
1.8650054994005159
4.325409524810315
3.637818227196141
2.023365485461123
2.9329799290084053
2.6387060777887994
2.774123826536879
3.919799312455325
4.78458781276341
3.493683679707133
3.798289031800529
4.047723382959484
4.361533652195661
4.2236902105589085
3.631932571093432
1.7629470722872365
3.467080565598979
3.982909495120441
2.9087136177654624
2.3512456852383377
3.3005739489004773
2.705980979843078
3.406933277460707
4.917053882056597
3.8220222859738473
2.669002452620279
2.460056537435888
2.8953775604557523
3.4695037161757663
2.5937321401988362
2.1511652200270226
3.804431025391268
3.0013088006171897
2.2141744510140566
2.9720536043246364
4.1793226625627256
2.864172821891194
2.9297739585329095
3.418859974834525
2.4222914251059504
4.2825648240496825
3.4596570578143493
3.522083246633824
3.7811737886796477
3.0298718091397108
2.5942297417506794
4.746881936623469
2.675307835844951
2.167771631354994
2.4598435449760645
3.801026855302387
4.330771695261608
3.179242026651974
3.4801607307532474
3.3257769331222176
3.7090127621506914
3.848418197199932
4.524598613164409
2.97757418769647
3.596945715311083
2.4018216021699788
3.784657972897887
3.225139269539914
2.792164648706416
2.5523203848323033
3.165630865680876
2.4690993560774768
3.6104840151771063
2.43822202814489
2.5749591612718445
4.639125025966736
3.446615999481738
3.839440492854919
5.384817142264646
4.7749343839040295
3.4354079340812538
1.3510455953013378
1.2681504297140676
3.2188896237417297
3.1247024642236414
3.4895786061800855
2.9455610893165307
3.3011374231684387
3.9156932034578253
2.5932739815000545
1.7808549450458564
3.444822361081357
4.639901721425207
3.3186747205459617
3.070365318782287
2.9497939678620893
2.5131314077155626
3.813658464574817
2.5501929311042133
2.3511800539826457
3.639382398874925
3.7061355127496802
3.2559439448258995
3.420157235364197
4.100572805593743
2.801572239736739
5.393649671616788
3.1683213968513324
3.781914242779558
3.3532478333981253
3.3201645931931183
3.193475539038707
2.7840890084898144
1.9549872205982688
3.449545231093218
1.8150483778032462
3.1181023019272245
3.1631512505501598
1.8375910819890435
4.031906621219187
2.171261499823761
3.087385151367754
2.74257134812862
1.4288052636272537
2.5636106339181
2.049956302430108
2.9995252632991916
2.513435772436759
2.1437068159916466
2.250248625995984
2.3129446021604454
2.065679043295733
3.485011782388889
1.913109220427939
2.4042697344589135
3.6522772540427564
2.2181504760366297
2.1801840099384813
3.7720114671682854
3.4396138316270575
2.689697909289917
2.013282977522121
3.0093425744631257
3.6695719988563895
3.355384019327778
2.8694821981953065
4.068877574795461
2.3509623784222375
2.0113801968863294
4.758779273360734
4.815443905163542
2.596395591160887
3.530420286918718
2.6368710658793306
2.7279013476237535
4.945332506634853
3.065085569511079
4.190974909208536
3.8599603131216162
4.570385419524344
2.8754106546348424
2.271789343805908
2.6088043572863784
1.618741870920262
2.7291837000695875
4.366359611969044
2.5090464555721406
2.228777802618205
2.243290853618582
2.1349165553899856
3.1820656222650077
3.7798740533260564
4.345424863761125
2.5992327423638883
2.060017519758181
2.9297596994746606
2.214975797887122
3.0627751127471314
5.478732769193914
2.8351908560382504
1.9766736811502086
1.9151686312608789
2.933128561695908
2.582277185735325
3.184582328630557
1.6804823335388392
3.314991271059473
2.8253436377470473
3.1399000262644527
3.348886079694204
3.1198956597881367
3.0410262967185133
2.853034990177262
3.1225426466875055
3.464213700750181
3.354265322186993
1.793940002550337
4.151636425807407
2.654588708383128
3.3319388840648148
1.4603519573326555
4.2511633962177
2.7692265713765027
4.636783696532289
3.979479747760974
2.824418902641796
4.363637162474951
1.9928708379330022
2.5532727927209016
2.9279753662615606
4.933953964015986
4.401573544389433
4.429659049697061
2.3758773098305306
3.691393351416363
1.2860356442357963
3.43434297788501
3.103094586511159
2.2133558890476155
4.414264749691816
2.7948285055792264
2.1914802446708985
3.514733905117688
2.707266258157327
2.860667793151571
2.017517244398897
5.099318529463184
4.42215179682673
2.5736629495665544
3.3304249971623667
3.0423186066731676
2.0457746274857307
3.2782094473509416
2.355751351670527
3.2158255858291835
2.3171240029275046
2.375072711003739
3.4329235426665834
3.2133235599374883
3.0571640292528564
2.51900645442251
1.7518847395836457
2.988080096127144
2.9142550127637588
3.2645657765483875
3.1915077695985947
1.9541705724587215
3.3709967149603424
3.926273497374208
2.709469584501591
