10.16
3.66
5.91
3.58
6.54
5.36
3.42
7.34
7.04
6.2
7.06
6.833333333333334
5.94
3.62
4.3
4.76
8.1
5.48
4.12
5.7
2.98
6.76
18.98
4.66
4.08
2.98
5.56
3.9
3.48
3.772
9.85
5.66
2.6
2.58
5.34
5.7
4.1
3.96
3.18
4.74
4.44
3.74
4.08
3.08
5.2
6.04
2.5
3.595
3.54
4.685
6.56
4.48
2.26
4.64
4.62
3.38
3.3
3.02
2.54
3.3
2.86
3.75
2.94
3.32
1.7
2.8
2.84
3.0
3.010666666666667
2.9066666666666663
4.086666666666666
4.7
5.78
4.153333333333333
4.64
4.82
4.5
5.36
3.1
3.32
3.18
3.94
6.36
3.54
3.14
3.52
3.74
3.02
4.08
3.94
3.28
1.9426666666666665
2.5
4.54
3.46
4.74
3.66
3.96
5.26
4.9
2.98
3.72
3.36
3.2119999999999997
4.3
4.7
5.06
5.18
3.24
4.48
5.72
4.42
3.96
6.18
2.98
2.9733333333333336
4.62
3.22
3.32
2.88
2.68
4.42
4.0
2.56
2.6
3.22
2.92
2.78
3.82
2.96
2.5
3.36
5.34
3.36
3.04
3.695
3.146666666666667
4.2
6.04
5.7
2.74
4.24
3.38
3.92
4.6
2.6
2.4866666666666664
4.2
5.86
3.22
4.3919999999999995
6.16
6.36
6.04
4.12
3.26
3.32
3.9
4.58
4.86
4.8
4.98
4.04
3.18
7.04
3.28
4.38
3.84
3.44
4.08
3.12
3.5
4.6
3.56
2.84
3.18
3.44
4.66
3.78
3.54
3.78
2.62
4.22
4.245
7.46
3.12
2.605
2.46
4.16
3.78
2.6
3.02
3.46
2.32
4.24
2.64
2.9
3.206666666666667
3.54
2.88
4.0
4.46
2.88
2.88
6.42
3.32
3.42
4.58
5.475
5.48
3.22
2.86
6.06
3.34
6.46
2.7
4.173333333333334
3.86
5.226
4.02
6.0
4.9
4.4
3.786666666666667
3.58
2.56
3.28
2.965
2.2
3.06
3.62
8.34
3.555
3.46
3.4
4.44
3.72
3.12
3.38
5.46
3.56
3.18
3.88
4.0
8.78
2.12
2.42
4.36
3.68
3.58
4.66
5.46
5.82
4.86
5.46
4.18
7.22
6.78
4.44
4.1
6.28
4.4
6.14
5.04
4.43
1.86
4.78
4.413333333333333
3.36
2.29
4.68
3.96
3.5
3.42
3.82
4.6
3.32
1.98
7.44
4.16
6.42
3.24
3.48
3.36
3.86
3.88
2.76
4.38
3.38
4.766666666666667
5.24
5.36
5.32
7.02
4.426666666666667
5.36
5.0
4.48
3.74
5.24
3.52
3.34
4.386666666666667
2.78
11.26
5.38
3.66
4.6
5.34
3.06
7.66
3.48
6.45
4.64
2.56
2.07
3.42
2.42
2.56
2.586666666666667
2.52
1.96
6.24
2.32
1.78
4.8
3.28
5.48
3.02
3.8
4.22
2.96
4.28
1.44
2.92
2.62
2.88
3.1
1.4
3.9
1.58
1.46
1.28
1.84
1.38
2.62
2.22
1.2
1.68
1.42
1.14
1.02
1.18
1.0
5.0
2.96
2.28
2.58
1.82
1.72
3.96
3.06
1.56
1.12
2.76
3.4
4.74
3.4
3.61
3.7
3.14
4.96
3.54
4.7
4.22
4.22
4.363333333333333
3.52
2.4
2.48
3.5
4.36
3.3
3.34
3.2
3.7
6.22
4.46
4.76
3.34
5.78
3.96
4.44
3.67
4.42
5.68
6.2
2.6
5.32
3.1
3.785
3.8
8.32
2.82
3.63
4.5
4.24
2.68
3.64
4.44
6.35
4.14
3.8
3.84
3.12
5.18
3.38
4.88
4.56
4.5
3.666666666666667
6.52
3.42
4.42
3.4
3.16
1.96
3.34
2.96
3.08
5.54
4.46
3.3
3.28
4.8
3.34
3.14
4.8133333333333335
3.753333333333334
2.72
3.14
3.9560000000000004
5.5
3.98
6.78
5.4
3.36
3.68
3.1
4.048
5.176
3.38
3.16
2.94
3.76
1.9466666666666665
5.26
3.16
6.58
2.18
4.513333333333333
3.3
3.975
4.96
4.78
6.02
5.46
7.12
5.36
4.02
4.54
3.5
7.58
4.12
4.46
7.106666666666667
11.82
7.4
9.24
5.18
3.78
2.92
4.28
5.98
3.28
2.6
3.28
2.54
4.3
3.226666666666666
4.86
5.44
5.56
3.82
3.88
5.22
6.48
5.22
4.42
6.32
4.22
4.7
3.24
3.4933333333333336
4.46
4.16
3.34
4.18
3.92
3.52
4.26
3.56
3.22
5.3
4.6
3.36
4.56
3.72
2.94
3.2
3.86
4.8
4.3
4.08
2.78
4.14
4.28
4.16
4.7
2.64
3.1
2.74
8.06
3.186666666666666
2.84
2.4
2.48
2.84
6.96
3.8
2.38
3.08
2.4866666666666664
2.12
4.06
2.74
3.3
3.02
3.236
3.0
3.38
2.84
3.44
2.96
3.76
3.12
4.56
3.56
3.1439999999999997
3.86
6.16
4.1
2.52
3.4
3.34
3.72
4.14
3.96
2.96
4.24
2.96
4.88
3.14
3.14
2.64
4.18
3.1
3.52
3.6
5.46
2.466666666666667
2.7560000000000002
6.14
3.14
3.0
2.6933333333333334
4.325714285714286
3.86
5.04
4.08
2.44
6.3
4.5
2.76
2.18
5.226666666666667
4.84
3.56
2.98
1.71
2.1
4.3933333333333335
2.54
2.98
4.14
4.38
2.46
3.54
8.1
5.48
3.32
6.18
1.82
3.76
5.04
5.48
2.94
2.14
4.16
4.2
3.86
3.46
4.62
4.18
6.26
3.98
4.68
2.98
3.28
4.4
4.0
3.68
3.4
4.786666666666667
3.34
4.4
4.496
2.98
4.18
3.14
2.92
4.56
3.72
3.52
5.56
5.14
3.64
5.66
4.72
3.14
4.3
3.826666666666666
2.7
3.58
2.98
5.14
3.22
3.94
4.22
4.42
3.78
3.68
4.02
3.72
3.86
3.12
3.0
4.84
3.52
2.88
3.36
4.228
3.28
3.5
3.12
3.74
3.0
3.82
3.1
3.48
3.552
2.65
3.2
3.44
3.96
3.44
3.2
2.56
2.5
3.47
2.84
3.46
4.86
4.14
3.92
5.02
4.58
3.16
4.4
5.02
5.14
2.94
6.88
1.96
2.21
4.58
5.1
3.98
4.88
3.6933333333333334
3.28
3.76
2.98
5.56
5.14
4.24
4.54
3.42
3.9
3.18
3.54
3.48
3.62
3.512
4.4
3.38
3.2
5.9
4.06
3.36
3.52
4.96
3.0
2.9
2.82
3.34
5.15
3.76
3.44
3.42
2.8
3.3
2.72
3.24
2.92
3.06
2.66
3.26
3.26
7.253333333333334
2.06
4.56
3.2
4.66
3.2
3.58
2.9
4.61
3.08
4.61
4.2
3.74
4.1
4.36
2.5
4.86
4.02
3.17
4.62
4.54
4.52
4.76
5.54
3.52
2.4
5.99
4.76
3.76
3.34
3.06
4.04
4.08
3.62
3.14
3.94
5.04
3.26
3.66
3.44
3.8160000000000003
3.72
5.28
3.28
3.88
2.315
3.36
3.1
3.3
3.64
5.44
3.22
3.76
3.62
4.72
5.38
3.36
3.64
4.72
2.94
4.0
4.04
3.4
4.32
4.1
4.1
4.14
4.32
2.8
5.5520000000000005
6.12
5.74
3.02
4.7
3.64
2.96
3.48
3.16
3.14
3.88
5.26
5.28
6.1
4.24
1.49
2.76
3.6
3.86
3.66
3.34
2.5
2.04
4.64
3.3
3.26
5.24
4.26
3.38
2.86
4.66
4.76
3.34
3.66
4.82
11.94
5.5
5.046666666666666
6.08
6.12
3.26
3.48
4.66
2.56
3.02
5.786666666666666
2.52
4.8
2.3933333333333335
3.14
3.683333333333333
4.3
3.8533333333333335
4.46
3.74
3.9
4.04
3.96
3.96
5.34
3.36
4.62
3.34
4.26
6.63
5.175
3.14
9.24
5.86
5.18
5.18
4.06
5.26
4.06
4.76
5.62
4.9
5.02
5.82
5.92
3.96
4.4
2.48
3.46
3.18
5.38
3.58
3.98
4.42
3.32
3.2
5.02
3.66
3.06
4.68
3.82
4.66
4.11
4.16
6.78
3.92
2.56
2.9
3.12
4.32
3.6
3.58
3.52
5.46
3.78
4.46
4.3
3.24
7.18
4.04
3.3
3.58
3.76
4.56
4.62
5.14
4.26
3.686666666666666
6.12
3.28
3.6
4.48
4.68
4.42
5.5
6.06
3.52
4.66
4.04
4.14
2.86
2.72
4.5
4.36
2.8
3.62
3.12
4.06
4.64
3.08
3.02
3.74
3.4
3.26
3.34
3.7
3.1
5.34
3.22
3.28
3.1
3.74
2.64
3.81
3.2
3.84
3.5
4.72
5.02
3.46
3.733333333333333
4.28
4.98
3.4
4.08
4.08
3.4
2.98
2.44
2.48
3.52
3.065
3.2
3.5
4.48
6.2
5.98
2.96
4.2
3.36
4.76
3.36
4.265714285714285
4.28
4.86
3.86
3.56
5.1
3.99
4.74
4.12
5.16
3.34
3.793333333333333
5.0
3.82
4.76
3.4
3.22
2.02
3.36
2.26
5.92
2.752
4.28
6.78
5.78
4.02
4.86
4.76
3.64
2.72
4.0
4.38
2.8
5.88
4.023333333333333
2.66
4.96
4.62
4.8
3.72
5.08
4.4
2.86
3.64
5.088
4.72
3.06
2.18
4.14
3.16
1.87
5.36
4.04
5.48
3.66
2.733333333333333
3.46
1.3266666666666669
4.32
5.3
5.46
2.9
4.02
3.46
3.36
3.52
3.84
2.46
4.0
5.24
3.98
3.415
3.82
3.96
2.98
2.68
4.24
2.82
4.0
3.14
3.4
3.62
3.34
3.08
4.2
2.32
1.588
3.28
3.1
4.1
3.5
3.04
2.66
2.64
2.42
2.15
3.6
3.0
3.64
2.96
3.84
4.06
3.94
2.76
2.8
3.32
5.12
4.18
4.2
5.1933333333333325
2.82
4.82
4.64
3.44
3.34
4.58
3.46
3.22
4.38
4.16
3.4
4.5
4.3
4.153333333333333
3.66
3.3
3.94
3.322
2.9819999999999998
5.92
3.12
4.26
4.56
6.16
5.54
5.84
3.68
4.08
3.9
3.16
5.44
4.533333333333333
3.3
3.84
4.06
4.34
3.06
4.04
4.38
3.24
3.48
5.06
4.805
3.24
2.56
3.246666666666667
3.56
2.88
3.26
3.42
4.8
3.24
3.83
3.513333333333333
3.72
5.3
4.44
3.78
3.8
6.76
3.88
4.1
4.5
3.6
3.64
3.206666666666667
3.8
3.8
3.18
3.62
3.26
3.9
2.78
3.3
3.666666666666666
3.14
3.82
4.37
3.6
4.8
3.76
2.96
3.44
3.5
4.8
3.08
4.18
3.5
4.08
3.06
3.96
4.14
4.12
3.78
5.44
3.48
3.02
3.36
3.04
4.06
3.8
2.36
4.38
3.8266666666666667
3.56
4.58
4.04
3.02
5.012
2.78
3.66
4.88
5.04
4.08
3.72
4.1466666666666665
4.24
4.9
3.41
2.88
4.04
2.96
3.2
2.4
3.77
3.8
3.64
2.78
5.8
3.0
3.1
4.0
2.8
3.12
3.94
2.68
4.76
5.64
2.54
3.42
3.16
2.66
4.4
4.14
3.44
4.32
2.6
2.26
5.046666666666666
3.26
3.98
3.7
3.1
3.38
3.1
3.52
3.14
2.52
3.94
3.58
4.68
3.8
3.08
2.72
2.66
5.097142857142857
4.2
2.28
3.18
3.36
4.82
3.94
5.3
5.16
4.54
3.82
4.88
2.88
5.26
4.02
5.2
3.86
4.92
3.64
3.94
4.44
3.47
3.16
4.16
3.26
5.3
4.68
4.48
5.28
5.58
4.6
4.96
3.4
2.96
4.54
4.56
4.684
3.62
3.7
2.62
3.233333333333334
2.64
3.52
5.933333333333333
2.9
3.6475
2.82
2.92
3.46
1.9980000000000002
4.44
2.42
3.94
3.8
1.7466666666666666
5.54
3.0
5.121666666666666
4.64
3.06
5.48
3.22
1.8
3.18
3.66
3.86
4.34
4.416666666666666
5.56
4.959999999999999
3.5
5.74
5.3
4.04
3.5
3.16
3.5
9.24
3.46
4.02
4.16
4.68
5.1
4.58
3.52
5.45
5.58
3.72
3.74
4.04
4.8
3.12
3.42
4.68
2.54
2.76
4.2
4.38
4.74
3.3
4.0
3.04
5.76
3.36
1.41
4.58
3.16
3.68
4.78
5.06
3.92
4.6
3.372
4.92
5.02
4.54
4.48
4.02
3.9
3.74
4.52
4.52
4.76
3.64
3.74
3.94
3.58
5.26
5.72
3.1
3.59
2.96
3.35
3.54
2.6
4.06
3.25
3.08
5.42
4.08
5.0
4.26
5.1
3.72
2.82
3.54
5.28
3.04
2.28
4.92
6.9
2.52
3.6
5.26
3.92
3.02
4.02
3.14
3.22
3.56
2.88
2.92
4.7
3.6
5.92
4.32
3.36
3.4
3.3
4.18
3.32
3.92
1.98
3.38
4.66
3.36
4.1
3.86
4.82
3.9
2.68
4.0
4.64
3.08
3.82
4.38
3.64
4.66
4.96
3.64
4.3
4.66
4.145
4.92
4.14
5.9
4.52
3.64
4.42
3.36
5.74
4.12
3.72
3.38
4.04
2.24
4.04
3.84
3.94
4.42
3.48
3.96
3.08
3.8
3.82
4.06
3.4
3.67
4.72
4.56
4.22
3.46
2.72
3.88
3.0
2.98
3.02
4.18
1.14
3.44
3.44
5.48
4.06
4.06
3.0
3.6
3.3
4.06
3.04
2.88
4.74
4.173333333333333
3.8
2.3
4.02
3.66
2.86
4.32
4.58
5.58
5.58
3.67
4.28
2.36
3.06
4.04
3.02
3.84
2.26
3.3
4.34
2.41
2.9
4.76
5.9239999999999995
3.0
2.6
2.58
5.02
2.68
3.22
2.98
5.3
4.6
7.836666666666668
3.44
3.84
3.8
5.16
3.76
4.34
4.78
4.84
4.28
4.6
5.1
4.74
4.86
5.18
5.18
3.48
5.52
7.49
2.62
2.94
3.44
4.76
2.98
3.28
2.98
4.16
2.88
3.7
3.503333333333334
3.225
3.96
3.3
3.62
4.08
4.24
5.26
3.18
3.85
4.6
2.58
3.38
5.26
2.38
2.42
3.82
3.91
3.18
3.86
2.733333333333333
2.42
4.96
4.22
3.3
3.935
2.66
2.8
4.96
3.42
3.08
3.3
3.74
4.42
2.86
3.64
5.46
3.56
3.56
3.96
3.8
4.52
3.9
3.76
2.786666666666667
3.74
3.28
3.452
4.34
6.14
5.1
2.595333333333333
4.04
3.556
2.48
3.28
4.16
4.34
3.28
3.36
4.86
5.02
5.18
19.82
5.34
4.28
2.806666666666666
3.86
4.4
10.02
3.44
3.0
5.94
4.0
3.66
4.935
3.58
3.4
5.48
4.42
3.16
3.54
5.54
4.58
4.7
4.56
3.44
4.306666666666667
4.552
3.0
4.4639999999999995
3.2
3.72
4.28
5.58
4.66
5.18
3.08
4.14
4.84
2.505238095238095
5.0
4.48
5.58
8.26
5.2
5.74
4.58
3.82
3.793333333333333
3.06
4.7
4.74
3.04
5.14
3.96
3.1
2.86
5.44
3.4
3.44
3.2
3.68
3.84
5.02
3.44
5.0
4.132
4.62
5.7
3.86
4.52
3.68
3.94
6.2
7.873333333333334
4.4
3.74
4.04
3.856
3.74
2.7
4.6
4.1
2.5
5.62
3.64
3.5
3.64
3.52
3.98
5.32
2.68
4.22
5.192
3.94
4.4
4.46
3.086666666666667
3.2
3.0
2.52
6.14
4.02
6.68
3.14
3.58
3.46
4.508
12.5
2.6
4.72
3.64
2.66
1.8
2.853333333333333
3.813333333333333
3.18
2.45
5.56
3.86
3.86
2.12
4.2
3.04
3.64
4.8
4.26
3.92
3.7
2.69
1.62
4.24
4.32
4.26
4.632
3.8
2.68
2.76
3.2
2.025
3.02
2.3933333333333335
4.0
2.56
2.74
4.18
2.74
5.625
3.5
2.94
4.54
5.26
3.08
5.605
3.14
3.36
4.6
2.88
1.54
5.28
3.84
8.36
1.66
3.38
2.84
4.86
3.86
3.0
4.64
2.91
3.12
4.46
3.54
5.06
2.98
3.36
2.86
3.66
3.6
5.15
3.38
4.3
3.73
3.4
3.28
3.25
2.7
4.18
3.34
3.58
3.34
3.78
3.04
2.88
3.52
3.76
2.56
2.3680000000000003
3.84
3.68
4.02
4.76
3.48
2.88
4.42
4.9
3.66
1.78
3.22
2.66
3.2433333333333336
3.14
4.76
3.12
3.5
2.84
2.92
3.38
3.68
4.72
3.54
2.98
3.085
4.08
2.94
3.64
4.58
4.08
2.9
4.413333333333333
3.6
3.88
2.98
4.56
2.76
2.58
3.84
3.66
3.28
5.48
3.08
3.82
4.46
2.86
3.12
3.7
2.84
4.14
2.78
2.02
2.84
3.56
2.855
4.94
2.96
3.88
3.54
29.62
2.2
2.6
5.44
3.333333333333333
3.86
3.38
5.84
2.3
4.22
4.06
5.74
4.98
4.44
5.24
5.933333333333333
3.78
4.38
5.58
4.52
6.18
7.48
3.08
3.1766666666666663
3.8
4.4
3.5
3.12
3.14
7.1
3.24
2.38
3.38
3.5866666666666664
2.98
2.9
3.44
3.98
3.88
4.74
4.76
3.9
4.74
6.72
4.76
4.78
6.28
5.32
7.56
4.12
4.78
4.66
5.06
6.7
4.36
6.6
3.58
3.58
5.66
4.18
3.04
2.86
5.986666666666666
3.18
3.62
2.44
4.026666666666666
3.62
3.54
3.96
2.92
4.62
4.58
3.82
2.9
4.94
4.68
5.32
4.68
5.78
5.06
3.96
3.44
4.76
4.68
4.72
5.0
5.9
3.76
8.98
3.46
3.3
3.7
4.48
3.44
3.08
2.92
2.94
3.14
4.0
3.44
2.86
2.56
5.52
2.6533333333333338
4.68
3.68
6.68
3.86
4.2
2.3133333333333335
7.86
6.43
5.74
4.5
5.38
5.3
5.18
4.89
3.72
3.58
2.8
1.86
3.6
3.08
3.34
3.22
4.22
4.26
6.06
4.18
4.08
5.54
4.52
3.0
3.0
3.22
3.12
3.46
2.68
3.48
2.7
2.4
4.6
4.1
2.82
5.36
4.52
3.28
3.98
3.1
2.64
3.52
5.940000000000001
6.14
5.32
5.86
4.6066666666666665
5.1
5.4
3.74
4.5
5.92
2.78
6.9
5.12
3.993333333333333
4.62
6.066666666666666
5.5
4.8
4.36
3.98
4.8
4.9
3.82
4.38
3.9
3.2
4.5
3.54
3.28
2.52
5.72
9.6
4.6
3.0
2.8
2.66
4.12
3.26
3.72
2.9
3.08
3.94
3.98
3.3
3.02
4.4
8.34
5.46
3.4
3.068
3.04
2.98
3.1
5.06
4.64
4.66
5.5
1.56
1.54
3.9
5.44
1.9
5.78
3.4
3.42
3.94
4.0
1.44
2.2033333333333336
5.02
2.9273333333333333
1.98
3.853333333333333
3.54
3.5
2.6
3.2
3.66
4.38
4.8
4.44
3.84
4.52
4.3
6.276666666666666
5.68
4.1
5.0
3.325
6.36
5.04
2.5
4.74
5.06
4.906666666666667
4.08
5.18
4.38
3.38
4.1
3.26
4.88
3.14
3.22
3.02
3.92
3.38
3.4
4.4
4.04
3.64
3.44
4.3
3.56
3.38
2.7
3.4
3.5
4.0
4.6
2.84
9.72
3.2
3.34
2.68
3.02
4.58
3.06
3.38
2.44
5.2
3.86
3.74
4.82
5.12
3.58
3.16
2.44
4.7
5.46
4.92
5.22
4.66
4.26
2.84
3.48
5.42
5.86
2.52
3.36
4.82
2.92
3.38
5.01
4.9
2.16
3.38
3.76
2.92
4.62
5.66
3.42
4.92
4.66
4.34
3.8
6.74
2.84
5.94
5.38
4.58
4.3
3.88
3.54
4.5
4.26
3.68
5.7
3.64
6.48
4.96
4.88
3.9
2.26
5.15
4.44
3.48
5.62
2.76
2.86
3.68
3.52
3.18
3.08
5.5
2.86
3.48
3.98
3.4
3.16
3.5
4.86
3.12
4.48
1.84
6.44
6.36
3.26
2.94
3.1
3.14
4.453333333333333
2.96
3.16
3.0
2.96
3.68
3.4
3.68
3.0
3.0
3.0
3.66
4.26
3.0
3.32
3.46
3.0
3.0
3.36
4.42
2.8
2.85
4.02
5.36
4.18
7.22
6.32
4.0
5.38
7.86
4.36
4.24
4.2
4.28
4.3
4.68
4.78
5.12
4.3
4.48
5.0
2.56
4.78
2.893333333333333
1.48
3.46
3.52
6.44
4.64
3.493333333333333
3.3666666666666667
3.32
4.36
3.78
3.34
5.14
3.44
2.78
3.68
4.8
4.04
3.32
3.66
3.16
2.98
3.94
4.68
3.6
3.72
3.3
4.8
4.5
4.94
4.58
4.54
5.68
4.14
5.16
4.44
4.06
3.75
3.78
2.6
4.42
3.42
4.84
4.0
3.7
8.4
4.82
6.4
2.66
2.44
3.54
3.48
5.74
4.94
4.42
5.52
4.26
3.1
2.9
4.76
2.706666666666667
3.58
3.7
3.62
3.68
4.52
4.08
4.78
1.94
3.46
3.62
4.06
4.82
5.2
2.54
5.009333333333333
2.8
4.28
2.4
5.4
1.7
5.18
3.12
7.1
4.54
4.24
2.46
3.32
3.52
3.4
2.86
3.56
4.28
3.3160000000000003
3.06
3.58
2.996666666666667
3.4033333333333338
3.6
3.14
5.546666666666668
4.28
3.46
2.94
4.12
4.22
3.46
2.96
6.48
2.38
3.36
3.3
4.14
2.68
2.8
3.76
3.0
3.24
3.62
3.96
4.56
2.64
4.26
5.1
3.26
3.6133333333333337
1.42
3.38
3.32
4.24
4.966666666666667
5.36
2.9
4.26
3.38
7.34
3.32
2.98
3.56
4.08
4.42
4.13
4.2
4.24
2.6
2.58
5.1
5.94
2.74
5.7
3.64
2.96
3.0
4.72
4.3
3.08
3.06
4.8
5.64
3.5
2.92
5.28
5.56
3.46
3.54
4.04
4.1
3.76
4.44
2.42
1.9
2.28
3.18
5.04
3.824
5.14
5.585
6.026666666666667
3.44
3.2
4.34
3.04
2.96
4.3
2.99
3.4
2.013333333333333
5.96
2.76
3.14
2.7
2.2533333333333334
3.05
3.02
3.16
2.14
3.78
4.61
5.08
2.56
5.84
4.36
3.0
3.4
4.64
6.62
5.6
2.74
3.22
3.56
3.96
2.88
2.8
2.82
3.34
3.88
5.38
5.38
5.24
6.82
2.62
4.34
4.48
3.36
4.98
2.9
3.68
3.94
2.54
4.42
3.36
3.64
5.22
4.46
3.3
4.16
3.84
5.1
4.68
4.08
3.5
5.72
2.67
3.8
3.14
6.38
6.84
3.5
7.9
4.38
3.94
3.52
4.62
5.32
3.28
2.9
4.94
4.76
3.96
2.6
4.34
4.62
3.82
2.96
4.24
4.88
3.94
3.86
4.0
3.44
3.1
4.08
3.62
3.84
3.42
3.62
3.66
3.56
5.0
4.64
4.54
4.1
2.94
3.26
3.372
2.8
3.74
4.2
4.94
4.64
3.46
4.62
2.58
2.61
3.16
8.7
4.02
4.08
5.34
4.22
5.33
2.52
3.28
2.74
5.18
4.24
4.72
3.16
3.24
5.44
2.82
3.5028571428571427
2.84
5.22
4.64
3.76
7.6
4.0
4.26
3.66
3.26
2.5
3.64
2.54
4.746666666666666
2.58
3.78
3.0
2.852
3.78
4.94
4.52
2.02
4.12
4.46
2.42
1.568
3.86
4.46
6.12
3.68
2.66
3.74
5.54
2.94
4.16
4.96
4.0
5.33
2.9
2.8
4.6
5.24
5.02
3.76
5.084
3.5
3.0
2.64
3.36
3.22
3.02
3.34
3.11
3.5
3.86
4.34
3.74
3.52
3.84
3.56
5.1
3.96
3.52
3.26
2.52
3.66
3.96
5.66
3.1
6.5
3.5
4.14
5.12
4.0
5.22
3.68
2.3
3.1266666666666665
3.7
3.58
5.0
4.86
3.6
3.84
5.18
4.22
4.126666666666667
3.14
3.7
5.65
2.96
4.32
3.86
4.26
2.92
2.22
5.44
4.506666666666667
4.2
4.44
4.26
4.26
3.98
3.5
3.5
4.92
3.98
5.3
5.26
4.86
3.94
3.92
3.5
4.1
5.44
7.32
3.64
3.44
2.94
4.88
4.64
4.32
3.62
4.48
4.64
5.42
2.46
2.88
3.02
4.26
2.62
3.32
4.98
3.72
4.34
5.22
5.1
3.72
3.18
2.1
4.44
3.48
3.6
5.52
4.06
4.46
3.54
4.28
5.9
4.6
4.42
5.36
7.7
4.92
6.14
7.86
5.6
6.0
4.46
2.36
3.6
3.38
3.28
3.96
3.78
5.04
4.28
3.6
6.0
3.2963636363636364
2.84
1.74
3.6
3.26
3.24
5.88
4.6
6.74
2.98
5.48
2.4533333333333336
4.32
6.12
4.14
3.7
12.546666666666665
3.24
4.54
3.4
4.32
3.46
3.04
2.98
2.8
3.6466666666666665
3.06
3.42
2.32
3.22
5.06
3.14
4.04
2.56
1.92
4.34
5.44
2.5199999999999996
5.04
2.9
4.06
3.0
3.22
6.0
3.6
4.22
3.48
4.48
3.18
3.64
2.68
3.02
1.9533333333333331
4.74
3.1
5.02
4.52
4.02
4.463333333333333
3.1
4.9
2.96
5.5
2.96
5.36
6.06
3.1
3.875
3.56
5.32
3.26
3.94
5.22
3.1
3.62
3.38
3.38
4.78
3.06
3.02
3.9
3.16
3.18
3.06
3.8
4.92
3.48
3.24
8.56
3.62
3.92
4.18
4.06
2.58
5.8
3.04
3.52
2.62
3.82
2.68
3.66
4.62
3.4960000000000004
1.9933333333333334
3.56
2.84
2.7
2.4633333333333334
8.86
2.82
6.86
5.96
4.36
3.16
4.092
3.74
2.04
4.2
4.42
3.353333333333333
3.34
3.12
3.02
7.38
2.54
9.48
5.54
7.28
3.72
3.34
3.84
4.38
3.32
2.72
6.58
5.52
6.28
4.62
4.28
4.18
3.04
3.58
4.32
3.14
3.58
4.06
3.6
3.3
2.62
4.76
4.98
4.02
4.04
4.42
4.54
3.98
4.9
3.78
4.0
2.46
3.48
3.48
4.064
2.36
4.22
2.6
3.74
3.72
3.02
4.5
3.36
3.32
2.7
4.32
5.42
4.08
4.54
2.54
3.92
4.6
4.22
3.88
4.22
3.02
4.92
3.6
3.76
2.36
2.66
2.34
5.08
2.98
3.06
2.74
2.18
3.78
4.25
5.02
3.0
3.3
3.16
4.0
3.4
5.72
4.26
4.88
3.36
4.34
3.74
2.42
2.84
4.62
5.58
3.44
3.02
2.54
3.52
2.62
3.94
4.06
5.08
3.84
5.08
3.42
3.98
4.24
2.9
3.82
3.72
2.94
2.74
3.22
3.76
4.22
4.24
5.46
5.1
5.74
5.52
2.86
3.84
2.94
4.16
4.78
4.0
4.16
4.42
4.58
3.56
3.16
3.78
4.58
3.23
3.3
3.5733333333333333
4.36
5.38
3.06
4.72
5.3
3.12
3.44
4.98
6.46
4.58
2.56
3.8
3.32
5.18
2.52
4.855
6.98
2.7
4.84
4.4
5.82
3.44
3.9
4.86
4.92
5.2
3.2
5.26
5.14
4.44
4.64
4.02
4.58
4.1
3.04
3.56
3.96
4.34
5.2
4.3
5.86
3.64
4.66
3.2
5.74
5.22
4.506666666666666
5.18
3.28
4.22
4.06
4.06
5.88
4.84
4.68
4.82
4.88
4.46
4.84
4.46
5.32
4.1
4.2
3.32
3.86
5.34
3.38
4.1
2.44
3.12
3.68
3.84
4.0
3.12
6.56
3.5
3.3
3.34
2.76
3.12
2.82
2.64
5.14
3.52
3.58
5.168571428571429
3.38
4.12
4.8
5.12
5.48
5.22
2.84
6.46
4.57
5.66
4.76
3.24
4.38
4.28
3.04
7.28
3.23
2.8
2.56
2.56
3.06
3.12
3.392
3.54
2.344
2.56
2.7013095238095235
3.34
2.24
3.88
3.36
4.24
2.84
3.64
3.6
6.34
2.62
2.48
3.84
3.62
3.34
2.9266666666666667
2.98
4.28
2.62
6.56
3.52
3.72
3.96
3.9
4.7
4.733333333333333
4.86
5.08
4.86
5.04
3.38
4.34
4.56
5.44
5.02
2.22
6.3
5.78
3.6
6.36
3.08
3.48
5.02
8.0
3.52
3.92
5.0
4.08
4.62
2.72
3.44
3.26
3.18
4.6
4.66
2.62
3.2
3.34
3.7
4.26
5.6
3.74
3.32
3.54
4.34
6.06
2.8
3.78
4.36
3.4
6.48
4.82
6.12
3.04
4.0
4.73
4.32
4.94
5.88
4.08
3.08
3.03
3.08
3.3
4.16
3.52
3.62
3.28
5.08
4.52
3.52
4.78
3.56
5.18
3.28
2.72
3.68
3.26
6.78
5.2
5.12
4.36
5.02
2.72
2.42
3.4800714285714283
3.61
4.46
3.46
5.72
4.74
11.5
3.3480000000000003
4.84
2.1933333333333334
3.44
4.5
4.82
4.64
5.36
4.34
5.0
3.14
3.64
4.4
3.2
2.94
6.65
3.74
2.16
4.44
4.72
4.8
6.5
4.94
5.72
3.86
4.66
5.14
6.26
4.52
2.76
2.56
2.41
2.01
2.02
2.08
2.84
2.42
2.48
2.18
2.06
2.9838571428571425
2.775
2.34
2.7487380952380946
2.9
3.7275714285714288
2.887
3.07
2.04
3.262
3.9
2.77
2.975
2.715
2.64
3.41
4.0680000000000005
3.78
4.88
5.415
4.88
3.62
4.4
3.236
4.24
3.28
5.42
5.0
5.06
4.58
3.02
2.14
4.02
3.02
2.06
2.04
5.5
4.34
4.24
3.5
5.486666666666667
3.8
4.3
5.66
3.52
5.02
5.36
3.0
3.0
1.92
2.9
5.46
3.42
3.86
4.82
3.42
4.62
4.04
4.34
4.18
4.25
3.82
4.08
4.0
3.14
3.78
2.24
2.2225
2.6
2.2225
5.68
3.32
2.76
4.16
3.26
5.04
4.2
4.02
1.4973333333333332
3.22
6.08
2.58
2.86
2.8
2.94
4.16
3.9
3.42
4.033333333333334
3.54
5.3
4.06
3.38
3.38
4.22
4.08
4.18
2.46
3.66
3.38
3.0133333333333336
4.46
3.14
3.26
4.24
3.7
5.82
2.96
4.61
5.04
3.52
3.06
3.64
5.26
3.3293333333333335
3.04
3.12
2.94
4.0
3.28
3.6
4.88
3.12
3.4
5.74
5.48
3.0
3.12
3.22
3.8
5.16
4.872
5.2
3.08
3.46
3.96
3.96
2.6466666666666665
2.97
5.14
3.2
1.68
3.52
4.66
3.54
2.12
2.8
3.92
4.12
2.58
4.5
5.06
3.12
2.68
3.4
2.74
2.94
2.88
2.48
5.12
3.62
3.72
3.9
3.66
3.9
2.92
4.66
5.94
3.32
3.26
2.844
5.98
3.12
2.48
5.28
3.78
3.38
3.526666666666667
2.58
3.62
3.6
2.5166666666666666
4.744
3.32
4.1
3.9
3.4
3.9
4.92
3.84
2.58
2.76
3.64
6.02
4.16
6.2
2.98
3.92
2.94
2.8
3.18
2.793333333333334
2.76
2.98
4.8533333333333335
2.693333333333334
3.72
4.12
3.32
2.92
2.98
2.38
7.76
2.66
4.4
3.52
3.34
2.94
3.96
