8.894389801872771
6.427478828921497
5.5035074824389305
5.45596202300311
3.7440217857412352
7.506163109421622
4.813870312393993
7.697451813076169
5.217057297957048
4.420828038333337
7.920372992364187
5.658257152578303
7.859997946106013
2.2758772087381423
7.274837660672271
7.722540300818974
5.8791565912317605
3.202061508531034
3.4932225838303057
5.868174069572967
1.3709335645850393
4.328734578647472
4.693259502196771
1.5292825702037294
3.99483539201765
3.472299653579654
6.229220623546843
5.304039534368274
4.8189070032219465
4.527672377309154
13.46770999018613
3.142135884175694
4.248776682727216
0.1679640726800583
3.3882826977026035
6.476945601941923
4.464888549322
5.042740610170144
4.278063602008297
1.2881414006635197
1.359685104395144
5.315686884353672
4.740976406902382
2.7416063261536583
3.6156138585275652
4.384363595634002
2.295933755132556
0.9706486319756646
4.080849502374096
7.284181249274677
6.1582331373154995
3.42920323169317
3.630456256672117
6.0245901162353634
4.180364738078417
3.306312305537144
0.34663661764063614
2.420637410709017
1.3479057284367333
3.872454662084689
2.489543409795215
2.099383575929667
2.207456435756027
2.1630711593256238
1.7344124104957281
1.9603506224925813
2.039025425722953
1.598660925774773
1.720542646058741
1.4407550240918157
1.747611043731668
2.363152223575714
8.322644704801782
3.6066433365347486
4.593677558063269
5.510410137632573
4.489125253428923
4.137596542693035
1.7067986942605116
3.2966257818383027
5.0759682453862975
2.1080723681503524
5.493748492701026
3.500165286219188
0.6416009453038942
3.5213355121809946
3.4074182422309622
3.3123529977995627
3.567195490129119
3.292080714961208
2.2794733738157444
2.49399798705727
2.616966298298555
3.481533000482416
3.3415860648384674
4.915908429722622
3.33530855845704
2.8304073101049934
7.4372041605174255
4.806162477499928
3.3503805445823396
4.6359394015461
3.339683096538387
3.18929212114434
3.4477560304694106
5.0867963986727
4.814634001802
4.874636903753405
0.2653930969693119
1.236473110742817
6.932216498107853
3.506466484547414
4.79313241350183
6.950597223534803
3.401051169797331
3.535519758059285
3.425094063804411
2.275247716721054
3.7482177804280865
3.513596359834213
2.8926769619005452
4.2020282689187285
3.043896433341898
2.973911913620802
3.2987828932788132
4.344084840969039
1.90242667001309
3.4596480339289397
4.073661967487783
3.454030873700465
3.1339674715381607
3.644154589073812
6.024812072515011
4.111485097647769
2.9574484162733072
3.075673516919229
2.753773931703779
4.856834293804155
5.382062179401458
4.578624291619499
1.8737493854832992
4.223383735161598
2.1972558537725777
2.9393849214109053
4.719893583631664
2.7854605534775447
3.5742412624112996
3.6914235965376014
5.147111208359523
3.5814876452337927
5.353080001886785
3.9460222062893644
6.4149550250002125
4.492991306314009
3.926535451960133
3.692019624469504
4.38672256497196
5.174472774946576
8.0582360510289
4.663380458261178
6.668106430956994
4.892890379417633
3.7083177743913818
3.2343228725986535
8.009275297426399
2.859430180219581
4.83204316405702
1.0723296861900722
3.8343624377801486
4.577636937715706
1.6562462828515976
6.271823936729084
4.89021755718163
3.557819065944084
3.499663911127454
3.196535988613397
0.6343614104020678
1.5128545080792326
6.069441541975182
0.09419479895811261
4.473506625921793
2.644038678050646
3.163611474300655
1.7411544911955215
4.8692383409334
2.8388410324006745
2.4041041674189474
2.1237376729786557
7.647752468619811
5.04989846180049
1.5720804026744413
4.835934989135585
3.920217231575397
3.455272223186158
2.9039369894677125
1.1515779810762532
2.7663872689205697
2.6378685050982367
3.357083210373089
3.8310863453204207
3.49088170710859
4.721825619428481
3.6572923034570324
2.203713708119914
2.078374178479893
2.5117861213730523
3.9372084710331414
5.803246691700711
2.5488739113012593
7.663057879509015
5.665183263037717
4.398444412473097
7.626332419113297
4.345862039658097
5.926301081209048
1.485588505877272
4.890130350191783
4.656327503022283
5.519494589320982
6.601564152550825
6.373909515838921
5.409153482948915
5.133099329145664
0.12111331524210991
3.7322367005280164
6.052693400539274
3.3983141795399185
2.383215692149579
2.7536384029707364
6.341124364322212
5.933919904411123
5.995588578089977
4.098281698349717
3.8860158832319476
4.787176560886633
2.309692443843947
3.907929046369293
4.0587602408490415
3.791191144442079
7.240786479761889
3.080538738221791
0.7415333102478835
3.7092606416860496
3.252723304899929
4.218996637231837
2.120730297316208
2.4604353534374703
4.787227936424971
4.269806113183847
4.130770338302866
5.997456981169478
3.841172870889432
5.310765791068672
4.298533373517818
5.8751018080756445
4.8437766651840395
3.4202359808006197
4.436306275232667
6.054609279862728
5.115427850728396
4.718203407846532
3.488639258631558
4.162473261896217
4.241349344449895
4.907606091983468
1.4049230233164056
5.010496137486479
-2.863682822842058
4.756732887662378
2.0100419419635713
2.280857450815101
3.024389788144191
3.1182810226215407
3.2902956946397794
3.3993959729174246
2.272022189145121
5.385396283423837
1.6050818407506509
7.130433441785035
5.481345082676169
7.306853749114141
3.205385000293989
0.37967913692235605
4.405506980203079
5.302424768966141
4.672775520832728
6.21161283555711
4.969703718899872
3.7106902713738434
5.293394044680152
4.982642810546663
6.2437150013151355
5.667823917014706
5.4869504231887
4.165314457198787
8.35250969203076
6.5650069763537555
5.229737240222301
4.124276996438149
3.9570040834645774
6.129850913695276
5.456427666126174
1.316369582933238
2.8186958592343943
3.472643809444986
3.97726706561901
3.9260653653370983
4.061502917779875
4.162863543159991
3.338652147286524
5.038693747767515
1.9300105506759848
2.4731030304756785
1.4084035434862974
-0.25234644226704217
2.6762259191701085
2.3103502401036424
1.7430746200604241
2.0358947981957947
2.948939547199009
1.6640670689918895
1.283427717008746
6.118520446460365
3.289353809489487
3.290035739534737
6.8653686796055275
3.863283300101282
6.551069158259324
4.457004046973223
3.9122339793945167
4.755125069344143
2.356364310599806
4.055989979620195
1.0221961209023864
1.5082644385062485
4.551368286418032
3.7942678158429386
3.405711426485198
0.058627218253080426
4.178917580039702
1.4075922234988598
0.7753155208919289
0.2360745520220477
0.5281312262650519
0.6314325755986809
1.173647267081955
0.17527432921287736
1.5739059084886027
-0.7562524803010611
0.05689024460349919
0.8852185172102505
0.9400893906041297
0.7018285345861895
0.5686158025979257
4.571203235322621
1.6182745374170457
0.5077907390745116
1.8476988014258735
1.3344845689139382
2.138399049558634
3.1055248781084406
3.0296087753365497
1.0482115682868554
1.3132807624589407
2.1317535202869458
1.7921541445673008
4.871828849783259
2.3318555849163647
3.7751808737361574
4.644055945896749
5.682290262332813
4.983165507017379
3.6927249741500896
5.14015124041971
4.8351202351081
4.367862214172131
1.7307536618630943
3.2843111819556943
4.278895632135443
2.75548390174197
4.614133061910707
3.631907161679881
3.6987390544754324
3.794656706110829
5.0839204196015935
7.424046947135382
4.737004854848712
5.7117736048917624
4.6925351825995065
5.809544992902175
3.2348957466540145
3.451012141484669
3.384126529105523
5.891567973276635
4.24064015497229
5.330729458127186
6.659632707599135
2.7048922938757647
5.19228244778166
3.5556247465247206
3.198976576545805
5.198043798172271
2.4560238045448957
3.0805910689831375
1.630207157366692
5.188791029239773
6.073067839646935
2.8225258441486996
4.044080971047819
6.006275844687927
4.709984339257328
3.332353892983733
3.5206887333194854
2.5252695252419666
1.8643899184003394
7.491851552726754
5.039221050078595
2.3820222997683236
2.482767274995051
2.825967275081479
1.9269733671231253
4.242778114368001
4.2325411593090845
3.302442758511634
3.1409352850772323
3.9397690805679626
2.2553445220561135
3.0114904215115925
2.135530072974032
1.9424783173945934
3.4052072319951248
2.7963912060337495
2.6351762926841866
1.0775988184698144
2.9131353886523264
3.2584301383909753
2.8025491816301833
3.5521373905762674
2.5599288622829675
1.4172503200177777
2.128331632493604
3.654061259358262
6.485636469974757
3.736009139678422
4.156964415282685
2.0159677347586213
2.258490884271835
0.7944971748594158
2.1910206310976044
2.7058080973220253
4.599696151551635
3.4859453703954393
3.153829993457281
3.159827463548737
5.010951842970182
1.8849758353029729
2.774951558229036
4.187190604312323
8.754607291111387
4.672299990644441
8.618911468223404
3.3748027962295826
4.896452614807161
7.38237512600831
2.221002575329088
3.4599777826817237
-0.5793716418535024
3.250966337959493
5.1308287131424555
8.348837499925692
5.638960255829394
2.9079402276764985
4.852513878840575
4.196055292234831
4.743004905920234
-0.6759361167046936
3.188842774863823
3.8772752978888487
1.171673805300839
4.55593407864218
3.737952725525327
2.5837218748726896
2.3191534187878253
4.468179390115105
3.1598357647539492
2.08101750563215
4.149039233762173
1.1817275097508606
3.5500365267543788
3.131406079107437
0.8916657460453834
3.2260350272258034
6.740503006399687
3.587318821537608
5.64698527469283
4.502961490418675
1.1019753216746988
-0.6875099110468592
0.33564642375977727
5.9436027483137135
3.8661143386591483
2.8292456765624396
3.36202564346855
2.937778815393225
0.9321711143706671
2.588420371689835
1.998951710705295
2.350582039051502
4.811911776123314
4.4019853875346024
5.295849994547009
2.735475338926625
5.538662278113921
5.629214441080688
5.785580310752659
3.3176212331375865
4.655142239704844
3.0828929254583683
3.931256334787709
0.3435113201320277
3.199533144672444
2.726329088068458
2.316572141055433
4.384376565476921
0.8691556392169482
3.7657285523375936
4.717855227618991
3.400042863496231
2.367080450495432
2.568065273036944
1.6293399996724898
3.035746574013654
6.056190834667264
-1.8263010838661786
2.548063094346888
2.1849788219319426
2.5750961253269096
2.8923474410006893
6.585365216505362
3.7478375769338252
2.078988043672868
3.6439043856389186
1.2427188609887831
0.4397998397818995
6.037565726083608
2.893607876637061
1.4945692624529439
2.613479159950863
3.1472166295315906
0.7157650639589901
2.528334746299255
1.776936254639866
6.293563973567474
3.7783402473758754
2.663014162617677
1.4660378207695455
3.9593632810201718
0.5450865798716106
3.405831905223439
3.0542204580851395
2.0709923860938404
7.823608548094409
1.4776480462748325
1.509745147899804
1.403866333285855
3.8910895657494233
2.85666149281991
2.708595216284098
1.4222429148674716
2.8333609647940827
4.182165093340418
4.404319254359945
4.167136108457883
2.3378785694260413
2.926531242741221
3.2010858001045484
2.490576853953073
4.586927734817158
3.4975880839461824
5.5667957450494345
0.6742731007197259
-5.4287530290331745
6.566435629564984
2.8924917685839358
2.8029405056530012
1.163958140118193
2.0937257341682733
0.5093048526455621
4.619566531817688
2.157278456815483
-0.5609346395999905
3.6295478676692317
4.915751855229077
2.4329350555490215
0.6403037420845452
3.924057892739776
3.6275221752823454
4.124039386693542
2.2832655469135053
2.1612190733869276
3.434641515888599
4.100729208038164
0.9450766479759554
1.5056584414621663
3.0929276004258908
5.751813623285999
2.148527765419201
3.904597045416324
3.9661881614430823
6.994521187248336
0.9177665453372748
2.6518772955834704
1.265215703150872
3.206467276445277
4.361145862449094
6.103440080806528
4.594652685505234
3.6466440585034356
4.664818005881241
3.9408957328747167
4.064348770836731
4.52598540046643
4.315402226642522
2.842706049023012
5.532320242243948
4.705897123541479
1.003055861402601
3.0422273134877784
2.4543338181930556
4.3649588176204706
4.68629425682545
3.897761084518419
4.034941687794516
4.538439688858338
2.5865034542917082
5.087769616458013
3.954130486140452
3.8904794891338286
7.372234304103278
4.813466574321225
4.9148534146480065
6.286591178407148
3.5184060388840668
4.59514823041954
5.643700655446398
4.478629543350648
3.8353639366151375
4.119278620264022
3.7931805927311277
3.4688016249490197
4.3017693755653585
3.7063448802536936
2.6653362401734464
4.214612769724495
2.6640864645439284
4.645847232156267
2.845222242373543
5.687356648401681
3.764108429075183
5.057990940019028
3.0202525405905702
3.840137612782376
5.695402362024948
3.118478801743318
5.184434038007954
1.2475647060236994
3.7040651127472977
4.727536951616684
3.9699159616011666
3.029209911497294
3.425786523836246
-0.11468112976972586
3.052863198227581
3.1287412425951193
3.737115439729491
2.729098319304466
4.45051568464243
4.768891444076232
3.931735896531402
4.073290291612895
1.972931073908169
1.6232356313655065
3.732392883756565
3.5466395876644654
2.907025253593421
3.7299494490640663
2.7148028421109602
0.7037073051613285
2.165152472623934
1.8175246402829932
3.1988045268337224
2.3836320470027297
4.741504512926245
1.101951431487484
4.5081421646801125
4.234101623298888
5.580997481211121
0.6321407007296321
5.835836560513958
4.912519540237027
3.9310465122590013
2.764130626302607
1.455661682007079
5.129343886255217
3.7248962301653763
6.536469547689125
3.0311617028790865
4.358428937829458
2.8773049963941175
5.101878457225309
3.8975816109345995
2.969709652507432
2.798361986319406
3.820146071307237
4.760878258578643
5.518112697762599
3.537531557302124
3.6545768667450518
1.5218394716016048
2.5829423506577514
3.6060026519448627
1.744632917222933
3.4653581277318604
5.272963913397627
3.1235574832124358
3.834973660624535
4.018264319210913
5.255032686822947
3.239377767930466
4.531295242147335
4.5298668751398905
1.6576858194341189
3.710316974713513
1.6425109001579246
3.288760999855319
2.059973219656467
3.3158008713056324
2.2477516939595974
2.3461640767348406
2.1400889265663783
3.451590068141024
2.9217031232332618
2.014145400793484
2.6066127185802386
3.429582144813266
3.857052595787226
2.8618113931841522
1.7816445978033717
4.750243068231065
4.827853426268566
1.1837099805404978
4.388034106053081
1.7546192291009668
5.548381216164986
5.982327258636309
3.133612649582059
2.5511978114265
3.007079119479743
2.498362606104086
4.02093396856661
4.471358217636762
3.889415278988292
5.931582642650477
3.1383138784042575
2.9115143556481993
4.344727255926424
4.628938492605689
4.980852672210945
4.833092492281807
5.868884500514414
6.002097866520836
4.532487615869488
3.499694812104932
2.2862291218570276
3.4662404501588227
5.323086244256632
7.560450739425799
3.167150617238758
3.8632300046042087
2.8451592270280237
4.606501438220322
4.939865611136717
5.4242384244057
3.918822900147858
5.0521962769740565
4.466155754128848
4.45255935681678
4.515701040151923
3.848506326253446
4.45213214038069
2.580718560192493
2.8164516017327275
4.147046310800554
4.655322964651157
3.0716245199633985
5.131540186531113
1.841872175687622
2.476308990868604
5.056886158428123
5.6115524618149415
2.1659319947530116
3.042557115103408
3.992094855686094
4.641916257631388
5.244060884866356
4.607198526671649
2.3502633345803674
5.26246280920274
4.220376638360946
3.7339394913137416
4.842837787255941
3.200716964170355
3.524130360162197
3.655395400735543
3.7122989553335106
3.5732564918147203
5.7067850698623666
2.4462568707961063
3.35069599177896
4.786336617671785
3.9747264350307914
3.3678624258326253
4.32007387666273
2.629839349299316
2.731437041171936
4.639235290355331
-0.43446257943991934
2.241346876663825
3.331827186625422
4.9514642154692
4.839893340955159
5.972664377620324
3.0235122785869204
3.684247310013114
3.39988940914411
4.865578664331445
3.8855994611846016
2.058136691359366
1.3342265223915668
1.6402980279364971
1.9704789415370556
3.7836242382774152
4.391202543943652
5.926159442151629
1.3987808381124676
2.236912677553726
3.983717499902703
0.5110603627152932
4.914251167445585
-0.14166076622430912
2.8149095430201307
3.9276521973241136
7.707924201531814
12.240782635716807
9.773629515492654
5.564505217334599
7.443917227751278
11.985953754014963
2.208335096326584
3.5380167419059156
4.415868998575487
1.7675057310950921
6.351762368480986
1.7415461394981973
3.678133289029005
4.035465603404648
2.3614006043537312
2.169687518726648
4.430962489880141
6.6780222694341465
5.043449777673619
4.291616550691739
3.0592554860458208
4.768333835317399
4.429401809662998
3.8612730163051543
3.834473610476479
4.114074108208273
4.365883825437235
3.867486317901362
4.380876981872465
3.8290360392046945
4.076430244783345
4.215066448857892
5.058863736688529
6.71378101859907
6.7818404050751395
5.193124828989788
4.4223945867683385
3.306246881436668
5.9864120226809625
4.297205833320205
4.552079203266745
5.285616629830495
4.953249098976072
5.03796764238746
6.797266166327075
7.186938007346957
3.4135850185174967
8.954690345704025
1.7631762047662294
2.025633531312797
3.520410961071684
5.714692630466186
3.413124017829521
4.855337415263938
5.8863450837863835
4.091562435012618
3.7373127210727657
3.180857484758175
1.6703932517703006
2.71539269689608
4.077432555118059
2.6158325703457694
5.019542794174424
4.1387330043698265
2.337935502332508
5.889598029426237
4.435863112257347
2.953877430657981
2.622884649306124
3.183187937453971
3.812579493909951
4.854794428429103
1.8962959894086762
3.602354661864682
3.523507249880024
2.2337047046255036
6.9693215652106515
2.93363561838239
0.7958173639160341
4.346973709547821
7.8248019017693
3.8621728735393663
2.951839536250549
5.293049568429927
4.136168553922916
3.955596353957217
4.273186581095796
2.9521138768979607
4.10663980284898
3.983925815045973
2.145044937907487
4.323595261027782
6.020933616651797
4.921873447819264
6.438157631343056
5.499749764592101
8.33841076586321
3.8417488692121875
4.269024584900757
4.590181901360272
4.304403174157947
4.107917139566887
2.299620024764052
3.9859146198344573
4.016357139198382
2.0953918468257053
4.013936564668143
2.1754258528222663
2.869897387259809
3.1571136978394585
4.632019247409931
2.835523275247631
2.7656646415488098
0.5568431656940626
3.492953375494616
4.08898665869101
6.05129908849988
3.106394910344529
4.798172293783018
2.1695354933691826
3.6824741157178393
2.572377193605556
1.9680874105875807
2.1323380474035036
2.308582754995054
4.475334289607403
5.401127925067017
1.6160678617242998
3.439996300498937
3.314301337065017
3.7367281085688546
3.416394525383685
3.284677610914567
3.4627400327950397
2.867468385683288
2.4291723441316346
4.300357794942125
3.562918199096921
2.689709295137342
4.30662477634654
5.175402557673353
3.9437201676192184
3.1583555820922364
1.7991233431410218
2.3117624577608593
3.1506147502368447
4.3065532449123625
4.620180917584231
2.888466631161154
4.143014793715931
4.995790025924928
6.402560372080188
2.5444182584187334
4.821631865756987
4.122756876504378
6.625705818763452
1.5230482185294865
3.944171473276748
5.076996784473659
3.440646713435263
2.916658000145814
4.984468677206265
4.063933853046747
3.0372029972914327
2.819561362990916
3.1780332403710587
4.0499101018171
5.948994889706749
4.086210415392863
3.1759973733726308
2.7974586872141978
3.9640708503599056
1.9917573392016594
5.216280781276021
1.699030349974444
6.617186965891444
7.155796137307043
3.8581301097764964
5.2182499632604475
5.687807957952507
4.6330561013516185
4.4158351824286886
3.771619972049408
3.918416832633001
4.230954136497818
1.5249458025273335
7.332023690824333
5.624193691559587
4.415190493223309
5.542828101260814
5.238738305667049
7.557014523572681
3.022054240527685
5.160814780062187
3.5256863789995676
3.0507086476494294
3.833604226645817
7.350538365603322
5.316460507160607
4.180706292881279
2.5334923870460693
2.8009315648867066
0.7729880017221964
2.025319664633595
4.119374165871794
5.972012401967621
5.499104530246718
3.6522373481580845
2.210320178103727
2.8528868095051108
1.3296448546398785
4.4164141263875765
4.779191785815525
2.841220964325577
3.3845727504562846
3.271206671800542
3.098751850460013
2.262044709233419
3.9114337260831022
3.7102929853753484
2.4937857923870133
4.402864299677381
-2.7593464429639063
4.418426939629265
2.2998717361648686
2.4359711078915196
3.3547828811631506
2.4528398250620436
2.4694438169332042
3.3616369236164254
2.075296454416819
3.123714955412488
3.7860515011209666
2.917793918833883
4.084561166611325
3.249225685583543
2.5364687851725263
2.6023579990749544
1.4655123727861106
1.941179687912933
2.633289573155491
2.8109637761612496
3.8629681480603577
2.0193126448267686
2.804477188714614
2.761164763028417
2.620567954573305
1.8632351932202167
2.7358298375768992
0.5121881312754771
1.3334772918766156
1.761097122641477
2.423229695470978
1.9480317665658515
4.064967090467917
4.167833232543986
1.5198548591063201
3.210878134435207
3.0753773186084694
5.340467762180289
2.8904442656356117
4.902439735672286
8.213559920004032
3.5754836332177535
4.531894524640931
4.009812696355682
3.1353475744727644
3.6304645146997077
4.2492383987708475
3.587449008181936
4.364892256192395
4.925284114363505
6.296035868195862
4.255598921424346
4.817105147330421
6.894994867443468
4.818426284212307
5.07115421805738
4.8652321244398165
4.8652321244398165
4.827616044009477
5.303623305928726
6.965874366945794
4.122690983593115
3.7978509277443817
5.247532566624797
3.864541158940192
4.510300634067773
8.11920530215977
3.9130493998434033
4.486358921206085
5.543602007884841
3.9605915424276916
0.7111132188444457
3.6137547319247236
2.341027074533878
4.748999507664093
2.3748888339970318
2.7530240177735683
0.6565992929270789
3.709603839586757
4.072412978830725
3.8222052423491757
3.1158641491321664
4.939614031157442
2.8022833296481076
1.901620954864912
2.624260310246351
1.9347099254248876
3.395206374083365
2.0917475020692153
6.136013370587399
4.65023315080256
3.4714801508099686
2.2921159512122773
2.9782253376343246
4.617981063974377
3.840240370984409
5.142080285733625
5.417464708463381
4.044797409147249
1.1814405761652806
5.031432483249247
4.80761556870397
6.674529450291452
5.113591302581025
5.8544357943979906
3.7945861099653073
-1.1814930714375622
3.7540974595860406
1.8655619181395429
2.410834648926956
4.3739854745288405
3.123824060101179
4.80524747408753
3.3444499887272663
3.2742997782799703
3.6543656252232775
2.7349887644291924
4.639247484973787
3.842461013559613
3.611775381371665
5.58811470561138
4.604254190137121
3.270600403797122
3.487915463393387
4.566999843159431
4.610557661957354
2.8751376704080855
4.636620085176244
2.8505044495356247
1.81648011987577
2.8889092322998695
3.0321657812353617
4.033371571014939
3.2121027389348087
2.5626905807855507
4.392412937159827
4.620615339665458
3.5022748745763486
2.9137603686602365
1.2151125148439998
5.144427550229995
5.545654610436937
2.7685549152756215
6.192731226687845
2.8970553742694674
3.674042095699594
6.375048506710236
5.753008589632602
2.9791627234373386
5.005134422248545
-0.020392019967559932
4.047912094329139
6.55851619835364
6.01673123846939
5.265287037562991
5.239925109176379
3.2997553882925583
4.798296997441406
4.215412987004625
3.173049611622983
3.2459851003391975
3.4909319232059985
2.2419379987282397
2.6688401155216335
3.4013430901055766
3.3225599551007075
4.183649037280232
3.732274809445518
2.7211019389057896
4.331416210420274
3.3639688263252
1.90389109234834
4.275601598501725
0.5532467830995138
3.155131759636731
6.539245979532039
3.4972820588001445
4.02787578130237
5.1721563243284185
3.262957955991955
4.70781139645429
3.056589830538726
3.4100853109065654
3.753577191525847
3.3380279227553435
2.0593824531775207
4.482689320999917
2.315736947324327
1.6705973353213972
6.95732854060914
1.605074387224633
3.5610366145065293
3.3068639685383614
2.840660087905703
3.6749889061882075
3.1939785544532784
3.071199772304299
3.523417721913051
3.312991299430326
3.6268264570973043
1.2733133602360445
3.3199338298889685
1.9287360417962862
3.595539293438792
2.437310742821028
3.4553846660834258
6.515061446966516
4.0923568444519045
1.7305300913052888
3.038672976869504
2.055000949960638
6.122599125212392
4.6420449402367145
6.4349453505116205
4.053578172781093
6.059038738674209
3.779685219431897
5.3420037511848895
1.4269914227429255
3.8686892848935854
3.4709861256273284
3.5713292439915763
2.3154278496752796
11.419245714286962
2.768881583463309
4.3654514271375575
4.835559856754743
2.9178776977874814
3.0564459953661807
4.701248190773702
3.6257484011662795
4.788061310734612
5.489891996464914
5.830315350388591
6.6961102033612985
4.587326629347473
3.4237220422259598
3.642296356397084
2.838369349629927
5.012125172486223
3.8921438702047078
6.9159839978718605
4.945816587870242
2.955207624517962
2.955319971921451
2.286695058235255
3.133071653017049
3.3454519683951895
2.733402842699808
1.0076720409076063
3.974439414684618
4.160308128695246
2.610572067325006
1.4526042125212257
2.8528868095051108
1.174561688940129
5.912345759708918
3.9942749952096213
4.503036282842319
3.027655746566777
1.4694680561276943
5.715492012713539
2.761967174804232
-0.0370001058166963
4.129582806117533
1.875765945830388
6.431383229626314
2.2932415927333456
2.668650546658036
2.6010469232113955
3.310724606570487
3.965253985896729
5.404204861361745
3.9470444948438046
2.439231720056612
3.8241474683776215
-0.16968522211245377
5.384559008721551
-0.1311808604953942
1.8890625328890573
4.630610727122729
4.57614943175736
2.7889737969462636
7.485169366553314
3.5509249440196347
4.172071137615397
5.448655367947076
4.880579223160909
4.455407886556333
3.8831020599716566
3.7592948559976143
2.00082614437399
4.738114691727585
2.1160320773896393
1.5269933541353373
3.0982270938382803
4.862700844937215
0.5527425554495639
4.137971571819326
4.735680245293121
2.3114766711461177
2.651140388679245
4.284462544169683
4.251041112247913
3.211729373550442
2.4000445366890557
5.29139823341885
2.222355204274062
2.434960464123236
2.5081821890290157
1.7191792284291196
5.622535536671863
2.849229948353483
5.187423888310654
6.495675723679488
5.2751807420656265
3.3702343286804206
1.665960855646016
2.857465697392713
6.309187392860176
4.240341525590898
2.9360012068308956
4.3615319291001935
4.159902719691308
2.96091271354771
3.5699732967416957
2.204557634418957
5.768436697411602
2.8375854952616932
4.755145642478712
4.030611722207463
3.2712362933968833
4.460050963397652
1.1833024638298748
2.13161611351735
3.181076103692931
2.239816261970578
3.881497169053714
2.952582464887012
3.647785982256449
2.614868937461983
2.2575721434847167
2.9639738340633146
3.172164575802808
5.013144091629537
3.5523243611205837
4.403109546790398
3.843696567709724
6.771276530454513
2.4347788750807164
3.5908635679090697
3.3609963597127606
4.438727635484973
4.809039819743812
1.3256358442980438
5.420532056264124
8.240767186164046
2.886106778795257
3.499065341167405
5.982074922945007
4.086580614969693
1.196697100384428
0.716485386241332
1.5569720825283
2.5415796552765326
2.516864724500594
3.0885104165449238
3.672916275012106
3.260638220555887
1.3134542115307384
4.86857248697802
3.578845047440943
3.264623301023061
3.4025187532832897
4.156259524574799
3.6987315107386403
3.865349496838428
4.131596069179469
1.5892294843564976
2.0007968141251364
5.247289483206714
3.433915017314066
2.406792042469417
3.259569296889844
4.287333856132491
4.277025356899608
2.7435743276757942
4.388449262083719
5.652592596297721
3.6169800708620374
3.3643928496055726
4.650272940214366
4.562318826399579
6.329506252243029
3.1555721233095952
2.538518781920698
1.7958643229899538
5.21661225785855
5.348908481720397
6.140113287996548
4.889177591455896
3.0603867448090463
3.7785618492105093
3.6152860504075255
4.538348911593098
3.153287227738575
3.2111937803419623
1.4523873877759566
3.3981677879288013
3.465748191245758
5.156894920543042
5.760732868468235
4.791610073971576
4.194918500118305
1.0183259912045062
6.511733362686137
6.212678186247825
5.894527403198115
6.107516636861194
4.635751142529938
2.958339766906208
4.864804002246522
3.255568478345413
4.484607720081682
5.984441579400332
7.235619391530026
4.776086748272444
4.463334162935244
3.447657131215415
3.0198148404931064
3.200946079283788
0.7602048597717432
2.487962057821076
4.7713296755610415
1.5899641768524135
2.526759255945873
2.8616044045595412
6.301547821370524
4.023179935039557
5.1573709572668
4.979296789732963
3.605530803710861
3.564974693717616
3.5175612770575846
3.409046803554315
2.621719962917755
4.48898551950858
4.2895048774419395
4.149190071816684
2.273801152190801
3.005247579566633
2.7561786533959642
3.5137949949572107
3.784691299247735
2.5259355220789437
4.545923314088063
4.24601557308965
3.7371753642644987
3.7089961412470416
2.540899202042755
3.1422957895185184
4.550426502555995
2.3018015178130686
-0.5084783901569883
0.8430104191209917
3.1600039746710866
5.818664525793356
3.547555142057108
2.409473385312947
3.3064058380091716
4.442553430240742
2.045236211135626
2.8988573633703485
2.977410632856812
5.770987826069381
1.6250929109966736
3.893996044652535
1.7244693110858142
5.711189632084897
4.750752181241878
8.436233388194433
4.825024792524383
2.5735547505007275
1.4454533850900497
4.705586510587082
5.259509005716563
5.952245483445023
5.081244223267484
6.740977726843718
6.130161679941495
4.411075497868943
5.843108856565891
4.589439468748857
5.8923643270111015
3.5895830390750354
5.767420961030562
5.154234808733171
5.846073922064045
6.270993084865079
2.8101926698032687
1.932222653689804
3.972222284716002
4.835885418467619
4.062044626088053
2.7233342463933803
3.606987278815825
4.367896884447563
1.9844847727004626
1.908723512341589
4.162351993629062
4.398704203054621
2.7806220438545197
4.21618626147113
3.4110676856355924
3.4891867788792217
5.839506199938473
6.221901692685564
1.9137087520504799
2.4705565742342825
5.719076669084959
3.6161982778907316
2.672675030111239
6.3774704290902715
1.8303035504071232
1.2449366262883446
3.3427339335097663
2.479993487563289
5.042644172787622
5.294055900979004
3.166547483275743
4.275758707879371
1.293668679106827
2.544406215417945
3.339123215573301
2.6433366951575845
3.189764783728171
3.1304144782771774
5.190066552878938
1.1212117592366404
3.7481163149510244
2.7228161533354074
3.868788938158382
3.3231735880986606
4.50088563023832
3.7907008982836836
1.9542073238218383
0.81963701614601
1.8592309039885522
5.883750380294971
5.012592755164447
3.9206155391027226
4.6244374076865
2.4617213357261845
0.583278882534071
3.371864261578979
4.165996704370494
3.8177640522519956
4.3067300876745955
5.642104113350448
3.4600709920919694
1.8295784610999413
4.394967421197217
0.048214795403121374
2.802260343393273
2.471109251883462
3.655676265090596
4.111117665817915
4.365847800499556
3.7508965508979837
4.056671494083591
1.1593774424195877
3.3441738746813034
4.104577329242843
4.0963173470852885
5.55530274734277
3.084087588145115
4.618259925850228
5.849930554261345
3.4130546246375335
3.463834206517248
3.554675507520456
6.3246120386970155
4.196453801480943
2.8915938627221114
1.5527551191415734
2.6513760882545485
5.188215372181701
3.748771300358733
2.373149341569197
3.657579665149874
4.154274611695318
3.849735916593806
5.828470179526497
3.9427155000416514
6.37049761274977
3.7096241664964427
3.6132515991494816
2.166133794828926
3.6440731598189053
4.909836536506692
5.042446596246636
5.4337047996465895
6.120805325245648
4.332346960056096
4.625264411979114
6.174258031718165
3.8184382962173236
3.7376768803228706
4.191383807209324
1.79725420636811
3.561526859301477
7.96497754462679
3.724419277888431
5.741640486857016
7.062595310463027
4.299041800942509
4.94680037363195
4.366456288964081
5.19812669587364
1.1344027600521605
4.753479570919325
5.290334528863529
3.2170510517106323
6.2161194132807
5.723430531402027
3.9864973044333527
1.9641255165985858
6.3129678085015515
1.4529043166329638
3.178050896111196
1.091394895145727
3.2734844546077078
3.3572908489044098
5.030746963498252
2.8055154474382604
4.103665999090826
4.775022576778584
7.045628014196453
5.80351497499935
3.1875734534962636
5.4160323783287225
4.677789571193004
4.278352555201205
6.537828480102736
1.5782441343519282
5.597202217689289
4.064126718798698
3.4946811057980183
1.6705973353213972
2.945902265921463
1.7943958597085514
2.197003797722321
4.01715722631351
1.9136849463387975
4.355541984886424
3.8975875522199215
2.437761198049024
2.1248357609653397
2.961228847195666
3.979325071460166
5.3839592945341925
3.131214547615338
4.967148436175647
3.575624005469602
2.6599638511610846
2.752029357980448
3.1277301244586484
3.1555234039399362
3.6885822275946607
3.229580637385223
2.78970664630118
2.922564152983894
2.741629749717254
5.863501704557578
3.3604930173150724
2.8828345211007105
4.483949527836787
1.6640911997250705
6.805681309469949
5.801176883600883
5.319355601393109
5.537684047315479
1.7838101645052982
2.191673603648918
1.9575120639007098
2.7276277788665007
5.203301334283244
0.3564469012001431
4.532985251033017
3.1724807177756245
2.8872339895273647
3.5726310792790232
1.7984874028716564
4.166563352873312
2.8201681709334667
5.366163436033384
4.442103615679295
4.849366322977225
3.6924084766317655
2.3093412452339974
0.44083455999999904
-0.44060214744039244
4.435477776533456
3.7690603442524813
4.373823196523181
2.8489513623704847
3.478564691497069
1.8211250824329328
4.594259025608215
3.7873971532626673
3.2935923036952035
2.8214430359127705
4.484200030868461
3.0083732732806188
0.44150728939693984
4.7517629404196855
3.2945101779999053
9.488368054717947
2.8976054078903286
2.988670857391993
5.284317886911353
5.0173049109780425
2.5808592446992455
1.1661994515215492
1.900000299974406
3.1220995709173955
4.044171307883362
1.8988191768944507
2.928007318742552
3.4483594363363386
2.1081464517639286
1.3483515379532982
2.790888738738445
2.8635669220863997
2.4892810838260235
4.065070373928803
3.2758570043804935
2.972399003610783
1.5074972656252812
2.81007227763036
2.366844127738943
4.219571550767827
1.492639199984576
4.799618991788083
2.351923049821128
2.488579281055201
2.1180574761801885
3.150077470058917
4.339528084702396
5.997118976782631
3.5660730655171435
3.999654995011731
0.9268231413672757
3.4534940989980956
3.0454023853586265
2.465909825500223
2.4197979222110506
2.8811942700254356
1.5445799247736958
5.4206604098285585
3.4596155226043543
1.200820761109953
1.8492729126519976
3.672864020651177
4.262867344419183
6.8316543527043105
1.8855020078047704
1.248388403444545
5.3561877852748205
3.605797013130162
3.613157440775681
3.154267315718362
3.1696983210336054
3.3456220218232926
4.135338195310906
2.9885279908024613
5.726047637384212
1.7033322447626293
2.0175269887250966
5.153842093592275
-1.8124931015673957
4.045770444491966
1.9330747849707373
2.409918088572481
2.814362729841388
1.6364574616534846
1.8591659549581734
2.8714485930958933
1.9934881173397336
4.045316165939979
3.4859687632238057
2.3228532611543824
1.4359552510575324
5.509469283047711
3.9074704008844297
4.737899147849504
4.097572784353451
-0.28111087466890156
3.0411071617934375
1.1993793345200399
2.727697519561896
3.5190644732254936
3.398906757853138
4.680601217928535
2.6770652267563837
1.2295477685355105
3.2861714947523235
3.993933537356987
1.8004806900475454
7.621562551996771
2.2430132579214432
2.0840402596284164
1.9753923154682236
3.832524602133178
3.718934971219088
3.7988687075459704
4.8225049502655395
3.049630681253025
3.3446497392639403
1.1854664982328977
2.823166027291306
4.839010669782688
2.6689703942972125
3.344572403879759
1.4911940020439651
4.016378326017359
3.663598435149595
3.0700333056766267
2.033026689438513
2.494694802940859
4.930052464221293
3.213929695591391
3.4847821084491457
3.1816889448119814
3.141893786214856
3.611615598293522
3.059852518266588
2.8213063776762306
5.617578490512364
6.255361095109938
6.259786328222324
5.563804285472813
4.62987920553585
4.678126256079182
5.277429042675976
5.732033588867333
6.164611505503055
7.209546424150307
9.61783835393383
0.2189537708167927
1.3629198322172649
3.5355195376064086
2.7503395153027776
4.773728036909538
2.99209736092273
4.543457857616254
3.4288900712033774
2.7417272746634405
2.389208372949288
3.1692669115079464
0.5711335130975823
4.369370181119851
3.0879196624980736
2.4137754360082124
4.908508736885491
3.8353939442708294
5.863370585323141
4.0987375981516
2.553296340454191
6.48194332944656
6.626096220355971
4.90411904067366
3.827108216424255
9.93478752367553
3.9320090857918046
9.144632904905356
3.6146835791188616
4.292816886901488
5.6717673644860405
7.04935618642882
7.338990796635825
2.5880908073686784
5.142056388924093
2.4155937906297686
5.612814496303432
6.02159393530175
3.9239280597564203
4.916749041505307
1.2957425654239856
6.257800378974876
2.2765708770361734
5.347826177330591
1.856237787528574
2.9775200889076894
3.09614608471872
5.874362977645409
3.939897166351925
2.644376510305274
5.931278559538698
3.8172616230258396
3.125430914976902
4.167152508044079
5.4301499713937105
3.885535235319012
3.9831039617315267
5.6536478615766015
5.8456739272427765
5.488569357554875
3.420828139345281
3.465123802755543
5.857965176008471
4.424052710891483
5.492338403628242
3.610209782110743
4.5504308607677935
4.425637964667285
5.716435245215412
4.663564333785933
3.2091516139097163
4.462556573850802
6.8989104872852
3.4185270388376523
3.275872276039196
2.7810984696453986
2.475392401156963
4.324049332310363
4.0993169176189
5.25897237122215
3.4571134049083296
3.753696207942055
1.5875126829832353
3.076394647894889
2.1798947949470544
2.3251417160192243
5.686603192645492
4.597710499700661
6.3606904291670485
2.4053420158600125
6.232718002730563
9.19839617296128
4.726387643043211
5.303086215320612
7.853967636795197
7.267792721817669
4.352152503443065
7.15553086338752
8.032549759872303
4.978724820477325
3.15727035300709
0.31030966411477556
4.029236447307291
4.766796659695369
5.470274089779927
3.9228002863311766
7.093602448099205
3.4923640246377903
7.624689736670709
4.357011405499135
3.522373471318741
4.010200896993468
4.122099723184615
2.7353724338953698
3.509981547327949
3.113342443209684
3.0174116454002995
3.3079657319314753
0.06789653272361099
3.0620829026132275
2.2908743242535237
2.3264377366612834
1.4746155697873726
5.370900022541357
2.51241238356641
4.759725558136215
4.954140001287997
3.389277755064868
4.741431263314842
3.1565465402044994
2.919600204704636
4.1689603859899345
5.652592596297721
6.168306842824677
6.072973909373312
4.9292155451033715
2.6987628048925667
6.081636934301932
3.803757027175602
3.450811107265036
3.4926966491590945
4.927398200829967
2.424636657485748
3.7713628213681396
4.60821645629412
3.1295982279009413
4.257323652317984
4.81318423807872
4.888515385308342
4.654908537968716
4.42554175950775
2.4375086498012952
2.9158406584256
4.997673921014755
2.79298798891866
3.158385205097096
4.693850596266785
3.686428286109874
4.538687309201511
4.299400624717865
3.2221194137611233
2.6718764037534704
1.1173617278747066
6.224553535840903
5.509734736767729
2.285784642722191
3.1582577898853654
2.9687942438440995
3.547323073937191
3.9852214212611505
4.419918912341507
2.4727005919279668
1.52369148998474
3.9909837247184745
4.267598123351815
3.876001773340393
3.4122154727516985
2.6215825657980267
11.363056260348696
5.180052107419972
2.151303431152968
2.892466606473544
3.2048485817063543
2.9280892825129183
3.22662659865416
8.489995318683334
2.4599889651268163
0.6565147649996869
7.027676611945658
3.2048485817063543
2.975016029655191
2.924514232676069
4.7712247132613035
2.6062788710213964
3.3358538373681053
3.548495740140526
3.7520842238700465
3.3587706392879992
4.224132038933911
1.7637535517398368
2.7286667467231154
2.2464250916399604
3.3743235226778094
2.9947277017192313
4.554690902196668
4.067126226063442
2.63334030633682
3.3494731706532876
4.250982233978404
4.265732417794934
5.213814117985203
5.3344045041058665
3.5278821080482183
2.950715239856715
4.619366997597119
3.3725539707890166
3.3630128126812604
7.890357028845335
2.1262586723596093
6.155147875713196
5.7916220526251
5.804347400509964
1.011854393533838
3.967692331568951
7.431597223753418
6.30430920969879
4.706628628867801
3.33344710455955
3.778045847880369
3.9907738712840826
2.9489415994509742
4.496494456510535
2.930740154705459
6.140853446843235
1.9336060892834084
3.126298600237718
2.714340793403244
5.114609278340733
4.972175232572043
4.3045820351627695
4.60562955992685
4.921059529768444
2.70225748135253
3.177409993635207
3.84894622306504
2.568583153688928
1.9815563677983001
1.8226571316676563
3.949585961903735
3.678567383385601
4.379264369133874
4.222035018313766
4.4145005550576375
-1.1134868008091408
2.880230358002802
3.9302870133788206
0.5866907413757928
3.9936290806014623
3.1842825437527127
3.3145354990806526
4.204453691891725
4.31013552296701
2.2798739626657443
2.905243946378184
2.7283691654822078
6.114539536330719
2.144310933772652
2.066120471745311
4.071984033846071
2.52922457107959
5.939432502552928
5.118783220866898
4.677748338740209
4.875744116974486
6.188415147769173
4.099956517294394
2.753994630746581
2.2856860621171853
1.6371789225935873
5.38012922896367
1.2685958442457808
3.073078646569425
5.4443609142320915
3.0914308021252306
3.0517407884790417
5.509031713361738
5.888248774927562
3.025422160225278
4.25244710157097
4.077223805667126
1.8748600631756618
4.427476191802922
5.132131519183453
5.0301097959767835
3.3166099872276265
4.7027817556577975
5.237781958563888
4.048564530827708
5.115304982145862
2.233206615824963
4.936634797765926
4.775479964608563
4.986723727685968
3.6845597275318687
5.147575987237249
3.9207421725863036
4.480810383038984
4.336430805875555
2.406582185861578
6.044755460781948
5.589308829240894
2.7418671661152594
5.581782924328833
2.489831325849392
3.930437516373647
2.391871375707826
2.129048116507507
3.9952614335208305
1.6413215894840112
5.260966034522321
0.941612624830749
1.7308391551074596
3.079799013028535
2.1012404443230346
3.7347981978447646
3.433071244255827
4.536672164477425
2.7420295605375946
6.543548740987226
3.9191602366195437
3.8876215036733854
3.1923681293188872
2.76110089461118
2.667739607509303
3.6819484144096952
4.403963575767833
2.9221756946972
6.391075611615631
3.9628245408000904
3.0602704439938844
3.1845200169742567
3.787871463081669
3.458278809726446
3.6287319018601076
3.6889907463143614
3.7508161567535065
3.7081132294830743
3.5721652497900713
4.285548808455764
4.267636170671748
3.5576286145881992
3.696730468323846
3.638471723954361
3.86637824513003
3.5322665407951823
3.4685610141468297
3.638471723954361
3.711379057479318
3.144278556590431
3.691109301638004
3.86637824513003
3.9469539700792104
3.7946488467642876
4.848136407786294
4.929955433258334
7.926450515221537
1.9624763461503347
3.0829590676621565
8.712327235718698
3.556525112932795
5.659239843070308
5.632297345103145
9.363629792598774
4.723915932505824
3.9362391096119906
6.413000413428794
3.4576473193326436
2.589512012967925
4.279954891462469
3.5572587572671366
6.718219125084902
2.1183218414903844
4.890319702497234
5.4042590658473895
3.705637867547059
6.037388997850906
0.861614085552058
2.3883197317470124
3.40256777660019
5.531874126918596
4.919492966510454
3.9087577207154456
5.025915304378273
4.561789175565592
4.007433025438834
3.3007061443082173
1.4482304462038147
3.610827282770915
3.2906057052059263
1.9225040089371428
2.9391322330104797
3.5292367893285914
1.6073751233964884
5.917959509171258
2.424193740317066
4.5069043073964
3.0010689237558767
2.724850563477105
2.4601135311266433
3.116749709112799
1.995375189334655
1.4043122339327192
4.459649409383914
4.598913807868116
5.8627685396329055
5.114757599761236
3.831506522002303
5.288237799698048
4.920467346894791
0.865329430100957
6.26262606608352
2.3098777114273807
3.4486476329011624
4.251125009186575
4.332135216525114
0.8538029266674559
5.019065547995519
3.4988504581717015
3.862474145373488
3.1142375406394103
4.1675669113012646
0.1051439771310693
4.698216442424373
7.1912562466109815
1.321797484160465
3.352166797565119
4.248752534720362
3.851201542107646
4.256226420214317
4.863669186848844
5.833271294326336
4.794753070015213
4.649576411465096
4.319730599249745
3.0008107590546547
3.7543546648958626
4.4330982495408655
3.489953378356713
3.2600164146507686
4.378275800805763
4.814759437563139
3.4060395033742243
4.4527219298240315
1.0982556267126682
2.9887586812920186
3.381912988875014
4.940245435915365
4.805539478415528
2.5653395097625467
3.892355233666876
3.3676326742722775
4.745521717396861
2.8446049758210994
5.170291716360673
3.429164587769748
7.409975647115148
2.255361421616926
4.541822581444229
4.299987345432287
5.017293429431428
2.949761015483233
4.757702253577612
3.194252342446042
3.3451522573867205
2.4705824311849844
1.9783975380487242
2.6369570167988203
3.400055379089151
3.5865530590829104
3.8241486501345126
3.4087005804655863
2.5035246434503637
1.6960215440746036
4.805295433753782
2.4228445935372345
2.766881742688005
4.213630958361315
3.540559801912115
2.598491597666437
1.4238092921689691
3.882832208738675
3.9333917451234814
4.137622817897844
3.786156817851164
3.951740312991377
1.631546465114467
4.0497666211726315
3.8634052566841612
2.816622464854793
3.048417272308054
3.3175540389154534
3.161436446313203
3.2476726475827666
2.460781165154437
3.9265713555859603
0.26490016206821976
2.633687636389209
2.236733914657387
4.068850540579771
5.227179395411422
1.7552295860565066
7.072859695605787
2.00319594703255
0.9100637698314502
2.8398304177834204
0.4948947190552355
2.117638379049184
1.8197436658065207
3.8303332247185713
4.270692510506384
3.684381849876189
3.162166337923371
4.514869322170809
3.4396332894303607
7.875046618830128
3.132581413565844
3.7827839834882635
2.707453042324322
4.997630334833486
3.3557843442428146
1.6999698463586168
4.320955918810121
6.431079645738723
7.843266861408629
3.0428582291392234
5.626718097550832
3.223767867301555
2.7524622898520894
3.295943708691069
3.039054008879862
3.148790241857563
2.3198776698405683
4.242659393130099
5.5903028237055
6.405344196750155
4.184795758316126
3.488055618245612
4.320951274278824
4.72354016529771
3.3479091430898213
2.6105892592433393
3.637645114783402
3.711777356350276
5.27814981133737
6.491836101380072
-0.7071936319945493
1.0227721451115745
1.2814434557951233
3.3446007231230257
4.0035540639314915
1.3114919815630641
5.122363958431331
6.82810386134532
3.5575775428362575
2.8966038125963283
3.728984895495902
6.7291741970018535
4.08713716234908
5.4914729909816264
3.590513447139509
4.926480275341434
3.8887357703797925
1.9739405489904238
5.942954826411411
3.539921615064107
2.5863267863647126
2.7893345112009187
1.6094528435012958
2.3729723375141383
2.4207243495046304
1.5597088964402281
2.490298202259563
4.550020452648587
4.190057615759038
3.1351228289097475
2.054511652052373
5.411622818403738
4.303787477896313
1.7175320505998208
1.040168412208933
4.995416274319889
7.240631311209491
5.503591835167642
1.926876999153865
3.3658522182902524
2.35608472373279
3.53472201800997
4.333434853300895
3.130117027719234
2.0330176597229848
5.132302634510701
4.590648990400933
5.496291642597458
5.565537986421052
4.382747862927703
4.62438105711076
3.285933195986241
3.854871381224323
4.442280194337202
4.040723834288674
3.6235048056742434
3.33487840969437
2.4590651236756123
4.205141282625895
1.6164711506741813
4.2510181703522845
3.0269361424522185
1.1002801015081938
3.6525622985665676
2.8467969535839255
3.880848301173779
3.6484793722146964
4.521419106681049
4.793416518943595
3.2446753715662
2.669142238597536
4.7973738943259825
6.3093180649602045
2.8261651624265367
4.580143246796407
3.417290190779452
4.087848239251171
4.891660121404483
5.877026797458555
7.201383623259187
5.253049910489168
4.928679085987581
4.805064842946639
4.241813878952653
4.538166701746182
3.281846917342893
1.952301257814667
6.032946183163522
2.894375108690689
4.142147686729756
3.6993150790631604
3.88575062264556
3.9951591359180663
3.472654110667951
1.7503015382288045
2.974201959983687
2.7568725284125533
3.765855859793874
2.742242530243227
6.0001877854194685
3.634265993434133
2.9443348716848
4.323443794800397
3.142715833431434
5.085303348434109
3.430548706221558
3.1327200071686794
3.7977965862696066
3.280329673250307
0.8681029943585267
5.36068730149968
1.0648479646712303
3.0191170876913596
2.8812766438087904
2.846621395789316
3.765177991296082
3.8806766442631533
3.1264793404399933
5.716194569322605
4.712252648734939
4.767545308164598
3.1518126248330205
5.679316210210635
2.7979635459104037
2.2134429547716072
3.68635767952015
6.411057344221668
1.7883299955136034
5.018575760624018
6.727659917231077
5.463978582184936
7.5074115363244305
4.988355287429897
2.8201223875866797
4.095647801923774
3.6493390736171127
4.4435677012654695
3.654981452874227
1.994496975158804
2.7200746173197548
5.374928438649199
3.1580076041071665
4.016398659767137
3.165017814523326
5.334843786320376
5.010241443826688
5.42937856323133
6.217362131151554
2.525769168591844
4.024937323450219
4.294547472615909
4.310987596217121
4.173292975926863
2.199697825550727
2.466304982035245
4.250712052676519
3.8069098028064636
2.4084631459898693
3.4043541881812875
3.3624329483716684
2.037162513340357
3.5937369307317484
3.4513956479848154
2.9354280167059774
3.7960033204364327
5.872144678341389
3.531424294348734
1.4219362926959063
4.149626647327556
5.71141549069335
4.348448607789159
3.3060353285917023
2.963109861428975
5.925453329037286
5.604240588102889
3.91719891859083
2.0030305666505357
5.470615177801176
4.869068577440961
4.530163484294087
3.3374476791761256
3.5058910174436404
6.87293523935994
4.598602422288039
4.07262012746588
4.032967277819104
4.624327933709744
3.102235745812162
2.909814591217292
2.4995617833342427
3.419245396926474
3.3933544420693558
3.910342157635285
4.464956328901353
3.146717171453833
2.739344135526406
1.3906530083933255
2.9046179315248817
2.0858991808483642
2.567433633889861
4.2168148004602575
2.635080470705638
5.18011199951274
4.062101800957385
2.7429242586284226
2.8172236316642363
1.9671658555304106
4.342660695116107
2.749298241636692
4.657485233956897
1.9147095250142712
5.081725160496597
3.6445083709468364
3.422369989612338
5.400594552904577
4.5782191852506
4.175202018370859
3.6211139561747743
5.401760107497197
3.7904564200518513
4.529047972334011
2.622470464485855
4.79382654883004
5.498653625897008
3.7502422062082683
3.7688468636872705
3.906514513345541
3.644597024882146
4.13326699089634
3.5196395449666618
3.8753541030775267
5.114349091390828
3.2194756027043643
4.541868970844835
4.435123676216766
4.585462954089904
2.2487742494979517
1.9258466562219771
3.3731954526692935
4.654917777699414
2.9796450002424217
4.515969720186517
3.1821269210867005
4.5369886237053265
5.748392445830486
3.636040488847754
3.4764762614891045
6.800609853867466
4.193612118918512
5.730069628833017
5.593848384283361
7.488009989420071
5.235439951826915
3.6393951143671393
2.5233514348231587
4.28204901905757
3.767804627175327
4.367472375039604
3.0423249675926805
1.9940371482038601
2.276958471011773
5.824129000634943
6.327143699580242
1.293723452777037
3.734051038526814
2.1941490382393196
3.5313728298986584
3.8863721735956958
2.1812016117269093
1.8976004628150958
4.532810817219305
3.1247196501240047
2.84416042119507
3.626860947395678
6.168194495968084
1.64590432667196
4.561863320162239
1.455384197179044
5.790867404491484
4.9597846113994954
2.098629180965982
3.138998926802215
2.963325289906749
3.2711168856164505
3.7076338721179423
5.267771915009069
3.8480726182257325
3.1474055023163943
3.2358059523531484
3.7499799561158564
6.3994802708359
3.32906604673393
4.609538919386019
7.066147410909869
6.21741227453072
5.333846161003411
6.8792678498885484
6.921639580634668
5.567997681629481
4.453016565984009
2.905571436541869
0.5068211623426901
4.318349563847683
3.0241923553032266
1.3951859708161463
3.4773440869485888
3.301658409480319
6.165638480547515
5.8035924354893575
3.7428963685750274
2.137278045205955
2.988030271692238
1.6994075887608053
0.3054214395718032
4.1207155728180584
2.3263764108114633
3.388602169108229
5.099333228135222
4.473808270593247
5.8176110182580025
3.3180143660968207
5.009515605055259
3.3901301965726858
5.1394379069435026
6.141111714690879
2.315605712247695
5.350411692089046
9.765804443851755
3.514228327679354
5.181343922638019
2.755006593514742
3.6016059322833653
2.4498594725993494
3.641350675603718
2.18005611040729
1.0507903714604172
2.1316108806044194
1.749889294532362
2.9729891114601257
3.2204805775508754
3.866638567066541
1.7236884849689829
3.4587451349920535
1.8245988972000509
2.5118497293918582
2.7032121647999126
3.407597760722152
4.810712004759125
3.735747424648842
1.7450946128253475
1.1467616606780577
2.374156004679094
2.4280464565633206
3.3519054652341302
1.0633711142532984
2.7639823475808223
4.4926140682076205
3.8888929074466514
5.804459656933813
2.919239601613506
2.6531849424587817
2.269004983115253
3.5714488635848647
0.9955886377137948
4.2440952757086725
3.534517508326668
5.489368609942673
5.427250807637273
0.4197848617834471
4.277274944515488
5.157219532398352
4.675935379721284
3.530812106380581
3.993961763646487
2.9049072595577177
5.165281356472705
5.145729670034072
3.774132019409737
3.797775864860049
4.060050535717818
5.187414658286929
3.1966229725586994
3.2524042678376297
3.276858392036583
2.8285472878804025
6.436981943063503
2.5874472137119406
3.4558304660584884
3.0259199963750762
2.319048155237653
2.954423152211864
3.368137535657898
3.7405169081482175
3.1608185990733433
2.8790814800016067
6.30690448277233
5.406622332077545
4.52702860134556
5.164407734870945
6.13832286140527
3.2151307729974508
3.1382232970505672
4.216240257923879
5.7933149489049605
3.3844446805781887
4.990017001028043
2.3926311607335577
4.813569714996707
3.0898713291940094
3.946953479765357
2.7893720402188524
2.7694758100118966
4.769300191302138
3.410238295135254
1.740322094558751
4.4695718755854
3.7049295153888537
3.260394267572738
0.06591911921330831
5.507513117290568
3.4040162115215704
3.8652945360720614
5.16523377327033
4.510676268476794
0.15320558061533512
4.335230865395464
3.888459878253979
0.9578947257006312
3.461044582712132
4.472811342448158
2.26509310058367
3.4192811474686766
1.274919949444613
3.2575963454430967
1.8501209645371408
2.9768139722240994
-0.48477002987557005
6.401696443702747
5.3221999109173606
2.1617678763317287
2.877576884175831
3.2161707566083857
4.332899571469855
2.9539940843668804
1.5040677319695164
5.736766595978668
2.987285205365188
6.135404384908491
3.6568173176211216
6.087062806794005
2.8687678680868953
1.797845633664271
1.2551933122706271
4.964876220081751
2.3532157289398237
2.1001052913966136
6.001921277824252
3.3681539340863194
3.114336822787514
1.4547157169182163
3.00664703604073
3.678388409731581
2.7621484966769883
3.122737639750349
4.674642001690618
5.069114102760469
4.050546911584896
5.132274384308885
2.9704265070079434
5.197107583819829
3.1496259527945125
4.179533432777307
4.122342818060567
3.2031964506279684
2.475392695934359
1.7039578106623898
0.6279950377989577
3.2471079116530674
3.3488312863941205
2.48999869758336
4.871839099566731
2.359931970084078
4.8401417316876465
5.547739864205509
3.296519112767589
4.242050849549177
3.2028736158765705
5.838599828981951
3.727045449510799
3.866783123901955
4.967786093303934
3.7638686542439483
3.8279915017194326
2.001183480615734
2.996513740280486
5.048895295646999
4.9400095788589145
3.015577909860654
1.2867832729194402
2.1183600554491506
1.9697882341552324
3.943208891214572
2.202502268586299
3.27999989415267
2.8433505408289714
2.7824765795084363
3.325715039180413
3.8304472289784495
4.6656541922702734
3.21898969668788
2.7719575634287312
2.7202829473040797
5.652340000448873
3.795450360805293
5.661296491397079
4.757792701200534
4.088191956006028
4.147400919332044
5.722417765686982
3.389476435348666
2.8440476713221106
3.1900808705015873
5.529437899925681
7.732891071017546
3.9413419810314676
3.2699715569073313
2.762418840246586
3.6238101679024615
2.899505581957321
5.026227594035393
2.4210454539491404
4.299855562187871
3.5909505097204995
2.00800426713906
2.4304619663129676
4.173856003610205
5.453774957601457
2.9373246487276496
3.4759947085221365
2.581665950618308
3.6008769399110694
1.956963420144789
4.532292283462256
2.8578791646159645
3.36026610918902
3.001137541509307
4.18861617385314
5.850823523652219
6.719524448826576
8.459037701931557
1.5549844844005394
3.5296285457405623
0.4158050642654566
6.289145775594476
3.5847340976365656
3.445627959099755
2.449513071412264
5.8954520930880925
5.163924368507971
3.2231875436936717
2.569987757919593
2.990403017156156
2.902234685558981
1.629355540756992
4.057363132203564
3.418733694980815
4.37918313880701
2.91622107843691
2.908175053904305
4.450626876577347
6.1156430059379385
2.7544086342868126
3.109968677104316
6.665784573513639
4.759530183405603
5.083971849616189
1.9551182527772166
4.754000086307597
0.31715940679238397
4.167399359934499
3.9137500361163857
2.46621594628669
3.7284231225803888
3.0867802055637625
6.303894879123838
3.7355507731793574
4.8653930966640875
4.846199419540703
3.8969879383488193
6.372204318080753
3.6557003900278477
5.453813826302125
4.150056635160249
4.422866114328087
6.635139076620385
5.3579150500533075
5.750301455068005
4.491135259379394
3.976096719543796
2.0592271826172097
3.2541735039797226
4.333047857049627
3.243772860121168
2.945661017354218
6.110447703072085
5.464725807475338
7.374690979076734
2.4095355515594696
6.27749909791313
4.238790991770903
6.058361965876166
5.969530601379002
7.265069781402769
6.323781253278941
2.7869327703456612
2.334733119781542
4.524478923572549
5.797407784966919
5.375416080321027
3.4123212466374904
4.062873456839685
4.701872059763374
3.473044363400211
2.3045334748692587
4.000976431086716
3.4873276806349076
3.4885689522353855
2.446290690895442
5.45951999983499
5.09284072001416
4.289232804093894
4.8993460460266025
2.7479268244018953
3.1250518628535175
3.1887660411542824
2.532010111578707
3.6583449911805226
3.401882889383158
1.4831621837532765
1.6900106862396989
0.8576471507721463
3.6438702040494118
4.777528569898565
1.2213705418680465
4.518846618031014
1.4338502428339157
3.4993862501573827
4.16175081655088
5.599105714338262
3.8556794017214147
5.594319987666832
5.919242370173075
2.7913127259978174
3.796725022997501
5.942090985078452
5.485355408193412
5.774189960982629
4.160342254527389
3.413717179967805
2.4523343090875405
4.932848681368862
4.479598406995361
5.072691296111385
3.3938915039743995
3.6317047673722738
3.862013797229276
4.6493812341777145
5.605976600935939
2.43073319449714
2.6837005041343205
3.1617072586252624
2.617718172237641
3.6541988773974214
2.496752853089943
2.2213733276738084
2.6241586818035323
2.8193829232381082
3.503910103812567
2.5870496845390587
2.9696200506954216
2.5626794259979437
4.256729887014214
4.471260767324502
3.7677634826038657
2.2401668003734803
4.128099472122676
2.3321685000169374
7.814565115829334
3.6535537033106484
2.776215578427538
3.661997029649406
2.4582090625842796
5.274029234289597
2.5298072488632326
3.371918793224712
4.182033756574379
4.0130014366476425
2.0274523847507555
3.4622841988188298
5.053173763287381
3.277307498701772
3.5058890364627904
4.939226112744565
4.982806878765597
4.622742403844148
5.360536241609886
4.2892840426445655
6.283678926992981
4.3531775767057335
5.716758644344093
5.742709640794508
5.24400619471369
5.541085857401975
2.4707649485079846
5.90143265078935
6.286009944515499
4.672061233199613
5.46134794837112
2.072741596696821
4.388469751461791
3.2020286953743278
6.364025796038332
5.083163432070593
5.407439068833001
5.247014646534657
3.892318140240229
3.046689739885796
3.185032158170049
3.097677941737036
1.9003877131544584
2.957468760358487
6.246574104639242
4.410471025862903
1.8630920178035357
5.223471053228983
3.368800942547357
5.010206436792293
5.414592596163159
6.550877768746074
2.9252752092418683
4.260963979536223
5.749636458371147
3.976161403116834
3.8993106407992855
4.530558575965144
2.044914823705043
2.623854207036346
2.9447385423730688
4.61132397246954
3.905947569507983
6.017099745981355
3.3763250947316275
4.779713190329565
3.5861390951695395
2.3822141338010367
2.9067972544354164
0.538745570821241
4.019500885469736
1.6201257068618962
1.8138940283118101
3.2413580470946863
1.9862736240051748
1.6333399816697851
3.56727886777686
3.084992368422973
2.4289500656391327
2.681930225186709
4.671708199179934
3.199463358512228
3.9578176746093154
3.363949727109688
2.79103442117889
2.4338102870000458
2.431158372002192
3.508402929083266
3.160929414711768
4.441278619327425
6.314877250621444
6.068962577756734
4.859738471087641
3.5129607168047747
2.9030491422933062
2.702112343309829
2.416011338727382
3.041259924233283
5.161837656781753
4.5045384735435094
4.288218126643004
3.6235105183926803
5.224635310630501
4.081906745433814
3.014384446231062
2.6738655500608903
3.993566991404094
5.250522075668338
3.1896630625333677
5.922556443858813
6.214213188477608
5.499907473682577
4.799157968996031
1.6412792386481003
4.082504066680714
4.3054144639866045
1.3139888071381585
2.2660609610936833
2.415609972672029
4.537052726886418
2.54641341282105
2.646242598388512
4.6740478393532845
6.226721519880114
5.002574781311467
3.8765064447941158
4.949391290325928
2.712229405994406
3.63415398783141
4.7523697336297435
4.185849142941844
2.998155653223374
2.6660031447772137
1.9636446462640453
2.449391005167955
2.646774992436286
2.456283095234694
2.9499589968533915
3.4699292932290806
2.057117899326545
3.1438558403551746
3.0188170222898028
2.6251220285677412
2.87767047671217
2.662092942392532
2.5818678251876683
2.5870496845390587
1.8689483039720087
2.298370175245076
2.701312679753645
3.0292837278021074
2.4453977596284724
2.094127073150577
2.7859371018324346
3.086446359000855
2.4088815774978785
2.1975218027822927
2.238921772016047
2.824119805486752
4.202308889609201
2.9374858926935743
4.774531965548673
4.60404535496514
5.103870694492126
4.600963639288036
4.061399863031173
5.613298429988124
1.9958083607515804
3.708411662168444
6.194889894506856
4.9295819922652555
4.4504408693184025
1.887278019592184
3.6953570894746037
2.509075775012432
2.5781419030606476
2.4305735569554834
3.1207548595197885
2.483499262935302
3.29725306344914
3.037599881533737
3.71290946152275
3.9261579489081284
6.741609257307336
5.357283542090628
5.248743843708039
8.713578353588298
3.315798543087727
4.674626411970014
5.634976621955247
3.437631201161865
3.15296823272769
3.031467438335568
2.941746732368796
4.95394817052039
3.5518955056256885
3.7617426560011062
6.51031210365802
3.217133442499503
4.811371090238879
2.83980786027102
4.023843318361612
5.162590781277052
0.6670169025522574
3.2468954212063483
3.134889351996922
4.426866191451849
2.6263483268293206
3.7707739973275998
2.388064712326822
2.359854741802516
2.1338423434908815
2.269319103870429
8.704767683926063
3.3381635317044687
3.0752362101667776
4.110919381864035
3.2542905273580565
5.83972360727647
4.648937112341385
4.154573109319794
1.4268616109819718
3.8899659410297156
6.8702817442139015
3.8463104089550386
1.2003573289627039
2.2776129934049036
3.5830742621852436
4.0898975703980165
3.1492080388913846
4.991730262616488
1.504241547105873
2.577407315996241
2.586908947004268
4.863376420859156
4.472642645627234
3.1305283709680083
3.7827879275993848
3.5878219961703683
4.599307505085658
1.1095500910290008
3.1934987943458437
5.887833283031208
2.76641271671845
3.6993972874389174
2.953909551674045
4.090058441154557
7.4410431396770305
2.9911751832917743
6.145778429219349
3.7159258395828307
3.77169357505824
5.2507067018907065
3.7481384443371475
3.0030559808838975
3.9186255993977963
2.9692317607975216
3.3974589748453647
3.053228367112417
3.1589202649374
2.199819973596771
3.5961615322477365
3.803442099694627
4.089899096414705
6.0918378986207475
3.2554228596426467
4.892476358590928
4.006185271452928
7.166716270474299
2.450445389536044
1.6231272620796005
3.2017366758022012
5.301256051930257
5.344108955762967
4.427327191736607
3.601937503698842
3.486341882934061
4.210113789373269
3.4867873255797477
3.796947386753198
2.7611247053393773
3.3358660629064545
3.960977444172541
2.923091166869165
2.9585326893823742
4.956730079286244
4.79943629312038
2.907714026770304
2.798574297268884
2.190077532385024
3.048404529719007
4.9239414963141375
1.3613951044944583
2.2064267581938877
6.280524091606946
2.413359735497905
2.9370917838037465
3.3057624802849843
1.4387188605613386
2.4975658028309558
3.648291080830251
3.203713452002972
5.012041302821029
3.366036094354964
4.532432411093194
2.2702530985314016
4.050471959195286
3.1265480519351327
2.6959285623608897
3.7592282870561293
4.588261924331187
3.3152367036900316
4.091391828771548
2.8743327502266762
7.148940357528785
4.266374939490998
1.4068013662687466
1.9795707570613903
3.2044833886898894
3.5870624989852016
4.767587103946763
3.13042164624815
4.202579813498161
3.220912219562127
1.734102896447585
3.0532795129542847
3.115269143552671
-0.5432759612338601
3.6503177465145846
3.607223375957496
3.385288195268871
4.253401463621141
2.9408369812370148
1.6463118677279098
1.7743993009099652
2.836073406229366
7.0568584278223545
4.903481731682929
6.294899209554586
3.0715793674457283
1.840603900635679
3.6852791439790944
0.1958954388529023
3.15286696254797
3.290075335882879
0.6579367143157475
2.6816698475751757
-5.250369028797676
-0.08438541250719064
2.583164092923076
3.3426136259291943
3.7080811604928057
3.3521734604030784
3.488530087031227
2.8650153079011305
5.09939097105445
3.3694091047820134
2.6945861642891398
3.194051836518468
2.904056675930377
2.7550406873030506
1.9655084043246054
