1.9710333064072358
3.415654159594081
2.764882014818146
2.067762123552492
3.168531599965597
2.7463379705968958
2.170983970456841
3.0982382594252407
2.037145431997286
2.966829346557825
3.255455807224396
3.540172803713535
2.765481404611669
2.6094206950111567
1.7857731254656448
1.438365035081713
2.905360043761225
2.803357169592158
2.6522082111329848
3.4929713170372576
2.726775106475018
3.1752059949354123
3.1143983727630267
3.218561942665052
3.341389275403959
2.310060799981368
2.8270076730488602
3.518377428120468
2.7415013665127623
3.2284408946477945
2.980291318959537
2.9998822599043224
2.0090316686563257
2.8378556765799834
2.6773135921780455
2.6119089506829676
3.1269277337468004
3.03480591013655
1.8961536421910012
2.2810195927107246
2.863348116866253
2.468546740208354
2.17428575955133
3.2200972417515477
3.2919731855426075
2.2081699923141636
2.419590862770426
2.580373356855321
2.6872297553297066
3.182279789809184
2.206255075409362
1.9026415246997155
1.5273050853701384
1.9331302689951118
1.7491333102435265
1.442498985119297
2.498131722413434
2.6678174428513346
2.38545458139688
1.9199820179292943
2.3609397008831245
2.274453168899302
2.658163950306365
2.303930915494396
3.601624131811047
3.20233908529911
3.0059749083876706
1.5719351698934567
1.4777343256936086
1.315704016483519
2.699151368348967
2.0181377796096918
1.9664565337243547
1.5662792496456848
1.9971816088752454
2.4611262281157167
2.548784531605257
2.733720337927674
0.44446750230864596
1.7225969460059147
3.9119340755786935
0.4180943966772023
1.846672671302187
3.225265471717386
3.0337839193836786
2.621421868365938
2.423504465264884
2.147272817022612
1.7574239285420765
2.8964359606498085
3.098236701826573
3.9554720693844128
2.1061116243193085
2.727453551577807
3.563824217863321
3.5052568183339896
2.8814956844843183
1.525715201796609
2.6201898385300937
2.3235689956574994
2.4632079030923726
2.848239539673219
2.370579540778598
2.8614272290305225
1.6487320954381521
2.9374802436538765
2.7628199707437178
2.9812984509628824
1.4986018179875427
1.5759632865724797
2.7951335241444077
3.017605378183358
1.5053414684659883
2.6132223954432967
1.4681349244773487
1.559783264105343
2.0572086594611787
1.1965651687768657
2.1660269880171827
2.2719036357125724
1.4390855846560966
1.8884521642082137
1.5920374397716548
0.897260064582383
2.3048831382207844
1.2323582737347933
1.8146546327327862
0.8928733532385352
2.7757652307396627
2.53209543127919
2.9088102722010074
2.687134206459277
2.987579453492265
2.390804406106322
0.9163332945629119
2.945913850598079
2.6333290182364166
2.639014002207634
1.592593702506792
1.063389537744624
2.626283204557167
1.9135806300130165
1.9236938342956154
1.7366390910470952
1.5025751387616086
2.522894697899598
0.8100943246533335
3.1248709536242574
2.2385038436246525
2.569012057766189
2.021627893130635
1.6244345995353389
2.073749831592232
3.319859420630181
2.3324874424098905
2.533588358490351
3.926101423652649
3.4934951502347666
1.907235681680307
3.0715024178844783
2.6957089930933584
2.8040040377242277
3.0147832209590137
2.413473006569574
2.6056623577247837
1.9895403497053556
2.9160429063979003
2.9649500497560264
1.3236858466847294
2.08120689803441
2.2803294713926667
1.4906537674271172
3.2669715086175093
2.150492860139409
3.3244520552027925
2.575481898129496
2.035235370059864
2.4304299971101333
2.6160107796776484
1.5422913354784782
2.2038243117722733
2.0328425432672668
1.7363411430963407
2.8666478170228897
3.2761459578768997
2.8853423141598924
3.138723232403137
2.0915277671903567
2.6193767679467883
2.1066701342447796
2.444830074541441
2.0896637652166823
1.6152692936511535
2.0825822170621096
1.5030936898536764
1.2595113290853375
2.8227329464747926
1.7175535819780583
2.4127052453724502
1.8575031240941984
3.420077322338154
2.366821506158907
1.6606184598061455
3.071545843532665
2.8911516533322525
3.4152891573469173
2.5644902881130496
2.5964855080237097
2.2907331534931594
3.307413919541376
2.859159336327832
1.8496958950466105
2.5286527825899485
2.039077345082919
1.1843360484298995
2.7778137497672795
-1.7375175536771592
1.7593888825757054
2.5063622948527584
2.668420612447545
2.471499788597091
1.8165322497079865
2.6639596417741487
2.34432372840433
3.3903260183136497
2.814722668183457
1.6806471306469766
1.6859282270789064
2.866643212624177
1.9531613110978499
2.5373782161677827
-0.5490906885008163
1.938176681280808
2.3914436684945044
3.030405375088299
0.9998147009824646
1.9495902624832897
3.3435761525681316
2.3286467462510982
2.144722819078375
1.4103285868330813
1.8384357440082197
2.1967621339909416
1.4025375920477996
2.61993853547071
1.6993679523136271
2.0953213512766453
2.2094645683854264
1.5617764696290688
2.2081190032494966
2.042711649566321
1.053468295970033
1.9275996583636705
2.314125992242798
2.319779932403482
2.374410935169128
1.6678759843435984
1.7236879794222046
1.707134858300038
2.3735733759930553
2.2315317471038534
1.5246793107269732
2.4936936148726323
2.5377989770348166
1.8246379060201776
2.591836184370419
2.5942970909325296
1.7951215063464139
1.7900088805445413
2.4704180726923846
2.0061820196728783
2.1983850846401807
2.430188003045511
1.950137708647554
1.598528355015412
2.050652459095454
1.9136760188677213
1.7081713869106632
1.1630045229903174
2.352331461127374
2.0038186200692705
1.177651762710759
0.7020588307585149
0.8484475066861866
1.666366902980005
2.5547711834816322
2.1998955561140145
1.2989162732679174
1.11539261282946
1.8581019299764872
1.7678915772384394
2.071399078935159
1.9655664038674419
2.591310086071891
1.400093436139707
3.5738987635507824
1.469162707437593
1.5573755999051293
2.0956227940738654
1.9108307354914003
1.6229092304710566
1.3314943176064538
2.353433178582331
1.5646555491194167
1.6138190403727346
1.704441455883398
2.165002682539612
1.8305454136019301
2.058995451509174
1.3663431848839176
1.4673552341071527
1.8607199213783627
1.175680029787383
2.5765341457031914
1.8470180102463625
1.7190626878697561
2.172749927197825
2.83193943764747
1.88510036046664
1.4331289960957954
0.7843251534115452
2.307725556581151
1.1784209228581555
2.4846782174948756
1.9400667461080527
1.5224039003966183
2.3638359031445155
2.16954831833912
1.753358075762053
2.154712871559345
2.7654282487237336
2.1870798599280965
2.0759593960603304
2.1470523417385072
2.3150651413457624
1.8571496597980812
2.0261824240685793
2.279591914952341
2.2895614100320554
2.552847782560668
2.075111828892339
2.1725874218992742
2.026815564987516
2.1013686069345363
2.090222728427594
3.4966785815076147
2.8000138998557755
2.7884844923075702
1.4205087497593807
1.835473620785414
1.5498873188947766
3.739125766158556
2.5054776256807827
2.0433153080959077
2.2661909053808795
2.0391170186113228
1.238430362642261
1.4874608266974763
1.357073661786817
2.609177527892756
2.1799654875741283
1.5874863383810154
2.431945394055367
1.8192705295856777
2.4527449452208927
3.133539483688129
1.9282829590605588
2.859376561924497
2.3337093714568047
2.149843641997006
1.8752527136488109
1.6452373204658979
1.7868107914027678
1.8356500124068718
3.3662635899509636
1.7559186935145479
2.1770513477123665
1.7175121412358476
1.1520015404559036
2.2397158463160363
2.36370241113597
1.0018424854044894
1.913059491860749
0.9130482974167443
1.4696088350314238
1.7604985978751448
1.2498215010357319
1.1140684853664615
2.183468061581772
2.5217329262835064
0.9918513215804802
1.963662218178606
1.6076611483961263
1.6147258978342849
2.0275536202724713
2.543763207429219
2.23414792457503
2.0862606318416503
2.6489760081284413
2.1154935037275235
2.355568887452795
2.104651617578429
2.2319136893907894
0.9385459458361017
1.9441600158936132
1.7715407689457012
2.6590943729730174
2.0839656423494595
1.1426196670102042
1.507309093344743
1.9499926099436822
2.018471289782804
2.017715928996255
2.8896478957127254
1.2142577065270908
2.119343052134096
1.6270002450329966
1.8192797939621814
2.0099862390060452
0.6736033469613586
1.888303367192601
2.020289306850688
2.5194655176680563
1.8793795292267763
2.389097904568133
1.8410987881867533
2.7042816670336487
2.793287470061049
2.0841645076859203
2.8210257273301615
2.265260453766687
1.3219688121732283
2.545894735780911
2.0188466215424348
1.698822190188208
0.915346831247525
0.9973751841792412
2.2742708014840134
1.0684504596117756
1.3974481313165812
1.7393573331047443
0.8463661483812936
2.7171449638360734
2.621304965399854
3.013097687661407
2.970165876686904
3.0242855976526184
2.084890820402931
4.132714227884775
2.5559813528311497
2.0700252126661036
1.2683501043592196
2.51304450801253
2.9219728729969248
2.7679762749433072
3.716662956868283
4.149961876522832
1.1035305162827516
1.934087251075423
1.4460089628279487
1.6715960858308567
0.7405778770025836
2.7698125958562527
2.389064433364764
0.8928797753297756
2.544306352869911
1.5143122802380453
0.6618398959327599
2.5117137823632008
1.5379730388332558
2.176056893335616
1.017091108692989
1.892636170037118
1.3971717934329697
3.2863282986885647
3.412889148433567
3.0691042733371785
2.1222493948418544
2.575823009122898
2.893420446711829
0.3760861694090589
1.4087894840433828
3.400935650470511
2.992525275144469
1.0623241601848794
1.734348037732107
-0.30666508453456964
1.8628250020346815
0.8770388507639376
1.7037216236243402
1.801379872884415
2.799940310886765
1.3029554748501762
2.169972520731977
2.6615880932268334
2.9487005737735195
1.2084120941828487
0.8987582833799582
2.8841109844943653
3.688682518415261
2.5567155755524325
1.7862900485879916
2.7761551276703123
1.8826709867685498
1.2118665725712296
2.4477762475470826
2.313337934505096
2.0770680725228896
2.5274841889403077
2.239275818510656
2.9215301412513623
2.489205329455354
1.9193788397613107
3.1295690051094307
2.840163904247462
2.1449315372778375
1.2588210726640812
1.4554552180320726
1.5406852556957111
1.611034151332835
2.78341359607889
2.303813845457511
1.1984109748308096
1.237987709851041
1.4012485098453789
1.6428955770513594
2.9439912247203965
0.7600176143609254
1.5252293179975807
2.106141728714143
1.1596189553343286
0.9055718824932256
1.8522581176261657
1.6911023519684942
1.671009067083266
1.887866266388503
1.4068423677195356
2.1916785555060643
1.9958969742733195
1.0151961446587705
1.729808103467495
2.3183023547331567
1.832796112962385
2.596014004827049
2.979530737948028
2.4518641932619247
2.274986099119867
3.2044579039263206
2.152023818039413
2.648653090758424
2.8162743717369274
0.7769585159171162
2.0516759679771712
2.6883175029864863
1.0730420719910048
1.4721615692880416
2.6908105080569733
2.1030402842834377
1.8581297461906467
1.580635839453905
1.4853790031316298
2.5685461700382146
2.4782040044712788
1.1917103501154935
2.7670995601824133
0.4943258452467677
0.8247049119594141
2.61891295264485
1.875601736255142
3.569131861643769
3.0823659547596205
2.1327193865673086
2.6433577158424955
2.2629177625899297
2.6747390267012063
2.7615716350578796
1.9666922055114293
3.066269228808575
2.1327975484664257
1.7515101853544537
1.9518610354911183
2.1849667171152345
2.7979305972073973
2.7620646467784473
2.712585101628581
2.54554514688068
2.54554514688068
3.414687505749014
2.577473431153154
2.3930083177095463
2.986201023724302
3.3342702841029612
2.3699153554089927
2.5702232844027657
3.14649946984765
2.369119594201545
3.4813062728359325
2.336795268450679
2.2647073746818775
2.5672025138551215
1.0006835107130292
0.8860865321086798
1.7996956894270517
1.4196555971700402
3.0180156772162836
1.5428356608284077
1.4052270738021626
1.8843047252938385
1.6392445884888993
2.000993411907334
1.5419041587692381
1.0674420279975108
0.9690627496170919
1.878412931029748
1.768022088571626
0.9033518854695559
2.389786066941102
2.8241274588499654
2.991531111228659
2.1499876668884745
2.2661110952561896
2.445208119890554
1.618543938190282
1.4277936507346507
2.827109933659284
2.3508469869040467
2.4282654754087236
2.425864027001008
2.0220882805866225
3.028355149476186
3.0186480237818945
2.6503723336216534
1.9519318960705305
1.2466149756116165
2.6934870078735402
1.2667925555011563
2.587588073932033
1.9444754292451274
2.499354945988025
2.808766533801258
0.9736546169332593
2.005711200639092
1.9515551764573809
2.5959997171692284
2.752812519809081
1.424824697431823
1.9404101832409648
2.0751472523049
0.8483365109618364
0.9345465934748752
1.9929342691607101
2.187600919371115
1.5455142022173083
0.7349979276645776
0.43677337431635876
3.5601527364679835
1.101432481483151
2.476469893107689
2.52243515290219
1.825186572566815
1.4528820685172348
2.3720479519391655
2.252424271919782
0.5903819715638019
1.3746609888636585
2.068380388393329
2.303529848518278
2.083717214897157
1.937854425570368
1.6599928450765564
1.1606999021948357
0.8497901615415565
2.4525921884300854
1.030673438116602
1.8485751337736533
3.0906479909111866
1.4600369512602673
1.4654133246018277
1.2129711122785787
2.452885888469181
1.3108562354256534
2.2854901634792446
1.7269709113128107
1.6005119289507153
2.4037518444244226
1.9969494556444596
2.0138638085029172
2.896872200244131
1.390906117163457
1.6629940756414305
1.8694337325159938
2.3156433063758275
1.0452453687265002
2.1941684346956083
2.62571342923686
2.376313577576526
1.6952003357552148
2.1428165334709086
3.6057647015681025
1.6113140883280375
1.6924305389346277
2.5174951324690005
2.798107953787416
2.288125583495129
2.211021289119749
2.3846714966898093
2.6301725465915093
2.4376868675803687
2.0563079602204195
2.337954855421241
1.7763907855885683
2.3131463411093582
2.7916706842250254
2.6559242365306424
2.8919579790153116
3.0031330584288094
1.9405198008267952
2.4813015295605756
2.7217084704680103
2.87117428918173
2.3923332419473766
2.4387434434550075
2.622316757296791
1.886058536922576
1.7753117285313413
1.6933374925089733
2.639709951423718
2.6876997367510724
2.225836690358175
3.6873799587894824
2.0381914904909397
1.3073365763189801
3.082085816083677
2.6082977329039956
3.010039461495462
2.165776327604587
3.385511457158723
2.611533376523655
2.6550013254881635
2.486306220234054
2.8001343334958597
2.356284308573596
1.7868902544893166
1.9833236308019806
1.961781160012972
2.263650388113777
3.36311503507867
2.0976240571491984
3.4194224533038295
2.6868476100743326
2.8845888517814937
3.0730107376465696
3.366359736108386
2.428441649905915
1.5884244708044557
1.6755830577296866
0.9589361164693725
1.6343551843220225
2.5907750249259145
3.0356740993446176
1.6846612553977485
2.0457335631699705
3.3003629907867924
1.444155451531917
2.8693454755367025
3.0842738713757205
1.7774100926798346
2.998285518152932
2.4086887884008563
2.737900288775936
2.187278012755744
2.2967877730158004
2.536238702499155
2.157783564993713
2.524717114395043
2.7316615253695535
2.023063038210483
1.9801669176496675
1.9252263591465792
3.2016101606394525
2.4721710952858316
1.4936651295361811
1.5230377449456376
3.2616416386558362
2.241963016451344
1.3384411648717756
1.536958577512022
3.0611655764633006
1.6854326864359443
2.1979290041142594
1.582466024314105
2.0537123298610664
1.1547232667723983
2.0437603635279475
1.707797848634049
2.4073986027283167
2.110868318369172
2.3644722400860387
2.1182438322675683
1.8496731905268797
1.619063671848282
1.0490396827641766
2.3114778379709087
1.6624938427559077
1.588149334215592
0.9524503190197088
2.191317818137007
2.707008946487193
2.7223427594001355
2.019657143910987
2.507672001472529
2.7173694701733453
1.9989176606398469
1.885222568509345
1.7269709113128107
2.831384752653075
3.1647966393029097
3.3327682315179823
2.7032304268676115
2.7651576721125704
1.8698790223868738
1.5491938640023784
1.5073783511160919
2.7256956785618787
1.5736051089146732
1.0975151068017457
1.5667072628803305
1.6677340283157824
0.2478429615930322
2.9045744301193888
2.66953991281796
0.7949222283385309
2.138232741799069
1.8244409429593826
2.7160985544126164
2.13947275560574
1.696541868022042
2.6430588074455823
1.9594075784228215
1.797223462742859
2.084214321519261
1.5792404292831936
2.4185258903020155
1.0137580979952219
2.3510156865807654
1.6607063744466128
1.832560942470388
1.3659940803629347
2.045244299212419
2.1056882062732005
2.43697969019053
1.9201224704186
2.121603957841472
2.8434850485481022
2.285419719834695
0.6604715919025616
1.7141369441616052
1.9163574390618503
1.9269060234447735
2.095035887749461
0.6701386752779431
2.1644964808180407
1.7925860477141906
2.2644968955236235
1.7220753852134272
2.125874411304761
2.7401054633730095
0.6031808751080332
