11.577651515151516
7.137254901960785
10.629464285714286
10.254863813229573
7.36936936936937
7.124031007751938
10.785714285714286
10.433566433566433
7.820668693009119
10.634746922024624
7.137254901960785
9.712606837606838
6.737113402061856
5.628787878787879
10.209302325581396
11.314516129032258
8.68542199488491
8.72445019404916
9.254424778761061
9.560714285714285
10.7088948787062
8.977703455964326
10.167410714285714
5.628787878787879
10.33673469387755
10.388198757763975
10.5
6.558139534883721
9.918809201623816
9.541489361702128
10.054
10.969696969696969
10.388198757763975
9.42896174863388
9.019417475728156
10.135957066189624
8.911724137931035
8.959252971137522
9.28110599078341
9.96875
8.233812949640289
7.348122866894198
7.993670886075949
7.934210526315789
9.74698795180723
6.303703703703704
8.72445019404916
9.418650793650794
9.12937062937063
9.030373831775702
9.636079249217936
10.513715710723192
7.331775700934579
10.915162454873647
8.067307692307692
8.124600638977636
9.28110599078341
7.516064257028113
9.918809201623816
6.93298969072165
9.037735849056604
9.040880503144654
6.455882352941177
9.960079840319361
7.331775700934579
11.165289256198347
9.505602240896359
8.893401015228426
7.934210526315789
10.978653530377668
11.093117408906883
8.68542199488491
9.472049689440993
11.0
9.421052631578947
9.505602240896359
7.348122866894198
9.180645161290322
9.28110599078341
8.079479768786127
6.444007858546169
9.505602240896359
8.958005249343833
7.348122866894198
8.00759493670886
6.23404255319149
10.124513618677042
6.217987804878049
10.054
8.959252971137522
9.180645161290322
9.125
7.992625368731564
9.666666666666666
10.037593984962406
7.870807453416149
6.490909090909091
10.686346863468634
9.845070422535212
11.406292749658002
6.444007858546169
9.636079249217936
8.013793103448275
6.583333333333333
4.9868852459016395
6.820763956904995
11.80244399185336
6.056962025316456
8.248648648648649
7.617424242424242
10.302367941712204
10.354430379746836
9.140243902439025
10.919354838709678
8.69023569023569
5.6941431670282
7.055555555555555
8.608225108225108
6.487272727272727
9.731601731601732
6.7280334728033475
6.396946564885496
7.536764705882353
9.74698795180723
10.042944785276074
9.971428571428572
7.444067796610169
7.516778523489933
9.073333333333334
7.663716814159292
6.991769547325103
6.2625
8.723342939481268
8.398009950248756
6.203931203931204
9.269662921348315
6.558139534883721
9.625298329355608
10.530183727034121
9.345070422535212
8.233812949640289
10.745283018867925
6.820763956904995
9.195530726256983
8.448717948717949
7.970954356846473
7.331775700934579
5.8441558441558445
8.248648648648649
10.365656565656566
5.2453300124533
6.244186046511628
10.254863813229573
11.23499142367067
7.791836734693877
9.418650793650794
9.340966921119593
10.21081081081081
11.80244399185336
9.642487046632125
9.505602240896359
6.611510791366906
7.75
7.338129496402877
9.541489361702128
5.628787878787879
8.142857142857142
8.911724137931035
6.217987804878049
11.167235494880545
8.72445019404916
10.0625
10.365656565656566
8.837837837837839
10.634234234234235
9.459940652818991
11.704918032786885
8.352331606217616
6.200171821305842
9.535714285714286
11.006849315068493
6.509336099585062
9.28110599078341
10.7088948787062
8.454545454545455
9.450704225352112
8.36376811594203
8.888248847926267
9.918809201623816
8.36376811594203
9.421052631578947
6.428571428571429
6.41871921182266
8.888248847926267
10.58230452674897
9.918809201623816
9.827586206896552
7.137254901960785
6.93298969072165
9.918809201623816
9.780821917808218
9.96875
9.030373831775702
6.254761904761905
7.753799392097265
9.073333333333334
11.561719833564494
8.067307692307692
7.934210526315789
8.608225108225108
8.295281582952816
7.516064257028113
8.68051948051948
9.891891891891891
10.122324159021407
10.709401709401709
10.560085836909872
10.35049019607843
8.039083557951482
10.833333333333334
9.28110599078341
6.611510791366906
10.5
10.340909090909092
7.194416749750748
5.977358490566037
7.27906976744186
10.22972972972973
7.177865612648222
8.04140127388535
6.744186046511628
6.744186046511628
6.913907284768212
6.913907284768212
6.027272727272727
6.913907284768212
10.707692307692307
5.977358490566037
10.869806094182826
9.878116343490305
10.26950354609929
9.871681415929203
9.144578313253012
7.870807453416149
7.516064257028113
7.301857585139319
8.608225108225108
8.295281582952816
8.911724137931035
10.561983471074381
8.8
7.202959830866807
10.919354838709678
10.7265625
7.663716814159292
10.2
8.932203389830509
8.893401015228426
6.428571428571429
9.603960396039604
7.898305084745763
8.581113801452785
9.96875
6.217987804878049
10.376777251184834
8.088709677419354
10.167410714285714
8.031063321385902
9.871681415929203
7.177865612648222
9.560714285714285
8.645454545454545
8.596837944664031
10.348571428571429
9.630434782608695
5.784061696658098
8.833333333333334
9.325495049504951
7.076797385620915
9.97872340425532
10.55
9.918809201623816
8.181818181818182
6.509336099585062
6.244186046511628
6.903125
5.539784946236559
6.444007858546169
8.013793103448275
7.92721979621543
8.959252971137522
8.645454545454545
9.833333333333334
10.969696969696969
9.30232558139535
8.68051948051948
8.723342939481268
9.598159509202453
8.248648648648649
6.19493670886076
9.472049689440993
10.632380952380952
9.325495049504951
10.696969696969697
11.622620380739082
10.871750433275563
9.75124875124875
8.596837944664031
7.391812865497076
9.670454545454545
6.474285714285714
8.039083557951482
7.390177353342429
9.931034482758621
11.622620380739082
9.636079249217936
11.167235494880545
6.19493670886076
7.338129496402877
9.731601731601732
6.988505747126437
10.007874015748031
5.909090909090909
7.902985074626866
9.42896174863388
8.039083557951482
9.418650793650794
6.217987804878049
8.0
9.16144578313253
9.625298329355608
9.75124875124875
9.630434782608695
6.744855967078189
6.704899777282851
8.862369337979095
8.04140127388535
8.860262008733624
10.513715710723192
11.622620380739082
10.135957066189624
6.056962025316456
8.72445019404916
7.202959830866807
9.712606837606838
9.560714285714285
10.560085836909872
10.634746922024624
9.918809201623816
9.918809201623816
6.031055900621118
8.352331606217616
6.7280334728033475
9.995841995841996
10.709401709401709
6.455882352941177
10.325062034739455
7.992625368731564
5.628787878787879
8.432727272727274
8.295281582952816
7.992625368731564
7.194416749750748
9.196286472148541
8.819742489270386
7.076797385620915
9.125
7.521235521235521
6.244186046511628
10.074074074074074
7.348122866894198
7.814634146341463
10.33673469387755
5.942731277533039
10.745283018867925
6.991769547325103
4.913043478260869
10.559431524547804
9.98342541436464
6.443935926773455
10.388198757763975
9.845108695652174
8.031063321385902
5.8441558441558445
10.054
6.93298969072165
8.34308510638298
6.104294478527607
8.725
5.2453300124533
9.243392070484582
10.5
6.814207650273224
5.485106382978723
9.419161676646707
8.68542199488491
7.663716814159292
7.579710144927536
9.217475728155339
8.959252971137522
8.837837837837839
6.027888446215139
9.196286472148541
7.466666666666667
9.419161676646707
7.336614173228346
8.893401015228426
10.21081081081081
6.704899777282851
7.137254901960785
6.364269141531323
8.596837944664031
8.067307692307692
9.871681415929203
6.479365079365079
9.880952380952381
8.911724137931035
8.888248847926267
10.092696629213483
5.296610169491525
6.3509272467903
5.904145077720207
6.3509272467903
8.723342939481268
8.977703455964326
5.670694864048339
8.888248847926267
9.563829787234043
9.918809201623816
8.8
8.911724137931035
9.871681415929203
5.7218045112781954
5.778801843317972
10.037593984962406
8.837837837837839
10.074074074074074
9.418650793650794
9.217475728155339
9.421052631578947
8.860262008733624
8.214953271028037
9.037735849056604
10.0
8.977703455964326
8.833333333333334
9.75124875124875
7.391812865497076
10.384191176470589
9.931034482758621
8.888248847926267
8.039083557951482
10.740331491712707
5.981462409886714
8.398009950248756
7.970954356846473
5.614525139664805
9.067777777777778
9.971900826446282
9.102150537634408
9.169230769230769
10.054
9.995841995841996
7.870807453416149
9.345070422535212
9.598159509202453
9.319672131147541
7.466666666666667
10.302367941712204
8.837837837837839
10.335271317829458
10.054
8.044733044733045
4.812316715542522
7.194416749750748
7.521235521235521
4.884615384615385
6.104294478527607
9.603174603174603
9.196286472148541
7.870807453416149
9.040880503144654
9.712606837606838
9.731601731601732
9.960079840319361
4.942231075697211
8.124600638977636
8.959252971137522
6.479365079365079
9.102150537634408
7.753799392097265
10.559431524547804
9.603174603174603
7.436974789915967
10.495652173913044
10.7265625
14.9625
8.833333333333334
9.505602240896359
9.325495049504951
7.694117647058824
7.521235521235521
6.913907284768212
9.42896174863388
10.615384615384615
7.934210526315789
10.6875
8.044733044733045
6.393574297188755
9.603174603174603
7.076797385620915
7.698212407991588
8.860262008733624
6.364269141531323
6.490909090909091
7.536764705882353
12.11320754716981
7.970954356846473
9.918809201623816
7.194416749750748
10.357692307692307
8.723342939481268
9.721238938053098
8.69023569023569
5.977358490566037
7.97125
7.955823293172691
8.68051948051948
7.363143631436315
10.668965517241379
9.995841995841996
11.19496855345912
8.067307692307692
8.09715242881072
8.954022988505747
8.432727272727274
7.97125
8.039083557951482
8.029411764705882
7.870807453416149
10.33673469387755
7.666666666666667
9.57391304347826
10.447513812154696
9.140243902439025
10.354430379746836
10.634234234234235
8.36376811594203
7.698212407991588
7.992625368731564
9.140243902439025
9.196286472148541
8.00759493670886
9.995841995841996
10.291411042944786
10.33673469387755
8.860262008733624
9.931034482758621
9.037735849056604
9.073333333333334
9.075949367088608
9.918809201623816
8.758620689655173
11.167235494880545
8.044733044733045
7.776119402985074
6.814207650273224
7.870807453416149
8.094936708860759
10.7265625
10.025
10.211864406779661
9.30232558139535
9.28110599078341
8.875
8.819742489270386
9.625298329355608
7.776119402985074
5.096418732782369
8.04140127388535
9.931034482758621
6.217987804878049
8.432727272727274
8.031063321385902
5.551813471502591
4.9868852459016395
9.712606837606838
10.239043824701195
9.124050632911393
10.63891402714932
9.731601731601732
5.981462409886714
5.564231738035264
9.636079249217936
10.740331491712707
6.19493670886076
6.611510791366906
8.837837837837839
9.541489361702128
10.22972972972973
6.821180555555555
7.516064257028113
10.388198757763975
8.34308510638298
5.792544570502431
10.089613034623218
6.737113402061856
8.833333333333334
8.69023569023569
5.551813471502591
5.976133651551312
7.970954356846473
5.6767676767676765
5.085648148148148
10.092696629213483
10.559431524547804
10.65863453815261
10.5
9.418650793650794
5.477011494252873
6.125874125874126
8.852272727272727
10.376777251184834
5.351966873706004
7.97125
11.314516129032258
7.898305084745763
7.348122866894198
8.596837944664031
6.704899777282851
9.712606837606838
9.421052631578947
6.3509272467903
7.820668693009119
8.977703455964326
7.92721979621543
8.833333333333334
6.203931203931204
10.054
7.92721979621543
9.419161676646707
9.196286472148541
8.833333333333334
7.801980198019802
4.9868852459016395
9.560714285714285
10.55
5.477011494252873
6.509336099585062
9.505602240896359
7.97125
6.104294478527607
7.516778523489933
6.913907284768212
6.985294117647059
8.36376811594203
10.634746922024624
9.845108695652174
8.04140127388535
10.447513812154696
9.563829787234043
9.030373831775702
8.794642857142858
9.325495049504951
8.714285714285714
8.959252971137522
9.269662921348315
6.479365079365079
6.509336099585062
9.418650793650794
5.698895027624309
5.564285714285714
8.031063321385902
8.962288686605982
8.932203389830509
7.5
5.981462409886714
9.073333333333334
8.68542199488491
9.960079840319361
6.820763956904995
6.205357142857143
7.194416749750748
8.09715242881072
8.197860962566844
9.603174603174603
9.911627906976744
6.704899777282851
7.356756756756757
6.913907284768212
7.331775700934579
9.345070422535212
8.432727272727274
9.16144578313253
9.180645161290322
9.195530726256983
8.34308510638298
8.962288686605982
8.959252971137522
6.3509272467903
7.137254901960785
7.202959830866807
7.390177353342429
6.203931203931204
6.558139534883721
7.753799392097265
9.81283422459893
8.674676524953789
8.819742489270386
6.525354969574036
6.396946564885496
9.075949367088608
6.217987804878049
5.9189873417721515
8.911724137931035
7.301857585139319
7.970954356846473
8.893401015228426
6.93298969072165
8.962288686605982
5.386842105263158
9.918809201623816
10.156626506024097
8.581113801452785
8.677631578947368
6.203931203931204
7.516778523489933
11.118110236220472
9.195530726256983
6.364269141531323
6.744186046511628
8.674676524953789
5.904145077720207
8.660332541567696
6.744855967078189
10.111940298507463
7.301857585139319
10.559431524547804
6.443935926773455
5.586854460093897
6.203931203931204
6.364269141531323
8.266666666666667
5.551813471502591
9.636079249217936
5.698895027624309
6.203931203931204
5.698895027624309
7.194416749750748
6.744186046511628
7.92721979621543
7.194416749750748
10.156626506024097
11.069246435845214
6.93298969072165
11.113178294573643
7.331775700934579
6.744855967078189
10.357692307692307
10.7265625
11.80244399185336
6.244186046511628
6.820763956904995
5.932950191570881
9.292397660818713
8.34308510638298
10.7265625
7.97125
10.167410714285714
7.521235521235521
10.7088948787062
6.364269141531323
6.898648648648648
5.492307692307692
8.067307692307692
9.971900826446282
10.111940298507463
8.398009950248756
8.448717948717949
7.654205607476635
6.744186046511628
6.898648648648648
9.067777777777778
7.958904109589041
7.32952380952381
8.837837837837839
8.911724137931035
4.9868852459016395
6.364269141531323
6.509336099585062
8.723342939481268
9.28110599078341
10.26950354609929
10.089613034623218
8.031063321385902
7.934210526315789
10.54158215010142
9.325495049504951
9.505602240896359
6.744186046511628
8.645454545454545
11.406292749658002
10.63891402714932
10.302367941712204
10.560085836909872
6.393574297188755
9.971900826446282
9.712606837606838
10.074074074074074
8.888248847926267
10.572147651006711
9.721238938053098
9.845108695652174
6.364269141531323
10.042944785276074
7.970954356846473
10.340909090909092
9.180645161290322
6.443935926773455
6.867219917012448
7.958904109589041
6.205357142857143
6.820763956904995
9.670454545454545
8.18
10.365656565656566
8.197860962566844
6.956043956043956
8.862369337979095
9.073333333333334
9.5
11.986915887850467
11.730941704035875
9.96875
9.918809201623816
7.444067796610169
6.443935926773455
8.995951417004049
6.744186046511628
9.124050632911393
4.983870967741935
5.617021276595745
6.93298969072165
10.042944785276074
7.301857585139319
9.217475728155339
6.913907284768212
10.707692307692307
7.698212407991588
8.932203389830509
5.42159383033419
7.820668693009119
8.645454545454545
6.205357142857143
8.039083557951482
8.995951417004049
8.398009950248756
5.838971583220569
8.837837837837839
10.088888888888889
8.962288686605982
10.560693641618498
6.443935926773455
4.942231075697211
9.30232558139535
7.521235521235521
9.067777777777778
7.92721979621543
7.88855421686747
6.93298969072165
9.073333333333334
7.194416749750748
5.910714285714286
9.636079249217936
9.42896174863388
10.33673469387755
7.663716814159292
7.92721979621543
10.634746922024624
9.98342541436464
8.962288686605982
7.523809523809524
9.75124875124875
9.712606837606838
9.98342541436464
8.34308510638298
7.448717948717949
7.663716814159292
9.0
5.628787878787879
8.723342939481268
9.345070422535212
8.044733044733045
8.775510204081632
10.65863453815261
8.039083557951482
10.572147651006711
9.960079840319361
10.325062034739455
6.3509272467903
8.013793103448275
9.670454545454545
9.630434782608695
9.325495049504951
6.744186046511628
8.147826086956522
10.686346863468634
7.002293577981652
11.56981981981982
8.248648648648649
9.558295964125561
10.513715710723192
10.634746922024624
8.977703455964326
8.888248847926267
7.955823293172691
10.820823244552058
7.194416749750748
7.970954356846473
10.513715710723192
10.767045454545455
11.412087912087912
5.386842105263158
10.54158215010142
11.314516129032258
9.636079249217936
11.156521739130435
10.302367941712204
11.23499142367067
4.825557809330629
9.911627906976744
10.354430379746836
6.217987804878049
9.631961259079903
10.537521815008725
8.039083557951482
6.443935926773455
6.509336099585062
11.695139911634756
7.391812865497076
7.516064257028113
11.280788177339902
9.598159509202453
8.932926829268293
8.013793103448275
7.696517412935323
9.418650793650794
9.269662921348315
9.75124875124875
8.962288686605982
6.509336099585062
6.203931203931204
6.739130434782608
7.194416749750748
10.840637450199203
9.931034482758621
10.25
9.541489361702128
7.92721979621543
7.36936936936937
6.217987804878049
10.211864406779661
5.9921259842519685
11.622620380739082
5.063400576368876
10.838526912181303
6.7280334728033475
7.992625368731564
8.893401015228426
5.977358490566037
8.34308510638298
9.102150537634408
7.663043478260869
7.363143631436315
5.698895027624309
11.093117408906883
4.9868852459016395
6.211849192100539
9.740983606557377
6.479365079365079
8.660377358490566
6.744186046511628
9.712606837606838
7.363143631436315
10.270114942528735
9.16144578313253
8.893401015228426
9.505602240896359
6.200171821305842
8.833333333333334
8.266666666666667
5.698895027624309
5.888888888888889
7.955823293172691
6.0
8.04140127388535
9.243392070484582
6.737113402061856
8.18
10.5
8.723342939481268
11.406292749658002
5.698895027624309
6.93298969072165
5.621951219512195
10.560085836909872
10.234592445328031
11.814814814814815
10.54158215010142
9.96875
8.044733044733045
7.194416749750748
6.913907284768212
8.862369337979095
7.177865612648222
8.608225108225108
9.217475728155339
6.203931203931204
9.459940652818991
9.037735849056604
6.357954545454546
10.634234234234235
10.696969696969697
10.376777251184834
6.821180555555555
9.582089552238806
10.615384615384615
9.421052631578947
9.418650793650794
8.09715242881072
8.862369337979095
10.919354838709678
9.30232558139535
7.002293577981652
10.871750433275563
10.32035175879397
7.870807453416149
9.631961259079903
7.955823293172691
6.991769547325103
9.80327868852459
10.616666666666667
6.704899777282851
8.794642857142858
11.695139911634756
6.93298969072165
9.450704225352112
10.111940298507463
10.513715710723192
5.874407582938389
8.581113801452785
7.202959830866807
7.970954356846473
9.75124875124875
9.28110599078341
8.911724137931035
9.603174603174603
9.180645161290322
7.338129496402877
5.4147727272727275
6.820763956904995
10.33673469387755
7.663043478260869
10.074074074074074
8.039083557951482
6.744186046511628
5.977358490566037
5.784061696658098
5.386842105263158
10.919354838709678
6.217987804878049
7.391812865497076
5.551813471502591
8.68051948051948
9.731601731601732
10.135957066189624
9.28110599078341
10.919354838709678
11.668734491315137
9.16144578313253
8.398009950248756
11.214028776978417
9.450704225352112
9.195530726256983
6.217987804878049
8.90677966101695
10.980997624703088
6.814207650273224
5.42159383033419
6.443935926773455
8.833333333333334
8.398009950248756
10.820823244552058
10.709401709401709
5.6941431670282
8.958005249343833
6.203931203931204
6.509336099585062
7.356756756756757
10.227272727272727
7.955823293172691
7.662251655629139
6.913907284768212
9.147410358565738
5.910714285714286
7.75
8.977703455964326
10.572147651006711
10.32035175879397
9.421052631578947
8.079479768786127
8.36376811594203
8.039083557951482
6.814207650273224
9.196286472148541
5.910714285714286
10.074074074074074
7.391812865497076
10.32035175879397
6.913907284768212
11.113178294573643
10.340909090909092
9.340966921119593
10.092696629213483
11.625
11.19496855345912
7.194416749750748
7.92721979621543
7.992625368731564
8.833333333333334
9.871681415929203
9.560714285714285
6.377358490566038
9.803571428571429
10.340909090909092
8.660332541567696
7.194416749750748
8.34308510638298
9.42896174863388
6.443935926773455
5.539784946236559
5.225609756097561
6.814207650273224
9.558295964125561
8.833333333333334
9.960079840319361
5.551813471502591
4.867605633802817
7.75
8.04140127388535
8.596837944664031
10.089613034623218
8.044733044733045
6.913907284768212
9.558295964125561
6.443935926773455
4.676258992805756
8.607476635514018
10.428571428571429
9.073333333333334
6.956043956043956
8.893401015228426
10.0
7.444067796610169
8.09715242881072
5.726050420168067
8.833333333333334
9.827586206896552
10.348571428571429
6.443935926773455
10.211864406779661
5.539784946236559
11.093117408906883
8.596837944664031
8.888248847926267
8.36376811594203
5.243718592964824
9.57391304347826
9.180645161290322
7.75
10.357692307692307
7.663716814159292
5.3977272727272725
5.225609756097561
6.913907284768212
6.898648648648648
6.93298969072165
9.75124875124875
10.686346863468634
6.217987804878049
6.427966101694915
7.814634146341463
9.340966921119593
9.438095238095238
10.335271317829458
11.190878378378379
7.75
11.476401179941004
4.7975
5.277950310559007
6.913907284768212
9.636079249217936
8.079479768786127
10.707692307692307
9.019417475728156
8.608225108225108
10.074074074074074
7.390177353342429
7.507246376811594
8.72445019404916
8.833333333333334
10.35049019607843
8.490706319702602
7.992625368731564
10.561983471074381
8.958005249343833
7.32952380952381
9.995841995841996
6.490909090909091
9.563829787234043
6.444007858546169
4.867605633802817
7.301857585139319
8.506756756756756
9.418650793650794
11.054313099041533
6.991769547325103
7.32952380952381
7.654205607476635
9.182108626198083
8.608225108225108
10.63891402714932
8.819742489270386
7.202959830866807
7.516778523489933
5.386842105263158
9.918809201623816
6.479365079365079
9.582089552238806
9.636079249217936
5.450581395348837
9.918809201623816
9.073333333333334
8.64655172413793
7.32952380952381
7.698212407991588
8.990697674418605
7.791836734693877
9.472049689440993
7.391812865497076
8.862369337979095
8.852272727272727
10.537521815008725
7.955823293172691
10.423728813559322
9.96875
6.773333333333333
8.067307692307692
9.995841995841996
8.893401015228426
8.833333333333334
7.698212407991588
6.814207650273224
8.124600638977636
8.862369337979095
9.505602240896359
10.615384615384615
6.7280334728033475
10.748062015503876
8.031063321385902
6.7280334728033475
5.874407582938389
5.31496062992126
6.146341463414634
9.421052631578947
10.7088948787062
9.067777777777778
9.438095238095238
8.596837944664031
9.558295964125561
7.617424242424242
9.845108695652174
10.354430379746836
6.200171821305842
8.490706319702602
10.030470914127424
8.031063321385902
6.3509272467903
10.65863453815261
7.791836734693877
6.821180555555555
8.04140127388535
5.981462409886714
10.740331491712707
8.581113801452785
10.55
5.455210237659964
9.57391304347826
10.007874015748031
11.852017937219731
5.296610169491525
9.019417475728156
8.962288686605982
8.68542199488491
8.34308510638298
7.870807453416149
8.862369337979095
6.479365079365079
9.630434782608695
9.16144578313253
9.918809201623816
7.348122866894198
7.390177353342429
8.69023569023569
7.301857585139319
7.002293577981652
10.167410714285714
12.595744680851064
6.393574297188755
7.97125
8.764478764478765
10.388198757763975
7.898305084745763
11.1796875
10.111940298507463
14.08695652173913
8.723342939481268
8.962288686605982
5.255451713395638
9.636079249217936
8.932203389830509
8.893401015228426
7.124031007751938
9.712606837606838
10.092696629213483
8.248648648648649
5.5625
5.255451713395638
9.636079249217936
8.147826086956522
10.65863453815261
8.837837837837839
5.889957264957265
9.712606837606838
8.69023569023569
9.712606837606838
8.833333333333334
7.92721979621543
6.773333333333333
6.205357142857143
11.0
6.896551724137931
8.775510204081632
10.376777251184834
9.182108626198083
10.632380952380952
7.301857585139319
6.027888446215139
7.617424242424242
11.622620380739082
6.821180555555555
8.862369337979095
6.244186046511628
9.57391304347826
10.302367941712204
6.200171821305842
8.888248847926267
9.217475728155339
8.608225108225108
7.390177353342429
10.767045454545455
10.54158215010142
7.835978835978836
9.630434782608695
8.911724137931035
