8.956439393939394
9.116372391653291
7.830985915492958
9.298578199052132
8.700389105058365
8.433962264150944
10.577464788732394
8.331781140861468
7.161198288159771
7.369817578772802
9.9272030651341
8.506382978723405
8.255241567912488
8.169811320754716
7.591139240506329
8.42663043478261
9.323076923076924
8.556427870461237
8.404618473895582
7.552529182879377
8.498583569405099
8.166500498504487
9.464235624123422
8.255241567912488
9.484437350359139
8.510280373831776
10.790834312573443
8.647379912663755
8.087390761548065
7.135214007782102
11.007407407407408
9.926356589147288
7.232926829268293
8.509803921568627
7.446064139941691
8.972589792060491
6.771689497716895
7.527681660899654
8.883076923076922
9.261702127659575
9.239942528735632
8.544662309368192
9.11
7.686900958466453
7.283443708609272
8.75912408759124
8.255241567912488
9.079268292682928
8.166500498504487
9.116372391653291
7.251515151515152
9.072916666666666
9.677083333333334
9.775139664804469
8.077262693156733
7.144796380090498
7.630541871921182
9.401785714285714
8.379310344827585
8.7420814479638
8.846076458752515
8.128286014721345
7.757033248081841
10.900128040973112
7.614489003880983
7.431962025316456
11.09495896834701
8.741035856573705
9.336538461538462
9.055045871559633
7.630541871921182
8.479355488418932
8.25242718446602
7.446064139941691
9.304541406945681
8.081196581196581
7.285553047404063
8.255241567912488
9.138832997987928
9.017543859649123
9.775139664804469
9.304541406945681
9.355574324324325
6.715953307392996
10.364394993045897
9.562421185372004
7.758909853249476
8.141104294478527
7.482573726541555
9.47239263803681
7.482573726541555
7.976897689768977
7.716435185185185
7.404332129963899
8.972589792060491
7.702583025830259
6.6938775510204085
8.550304878048781
13.757668711656441
7.0688
8.197327852004111
11.522458628841608
7.614489003880983
9.092702169625246
8.369246861924687
10.145333333333333
8.175531914893616
7.758909853249476
7.104304635761589
7.559514170040486
9.079268292682928
8.866396761133604
8.846076458752515
9.338781575037148
10.430059523809524
8.079572446555819
8.118032786885246
6.931481481481481
9.116372391653291
8.770212765957448
7.8018433179723505
8.956439393939394
8.772532188841202
8.128286014721345
8.252354048964218
9.079268292682928
7.8018433179723505
9.47239263803681
8.883076923076922
7.3688212927756656
9.726359832635984
9.079268292682928
8.670886075949367
9.355574324324325
9.926204819277109
9.054327808471454
8.029978586723768
8.175531914893616
9.021803766105055
9.445865302642796
8.617117117117116
7.101226993865031
7.5
10.093167701863354
9.092702169625246
10.568553459119498
7.527681660899654
8.164369034994698
9.484437350359139
9.200315457413248
7.151797603195739
9.291588785046729
6.527868852459016
6.363484087102178
8.379310344827585
7.093023255813954
8.990128331688055
9.477558348294435
8.990128331688055
7.843478260869565
8.659176029962547
8.498583569405099
8.235294117647058
8.255241567912488
9.172284644194757
8.909604519774012
9.653061224489797
9.726359832635984
10.43231441048035
9.464235624123422
9.40421052631579
11.065368567454799
11.253731343283581
11.088582677165354
11.873417721518987
12.682648401826484
11.392638036809815
11.666336633663366
11.682522123893806
10.212624584717608
7.314685314685315
7.675054704595186
9.9272030651341
10.710727969348659
10.160409556313994
11.067615658362989
11.190184049079754
11.291503267973857
9.9272030651341
11.557553956834532
9.355574324324325
8.893360160965795
11.676625659050966
8.208616780045352
9.926356589147288
8.175531914893616
9.086167800453515
9.576819407008086
8.498583569405099
8.128286014721345
9.401785714285714
8.197327852004111
8.983333333333333
8.506382978723405
8.029978586723768
8.369246861924687
7.8441558441558445
7.232926829268293
8.581818181818182
8.716216216216216
10.985994397759104
9.728395061728396
9.071844660194175
7.2633744855967075
10.195744680851064
9.328719723183392
8.732972972972973
9.738095238095237
9.214035087719298
12.35
11.224789915966387
11.272952853598015
11.224789915966387
9.214035087719298
10.7095046854083
9.673758865248226
10.014742014742014
10.195744680851064
10.194672131147541
9.355574324324325
9.161157024793388
10.383561643835616
10.17507418397626
9.754884547069272
9.086167800453515
11.666336633663366
10.113149847094801
8.82882882882883
11.224789915966387
9.054327808471454
11.067615658362989
10.403973509933774
10.324022346368714
10.476793248945148
9.338781575037148
9.021803766105055
8.498583569405099
7.3892508143322475
7.822608695652174
8.546198830409356
8.7420814479638
10.106194690265486
8.433962264150944
10.281159420289855
9.818965517241379
8.556427870461237
8.82882882882883
9.172284644194757
10.451570680628272
9.484437350359139
9.806818181818182
10.724770642201834
8.029377203290247
11.1203007518797
8.814889336016096
9.055045871559633
9.328719723183392
7.715
8.698245614035088
8.12267657992565
8.197327852004111
9.972413793103449
8.128286014721345
10.281853281853282
11.067615658362989
11.224789915966387
9.79745889387145
12.626086956521739
12.35
9.401785714285714
7.841823056300268
7.160248447204969
9.9272030651341
11.446351931330472
8.049594229035167
8.550304878048781
8.509803921568627
9.898876404494382
9.725581395348836
8.47972972972973
10.4
9.092702169625246
6.551204819277109
10.62295081967213
11.060419235511715
9.328719723183392
8.964324324324325
11.984375
7.645161290322581
9.18978102189781
9.76944837340877
11.0
10.195744680851064
8.885245901639344
8.64516129032258
7.843478260869565
13.879032258064516
9.11
7.4986945169712795
8.670886075949367
9.095022624434389
7.841823056300268
10.492982456140352
8.369246861924687
9.658536585365853
10.195876288659793
9.321995464852607
7.591139240506329
8.498583569405099
8.617117117117116
9.898876404494382
8.081196581196581
10.985994397759104
10.802352941176471
13.321299638989169
11.551724137931034
12.30084745762712
11.658227848101266
10.829365079365079
11.267441860465116
10.212624584717608
11.507607192254495
11.340277777777779
11.5
9.055045871559633
8.12267657992565
8.700389105058365
7.853714285714286
7.283443708609272
9.562982005141388
9.972413793103449
9.47239263803681
10.050761421319796
9.738095238095237
8.814889336016096
9.562982005141388
11.067615658362989
7.322314049586777
7.275037369207773
8.369246861924687
10.050761421319796
8.68918918918919
6.915482423335827
13.777777777777779
9.138832997987928
9.444227005870841
8.25835189309577
10.62295081967213
10.241545893719806
11.666336633663366
9.346153846153847
11.291503267973857
9.9272030651341
9.294117647058824
9.346153846153847
11.067615658362989
13.45679012345679
12.295336787564766
13.1972049689441
7.559514170040486
7.597510373443983
13.635483870967741
12.356338028169015
6.923684210526316
10.241545893719806
9.479030754892824
8.846076458752515
9.52153110047847
7.3892508143322475
9.76944837340877
7.99645390070922
7.56140350877193
12.250255362614913
7.789
9.291588785046729
8.78173719376392
7.976897689768977
8.479355488418932
10.230171073094867
8.331781140861468
7.330221703617269
8.252354048964218
6.803508771929825
8.049594229035167
8.992805755395683
7.135214007782102
8.479355488418932
9.471264367816092
9.054327808471454
9.258064516129032
9.482288828337875
7.8018433179723505
6.532751091703057
9.086167800453515
8.846076458752515
9.543905635648755
9.484437350359139
8.252354048964218
10.451570680628272
9.298578199052132
8.834677419354838
8.433962264150944
9.116372391653291
8.486486486486486
8.670886075949367
9.303951367781155
8.556427870461237
12.313274336283186
10.5
9.116372391653291
6.592639593908629
8.166500498504487
9.775139664804469
9.250814332247558
8.972589792060491
8.199222546161321
8.25242718446602
7.102841677943166
7.896396396396397
8.68918918918919
8.255241567912488
8.330798479087452
7.8018433179723505
7.369817578772802
10.093167701863354
8.770212765957448
9.754884547069272
8.52914798206278
8.983333333333333
8.677966101694915
10.19626168224299
7.591139240506329
9.291588785046729
9.418604651162791
8.78125
8.47972972972973
7.614489003880983
8.079572446555819
8.843780135004822
8.407594936708861
7.17406962785114
8.044761904761904
8.732972972972973
8.237467018469657
8.404618473895582
8.732972972972973
7.4986945169712795
7.3892508143322475
7.5
8.175531914893616
9.298578199052132
7.976897689768977
12.648936170212766
8.763358778625955
7.830985915492958
10.7095046854083
7.752593774940143
8.128286014721345
8.433962264150944
8.166500498504487
7.232926829268293
8.282958199356914
8.305494505494506
11.847133757961783
7.457792207792208
7.187185929648241
7.482573726541555
10.230171073094867
8.846076458752515
7.102841677943166
9.054327808471454
9.543905635648755
8.251655629139073
9.086167800453515
8.12267657992565
10.4438202247191
10.69767441860465
8.079572446555819
7.853714285714286
8.407594936708861
7.498861047835991
9.298578199052132
8.266522210184181
7.591139240506329
6.915482423335827
8.078125
7.446064139941691
9.736593059936908
7.56140350877193
8.556427870461237
7.56140350877193
7.4986945169712795
8.858064516129032
7.63059163059163
8.369246861924687
7.046267735965453
7.782608695652174
7.752593774940143
9.85254691689008
6.579816513761468
9.401785714285714
8.25835189309577
8.087390761548065
9.318791946308725
9.245011971268955
9.172284644194757
7.628751974723539
7.104304635761589
8.323529411764707
7.758909853249476
7.813559322033898
8.992223950233281
9.926204819277109
8.079572446555819
8.044761904761904
7.330221703617269
9.214035087719298
8.255241567912488
8.990128331688055
7.841823056300268
8.972589792060491
9.450581395348838
10.055
8.049594229035167
8.990128331688055
7.702583025830259
10.281159420289855
7.758909853249476
7.63059163059163
9.738095238095237
8.166500498504487
8.883076923076922
7.853714285714286
9.338781575037148
9.445865302642796
8.433962264150944
12.401425178147269
11.400621118012422
8.770212765957448
7.446064139941691
9.291588785046729
8.498583569405099
7.702583025830259
8.134567901234568
8.972589792060491
8.956439393939394
7.841836734693878
9.257142857142858
11.392638036809815
7.752593774940143
8.498583569405099
8.862453531598513
7.360215053763441
9.40174672489083
7.3688212927756656
8.814889336016096
7.135214007782102
10.113149847094801
16.666666666666668
6.915482423335827
8.029377203290247
7.26517571884984
8.659176029962547
7.285553047404063
8.305494505494506
9.445865302642796
8.164369034994698
8.255241567912488
9.338781575037148
8.479355488418932
9.355574324324325
7.135214007782102
8.25242718446602
8.819070904645477
8.818713450292398
9.818181818181818
7.507772020725389
8.044761904761904
10.897727272727273
8.266522210184181
9.200315457413248
11.060419235511715
9.76923076923077
10.403973509933774
10.975609756097562
10.837765957446809
9.116372391653291
10.680522565320665
13.8
7.26517571884984
8.819070904645477
7.135214007782102
7.853714285714286
7.813559322033898
7.431962025316456
8.266522210184181
8.266522210184181
8.992223950233281
7.628751974723539
9.250814332247558
7.610169491525424
8.255241567912488
9.450581395348838
8.43661971830986
9.776978417266188
7.102841677943166
8.498583569405099
6.970695970695971
8.166500498504487
7.818461538461539
8.266522210184181
7.630541871921182
10.37126600284495
9.021803766105055
8.763358778625955
8.1145584725537
8.819070904645477
9.071844660194175
8.858064516129032
10.145780051150895
8.546198830409356
7.393939393939394
10.160409556313994
7.330221703617269
8.843780135004822
9.054327808471454
7.3192090395480225
9.450581395348838
9.738095238095237
8.1145584725537
8.866396761133604
8.550304878048781
8.128286014721345
8.506382978723405
7.151797603195739
8.670886075949367
7.702583025830259
8.698245614035088
8.956439393939394
7.675054704595186
8.029377203290247
8.647379912663755
8.617117117117116
8.866396761133604
7.283443708609272
9.479030754892824
7.275037369207773
12.35
7.185393258426966
7.8018433179723505
9.445865302642796
13.123893805309734
8.25242718446602
7.8018433179723505
7.498861047835991
8.617117117117116
9.837301587301587
6.986676535899334
9.40421052631579
9.471264367816092
8.670886075949367
7.187185929648241
9.355574324324325
8.498583569405099
10.448275862068966
8.866396761133604
9.775139664804469
8.732972972972973
7.17406962785114
7.976897689768977
8.25242718446602
7.754385964912281
7.360215053763441
10.14519906323185
7.56140350877193
9.926204819277109
7.135214007782102
11.744075829383887
7.12534435261708
7.479087452471483
6.986676535899334
6.756521739130434
6.6938775510204085
9.250814332247558
10.296511627906977
9.116372391653291
12.408602150537634
8.255241567912488
9.346153846153847
10.502369668246445
10.403973509933774
7.58029197080292
12.38265306122449
7.56140350877193
8.550304878048781
8.964324324324325
7.093023255813954
11.291503267973857
8.983333333333333
10.825
8.527624309392266
7.527681660899654
8.27681660899654
8.990974729241877
8.995847176079733
8.498583569405099
9.079268292682928
8.237467018469657
10.14519906323185
9.616319444444445
9.499540018399264
8.330798479087452
8.305494505494506
7.144796380090498
10.230171073094867
9.562982005141388
9.806818181818182
8.255241567912488
9.132530120481928
8.199222546161321
10.802352941176471
9.79745889387145
8.197327852004111
8.79746835443038
11.524119947848762
10.731800766283525
8.25242718446602
10.739910313901346
9.969543147208121
12.161764705882353
11.354515050167224
11.492462311557789
8.741035856573705
9.355574324324325
10.9375
8.50909090909091
8.964324324324325
8.197327852004111
10.492982456140352
8.556427870461237
8.199222546161321
8.049594229035167
9.021803766105055
7.822608695652174
9.479030754892824
12.701754385964913
11.351285189718482
11.4
11.313084112149532
12.030303030303031
12.313274336283186
9.837301587301587
11.351285189718482
10.9390625
10.113149847094801
12.15028901734104
11.313084112149532
11.313084112149532
10.9390625
10.055
10.522633744855968
8.990128331688055
9.404624277456648
15.583333333333334
19.545454545454547
10.924107142857142
9.450581395348838
9.055045871559633
8.166500498504487
11.069444444444445
9.479030754892824
8.992223950233281
7.2633744855967075
7.559514170040486
8.25242718446602
8.079572446555819
7.135214007782102
8.029377203290247
11.09495896834701
11.897252090800478
9.279352226720647
8.546198830409356
8.346938775510203
8.546198830409356
6.915482423335827
8.846076458752515
8.818713450292398
7.782608695652174
7.505050505050505
8.43661971830986
9.450581395348838
8.029978586723768
8.479355488418932
8.972589792060491
9.576819407008086
8.556427870461237
9.318791946308725
8.616438356164384
7.591139240506329
9.079268292682928
11.148760330578513
8.305494505494506
8.814889336016096
9.725581395348836
7.431962025316456
9.60676532769556
8.834677419354838
8.25835189309577
9.926356589147288
7.483947681331748
9.401785714285714
8.843780135004822
10.372093023255815
8.814889336016096
7.360215053763441
8.556427870461237
8.199222546161321
8.972589792060491
8.237467018469657
8.676229508196721
7.789
8.128286014721345
9.18978102189781
6.489065606361829
7.8018433179723505
8.143162393162394
7.3892508143322475
9.092702169625246
8.983333333333333
8.527624309392266
9.657620041753653
9.450581395348838
8.404618473895582
8.331781140861468
7.322314049586777
11.190184049079754
9.116372391653291
6.495481927710843
10.296511627906977
7.3688212927756656
9.616319444444445
10.230171073094867
7.369817578772802
9.657620041753653
8.546198830409356
9.088235294117647
9.328719723183392
6.158645276292335
7.562874251497006
8.266522210184181
10.430059523809524
8.659176029962547
9.079268292682928
8.579775280898877
7.841823056300268
7.694444444444445
7.3892508143322475
7.4986945169712795
7.121212121212121
10.7095046854083
9.562421185372004
9.657620041753653
8.631944444444445
8.164369034994698
7.591139240506329
9.245011971268955
7.3892508143322475
9.116372391653291
10.055
8.972589792060491
9.054327808471454
8.990128331688055
8.638709677419355
8.479355488418932
8.057142857142857
7.151797603195739
9.021803766105055
8.972589792060491
7.830985915492958
8.972589792060491
8.647379912663755
7.559514170040486
10.340248962655602
8.617117117117116
9.969543147208121
7.591139240506329
9.021803766105055
9.071844660194175
7.251515151515152
9.47239263803681
8.814889336016096
8.948818897637794
9.239942528735632
8.827838827838828
7.26517571884984
7.630541871921182
9.557093425605537
9.258064516129032
7.248633879781421
7.675054704595186
9.677083333333334
9.969543147208121
9.430939226519337
8.956439393939394
8.369246861924687
10.296511627906977
8.616438356164384
7.431962025316456
8.700389105058365
9.728395061728396
8.282958199356914
10.568807339449542
8.659176029962547
9.484437350359139
7.841823056300268
8.175531914893616
8.631944444444445
8.128286014721345
6.407063197026022
8.577586206896552
7.165876777251185
8.707724425887266
8.235294117647058
8.968325791855204
12.38265306122449
11.0
7.99645390070922
8.42663043478261
8.305494505494506
9.261702127659575
8.716216216216216
9.726359832635984
8.255241567912488
8.255241567912488
9.099173553719009
9.450581395348838
10.843137254901961
8.858064516129032
8.858064516129032
8.255241567912488
9.250814332247558
9.055045871559633
7.3892508143322475
10.985994397759104
7.527681660899654
8.087390761548065
10.577464788732394
7.275037369207773
11.666336633663366
7.789
7.102841677943166
9.5
9.562982005141388
8.659176029962547
7.135214007782102
7.046267735965453
7.559514170040486
7.702583025830259
8.261904761904763
7.822608695652174
6.743055555555555
9.616319444444445
8.68918918918919
9.245011971268955
9.60676532769556
7.104304635761589
7.135214007782102
9.328719723183392
8.670886075949367
9.926204819277109
8.983333333333333
9.303951367781155
8.266522210184181
8.816239316239317
8.659176029962547
8.698245614035088
7.99645390070922
8.255241567912488
11.224789915966387
8.305494505494506
11.984375
11.18141592920354
8.732972972972973
7.559514170040486
9.21069182389937
7.360215053763441
9.200315457413248
9.725581395348836
9.444444444444445
8.128286014721345
8.141104294478527
8.82882882882883
9.479030754892824
7.754385964912281
9.338781575037148
8.814889336016096
7.369817578772802
8.659176029962547
8.134831460674157
9.355574324324325
10.195744680851064
8.790322580645162
7.410126582278481
10.710727969348659
7.381294964028777
7.841823056300268
9.303951367781155
9.9272030651341
8.1145584725537
12.372093023255815
11.405940594059405
9.915966386554622
8.814889336016096
10.97887323943662
8.659176029962547
10.577464788732394
7.5
8.141104294478527
9.116372391653291
9.18978102189781
9.261702127659575
8.12267657992565
7.3688212927756656
8.707724425887266
10.212624584717608
8.506382978723405
8.255241567912488
11.353159851301115
10.14519906323185
9.754884547069272
8.498583569405099
8.199222546161321
9.946778711484594
9.726359832635984
9.808080808080808
8.305494505494506
9.021803766105055
8.968325791855204
8.055555555555555
8.266522210184181
9.389380530973451
10.9390625
8.141104294478527
9.74496644295302
8.128286014721345
8.369246861924687
12.650568181818182
9.21069182389937
7.369817578772802
7.232926829268293
8.049594229035167
7.3192090395480225
9.94475138121547
8.670886075949367
10.412322274881516
8.404618473895582
8.433962264150944
11.17827868852459
8.82882882882883
8.479355488418932
10.17507418397626
10.632132132132131
10.14519906323185
9.576819407008086
8.506382978723405
8.866396761133604
10.014742014742014
9.304541406945681
6.67005076142132
7.093023255813954
8.12267657992565
7.789
7.559514170040486
14.6284046692607
8.237467018469657
9.484437350359139
8.235294117647058
7.144796380090498
7.813559322033898
9.105263157894736
7.628751974723539
9.245011971268955
8.266522210184181
10.924107142857142
8.631944444444445
8.433962264150944
7.2193460490463215
8.972589792060491
8.252354048964218
8.1145584725537
7.853714285714286
9.088235294117647
9.071844660194175
9.404624277456648
9.355574324324325
8.175531914893616
8.964324324324325
9.725581395348836
8.404618473895582
9.021803766105055
9.94475138121547
8.479355488418932
8.252354048964218
8.266522210184181
9.161157024793388
9.291588785046729
10.145333333333333
9.818965517241379
8.763358778625955
8.814889336016096
7.58029197080292
8.379310344827585
8.964324324324325
8.044600938967136
9.079268292682928
8.546198830409356
7.187185929648241
8.78173719376392
7.2633744855967075
10.69767441860465
9.801418439716311
9.926356589147288
7.591139240506329
10.9390625
8.995847176079733
11.682522123893806
8.843780135004822
11.294117647058824
9.304541406945681
10.113149847094801
8.25242718446602
9.298578199052132
9.304541406945681
8.164369034994698
7.716435185185185
8.251655629139073
8.992223950233281
9.138832997987928
9.21069182389937
8.479355488418932
11.27027027027027
8.964324324324325
9.239942528735632
7.3892508143322475
12.425465838509316
8.78173719376392
8.732972972972973
9.40421052631579
7.852842809364549
8.044600938967136
7.444708680142687
8.972589792060491
9.499540018399264
9.626198083067093
8.78173719376392
8.848314606741573
9.258064516129032
9.086167800453515
7.0014792899408285
10.093167701863354
8.742038216560509
8.542168674698795
11.666336633663366
13.2
6.7281348788198105
9.464235624123422
8.670886075949367
9.24375
9.969543147208121
8.199222546161321
11.1203007518797
10.430059523809524
8.78173719376392
8.407594936708861
9.200315457413248
9.837301587301587
10.364394993045897
9.450581395348838
7.187185929648241
8.252354048964218
8.972589792060491
7.248633879781421
7.369817578772802
8.814889336016096
9.94475138121547
9.323076923076924
9.021803766105055
8.087390761548065
8.266522210184181
10.551767676767676
7.06508875739645
11.190184049079754
8.670886075949367
6.715953307392996
7.9786476868327405
7.369817578772802
9.40421052631579
8.46843853820598
8.077262693156733
9.682769726247987
8.814889336016096
8.143162393162394
9.79745889387145
8.82882882882883
9.291588785046729
8.972589792060491
9.181372549019608
9.499540018399264
9.245011971268955
8.255241567912488
7.614489003880983
7.614489003880983
11.058823529411764
9.969543147208121
11.354515050167224
8.670886075949367
8.020771513353116
8.834677419354838
9.105263157894736
8.049594229035167
8.556427870461237
7.789
7.976897689768977
7.818461538461539
8.983333333333333
6.589928057553957
7.3688212927756656
8.670886075949367
7.813559322033898
9.250814332247558
9.250814332247558
7.56140350877193
9.736593059936908
7.614489003880983
8.087390761548065
8.556427870461237
11.069444444444445
9.261702127659575
7.3688212927756656
7.444708680142687
10.985994397759104
8.166500498504487
8.079572446555819
9.401785714285714
9.116372391653291
8.498583569405099
6.637545126353791
9.277777777777779
8.579775280898877
7.479087452471483
11.148148148148149
9.926204819277109
8.995847176079733
7.046267735965453
7.282828282828283
9.969543147208121
8.029377203290247
7.610169491525424
8.330798479087452
9.969543147208121
8.166500498504487
8.527624309392266
9.355574324324325
9.116372391653291
8.1145584725537
8.020771513353116
9.21069182389937
8.044761904761904
6.803508771929825
8.479355488418932
7.151797603195739
8.079572446555819
7.307865168539326
7.093023255813954
8.866396761133604
6.592639593908629
9.444227005870841
7.943037974683544
8.814889336016096
10.551767676767676
6.158645276292335
10.185053380782918
8.404618473895582
7.283443708609272
9.499540018399264
8.816239316239317
8.866396761133604
8.479355488418932
8.990128331688055
6.986676535899334
8.128286014721345
8.330798479087452
8.197327852004111
8.305494505494506
8.498583569405099
10.43231441048035
6.334745762711864
8.506382978723405
8.055555555555555
10.680522565320665
8.251655629139073
10.127272727272727
10.900128040973112
9.245011971268955
10.618657937806875
8.677966101694915
8.331781140861468
7.368098159509202
7.275037369207773
7.285553047404063
7.628751974723539
7.322314049586777
7.686900958466453
8.670886075949367
8.197327852004111
7.675054704595186
11.17827868852459
9.484437350359139
8.237467018469657
7.144796380090498
8.305494505494506
8.25242718446602
8.330798479087452
7.976897689768977
10.023952095808383
8.166500498504487
8.087390761548065
8.78173719376392
10.089058524173028
10.145333333333333
8.197327852004111
7.431962025316456
8.498583569405099
7.26517571884984
9.326278659611994
7.17406962785114
8.647379912663755
7.3892508143322475
11.150121065375302
9.200315457413248
9.926204819277109
9.726359832635984
10.9390625
8.020771513353116
10.605584642233858
10.638805970149253
8.331781140861468
9.779569892473118
8.948818897637794
11.461538461538462
8.433962264150944
9.021803766105055
9.445865302642796
10.63003663003663
11.424870466321243
7.381294964028777
7.0
8.638709677419355
7.752593774940143
9.200315457413248
10.780748663101605
7.368098159509202
8.571167883211679
8.964324324324325
8.579775280898877
11.70873786407767
10.568553459119498
7.9505703422053235
9.291588785046729
7.702583025830259
8.52450980392157
10.480565371024735
8.670886075949367
9.9272030651341
8.948818897637794
8.616438356164384
8.134567901234568
7.686900958466453
7.17406962785114
7.446064139941691
12.736434108527131
11.744075829383887
10.055
9.562421185372004
9.837301587301587
9.562421185372004
11.897252090800478
9.773333333333333
7.614489003880983
8.541237113402062
8.433962264150944
8.212328767123287
10.745562130177515
7.444708680142687
7.853714285714286
10.694029850746269
9.471264367816092
10.582222222222223
8.199222546161321
9.086167800453515
8.255241567912488
9.622137404580153
8.232
9.936560934891485
9.657620041753653
9.116372391653291
8.995847176079733
9.445865302642796
10.230171073094867
8.741035856573705
8.25242718446602
8.78125
9.94475138121547
9.562421185372004
9.562982005141388
8.866396761133604
8.972589792060491
9.294117647058824
8.298507462686567
12.784615384615385
8.742038216560509
7.789
10.900128040973112
10.194672131147541
8.866396761133604
9.725581395348836
8.25242718446602
7.360215053763441
8.454545454545455
9.277777777777779
7.368098159509202
9.092702169625246
8.298507462686567
9.616319444444445
8.827838827838828
9.181372549019608
9.092702169625246
8.433962264150944
8.479355488418932
11.74400871459695
9.389380530973451
11.065368567454799
7.62015503875969
9.18978102189781
8.237467018469657
10.055
9.479030754892824
9.401785714285714
10.680522565320665
11.942014242115972
8.68918918918919
9.806818181818182
12.070652173913043
12.070652173913043
8.616438356164384
7.58029197080292
6.803468208092486
6.592639593908629
8.1145584725537
8.616438356164384
10.9390625
10.965686274509803
12.15028901734104
11.769815418023887
10.965686274509803
9.261702127659575
9.086167800453515
7.56140350877193
8.556427870461237
7.498861047835991
9.74496644295302
9.79745889387145
9.021803766105055
9.479030754892824
9.94475138121547
11.225519287833828
8.846076458752515
8.255241567912488
8.199222546161321
8.527624309392266
8.029978586723768
9.801418439716311
8.044761904761904
7.368098159509202
10.014742014742014
7.997455470737913
7.404332129963899
9.444444444444445
6.532751091703057
7.3892508143322475
7.976897689768977
8.707724425887266
8.498583569405099
10.638805970149253
8.479355488418932
7.8018433179723505
10.013452914798206
8.972589792060491
11.0
10.055
9.245011971268955
9.444227005870841
8.995847176079733
7.99645390070922
9.401785714285714
7.479087452471483
8.827838827838828
7.527681660899654
8.659176029962547
9.946778711484594
7.151797603195739
8.175531914893616
7.4986945169712795
10.145333333333333
6.398340248962656
10.654743390357698
9.657620041753653
10.281159420289855
11.1203007518797
8.550304878048781
6.803508771929825
8.670886075949367
8.044761904761904
7.715
8.647379912663755
8.647379912663755
8.404618473895582
9.318791946308725
7.4964200477326965
8.166500498504487
7.3688212927756656
10.956912028725315
8.510280373831776
8.166500498504487
8.404618473895582
7.758909853249476
7.8018433179723505
7.628751974723539
9.969543147208121
7.404332129963899
7.322314049586777
9.245011971268955
8.990128331688055
8.166500498504487
8.866396761133604
8.479355488418932
8.659176029962547
8.670886075949367
9.116372391653291
8.297297297297296
9.616319444444445
9.444227005870841
8.972589792060491
10.281853281853282
8.527624309392266
9.926356589147288
9.132530120481928
10.567567567567568
8.235294117647058
8.25242718446602
9.116372391653291
8.631944444444445
7.322314049586777
9.24375
8.7420814479638
8.990128331688055
7.330221703617269
7.251515151515152
8.616438356164384
8.616438356164384
8.46843853820598
7.4986945169712795
8.990128331688055
8.616438356164384
9.562982005141388
10.035714285714286
7.360215053763441
7.4986945169712795
7.2633744855967075
8.865296803652969
6.915482423335827
9.946778711484594
7.322314049586777
7.8018433179723505
10.185053380782918
8.079572446555819
7.135214007782102
11.060419235511715
9.054327808471454
7.232926829268293
9.499540018399264
10.522633744855968
11.507607192254495
9.245011971268955
7.752593774940143
8.1145584725537
9.725581395348836
8.1145584725537
6.915482423335827
7.645161290322581
7.285553047404063
9.76944837340877
8.199222546161321
8.077262693156733
8.972589792060491
8.46843853820598
8.266522210184181
7.545602605863192
8.433962264150944
8.990974729241877
8.995847176079733
6.440397350993377
12.209677419354838
7.830985915492958
8.46843853820598
8.556427870461237
9.401785714285714
9.482288828337875
9.11
8.579775280898877
6.900369003690037
7.446064139941691
8.990128331688055
8.670886075949367
9.401785714285714
8.763358778625955
8.814889336016096
9.464235624123422
11.642276422764228
9.060747663551401
10.185053380782918
7.046267735965453
8.995847176079733
8.964324324324325
9.60676532769556
8.579775280898877
7.8018433179723505
8.237467018469657
11.193548387096774
8.659176029962547
8.128286014721345
8.407594936708861
10.686046511627907
8.843780135004822
8.862453531598513
7.758909853249476
10.532142857142857
11.666336633663366
9.562982005141388
8.46843853820598
11.551401869158878
11.291525423728814
10.113149847094801
8.830985915492958
8.819070904645477
8.486486486486486
10.680522565320665
10.568807339449542
11.220815752461322
7.17406962785114
8.143162393162394
9.484437350359139
8.677966101694915
11.557553956834532
7.56140350877193
8.255241567912488
8.78125
8.498583569405099
9.542397660818713
7.360215053763441
9.401785714285714
11.682522123893806
9.092702169625246
8.843780135004822
8.770212765957448
9.21069182389937
8.990128331688055
7.232926829268293
8.846076458752515
10.412322274881516
7.715
8.742038216560509
8.454545454545455
8.049594229035167
7.754385964912281
9.200315457413248
8.732972972972973
8.237467018469657
8.331781140861468
7.232926829268293
8.164369034994698
10.451570680628272
9.926204819277109
8.990974729241877
10.281853281853282
8.42663043478261
7.446064139941691
6.743055555555555
9.60676532769556
8.369246861924687
6.986676535899334
9.105263157894736
7.444708680142687
8.883076923076922
8.677966101694915
8.293333333333333
8.659176029962547
8.143162393162394
8.020771513353116
10.543650793650794
7.479087452471483
8.858064516129032
8.527624309392266
7.102841677943166
8.331781140861468
8.46843853820598
10.686046511627907
9.657620041753653
9.562982005141388
7.559514170040486
7.830985915492958
7.441037735849057
7.702583025830259
7.723958333333333
9.021803766105055
8.827838827838828
8.814889336016096
7.62015503875969
8.577586206896552
9.303951367781155
8.305494505494506
7.187185929648241
9.40421052631579
8.053412462908012
9.494736842105263
9.775139664804469
8.166500498504487
8.498583569405099
9.616319444444445
8.700389105058365
9.782771535580524
8.846076458752515
8.47972972972973
8.237467018469657
7.2633744855967075
8.956439393939394
10.300578034682081
9.445865302642796
8.141104294478527
8.990974729241877
9.616319444444445
8.827838827838828
7.628751974723539
8.995847176079733
7.8018433179723505
7.187185929648241
7.404332129963899
8.89516129032258
9.105263157894736
8.843780135004822
7.822608695652174
8.858064516129032
9.24375
8.164369034994698
9.200315457413248
7.135214007782102
8.700389105058365
7.997455470737913
8.882352941176471
7.8018433179723505
8.700389105058365
8.527624309392266
9.445865302642796
7.368098159509202
9.355574324324325
8.25242718446602
9.801418439716311
7.483947681331748
8.846076458752515
8.732972972972973
7.8018433179723505
10.532142857142857
8.029377203290247
8.199222546161321
8.510280373831776
9.626198083067093
9.079268292682928
7.980295566502463
8.848314606741573
8.255241567912488
8.848314606741573
7.980295566502463
8.546198830409356
7.2633744855967075
8.995847176079733
9.079268292682928
8.579775280898877
8.255241567912488
7.841823056300268
9.484437350359139
9.837301587301587
7.498861047835991
8.990974729241877
7.591139240506329
8.659176029962547
9.52153110047847
8.818713450292398
9.079268292682928
7.56140350877193
8.166500498504487
8.990128331688055
8.964324324324325
8.330798479087452
10.281853281853282
8.577586206896552
8.323529411764707
8.143162393162394
11.212624584717608
8.087390761548065
8.208616780045352
7.3688212927756656
8.369246861924687
9.682769726247987
7.421428571428572
10.43231441048035
9.071844660194175
7.9786476868327405
7.830985915492958
8.866396761133604
9.401785714285714
10.14519906323185
9.79745889387145
9.0
6.9879518072289155
9.936560934891485
6.803508771929825
10.731800766283525
6.592639593908629
8.659176029962547
7.360215053763441
8.862453531598513
8.237467018469657
9.0
7.283443708609272
9.9272030651341
8.077262693156733
8.647379912663755
11.065368567454799
8.546198830409356
10.372093023255815
10.857142857142858
7.2193460490463215
7.597510373443983
8.763358778625955
8.25835189309577
8.029377203290247
8.948818897637794
9.818965517241379
7.830985915492958
9.401785714285714
9.054327808471454
7.479087452471483
7.591139240506329
7.104304635761589
7.3892508143322475
7.2633744855967075
8.506382978723405
8.827838827838828
8.827838827838828
8.972589792060491
9.24375
10.448275862068966
8.827838827838828
8.020771513353116
7.483947681331748
7.104304635761589
8.237467018469657
8.995847176079733
7.26517571884984
8.128286014721345
8.251655629139073
9.21069182389937
9.52153110047847
7.830985915492958
8.331781140861468
10.430059523809524
8.479355488418932
9.088235294117647
8.546198830409356
8.044761904761904
8.846076458752515
10.551767676767676
9.658536585365853
10.654743390357698
9.60676532769556
8.197327852004111
8.305494505494506
9.054327808471454
8.670886075949367
11.291503267973857
8.843780135004822
9.542397660818713
9.445865302642796
7.686900958466453
8.968325791855204
8.866396761133604
8.46843853820598
6.817444219066937
10.543650793650794
8.166500498504487
7.830985915492958
7.17406962785114
8.479355488418932
7.3892508143322475
8.197327852004111
8.404618473895582
8.995847176079733
7.431962025316456
7.483947681331748
7.369817578772802
8.638709677419355
9.161157024793388
9.543905635648755
9.926204819277109
7.479087452471483
7.498861047835991
7.048507462686567
8.143162393162394
9.294117647058824
7.702583025830259
9.445865302642796
8.843780135004822
8.479355488418932
7.3192090395480225
8.199222546161321
9.338781575037148
7.187185929648241
7.369817578772802
8.827838827838828
9.338781575037148
8.542039355992845
6.592639593908629
9.181372549019608
8.46843853820598
9.562982005141388
11.020183486238532
10.731800766283525
10.169230769230769
7.26517571884984
7.135214007782102
8.479355488418932
8.732972972972973
9.682769726247987
7.559514170040486
9.095022624434389
8.75912408759124
9.677083333333334
7.645161290322581
11.09495896834701
8.330798479087452
8.78173719376392
7.322314049586777
7.758909853249476
8.1145584725537
8.25242718446602
6.803508771929825
10.551767676767676
9.562982005141388
9.338781575037148
7.8018433179723505
7.863372093023256
8.858064516129032
7.752593774940143
9.116372391653291
9.200315457413248
8.885245901639344
8.995847176079733
8.166500498504487
8.995847176079733
6.28659793814433
9.355574324324325
10.14519906323185
8.990974729241877
7.702583025830259
7.9505703422053235
8.128286014721345
8.433962264150944
13.372239747634069
9.138832997987928
8.82882882882883
9.613861386138614
9.616319444444445
7.752593774940143
10.480565371024735
9.303951367781155
8.134567901234568
8.404618473895582
8.330798479087452
8.510280373831776
9.095022624434389
8.732972972972973
8.893360160965795
8.282958199356914
8.252354048964218
9.450581395348838
8.647379912663755
7.232926829268293
8.707724425887266
10.694029850746269
12.034632034632034
10.763975155279503
9.071844660194175
8.079572446555819
8.331781140861468
9.245011971268955
8.029377203290247
7.369817578772802
7.56140350877193
8.846076458752515
9.24375
9.021803766105055
7.330221703617269
7.853714285714286
9.60676532769556
8.843780135004822
8.077262693156733
8.266522210184181
6.592639593908629
9.105263157894736
7.3892508143322475
8.972589792060491
8.846076458752515
9.926356589147288
8.964324324324325
6.915482423335827
10.451570680628272
8.88888888888889
7.3892508143322475
8.266522210184181
8.498583569405099
11.067615658362989
9.658536585365853
11.598522167487685
8.556427870461237
11.193548387096774
9.445865302642796
8.305494505494506
8.305494505494506
9.401785714285714
8.843780135004822
7.151797603195739
9.105263157894736
8.255241567912488
7.58029197080292
7.025165562913907
7.674157303370786
7.2633744855967075
9.338781575037148
8.846076458752515
8.433962264150944
7.446064139941691
8.676229508196721
8.700389105058365
7.2633744855967075
8.407594936708861
7.728070175438597
7.559514170040486
7.0014792899408285
8.42663043478261
7.8018433179723505
9.071844660194175
9.250814332247558
10.476793248945148
7.757033248081841
7.498861047835991
9.576819407008086
7.8018433179723505
8.846076458752515
9.116372391653291
9.105263157894736
8.865296803652969
9.445865302642796
9.099173553719009
7.369817578772802
8.141104294478527
8.88888888888889
9.562421185372004
8.251655629139073
8.232
10.055
8.763358778625955
8.199222546161321
9.304541406945681
7.446064139941691
7.251515151515152
8.843780135004822
8.556427870461237
8.550304878048781
8.479355488418932
8.995847176079733
8.647379912663755
7.552529182879377
8.82882882882883
8.049594229035167
7.716435185185185
7.251515151515152
10.14519906323185
8.081196581196581
9.079268292682928
6.986676535899334
8.956439393939394
8.164369034994698
8.331781140861468
8.659176029962547
8.659176029962547
6.743055555555555
8.992223950233281
7.3688212927756656
8.266522210184181
11.56030534351145
9.593824228028504
7.686900958466453
7.614489003880983
8.404618473895582
8.498583569405099
8.52450980392157
8.166500498504487
7.552529182879377
8.866396761133604
10.476793248945148
8.193548387096774
10.451570680628272
8.251655629139073
11.309002433090024
9.479030754892824
8.143162393162394
8.82882882882883
8.74731182795699
7.9786476868327405
8.544662309368192
9.562421185372004
10.43231441048035
10.230171073094867
8.866396761133604
7.151797603195739
8.407594936708861
9.079268292682928
8.866396761133604
8.128286014721345
11.666336633663366
7.754385964912281
9.773333333333333
8.46843853820598
7.976897689768977
9.245011971268955
9.926356589147288
7.229665071770335
8.261904761904763
8.956439393939394
7.3892508143322475
7.56140350877193
7.645161290322581
10.296511627906977
9.40421052631579
8.079572446555819
8.479355488418932
9.542397660818713
7.752593774940143
7.282828282828283
8.827838827838828
8.479355488418932
9.116372391653291
8.029377203290247
8.255241567912488
8.169811320754716
8.732972972972973
8.25835189309577
8.1145584725537
8.1145584725537
8.1145584725537
8.732972972972973
8.25835189309577
8.053412462908012
8.659176029962547
8.659176029962547
8.053412462908012
8.029377203290247
8.169811320754716
7.381294964028777
7.381294964028777
8.1145584725537
8.029377203290247
8.199222546161321
7.3892508143322475
8.029377203290247
7.322314049586777
8.369246861924687
12.1786941580756
7.330221703617269
8.266522210184181
10.6049766718507
8.546198830409356
7.56140350877193
8.044600938967136
11.225519287833828
8.995847176079733
7.754385964912281
10.37126600284495
8.197327852004111
8.077262693156733
6.931481481481481
7.976897689768977
7.997455470737913
7.943037974683544
6.476712328767123
8.732972972972973
9.926356589147288
9.557093425605537
7.716435185185185
8.433962264150944
7.758909853249476
10.153246753246753
9.562421185372004
8.305494505494506
6.3737704918032785
7.593406593406593
8.827838827838828
9.406040268456376
9.021803766105055
7.093023255813954
7.841823056300268
7.702583025830259
7.161198288159771
8.546198830409356
7.645161290322581
8.1145584725537
8.044761904761904
8.049594229035167
12.408602150537634
8.647379912663755
9.726359832635984
