0.65584165
0.701361
0.7040565
0.6799392
0.6421397
0.701361
0.6799392
0.7040565
0.701361
0.65584165
0.64942783
0.6865444
0.65584165
0.701361
0.65584165
0.6865444
0.71498805
3.8445985
3.4807296
0.6421397
0.6865444
0.6421397
0.7487706
0.65584165
0.6865444
0.6421397
0.6421397
3.8311176
3.7920027
4.0464344
3.9452243
4.2423215
3.0129445
3.2094767
4.0482025
3.9930372
3.8948538
3.885385
3.8311415
3.6253924
3.4953532
3.8222134
3.9476194
4.2391863
3.7462456
3.6608632
3.6098132
3.6648784
3.725909
3.5654387
3.7150455
3.554735
4.1935186
3.7674406
3.7687802
3.6643996
3.9527392
3.954009
4.259734
3.5584993
3.827506
3.7653165
3.9611115
4.2645903
3.937604
3.9352458
3.717729
3.8005188
3.6765063
3.7502425
3.8714533
3.6675115
3.8871388
3.6893518
3.1279767
3.8208954
3.4977973
4.0745726
4.0417805
3.0650077
3.9611928
3.7920027
3.577632
3.8559394
3.6395106
3.6543772
3.7143466
4.246951
3.6643996
3.9272933
4.3856754
3.6734786
3.900631
4.0301323
3.582844
3.585942
4.4091644
3.09883
3.7150455
4.0069666
3.796018
3.964395
3.6393402
3.9063802
3.9342232
4.137286
3.863276
4.1663795
3.7344131
3.709273
3.9592714
3.9069664
3.9852903
3.9169712
2.3443804
2.3904414
2.3904414
2.3904414
3.3587677
3.3008316
3.1056626
3.6017313
3.8076003
2.7902548
4.1512866
4.1312046
3.7687802
3.950474
3.795032
4.1775684
4.1027107
2.4734406
3.9050646
3.7176769
3.550248
3.795187
3.7873502
3.7355428
3.8740127
4.4657087
3.795032
3.7270129
3.6813667
3.775451
3.7680604
3.788279
3.6716485
3.8311415
3.3590572
3.9222746
3.9142678
3.9138355
5.234798
3.5185657
3.9330516
3.976557
4.1808987
3.9120584
4.1129065
3.7008018
3.4302123
3.229364
3.205831
3.937604
4.2428255
3.788279
3.494126
3.9414606
3.7476013
4.046215
3.7981255
3.7881656
3.7110214
4.059805
3.795771
3.7749453
3.7170074
3.7875714
3.9382155
3.7445798
3.7384064
3.8714533
4.241379
4.700187
3.8878114
3.5422516
3.9528139
3.5180254
4.0124483
3.5857842
4.165905
3.7185793
3.7673635
3.7816424
4.035243
3.8186393
4.058914
3.7143466
4.6660967
3.562402
3.829285
3.7544787
3.8529112
2.9200132
5.7854643
3.820249
4.0791883
3.774145
3.7019925
3.8408422
4.327341
3.0503528
3.7498906
3.8466153
3.6187096
3.7040963
3.8790324
2.5433707
3.668548
3.9497466
3.6395106
3.7297118
3.3538108
3.7391346
3.7164528
4.369753
3.9868917
3.8786254
4.6833916
3.7279322
4.070422
3.7288744
4.091608
3.6024997
3.896439
3.4964464
3.9142678
3.79099
4.0931377
4.0939374
4.0437045
5.9712815
3.6750848
3.877085
3.8457057
3.9661365
3.5980177
3.0504289
3.7193112
4.091608
3.8613124
3.964587
4.053423
3.7883606
3.864398
3.6812584
4.049798
3.707935
2.7935452
3.6552975
3.551067
3.6267877
3.8916352
3.8280444
3.8916352
4.0151896
3.7162075
3.5543952
3.8740127
4.3783846
3.7248654
3.3922935
4.2795453
4.2282124
3.902532
3.6501741
3.5850391
3.9736397
3.3771446
3.7579167
3.9320412
3.9667578
3.8665662
3.9129407
3.6648784
4.049123
3.805118
3.5415802
4.0321703
3.480573
4.020159
3.5960014
3.8402557
3.9057465
3.77893
3.7991362
3.6844134
3.7306437
3.9414668
3.739609
3.6268933
3.7825494
3.822686
2.4933238
3.910207
5.8394594
3.762193
3.7938986
4.0437045
3.9310994
3.9929633
3.725909
3.9495552
4.1888876
5.211467
3.6559951
4.599349
3.7365785
3.7096324
4.1093693
4.0478263
3.9768147
3.5544646
3.7476013
3.7237322
4.077671
3.8916352
4.000083
4.0148215
3.6933253
3.6532154
3.8665662
3.6235824
3.641427
3.8837414
3.7751822
3.4992177
3.6559951
3.7176769
3.9441242
3.7166739
3.8620927
3.3825784
4.1939707
4.4672637
3.7502465
3.8938916
3.8723862
4.157289
3.7017841
3.5299873
3.7524655
3.715524
3.6843178
3.8187563
3.6098132
3.952894
3.8510349
3.8714533
3.795032
3.7170799
3.6125684
3.7899222
3.378445
2.1473546
4.0169334
4.362235
4.0767508
3.1571336
3.7150455
3.906672
3.9312603
3.8740127
3.9667578
3.9861681
3.6940193
3.6253924
3.4514823
3.8876064
4.0316935
3.6275754
3.830954
3.77976
3.7875714
3.6837509
3.5124443
3.9986296
3.7089164
3.9522698
3.715241
3.9227197
3.959031
3.7237322
3.945974
3.9401634
3.9215167
3.8804996
3.7405946
3.7017157
3.5727193
3.3922935
3.845379
4.008811
3.837428
3.6501741
3.8723862
3.751373
3.994381
3.3669856
3.5402482
3.9870727
3.9933007
4.2301197
3.8983262
3.8415883
3.7646325
3.3737748
3.673892
3.8164
3.991045
3.5257912
3.4675817
3.9920843
3.7459757
3.7785947
3.6299272
3.7821941
4.7307677
3.4095056
3.8904278
3.5121765
3.3373978
4.02458
3.8620236
3.4959848
3.6302705
3.933195
3.8502913
3.761727
3.9443653
4.2362413
3.6806788
3.8160791
3.8714533
3.9481373
3.717033
4.182102
3.937604
3.9092376
3.9401634
4.3254757
3.7029288
3.621372
3.7673635
3.8001232
3.9111643
3.5403762
3.6744757
3.8569067
3.9279761
3.800192
4.2884603
3.8311415
3.8385346
3.0833638
4.30361
3.2803767
3.617822
2.3016782
3.5952375
4.0405407
3.586459
3.6643996
3.9494543
4.102816
3.633654
3.9519238
3.9670818
3.8347082
3.7335248
3.7150455
4.0518847
3.8303173
3.8139524
3.6277633
4.41829
3.5272167
4.3136954
3.8723862
3.6565416
3.6933253
3.6706564
3.8407319
3.7130003
3.945499
3.6807055
2.8791878
3.6395106
3.8665662
3.8015223
3.5690358
3.5690358
3.708902
3.6673427
3.8846507
3.6212103
3.6045575
3.7222152
3.845379
3.2583666
3.409196
3.8304427
3.8884928
3.85627
3.9329853
3.8768845
3.7028978
4.0532284
3.6760812
4.022396
3.8740127
3.6038034
3.8910003
3.7875714
3.6824293
3.7835524
3.753902
3.610246
3.856457
3.7955737
3.8212013
3.7725291
3.6173577
4.8099546
3.6927714
3.407743
2.9649668
3.863276
3.9435296
4.4951353
3.7993405
4.0819054
3.9894168
3.8972921
4.1501274
3.5896516
3.7690318
3.8910003
4.059095
3.9717026
3.6824293
3.664544
4.0931377
3.8058512
3.905155
3.3891077
4.134573
3.9401634
3.5903828
3.8714533
3.4981976
3.7603002
4.1620727
3.9032335
3.8104682
3.9138355
3.7253733
3.4375377
3.6253195
4.274822
3.6526845
3.837578
3.950474
3.6187096
3.863276
3.7821941
3.6743917
3.2344596
4.360382
3.9317253
3.793231
4.1107583
4.2589655
3.8899016
4.174615
4.090495
4.0111694
3.6404471
3.8435464
3.714983
3.769479
4.048685
3.9522698
3.7561584
3.782741
3.6503713
3.9920843
3.798559
4.731889
3.9793768
4.2621784
3.5540051
4.3777895
3.8590097
3.511266
4.130286
3.7557116
4.137451
3.6098132
3.350387
3.5588937
4.3500056
5.066043
3.8516078
3.8918653
4.3500056
4.2459183
3.9317253
4.246951
3.9570007
3.617822
4.087332
3.9138355
3.6108732
4.0076723
3.6988747
4.3922963
3.8447351
3.7131295
4.215458
3.3180745
3.8475935
3.67431
3.5877357
3.9232779
3.9497466
3.7402842
3.9071195
3.996849
3.714983
3.5539992
3.7584937
5.444181
4.209252
4.5766463
3.7899222
3.3417113
3.6605115
3.595663
3.8679423
3.631669
5.012123
4.0189476
3.8636694
3.808789
3.8335052
3.795032
3.7667277
3.7557116
3.706693
3.4951344
3.9946158
3.9784596
3.4079204
4.0814705
4.000083
3.8723862
3.6501741
3.617492
3.7402842
3.332066
4.1449423
3.564856
3.769479
4.094681
3.7050562
3.4131129
3.7289784
3.8679423
3.8362398
2.923172
3.9002414
3.8932712
3.7661476
4.9414983
3.6580708
4.334308
4.0921545
3.6508775
3.9069664
3.6098132
3.8421774
4.567668
3.6326413
3.775386
3.4790182
4.126664
3.5960536
3.828065
3.6098132
4.063775
4.2874804
3.9896016
3.2131708
3.8307605
3.718621
3.9342563
5.4391065
3.5312371
3.7981255
3.859424
4.0743756
3.2024474
2.6907423
3.420567
3.6570988
3.7106252
3.795032
3.795032
4.10041
3.7402842
3.7170799
3.6476212
3.668455
3.6640384
3.7832496
3.1473646
3.9986897
3.583047
3.9670966
3.769479
3.8264515
3.930749
3.85627
3.9650307
3.840432
3.3684561
2.7862866
4.288401
3.9932413
3.9069664
3.9138355
2.7044683
3.8620236
3.687067
3.7089913
3.7999873
3.8857412
4.3304825
5.0561523
3.7678971
3.8202844
3.5938654
3.6501741
3.9401634
4.020046
3.6496513
3.8778071
3.784073
3.6800332
3.522205
3.8972921
3.6258538
3.5639617
3.9069664
3.7822416
3.8679423
3.6570988
3.144148
3.8910785
3.803235
3.825747
3.891308
3.9317253
3.7899222
3.8665662
2.9456925
3.6494384
4.1744623
3.6951509
3.769479
4.250454
3.784923
4.1267624
3.655475
3.6714754
3.7667277
4.076905
3.7219725
3.6496513
4.1449423
3.8048306
3.7507014
3.7821941
4.2098665
3.653308
4.0656223
4.031188
3.5896516
3.8665662
3.6345277
3.4804373
3.9307883
3.8068006
3.598425
3.7899222
3.6501741
3.712148
3.7344131
3.991639
5.1315656
3.8311415
3.914365
4.374075
3.9558864
3.7209926
3.8143528
3.9917345
3.67
4.167655
3.836471
3.8740127
3.8213534
4.020425
4.8073883
3.2406058
3.2024474
3.3103123
3.7164788
3.867424
3.6159086
3.988879
4.1168513
3.696106
3.7306437
3.7507575
4.1742496
3.6716456
3.6954818
3.7344131
3.7557116
3.7821941
3.80602
3.8740127
3.8015492
4.0209327
3.7459006
4.167816
3.8005188
4.267041
4.0013065
3.659146
3.4094
3.9497466
3.5654387
3.8804154
3.6159086
3.7992241
3.701135
3.9544845
3.805171
3.9699512
3.395475
3.6699634
3.9716141
3.3309972
3.5840495
3.8825095
3.8407319
3.0175772
3.6326413
3.8871388
4.2602634
3.894034
3.6762106
3.8190105
4.167655
3.8910003
3.8171144
3.942119
3.6619997
4.046319
3.6098132
3.3983269
3.8838415
4.072646
4.115912
3.5980177
3.9661458
3.7646425
3.621602
3.7404542
3.85627
3.8436868
3.8430262
3.8068006
4.046859
3.945664
3.7297118
3.8575616
3.6357853
3.6017313
3.6706564
4.346882
3.953223
4.2840114
3.7842367
3.6253924
3.5358562
2.9728832
3.795246
3.7557116
3.8665662
3.8311415
3.6643996
4.10109
3.8858016
3.7899222
2.4198813
3.7130003
3.8371968
3.5532365
4.0316997
3.9597588
4.004656
3.8285022
3.9466124
3.991045
4.1203575
4.0197716
3.914369
3.9775743
3.6088967
3.7875714
3.714983
3.610246
4.009432
3.4647226
4.4040127
3.8521192
3.590939
3.550696
3.530178
3.706693
3.6159086
3.598425
4.1740885
3.7807841
3.6620545
4.008913
3.815194
4.078561
4.2624454
3.9528139
3.8433347
2.8790374
3.6722462
3.795032
3.6951654
3.803894
4.0333147
3.8899062
3.918192
4.0775156
4.0939374
3.643585
4.128453
3.6297805
3.6716485
2.9754891
3.7520037
3.57667
3.717448
3.7807841
3.8311415
3.6716456
3.9012184
3.2123945
3.6706564
3.896554
3.7299538
3.8592181
3.6982186
3.0875568
4.022442
3.5069628
3.851853
4.115912
3.4386644
3.9085367
3.740701
3.8435464
3.785572
3.8246045
3.864231
3.9272368
3.894104
3.7703733
3.8502913
4.2982063
3.7599597
3.9215167
3.4890842
3.6906035
2.9482028
3.7074585
3.577139
4.061138
4.131921
3.8976886
3.862146
3.769959
3.853722
4.1190476
3.7773087
3.6706564
4.0105896
4.049123
3.842974
3.8972921
3.9561372
3.8613653
3.950474
4.1497707
3.454691
3.7068145
3.3330686
3.8714533
3.8587885
3.6565416
3.9273925
3.8304427
3.6286092
3.9138355
3.909299
3.866126
3.7306437
3.8634977
3.704003
3.7402842
3.9160926
3.8740127
3.8202844
3.6159086
3.920928
3.9197812
3.714904
4.0981483
4.0743756
3.6643996
3.950474
3.9652412
3.725909
3.9342687
3.9342232
3.7982178
4.059805
3.8987706
3.8311415
3.9138355
3.842974
3.845379
3.3934133
3.7498045
3.902363
3.9497466
4.181636
3.740655
3.8066971
3.7982178
3.942409
3.6114063
4.063078
4.020212
3.632459
4.067977
4.5005555
3.8734837
3.5654387
3.834931
3.5189228
3.945974
3.854909
3.6159086
3.6844134
3.554735
3.8116167
3.617822
4.3124533
3.788939
3.6722462
3.8662727
4.101391
3.2322564
3.9135363
3.8665662
3.5257912
3.3703656
3.676342
3.8342304
3.5552502
3.8447351
3.8304338
3.769959
4.155571
3.864272
3.7991595
3.9519238
3.721773
3.6970997
3.9156687
4.019493
3.5369048
3.6706564
3.7344131
3.879001
3.5980177
3.7534144
3.9186919
3.6277633
4.251711
4.3310843
3.9065552
3.6714754
3.610246
3.7029288
4.0001345
3.7170799
3.8035243
3.8490434
3.707428
3.6064897
3.728636
3.9942966
3.5632355
3.8910003
4.049692
3.8347082
3.769479
3.834931
4.0008354
3.6706564
3.514571
4.106698
3.9804752
3.8965933
3.844639
3.480573
4.052715
3.8997726
3.714887
3.4999304
3.6686215
3.7830925
2.4035697
3.9532738
3.6357853
3.2308702
3.6570988
3.6812525
3.9849358
3.7507575
3.4781103
3.8502913
3.9669833
3.9917345
4.149957
3.7673635
3.6982872
3.7089105
3.810503
3.8723862
4.0920477
3.5654387
3.8825095
3.9138355
3.85627
3.55831
3.8311415
3.7405946
3.878501
4.014245
4.246999
3.9049249
3.645681
3.9452243
3.830954
3.9497466
3.6933253
3.9049249
3.7750108
3.8595173
3.666853
4.239615
3.6225457
3.378719
3.9142678
3.8030214
4.059095
4.693346
3.8804154
3.9032335
3.6722462
3.8772392
3.717729
3.823016
4.149957
4.0483303
3.9995766
4.053419
3.5714667
4.015777
4.0008354
3.8950474
3.4635608
3.6258538
3.9997957
3.8350408
3.8005188
3.9448488
3.8311415
3.795032
3.9452243
3.7725923
3.79131
3.957709
3.8311415
3.8679423
4.0562496
3.9317253
3.9927936
3.6177883
4.0218744
3.8752606
3.7402842
3.847646
3.8707545
3.7402842
3.8045926
3.7557116
3.620041
4.085149
3.7365053
3.7996624
3.48055
3.7342372
3.3922935
3.823016
3.951696
3.866126
3.8304427
3.6470256
3.7405946
4.000083
3.9759228
3.853722
3.992814
3.9528139
3.825177
4.4276056
4.4508266
3.8752606
3.706693
3.7142959
4.729368
3.6376257
3.8972921
3.8620236
3.4992177
3.7100563
3.6062045
4.0388536
3.913649
4.000083
3.7349
3.788939
3.9878678
3.8972921
3.7274773
3.5633376
4.000083
4.053602
3.7727275
3.3680387
3.73977
3.6253924
3.6975935
3.8001232
4.1449423
3.5376883
3.9065552
3.8369703
3.8760405
3.8592181
3.795032
3.854731
3.854731
3.7661476
3.6374989
3.7813134
3.863276
3.582844
3.7873502
3.8707545
3.8412094
3.913649
4.354719
3.7875714
3.3716795
3.8052204
4.192484
4.149129
3.8212013
3.858882
4.137298
3.9138355
4.059095
3.769479
3.769959
3.823016
3.8979633
4.0527697
4.19769
3.8679423
4.494752
4.077071
3.7807841
4.9055705
4.7007594
3.9994142
3.8965933
4.044402
3.714887
4.2713037
3.8333683
3.7405946
3.7749453
3.910103
3.779225
3.6243548
3.9804752
3.8798604
3.8718984
4.6543083
3.9959378
3.7344131
4.1771345
4.130804
3.508295
3.8509645
3.8591933
3.7579167
3.6253924
3.950474
4.1449423
3.7237322
3.8120189
3.6843178
3.9929633
3.9546332
3.725909
3.6716456
3.6101732
4.0574226
3.9443085
3.7517693
3.0622785
3.7172914
3.8068006
3.795032
3.5980177
3.8665662
3.8219092
3.3835678
3.717729
4.2333536
3.8665662
4.101412
3.8157504
4.109441
3.7365785
3.890934
3.8758948
3.8113782
3.6044974
3.2344596
3.6560683
4.275961
4.2083354
3.820858
3.667886
3.6038034
3.9149594
3.8843863
3.8030214
3.9138355
3.9669833
3.5676558
3.201986
3.6827009
3.7599597
3.6253924
3.7229319
3.7405946
3.7130003
3.6562586
3.673222
3.5593233
4.049122
3.8361661
4.078076
3.7455034
3.6714804
4.0197716
3.5403762
3.9669833
3.7749453
3.7176769
3.6824293
3.696106
3.6088967
3.8302648
3.60936
4.026785
3.8347082
3.7513435
4.149583
3.8665662
4.008095
3.7557116
3.991639
3.776998
3.5964828
3.8430262
4.026785
3.8435464
2.8308883
3.9135363
3.953223
4.360382
3.9426606
3.6178315
3.201986
3.6229105
3.8903353
3.981775
3.5895948
3.9014096
3.8609118
4.2460794
3.924775
5.1656156
3.844639
3.446301
5.1656156
3.7405946
3.8303173
4.1686187
3.9452243
3.8502913
3.7841015
3.714887
3.9936082
3.9442625
3.7561557
3.8665662
3.8203335
3.9233415
4.0708065
3.849247
3.7569115
3.717729
3.378445
3.7982178
3.6187096
3.6214628
3.834931
3.7255378
3.7899222
3.8171144
4.5143137
3.8679423
3.9138355
3.7749453
3.9540408
3.6659713
4.2654676
3.804888
3.877085
3.1577587
3.610246
3.9279761
3.4790182
3.8910003
3.6951654
3.9401634
3.8679423
3.7875714
3.8015223
3.6229105
4.000083
3.9076724
3.744988
3.6727579
4.0022573
3.7956138
3.8723862
4.077071
3.9401634
3.877085
3.9673676
3.7402842
3.85627
3.7170799
4.0621758
3.724191
3.851853
3.801091
3.899132
3.8460677
5.515472
4.047467
5.2070103
3.6970997
4.0109367
3.9932413
3.551067
3.6706564
4.0775156
3.9836886
3.439621
3.6706564
3.999293
4.1388035
3.5980177
3.6536503
3.6645634
3.521207
3.9555619
3.6923835
3.795032
3.7438133
3.795032
3.7869697
3.7557116
3.852628
3.850177
4.310446
3.5654387
3.57667
3.772316
3.795187
3.9138355
3.6520727
3.7270021
5.1656156
3.6951509
3.7332535
3.9009037
3.9775538
3.7468076
3.662478
3.5526967
3.8990905
4.073237
3.5709608
3.7380786
3.769959
3.8212013
4.018121
4.072646
4.0167327
3.5654387
3.702293
3.8714533
3.8342392
4.0231752
3.6253924
3.9515753
3.7507575
4.2826624
4.1449423
3.7749453
3.6760812
3.7869697
4.0510907
3.9628348
4.9402537
3.3737748
3.3156424
4.706964
3.7454844
3.7749453
3.8371968
3.9519238
4.128177
3.921926
3.8590097
3.8145792
3.543374
3.6159086
3.8311415
3.8068852
3.8723862
2.9728832
3.5121765
3.8421822
3.8356297
3.7014854
3.6947176
3.933195
3.7737334
3.6932974
3.407743
3.930063
4.0050716
3.795032
3.6906035
3.73977
3.8048127
3.849247
3.7687802
3.3668132
3.9717026
4.0532284
3.1867929
4.1054425
4.073765
3.8694599
3.7687802
3.7899222
3.6853592
3.9298666
3.6260548
3.7982287
3.87127
3.5639617
3.5709608
3.6501741
3.776177
3.6501741
3.6187096
3.673222
3.9030201
5.141979
4.0981483
3.6253924
3.8665662
3.714983
3.7821941
3.598425
3.959953
3.8501284
3.6098132
3.7744732
3.7152638
3.8712137
3.9519238
3.8916352
3.6187096
3.199513
3.8972921
4.0008354
3.9907875
3.7096324
3.3433375
3.8740127
3.6098132
3.6962545
4.008745
3.7975292
3.8857574
3.5639617
3.9917345
3.564856
3.7899222
4.0109487
3.725909
3.7043495
3.7760148
3.913649
3.8259215
3.564856
3.7226481
3.9138355
3.6038034
3.8665662
3.8665662
3.800192
4.019493
3.8700724
3.9878063
4.09468
3.3922935
3.8804154
3.8096302
3.3680387
3.8030214
3.8519883
3.845379
3.8516078
3.845379
3.845379
3.8516078
3.8516078
3.8519883
3.845379
3.8030214
3.3093355
3.6813667
3.767881
3.7402842
3.7687802
4.864822
4.0570483
4.1229286
4.6471686
3.6395106
3.5654387
4.1133356
3.8068006
3.961826
3.8243535
3.9138355
3.721332
3.7143466
3.9213781
3.2038584
3.2583666
3.6530786
3.6253924
3.6501741
3.728876
4.2759523
3.1109602
3.950474
3.9995766
3.374371
4.0562897
4.0743756
3.930749
3.6716485
4.1734934
3.9452243
3.8311415
3.554735
3.8821769
3.9342232
3.792314
3.8821769
3.7701569
3.9856038
3.959953
3.981259
3.721332
3.617492
3.5867026
3.5867026
3.9448833
4.0240974
3.9032335
3.4693527
3.9279761
3.877085
3.863276
4.166977
3.93474
4.0770445
3.8212013
3.6706564
3.6501741
4.095764
3.5414853
3.6088967
3.6431007
3.6933253
3.7947648
3.7618601
3.8679423
3.8740127
3.6530786
3.7673635
3.9026477
3.8511243
3.687067
4.052715
3.3910453
3.618498
3.932803
3.480573
4.1493077
3.7771506
4.0991497
3.823016
3.999293
3.8436868
3.8745666
3.7166739
3.932803
3.511266
4.334869
3.7150455
3.8005188
4.073237
3.744682
3.6933253
3.9766216
3.708902
3.600172
3.8311415
3.9317253
3.5818806
3.70818
3.7557116
3.5604737
3.769959
3.795032
3.884897
3.5214398
3.6980655
3.8356297
4.1494846
3.8821769
3.6543772
4.109815
3.5263581
4.0500436
3.9138355
3.7807841
3.9065552
3.9878602
3.7899222
3.9342232
3.8804154
3.8723862
4.080496
3.854731
3.6988747
3.3345964
3.795032
3.725909
3.7311406
3.511266
3.6299808
3.257916
3.9661365
4.0209146
3.9519238
3.6963189
3.7205265
3.6889055
4.252452
3.8688488
3.8843863
3.8843863
3.8879676
3.7329974
4.3348713
3.9932413
3.8740127
4.1449423
3.3858826
3.6347141
3.8081043
3.7873502
3.8665662
3.673756
3.6501741
3.4999304
3.6706564
3.8997726
3.8723862
3.8740127
3.9156687
3.7507575
3.795032
3.7749453
3.789184
3.5901718
4.014529
3.6801782
3.963574
3.7981553
3.725909
3.7562332
3.0954633
3.6226845
3.938325
3.218961
4.357484
3.913649
4.01076
4.102128
3.9667578
4.439909
3.937195
3.9986897
3.794331
4.020529
4.0240445
3.2308702
3.0833638
3.795032
3.508295
3.9138355
3.7203562
3.9011807
3.9701066
3.7505124
2.93225
4.005261
3.9528139
4.167655
3.79131
3.8714533
3.6253924
4.0656223
3.8901854
3.8665662
3.9138355
3.721383
3.7258885
3.9160926
4.2427464
3.9047282
3.9342232
3.7237322
3.823151
3.8876204
3.8702226
3.9555619
3.3922935
3.725954
3.1634755
3.717256
3.8455706
3.8466172
3.2777894
3.8068852
3.540897
3.9138355
3.8665662
4.0371675
3.9232037
3.6951509
3.9030201
3.7920027
3.8635368
3.600162
3.6967025
3.4742324
3.9646091
3.7835002
3.564856
3.8620927
3.7528553
3.8723862
3.9401634
3.4612012
3.7272856
3.9135363
4.0524335
3.9528139
3.8385346
3.607837
3.5088542
3.8904278
3.553987
3.8966596
3.945974
3.9497466
3.6970997
3.696106
3.7709966
4.02705
3.7205265
3.6905613
3.7015064
3.8762944
3.7400222
3.4701648
4.107133
4.0725193
4.6416388
3.8685274
3.5884914
3.8455706
3.959953
2.8886356
3.9426606
5.7576427
3.6690552
3.590302
3.407101
3.9197934
3.7579167
3.7875714
3.6716485
3.7193112
3.7656057
3.6501741
3.3579369
3.8455706
3.8413172
3.6923835
3.852628
3.5709608
3.8665662
3.7899222
3.7837868
3.5009022
3.5502915
3.6843178
3.642702
3.5121243
3.698509
3.453879
3.8839025
3.6791527
3.8405473
3.7581162
4.4847918
4.051892
3.6706564
3.595498
3.8665662
3.766844
4.5888376
3.8723862
3.6395106
3.8311415
3.9682808
3.9383097
3.9878063
4.049735
3.945974
3.6650918
3.4772644
4.049609
3.8490446
3.9049249
3.8718984
3.7193112
3.7588122
3.8707545
3.5709608
3.5654387
3.7807195
3.7405946
4.002139
3.5337396
3.769479
3.945974
3.8714533
3.6791527
3.7875714
3.73473
4.822099
4.1806145
3.5511088
3.785572
3.136358
3.3211696
4.008811
4.4345427
3.8199701
3.9391558
3.9524364
3.8595605
3.5936723
3.5690358
3.9766216
3.0833638
5.234226
3.8022835
3.8679423
3.508295
4.2178054
3.959682
4.710968
3.7435513
3.8905573
3.8304427
4.043105
3.6526845
3.9243262
3.78118
3.3858826
3.5867712
3.9216409
3.7902424
3.8311415
3.6716456
3.3987584
3.5891006
4.3963385
3.1353476
3.9138355
4.037912
3.1464949
3.1802406
3.7867973
3.6693301
3.8278832
3.9661458
4.3916492
3.6395106
4.0303426
3.85627
3.1674879
3.8843863
3.7488286
3.4609175
3.8804154
3.4577606
3.661455
3.8455706
3.856224
3.879528
3.7745786
3.3928998
4.6245594
3.6187096
3.9138355
3.7026763
3.759601
3.795032
3.4296072
4.323522
3.5463662
3.5960536
3.849247
3.8679423
3.6812744
3.7809248
3.445894
3.8519883
3.7150455
3.6824293
3.6826704
4.1392374
4.052715
3.8147101
3.545836
3.8001251
3.6933253
3.4143865
3.9766216
3.9917345
3.8015223
4.732983
3.0182295
3.891308
4.119465
3.6645634
3.7571425
3.6378546
3.7603002
3.8857412
3.230148
3.8557897
3.577632
3.7179918
4.058695
3.2888434
3.855134
3.9878063
3.8609438
3.7049346
3.5840478
4.201553
3.7841015
3.7405946
3.8804154
3.972069
3.9471967
4.000083
7.3731813
3.8635368
3.530178
4.1186347
3.8669949
3.8669949
3.3288748
3.3484685
3.4360564
3.4458568
3.7503505
3.59676
3.7301776
3.8825095
3.9139953
3.9856038
3.9091709
3.8804154
3.853722
3.8958063
4.230954
3.7225976
3.9402387
3.9175842
3.8208954
3.6960301
3.9856038
3.6346855
3.971372
3.06456
3.6824975
3.7235062
4.1106076
3.7222152
3.419141
4.0897074
3.7907956
3.6253924
4.1470933
3.937604
3.3013277
3.403622
4.0188293
3.8665662
3.9514184
4.3019915
3.8965933
3.7920597
3.8644357
3.9906433
3.6835809
4.10109
3.7992241
4.206917
3.937604
3.8191113
3.8804154
4.0952516
3.863276
3.8943932
3.6714754
3.2798622
3.1417723
4.167655
3.7850223
3.937604
4.0560007
4.543641
3.9574077
3.3737748
4.6255875
3.6324377
3.6706564
4.7341523
3.9431984
3.7007744
3.953223
3.8752606
3.8246045
4.040173
3.8483214
4.193269
3.4741445
4.1709385
3.7973025
3.9942966
3.7971969
4.078801
3.6346855
3.8740127
3.924775
3.9160926
4.1106076
3.6552975
3.4756153
4.491074
3.7920027
3.7175636
3.6484952
3.9927936
3.8311415
3.9452147
6.6048136
3.9312603
3.6706653
3.8425865
3.9796593
3.9796593
3.2426884
4.0874147
3.7875714
3.7939346
3.8979633
4.2253366
4.0538073
3.6346855
3.9744081
4.1952753
3.8700724
3.5340323
3.7835002
3.5937715
3.5937715
3.8893282
3.7557116
3.6437478
3.7306437
3.8441968
3.850177
3.703449
3.5960536
3.508295
3.6660504
4.0316997
4.120018
4.1798368
3.8108556
3.670683
3.727151
3.8208954
3.664544
3.6038034
3.8139524
3.8035321
5.3471103
3.9946563
3.9584718
3.6570988
3.2957366
3.918192
3.763294
3.5255368
3.8665662
3.8719604
2.585157
3.9766216
3.8972921
3.8241165
3.3093648
3.795032
3.8311415
3.6923835
3.7133775
3.7089937
3.3914263
4.1156096
5.2243385
3.8804154
4.5627837
3.6173055
3.725909
3.908163
4.022915
3.62208
3.8370705
3.7581162
3.8587885
3.6807055
3.9232037
3.5074666
3.8402557
4.093252
3.8979633
4.33875
3.282488
3.8005188
3.5272317
3.8752606
3.9932413
3.7019925
3.7873502
3.6038034
3.7616858
3.641772
3.7920027
3.862305
3.93474
4.052715
3.8901708
3.7481084
3.8804154
3.6311502
3.9927936
3.8147101
3.7109077
3.5302505
3.7533903
3.6923835
3.380053
3.9049249
4.159114
3.9431984
3.9452243
3.908972
3.7947648
3.937195
3.9447522
3.8804154
3.851853
4.0483303
3.6904285
3.8636694
3.7340653
3.6253924
3.9232056
3.8333666
3.7899222
3.9065552
3.892192
4.0532284
3.7875714
3.7826636
3.6675115
4.1145887
4.4276056
3.696106
3.8679423
3.9138355
3.6681645
3.8438973
3.9121916
3.8314254
3.6253924
3.842974
4.0947123
4.008811
3.8624911
3.8595173
3.2799861
3.6653712
3.142198
3.8157504
3.8676574
3.760267
3.6056657
3.8236136
4.653991
3.8516078
3.8030214
3.5842528
3.6027534
3.8804154
3.9186919
3.991045
3.417952
3.7185812
3.9160926
3.823016
3.9929633
4.1027107
3.85627
3.9049249
3.959682
3.85627
3.6807055
3.65536
3.776797
3.6826704
3.5980177
3.8311415
3.5257912
3.820551
3.696106
3.98322
3.8536272
3.9369802
3.585942
3.6981053
3.6744757
3.8989747
3.903299
3.8188295
3.6501741
4.136514
3.9875286
3.6322403
3.6159086
4.0201135
3.6261406
3.57667
4.1156096
3.8435464
3.932803
3.6253924
3.6924298
3.6472635
3.7150695
3.9856038
4.0005217
3.8723636
3.9138355
3.9272368
3.4406846
4.026479
3.6615882
3.3041124
3.610246
3.8723862
3.8099506
3.85627
4.2546
3.8783183
3.6253924
3.795771
4.0090504
3.5666876
3.901877
3.4992177
3.649319
3.8559947
3.9592714
3.8311415
3.8139524
4.4839783
3.9160926
3.714983
3.6382291
3.6650548
3.9829724
3.7856624
4.8679175
3.6319456
4.0197716
3.7673635
3.6415207
3.943739
3.6570988
3.9307883
3.9574282
3.2888434
3.9143245
4.200836
4.194501
4.1069665
4.008913
3.8804154
3.9667578
3.9274178
3.8099506
4.293487
3.8723862
3.7402842
3.9030201
3.3304505
3.896554
3.8402557
3.6159086
3.67431
3.7306437
3.4965663
3.6248136
3.6559157
3.657683
3.2801225
4.2985973
4.2355137
3.8169544
3.815964
3.659411
3.8846507
3.9035788
4.26216
3.6750848
3.8696685
3.9519238
3.7222152
3.7150455
3.6297805
3.788939
3.9227197
3.8825095
3.625645
3.8108556
3.9986897
3.7749453
3.8800488
3.854731
3.8311415
3.6645634
3.9099705
4.163841
3.554735
3.6187096
3.6148837
3.9930456
4.5077686
3.849247
3.7827625
3.6433008
3.8609405
3.991045
3.6832259
3.9227197
3.4946291
3.9574077
3.7402842
3.9452243
3.881522
3.6253924
3.785572
3.8073008
3.640977
3.7193112
3.5118396
3.5762076
3.5084693
3.8371968
3.8342392
3.3023832
3.9660192
3.82024
3.7821941
3.497585
3.7934637
3.9967296
6.002149
3.903299
3.937604
4.591407
3.8811533
3.6826704
3.8665662
3.4181933
3.613235
3.6324377
3.8668513
3.7193112
3.931242
3.8421822
3.7170799
3.520979
3.8692725
3.6187096
3.593317
4.069707
3.847646
3.8436868
4.052715
3.6395106
3.8910003
4.104059
4.4958096
3.910103
3.8989747
3.7749453
3.9040003
3.6673105
4.0107927
3.9222746
4.0427723
4.02182
3.7673635
3.725909
3.663581
3.6187096
3.8347082
3.8910003
4.32508
3.4999304
3.7313614
3.962833
3.8712528
3.6017313
4.515961
3.691114
3.9650307
3.9311764
4.785419
3.8694599
3.7468038
3.6779478
3.872069
3.845379
3.9878063
3.8941593
3.801091
3.737086
4.037912
3.8965933
3.9011807
3.5543952
3.6988747
3.6716456
3.8665662
3.7166739
3.7219262
3.577139
3.4412403
4.058838
3.7330682
3.597943
3.8130887
4.5574083
3.7850223
3.7237322
3.640815
3.7365785
3.8498673
3.7069325
3.5690358
4.390339
3.8747494
4.073237
4.223427
3.9781437
3.5676558
4.2872877
4.0603514
3.8752606
4.0191274
3.8804154
4.266612
3.589106
4.1428967
4.008811
3.9426606
4.014798
3.7858703
4.0334525
3.7402842
4.3891096
3.950474
3.554735
3.57667
3.6645634
3.7117875
3.7089164
3.4390426
3.8665662
3.7899222
3.7588956
2.9728832
3.7709966
4.329054
3.5867026
3.57667
4.122446
3.5795898
3.8311415
3.795771
3.3048353
3.6843178
3.5951016
3.728636
3.7850223
3.5137293
3.1773489
3.4351313
3.4800868
3.6802652
3.3293502
3.9503272
4.0008354
3.495031
4.2589655
3.8972921
3.6194859
3.8375661
4.6490803
4.109441
3.44879
3.7402842
3.7150455
3.9667578
3.9215167
3.744705
3.7345326
3.811065
3.8029003
3.7579167
3.7295685
3.577139
5.029666
3.8636694
3.8029003
4.137451
3.736188
3.9069664
3.769479
3.7749453
4.066036
3.2339835
3.8977032
3.2951002
3.8658586
3.5654387
4.750501
3.6253924
3.849247
3.9279761
3.577139
3.550059
3.863276
5.0036845
3.4427507
3.9955268
4.0087957
4.6101084
4.2865744
3.717729
3.992814
4.031057
3.9227197
3.3214152
4.1106076
3.728636
3.3639083
3.85627
3.8932712
4.049375
3.935006
4.5113077
3.8139524
3.7080092
3.6645634
3.3708682
3.3855426
3.9515753
3.8148024
3.6121552
3.854731
3.972965
3.3354988
3.5967927
3.554735
3.8212013
3.8932712
4.537193
3.2359374
3.9269838
3.6173577
4.3671446
3.8402557
3.6516922
3.6118054
3.3614168
4.109898
3.8164
3.8062143
3.514571
3.6110592
3.497414
3.7077312
3.8972921
4.8186736
3.9528139
3.7509918
3.9042397
3.9189873
3.5347495
3.930892
3.6078389
3.5092988
3.4999304
3.982042
4.0931377
3.7557116
4.076905
4.3314285
3.4999304
3.8972921
3.9143245
3.6225586
3.874905
3.577139
3.7028978
3.9424014
3.0257719
4.732983
3.8752606
3.1492941
3.943989
3.37381
3.6706564
3.7106252
4.9671593
3.8030214
3.769959
3.725706
4.1291413
3.6253924
3.6017313
3.530178
3.716371
3.6716456
3.244671
4.9092393
3.7581162
3.6791527
4.155261
3.728284
3.785572
3.8311415
6.565996
3.1796055
3.8843863
2.5282776
3.7811632
3.795032
4.098156
3.5815728
3.7435513
3.9628348
3.4588373
3.8419762
4.183421
3.3748438
3.7131073
3.1867929
2.0476017
3.766926
3.8966546
4.0694885
4.1765394
3.6602616
3.4618187
4.1240106
4.008095
3.9235566
4.037912
4.298613
3.742534
