2.017178
1.8900871
1.6615365
2.9815793
3.8486164
2.4359827
1.9569862
2.216985
3.2178764
2.060226
2.3358605
1.6261134
4.5231194
2.414184
1.9047966
2.4938045
2.0929742
2.5103695
4.0052347
2.0813603
1.6469166
2.269722
4.050179
3.540725
4.4014397
1.891147
1.9302504
5.828801
1.9612609
1.8532324
2.44008
3.8042223
2.3800266
2.061225
1.6635424
1.9054381
2.5181327
1.9704962
3.4968956
1.7448246
2.6240625
1.75998
3.0347514
9.254438
13.045868
1.8865981
2.4938426
2.996573
2.1893072
2.7215111
5.194464
1.8284537
2.8378596
3.3049073
4.988094
3.2084544
2.4410677
3.0347123
2.2300215
1.9431068
2.225185
2.1674552
4.3236465
2.1451054
2.1874285
2.7290807
3.5490203
2.169888
2.8643541
2.7516503
1.7448246
1.7985144
1.6635424
3.95618
2.0984325
2.0343342
2.1101384
2.3487065
2.3425498
3.6662436
3.8508468
2.241301
3.006848
2.7394693
1.9156857
2.3461585
3.7159386
3.7101007
2.784566
2.3323636
2.6715207
1.5722064
2.7159104
4.560958
2.1536236
2.1101384
3.3499079
2.9004004
4.347436
2.4304543
3.1372721
3.9505303
2.0946267
3.4911168
2.4884315
2.1157427
4.6511936
1.7744508
2.2863536
1.9069417
2.2755575
2.53772
2.0702372
1.8229632
5.1483984
2.038951
2.4432602
3.0062644
1.9221982
2.5781596
3.081829
3.5491266
2.1089573
2.2425733
1.9482177
2.026804
1.9536753
2.3402677
1.9959716
1.6736618
5.196821
2.2631555
6.367816
2.238651
4.039065
2.1533585
1.7644169
1.9255615
4.6869826
2.3230376
3.0672314
3.3071563
4.0371323
2.3548508
3.4491212
3.3874426
3.942658
3.129602
15.060368
2.062119
1.65663
2.4410677
1.7800391
2.609631
1.7217028
1.8066986
2.8213797
4.116744
8.000038
1.9741396
2.8760684
3.666646
5.6429577
3.104892
2.2103038
1.8692147
2.1831734
4.13764
2.1768732
3.7646542
6.788734
3.701358
1.8816253
2.124308
5.184122
2.6984594
1.6571182
2.003491
2.2004876
1.2951187
2.2148252
2.0457528
2.4279523
3.5713968
2.255603
3.2222512
2.7348926
1.8802766
2.014776
2.0059195
2.015912
7.5900126
2.1007104
2.372152
6.8426414
1.8718144
2.4499016
3.1543202
3.736525
2.286603
3.2038834
1.2402902
1.6774193
1.9329734
4.483779
2.26209
2.3142495
2.1189556
1.8861423
3.8019047
1.9673158
2.5398905
2.6892998
2.1951828
1.7709163
2.3625064
2.2962613
1.981455
2.4410677
2.4835384
1.5898261
1.4465508
2.6272798
2.033772
1.8312838
3.776756
1.9124953
1.4311717
1.8064398
3.1070719
1.530415
1.863357
2.167667
1.9984387
2.3987358
2.5614853
1.9124391
2.0724058
3.654605
2.6218975
2.1361237
3.6654334
2.3409348
1.9384706
3.718754
2.197819
3.2105594
2.3299127
6.820955
2.1924834
2.5087867
2.9817078
2.4968953
1.9657825
1.9980199
3.0471103
5.5630746
2.8132086
3.621703
2.0359192
2.141045
2.8591163
1.8067411
1.8067411
4.4684486
3.7588599
2.0630112
1.6025707
1.9268622
2.4995837
1.7636076
1.981455
2.404078
7.4988375
2.1019125
2.2969532
2.214404
3.0192192
2.6920655
1.4855518
2.241567
2.3402677
2.0926132
1.6054791
2.1062293
2.1062293
2.543437
5.925948
6.083458
2.7281258
3.302886
2.018747
2.3874788
3.8133411
2.5162258
1.7448246
1.9549042
2.4079418
2.6734276
2.6787252
2.428806
2.3409348
3.9875336
2.7884023
4.536255
1.9196295
1.9554396
2.3337202
2.1793551
2.3554459
2.1731727
2.0460207
2.7709327
3.1779664
3.2591243
2.2421308
2.56167
2.9035306
2.4002507
16.627033
17.352736
2.166812
3.3936348
2.3984828
2.0079432
2.3657644
2.174438
4.2127895
2.0424614
2.26689
2.1721594
2.0792623
3.4218128
2.2442565
2.0471048
2.0709248
2.0099719
1.885362
1.7503861
1.7927617
3.5301542
1.7655923
3.0444016
3.8444536
3.0988348
1.563122
1.7048199
3.6563091
5.186231
3.0323424
2.2810292
2.2881052
3.516177
3.8210406
3.4810429
2.1045938
4.707056
3.796087
2.002512
4.342641
2.363514
2.3188763
2.4517088
2.022158
2.2061253
2.22505
4.5313344
1.9882201
1.9652526
2.293776
2.2124627
3.054266
5.222829
2.793761
1.6182917
3.559986
1.9610152
1.9546261
3.017385
2.1265566
2.8045428
1.981455
1.2913637
3.2222106
