5.727279643094864
8.818491563517394
7.696017473037334
3.8063017707524995
8.464308503549402
8.0196312974822
8.443758312193399
6.050231242222796
7.471839574771624
7.65192004946141
5.7133238896708045
7.408962027308603
7.7568405295909795
7.6943356125980555
7.4525546595342
7.579196665540534
7.913157148559687
8.428467398819256
7.9369076563664755
6.3885562728137675
6.292616332086083
5.756998741454396
9.11264251399523
6.903230537411108
6.4041335958086885
6.949741702274127
7.606593997501605
7.883918719608364
8.824591615904925
7.838166562115507
7.2621268299984845
8.12053619654094
8.289658668521707
5.771385638033881
6.869676148471735
7.599891100480191
8.60783184077697
6.5005158140786925
6.865135294002981
7.7648302666216455
9.090920455269195
11.469167691635406
6.104886848024987
6.604529558766857
9.147397689579549
7.246142327297515
8.748234437239098
9.104811712122354
8.947932042649558
7.599879039447024
8.773280975522221
8.07408201881851
6.037682455640187
7.432357533525731
7.523024311630786
7.2654938094032655
9.457437560420148
7.314672265972833
7.884118379916088
9.660119044815186
7.451833634020752
7.151695332337429
7.2362609514730885
4.9554083452859645
9.77496983859896
7.695309249113795
8.076947224449889
6.820466943362072
7.355886222992953
7.264458571191909
8.762507277163058
8.27220316195539
5.61862024189175
9.822656920214332
5.479752962106998
8.31327998340044
7.095510626278542
7.359728880568858
8.146830178174621
7.088479642151741
8.822833849142524
7.999876521682335
8.704054489043775
5.362439765376129
9.021649604073723
8.003232955701819
7.086535005356678
6.3888090507487565
6.344107863961171
6.76337604340583
8.704054516463197
6.809472280723217
7.861577910534864
5.611570716363786
8.5019376640682
7.725492428593215
9.352046723638775
7.703869982690488
8.093279342501695
7.703897369533895
7.25993746224485
7.705923984594143
6.967448271525894
5.19918374205782
7.21996184277352
7.360221436570192
7.585931065647588
5.709826125470487
8.957024128970605
8.174248556598615
6.2963957053937
6.749305028473942
7.645306761637412
7.253749393819935
8.388955198175148
7.331638077156317
8.793321821037166
10.302157532944097
6.929402228113493
6.426781693958085
8.392335562124163
6.8215614350478635
7.0632799320751944
8.62475199583778
9.234607406130964
8.522150822974139
7.853533117990892
8.022510113102118
6.521187491521543
7.24540718565013
8.377931914473368
6.816017152497379
7.92383990384265
8.524442146386862
7.207388526793365
7.327653450012245
8.259285023213796
6.864836833096685
7.9637010015428995
7.260323344240866
7.768276437926005
6.259552076213284
7.765800639544633
5.687138563990474
7.911039009995493
6.981923784747058
7.782989666017016
6.073352359687864
7.784437134785562
8.726360642323804
6.821795786082271
7.481402146288371
7.9696465274345805
7.2133168661314935
7.659914203017473
7.161962158192475
8.34160646967448
8.797688112889068
7.549312174070325
7.143145251375033
7.606507710452954
7.838080844482619
5.590134140785547
6.48283535626042
8.160838051947001
8.241676960948984
9.315734951885204
7.6183976646983425
9.524357429841857
8.447213026278305
7.686090858452415
8.576887429760028
8.272108417042581
5.968007004241605
7.891587089139323
9.606124039609586
7.631050840137556
7.9387047287631125
7.584225253723961
8.18592550409912
7.210962679462547
6.993174577486256
6.437539284567242
6.937692234981867
7.810208143722505
6.988164039750812
8.864669558030164
8.067031130400448
7.521616248121809
8.416115547464628
7.61720700350836
7.6322069469975045
7.872731760875798
7.479244350272089
8.887845434851844
7.4484081751912
5.340993166965568
6.39253263600438
7.954551869351098
7.814585063945355
5.583928849435867
7.545481368987087
5.734977872752387
7.757860766358934
7.955113580744319
6.0420299257787144
4.957790528415439
8.408783796876046
9.243552886432958
7.837670640146567
7.244468179197877
7.211883479297158
8.21598453501585
8.47099855637967
7.404142974285626
9.155505947538684
8.987904152113218
9.170423885090289
9.034042612750229
7.297088168981951
8.609277009914315
7.615925438852322
8.863355543339768
9.397031000614009
7.739564535529567
6.183823352482949
6.964587182160153
8.498902270739025
6.818317370012725
7.830765391643382
6.651759869125125
8.735673840600128
7.745712359657523
8.874446272405525
8.818407415321163
9.555618756480087
8.515670367173989
9.517794100393106
9.261176956878314
9.520206418998342
9.867010517465278
9.074870851586763
9.98404222371434
9.082494940260915
8.633845554460729
9.252770414526395
9.74308330225967
9.124975400095494
8.624645136746814
9.090408455108943
9.559643319861037
9.517924509813616
9.103105528030206
9.583115764391232
8.660034024648091
7.366078628810687
8.191152423891634
9.001563041552615
8.389993155799816
8.339640007860634
8.425120354472636
8.116282072876741
7.04860725515476
9.032463205821923
8.153799948081973
6.856336469175589
7.616386717751228
6.475281049989606
8.043324226113592
8.160978223516075
8.041084750483208
8.746766139770052
9.259993558176344
8.944493708713502
7.755426382911431
7.80731474394927
8.169280448034081
7.249051482011014
7.883506732948366
6.888835440119818
7.137645450717512
7.241145054713231
7.318506859335001
5.9030812550588125
8.650077325214806
7.51968386007928
7.534553230989696
6.827441414376397
9.403765637778767
7.306465071947464
8.903803674327367
10.125150825784939
8.804132979332527
9.480779254610217
9.259273606242923
9.167868550139303
8.877947928061502
9.564224702723951
9.522400653547459
9.166892498679136
9.49279896693702
9.86879997811223
9.669754101004472
9.868799958257432
7.191352681941938
8.200030537347399
7.644653776665963
8.037301415218158
7.116720354235082
7.460607295692811
8.858497062671791
7.6244828616068645
7.738704194360414
7.01418071866119
7.276899731599624
5.0278759824630015
8.482419007070973
7.833541501593014
9.216350395831032
7.194995885921167
8.22359903242808
7.813384783896563
8.271997724351348
8.429199535652094
7.796198961838039
7.727875372097365
8.050894470767178
7.461771732389328
7.875603168110679
8.507168432219432
9.811802816592238
7.937947350656605
8.312740319284675
8.21670816330679
6.584451905160096
7.315758435368995
7.1174679777124865
7.588349346341743
7.658992072602121
7.426272687978182
6.371073673487571
8.526305625817988
7.704146449484792
6.921484087288828
7.330994288990527
7.444859541309608
8.50348508087726
6.936109846031815
7.00544721866212
8.049670220831814
7.399641374964565
6.120008773563135
7.869767198993573
4.927739550063807
7.700013980084184
7.532159559546162
8.525808272636636
7.593144661665751
7.603014837462817
7.281861467947566
6.873902877440074
7.2032906110779376
8.863705153427324
8.757108814366683
10.678946918593075
10.381350474073521
8.763949951115762
5.863960691233396
7.483189847469883
4.258928032184126
7.520570425797256
8.729822012600094
7.208869106402979
5.338714329153103
7.874519610285882
8.498618917856897
5.197690220608527
8.102720065786635
6.308506444581456
4.512276393411649
6.870037900320277
8.278883798635746
8.485396098257347
7.7781132207625685
8.194338328927874
7.536656743117157
7.236922871731503
5.661897309322365
9.76345864535984
7.621450960486213
8.752357818623933
5.938297233567263
6.788260437939624
9.18372921683661
7.358120336124724
7.114177802116798
6.8690860663432
8.056877853695951
8.551141247350731
6.543036680652404
7.260266348515405
7.280933635027003
8.361422445139606
7.261176853857109
8.45430034478236
7.2893611427103755
9.328687255304787
6.0814045026986
8.194865571788853
8.852527905103065
8.583605432511153
8.115676417479975
7.657801142196952
7.766891331472909
7.069256509063584
6.112981891205795
8.011563542736951
9.656367160904079
9.909922708405157
9.170477429234268
5.072147624251234
6.3423132036653955
8.163589407326867
9.713352497543262
8.428754908150962
7.1674769764187225
7.5703883891449495
10.161640148853596
6.893839634830566
7.798693022827619
6.972806076714647
7.927258322067868
6.894922435443525
8.718408977879967
8.760153434962973
7.758223564383922
6.628334743305627
8.485342407468945
5.819987062148162
8.952565870376093
7.862372543263277
7.547232075346765
7.547857005592901
7.617581235065483
7.313220799216185
6.390704324636248
7.4978571639128795
8.408970675636512
7.5970006430029
7.136035829604788
7.640879373885863
8.000294752951763
8.146902675887075
7.661767813283216
7.40885307418138
8.478587036271273
7.603827224145871
9.071660195336383
8.614000185691674
7.0112111226577225
8.21338188689817
8.077240566448957
5.863279840757468
8.116470541225123
8.45747611925125
6.428250795494304
8.490934013955897
8.173524725763196
7.866033016524611
7.309334436173682
6.274940457604621
10.686588986124374
7.83756560607749
8.285134666427712
6.91470057467563
6.215996839328391
7.673996538537488
8.868447075000635
7.371293206822728
7.23687336612287
7.192631722523645
5.575023260525136
7.587634086648026
8.692919451484698
8.881697546242105
8.216171020425183
5.389396299288846
6.445196838092042
6.653230432220799
8.533793658017633
7.502478724681038
8.15188554379217
7.576000709832034
8.285242887454228
7.78843822211621
7.390670640061032
8.317378667634328
7.21171449977485
5.478789592651486
5.213598698851218
7.109359311152499
8.907315711208284
7.640988868022686
6.813722130436075
5.7825018384370415
7.322275351262468
5.532845163785465
6.726087596061392
7.86493989582465
9.359892352958155
8.541525151192037
7.5538989469169175
7.5065989602235526
7.438295382491077
7.739926282685908
8.786199718806529
7.875333860761472
7.1001748448693665
5.313383003282959
7.406971317562756
6.530438388191481
6.28841896297242
8.665687278780961
8.851880237720797
9.78676274310149
9.203455732278734
6.794662643193155
7.774031984307321
7.809261766843132
6.845322720209768
6.929930050142222
8.415114385528707
5.278096857955109
7.973471571080048
7.721192452599729
7.576979480556236
6.78335966891364
7.784558263608828
6.853527639869891
8.898849768441075
5.924878342100371
8.257828828821568
6.663801649972347
3.917971847800997
7.805400410074466
8.901846515997196
6.605504466540227
8.738978461469326
7.903001422182227
7.418833809471951
7.063418721081313
5.486548211765898
6.983350199688687
5.3520153172030644
6.783426084225952
7.849588115478953
8.635998086832243
7.846925209251169
8.569553841069299
7.725974954709715
7.8722096840343845
7.262735828957239
9.282061442933358
8.1119536500483
8.356783029501301
8.597069731070818
6.4764152505204615
7.23869907215096
8.163967092372168
8.287266337099156
7.738617690742188
9.61552638157363
9.029968322408878
8.149148298220458
7.9419798449559025
8.489774845001902
8.756494557106626
7.143005524456337
8.989131557496341
7.580059498579964
5.724267738803773
6.573117394311559
7.733148252185007
7.693646633269843
8.050988031675205
7.592915989181915
7.287154631537259
8.024198892969475
7.208832544119695
7.720742798561931
7.09119159793584
8.076105714878715
8.373027344549309
8.25639903211848
7.445321904554894
7.078281038300521
7.481835989529409
8.07232557971168
8.893488552941058
6.626273304940053
7.253022567956238
7.12443817650471
7.328855933437116
8.21931931339132
8.13283888865131
7.767150936318824
7.832379116447195
6.134626387384485
7.676034796780444
7.484183149221928
7.314426204476488
7.666427459407856
7.886336114790996
8.513720059845465
8.016937421374584
6.817435914183525
8.362033062401071
6.8498460655031606
8.359947023396545
8.359161283479917
8.359015843130415
8.274910444680724
8.360584771732972
8.411497257665175
8.016937421374584
7.0345772700160465
8.513720059845465
8.4049618483415
7.884596391249387
6.960075643960435
8.638738592654969
6.857721203645961
6.71485866874625
7.635802933420719
10.279164229976676
6.5969282850296915
7.5869656572139075
8.903476928190488
7.9896986196124455
8.010818261159955
8.336741378471956
5.788990321501685
7.3768171293172
4.801743722898049
8.135665439015607
6.971838985836631
7.400852175998117
4.76722779225218
4.693000276799183
8.503758856236733
7.114405970857717
5.985393643643223
8.824220506308246
5.143728269931316
5.383146320231529
5.030265448975838
7.522617615009813
6.9962083621485895
8.005383526707032
8.091348448047325
4.983747792051787
8.650503561324772
8.958145668266807
6.170687324907824
7.246604448568581
7.062551803582056
7.538025134279034
7.833019453242147
8.565338086917379
6.452219484740433
6.950187150391296
7.983826909044337
7.982955121434598
3.86434577672148
8.180544878912482
7.407292512835509
6.543216537923509
7.470905105753031
7.65320522479942
7.193802535774396
8.343777261239769
7.975187780341221
8.255286981499582
8.217544265948009
9.336924543469136
7.851169129282019
7.057699804123055
7.119966456612065
8.092124807713951
8.330835831930239
6.144467291478458
8.705421986621177
7.600830584717542
9.165157128452142
6.4969664919542875
8.29260798892349
7.310346691823154
7.649001977237031
6.919022461946747
9.228589794359294
7.288337515228183
7.6216460494076
8.450778718275327
7.08735011114514
7.403338853281734
9.310319236857094
7.49207955623729
8.825444789589984
8.537818333207774
8.284462219597293
7.974443418950724
8.251383928543703
7.516688402142771
5.642697650739583
7.866145758411358
6.57019783688361
5.7074759462731315
7.6356878178792975
8.872137300849705
7.67753988617584
8.688849082347488
7.5792664569240875
7.881828855665722
9.555915882097409
7.054713056672707
8.005602712815229
7.993578768335972
8.223474850439567
6.22123662522966
7.964542780762162
7.383621023445082
8.384336552701665
7.642467996062564
8.33559434233973
8.924117473698443
8.026313401517381
8.729406468456332
7.3632356858445895
7.137092403201441
8.168778456197206
7.199803794746028
7.837169491161738
7.500738697715466
8.246794050196003
8.25299740852706
8.816992856093052
8.347251208050167
6.940556776800401
8.757719126440165
8.102191702142086
8.137978096279063
7.60564036895938
8.55754238367649
7.761067441175797
7.741807490385456
6.781602683486278
7.590224764288081
6.92425486279197
7.443437305999667
7.139557433154583
7.648124279006431
7.5803713557964425
7.97627737897588
6.164582297691748
5.275433340051505
4.49176555801977
7.678945061704076
7.808010635279183
7.7147626818480255
9.174321543008105
8.347628201030252
8.404956175707262
8.969571816747122
8.214790509517563
6.976347551302185
8.396447290533201
7.5492869690814395
7.582913936839759
6.667066413254333
7.737651221947344
8.868298930444631
7.895338984934212
6.906411154440976
7.132777682005143
7.760434738613634
7.3939769412144685
7.743357163893361
8.104692412954089
8.550130898402653
7.393921923757464
5.946156943941555
7.950547661269891
8.068992559454824
6.961559007782203
7.49209762661831
7.604671209599845
7.726803322586671
7.596845891235552
7.130192363596777
7.458185798116678
8.008850714322545
8.028737956820757
9.713889936028712
8.746818004420295
7.252230307670683
7.889090175450845
7.947246700332846
7.434012709509673
8.199636338124579
7.891251788302777
7.2424199667098845
6.61693808110043
8.178542960372537
8.106453953212457
7.425968603070661
8.062639860332611
6.918288423046449
7.54570925487665
7.648932071835594
7.914435644101667
9.177490872391257
7.400402016172361
8.275244547638442
8.040547061485787
8.742887243268866
5.7902231239839015
7.3200235587979225
7.771390825718905
7.720779487284437
7.548747477180126
5.5134503932481245
8.35175387332798
8.326956638075508
7.346861351462831
7.54326570708292
8.072372235303465
6.857340480278954
7.64406406273049
7.963987057020075
6.00878586781251
7.008048603849193
8.023945147705358
8.124056411793857
7.273302603476181
7.724766860506977
7.3669348007201965
8.48774729564718
8.237450486612406
8.811488930551933
6.976728475926459
8.187470430874026
7.3568189863598645
10.013080063444244
7.699985803463451
7.955482270175089
8.584496742039029
8.204584088136775
7.574765331921321
8.17907748421893
6.5952079165679205
7.2695732889567335
7.327508918141467
7.477406255637382
8.138528778747064
7.41417829591076
8.317738486860774
7.7365632431496145
10.53197382064798
8.364851124765451
8.787415258640557
5.133569000220797
8.70060023661096
4.54901569626791
9.888227512261022
7.691752050473474
8.493239111486993
6.821493934651062
7.107196303957368
6.612370919449329
7.334362427747645
7.29038034660767
7.688097846209891
7.359643006103939
7.562535103928795
8.268722861461516
6.929293006941765
7.864520453908364
7.265921976969265
8.302535608668911
8.501733440636162
8.416508228042366
8.950579243754682
9.20574691316835
8.429789602334633
8.146204872380176
8.550669183407845
9.658085496936122
7.750413208226659
7.16274012296228
7.351124782478998
7.028071092378052
7.734717245877876
7.035802083132719
7.668274629012341
8.593709685930941
6.78781259227824
6.6406590069492974
8.489148866932911
6.563666537077561
6.598360187029902
7.300193568080305
8.13107941397446
7.4864029928682
7.7855071111696015
8.245664028937451
7.835308715473696
8.28351038433594
8.494566279641274
7.632610733449858
7.042341178441845
9.31677700675995
8.51711189332465
8.185023316649321
7.422792909186214
7.544571026201119
6.290219202005386
7.754447442130886
7.9767290696804505
5.846031029676137
6.860195178678788
5.06789241107693
8.802174805828024
8.582133114158548
7.161788317627564
9.697119461805661
8.871103212126659
8.484911100263378
7.853991314646332
7.578134425853856
5.960904280830242
6.57501558068991
9.604661450053179
8.29859429825321
8.823808564138892
8.326350074303562
6.9275052412169895
7.49096148755581
7.744790605815343
7.129012805142901
5.697574143273628
7.080365502051672
7.438838338331234
7.038608726849591
7.516597824645057
8.09497231378223
8.441847597040535
8.828243238325467
6.691485919133252
7.094315381077962
8.158619086091687
6.840592545055705
7.862212168349438
7.062830705036443
8.49920522941446
5.589538766523719
7.300225620235848
7.201237728547796
6.549890375718816
5.669349082397064
6.646820602052711
6.891414041239236
7.035104410774624
6.955298621490808
8.09831366376157
6.467355429973009
8.122245351871769
7.025527880427489
8.313440074738152
6.867375414253175
7.363872128663742
7.287878031319001
7.541709449896922
8.219945349667322
8.01090364182324
7.776999750849384
8.86533672794986
8.478808771460493
7.8420052579424
8.860803324975993
7.626244137307383
9.042482767923524
8.468610526919804
9.84718111461407
10.584296761222483
8.661936378057103
9.52780483910269
7.3524808024363955
7.763280566892092
7.650641045735037
6.855530552195077
7.382336508610672
5.788562246227741
8.099072147491402
8.367505867870193
6.06627029256914
8.14533960973606
6.1867491932145615
6.547517181741005
6.511705437585287
6.357541874838734
6.357541824386202
6.236134791651425
6.716244580187314
9.05128953965237
7.7144964400353775
7.70667946789815
7.8249663048609825
6.356843667906455
8.636632851426114
7.55040442621944
7.4248676852415025
7.103294961318853
6.234471168605002
8.659191758082208
7.867654808022618
9.838213448834782
6.726952146761868
6.346799204048179
8.106379937052663
6.866715851138328
8.223711860739416
7.932650494461502
6.457331309473527
5.93489270515821
6.547511964379722
6.547511544991112
6.547512040130546
7.13094845873217
6.716244602708942
9.148119376646434
7.2253738564238486
6.493609676965604
9.433762784371487
7.523445847772831
8.628996626107636
7.546470733036886
7.445070390937225
6.905698693843112
7.582704710768299
7.697198712036056
7.738050059779669
7.638015150352283
7.750567226989739
7.619254682814248
7.779972869494281
8.097499852370118
8.762837311833442
8.219090436097762
8.069188844176919
7.769568769060695
7.641724411939941
7.01921685547247
8.102602446780834
7.931332578786142
7.5172300063648105
6.426599895635826
6.603704750054406
9.127010761597315
8.168459171442734
8.376184110316702
7.594496422854387
6.087022492888906
7.789466734930574
7.987512453216452
7.724783827764454
6.769913843228007
7.726234879645486
9.383503396652822
6.7822693660302775
8.2126768325744
7.214224369959853
6.552700123118136
8.140930668945614
7.445682788658782
9.031380827432095
6.51932978513302
7.398271374677851
7.771820774354833
7.766157382045347
8.155970082356989
7.0469289061573885
8.34428154583486
8.174021091250205
6.680893610841183
7.596071652374624
6.443704818347861
8.694199773657395
6.691775182730953
6.217727064864937
7.590668778229283
6.6221399920515065
7.731966929884262
7.972415912890824
7.428840314503201
8.218533526542807
6.883614393915712
7.353217678056244
6.969643322381598
5.901538593583849
7.032259221582057
8.175561176661024
7.443914880113139
7.577232254490234
6.982494144927113
9.796548436751895
8.46695571505252
8.193059431688438
8.44644732720108
7.783971984830014
8.70802376078191
7.872229074557827
9.39819950225273
7.521991840904102
6.8990267175392574
8.163774482350219
7.252588595456139
8.464156716262261
7.954649055390993
9.005827533706558
6.807842215639736
7.305281373091867
8.13562210020861
8.223525838388857
8.649322592798086
8.408686537771935
7.958080176846121
8.224657015925906
8.168401966117347
8.60618442382269
8.867017955277115
8.37066807259634
4.912067967297373
6.635179783886312
6.919752731858677
6.011085717370603
6.9925450723676095
5.49286925043909
7.478735281937197
7.354622817113789
7.622015558067548
4.838105091854549
7.674668293306379
6.866957038921169
7.419980560526831
5.245493325200111
7.498528982563865
7.273992132671697
8.602351031192937
7.867523034746354
6.935072764388356
6.360763179643306
9.144935905886037
8.12763249612556
6.401120326312321
6.853549051626867
8.240256919297577
