5.172990940162935
5.135825092615866
5.28359020705049
4.934666723462874
5.064812551734463
4.8574059849249736
4.934894479556183
4.854482958539081
4.58183083295861
5.09916354593182
5.102653367340236
5.554871365978983
4.984957937756622
5.090869961913761
5.013139295764976
4.805279912836648
4.967213740052473
4.897319646693754
4.972007482360563
5.0018575990327605
3.9999931087786726
5.093215324450881
5.094444666021863
5.096396220553597
4.907450991184534
4.935702710459034
5.170107317885028
5.259153588615167
5.172453663987197
5.02157783607546
5.249163533310452
5.0085447241605445
5.211563155595099
4.913012946534742
4.70539276230544
5.16129550532521
5.014558707812617
4.803369895675005
5.28035940989702
5.247788700927111
5.8549551925091485
5.040733810342753
5.220369736813046
4.897733131794325
5.055548977913851
4.943055771522648
4.011108737415892
5.141963455796217
4.857625077714301
4.978502103014457
5.116866779327096
4.937435214573975
4.7439010616619095
4.9187211319834026
4.907476748430187
5.139002509587847
4.017038335383673
4.869865395837323
3.5246216418229155
4.7242107355388745
3.1679478578155296
5.13547017854017
5.04149744398673
4.705896068008303
5.379907542855924
5.154540674109951
5.081882527100496
5.1353162281092954
3.6335741064930707
4.904255741724627
4.858943132283972
4.996947653315891
4.965320093057315
5.034733856387743
5.08895952565268
4.938763919842766
4.9758342866549565
4.819161536965864
4.9887289082557835
5.07012986976154
5.07823804284342
4.921853512518799
4.967337067863812
5.018049530630033
4.777629473159896
5.022344292378756
5.140611459463659
5.245703995437578
5.180661421138366
5.012570179821673
5.021138047479384
5.112413308810689
5.0857021838408825
5.3189303332782565
4.920228867072908
5.045171344795581
4.8288271304466175
5.390378799699748
4.681819191918745
5.063650454208512
5.012840988810957
4.552911558886416
4.469231609428075
4.546528512296443
4.954551048395327
4.828868530123957
5.1080684005635275
4.680796954351274
3.92541985737911
4.873730928082223
5.520537239852372
4.876177924693906
4.914947564194462
5.074118378639433
5.032704100825289
4.907803487443099
4.875982930004243
4.911150052298002
5.139329652831155
5.073207739771921
5.005294091020266
5.073139282332411
4.84052338968209
4.807529287009537
4.755226346253351
4.98197261265399
3.4228636900150557
4.8854487669989295
5.223175308988993
5.050064310346111
4.7070190995448575
5.506872997071316
4.913686663932604
5.4569529134784736
5.313870178236662
4.9290049459203304
5.090733994893148
5.072958603148099
5.027856635496046
5.020620577729732
5.118554760211794
4.931222776107049
4.289998528212901
5.081045225944074
5.100092232924865
4.762170234193144
5.043115667178903
4.685945557510939
4.970079265029678
4.833083868320212
4.790254431463951
5.018447972253154
5.1478133993397215
5.0057020726499974
4.922905846354782
4.5854793606263815
5.1337965891440165
5.219841888750374
4.816976967327777
5.144289771193333
4.955011069235788
4.852908427547578
4.837626879641447
5.354120323063169
5.123100428836821
4.856696501955951
5.110582187365908
3.5908968281737708
3.422863710835463
4.001897625129322
4.993707861259576
5.013297744701623
4.974573105321496
4.859513719689808
4.83907667111212
4.895854352114437
5.008389696137449
5.100564339610459
4.896886062706106
4.898368036622854
4.611994390609952
5.011715884591404
4.878205074825344
5.184851913760728
4.961034373782028
4.837877811352274
4.938212905555241
4.878462835137834
5.10317121602414
5.081700297955022
5.298333248867848
5.009293254253427
4.918427609973033
4.92852473654202
4.663308975185713
4.878629957462018
5.35608284190057
5.102408974112726
5.2896027970233614
5.0858018147210755
5.171447343862238
5.027214167342392
5.0833704376864155
5.116790779392003
4.88544802998068
5.112635575581953
5.3008109275730515
5.117702783199022
5.152147122404048
4.980359646019522
4.502438715037017
5.252714044630081
5.1242342114219275
5.054716167431567
4.836552974789868
5.0943597065954345
4.972184806602888
5.194858775666818
4.158998009486497
4.944682676164736
4.893887126021073
4.9522568075422555
5.113280589376222
4.9428260357391185
5.233175433172122
4.570197844558737
5.030287496075011
5.398760923842916
5.0309295687467355
5.220431259991523
5.104833000772665
5.010178350664215
4.892576956754651
5.116321118282859
5.08931664601333
5.037157129433951
4.723924881260454
4.967235345708664
5.130066897796509
4.469118422794239
4.9849106404420205
5.503728360118828
4.927113891553503
5.127867741329055
5.25761575072321
4.758682193971159
4.931969444365382
5.0519625489938
5.341123371651667
4.63684735742601
5.013689631470697
5.32838102976136
4.939426814338983
4.438724270218024
4.887730486951434
4.933201386444665
4.934026681721486
5.06955232865026
5.0428396938945745
4.8572501491085
5.037510691222429
4.901834360772309
5.213920406034836
5.065777644920458
5.162348190207365
4.981988509713719
4.656340020284365
4.869163004024839
4.933185480886337
5.016499789203927
4.94930933163123
3.9280278376669187
5.103104615843534
4.7523272221893045
5.21653364541403
4.946672864447276
5.088812784238987
4.875877372008054
3.991666707024375
4.8512304380596465
4.398295435090704
5.0966201741995185
4.89563042710603
4.986240976555911
5.013828454859157
4.8554754754282134
3.5181239924574403
4.885510364615142
5.0427494387623915
5.18891677710209
3.5594259154921266
4.905072144622826
5.220866372260342
5.109334695336341
5.010865862846958
5.054077793134934
3.4228637216086746
4.943719366209127
5.154397089625356
4.9345053940127945
4.8915669188682696
4.9689631980939035
5.048646430587589
5.055266568358687
5.126624779003053
5.186777602249954
4.0151970140948094
5.223098687405995
5.096557343273498
5.18153816757062
4.922120791812678
4.999266885627222
4.941709752299004
4.9822082621974655
4.910972230009794
4.8948681343519675
5.073968704452936
4.902783616991943
4.972515066693823
4.937977246031504
5.185308646700501
4.368957708452688
5.040433697180195
5.268792967976706
5.1469013560798365
5.22219403521899
4.997047010036393
5.068469918106991
4.937679066925348
5.000515762129445
5.119152760424371
5.13996599474366
5.175592365061787
4.968865610312352
4.96163960933414
5.20117904012504
4.903237283272237
4.410044948371545
5.027520212568886
5.227355991046953
4.886962209359911
4.809285636154742
4.923546716285394
5.3805372371097215
4.753108412194631
5.140628404258927
5.135913202716809
5.329871837878743
4.79647834262805
4.510711918862435
4.838663151748895
4.939160432401235
5.376271644620463
5.072686485012253
5.32390814925525
4.865488504770318
5.04453776264485
4.939627243902904
5.404762602823473
4.933672765440692
4.804880061466856
5.130866053109206
5.214842123131395
5.043357097087897
4.935332923989428
5.114511427947937
5.179955266361261
4.799447847284878
5.013740545503488
5.160691172045171
5.063607348766562
5.227596815912061
5.131067104812246
5.12577125864629
3.5177104492854188
5.076366383757515
4.816845987447023
4.663550760941762
4.97914304182233
4.934329543011394
4.947251674221543
4.820445187157751
5.02351897467081
4.74704765736903
5.000228767706466
5.361320467178392
5.1441365873136675
4.8841230251157235
3.2821198887773777
5.05028400521123
5.0151804205654775
4.515606962189998
5.143610191213847
4.892901596162683
5.129657593934475
4.538293119008371
4.960692502912563
5.0152531708412
4.97781481924076
5.120239707748386
4.5791297270033455
5.376457301096149
5.174299321491851
4.455109020118243
5.085182819352127
5.0401147915325515
3.518582882355844
4.847850472840522
5.178960886056361
4.8686009560222745
4.9373510919467165
4.876116024637795
4.962507222916809
2.978822375909817
4.77439134498818
5.05706184477489
4.959791483140715
4.8315911489810635
4.86169600563433
4.404243208956874
5.0126318653596
5.304164498811287
5.276898803340378
5.03799667950331
5.033632795059998
3.9567448621396375
5.318491185241212
4.972854261946043
4.92149675829954
4.973529908726166
5.4097303707422295
4.8411566956118826
4.774680603970374
4.676524697395156
4.076706969152095
4.5592341040782935
4.699104006086029
4.341542853120128
4.5813041756165
5.079715285359617
4.300209312633101
4.821484011673366
4.661138221420303
5.26075137347917
5.009053366899452
4.990371769868268
5.117743506357369
4.796244102572249
4.609724921449887
4.801844405798757
4.9998975247127
5.241993607891738
5.118108478715039
5.078812711917059
5.215933794549052
4.997868734415623
5.018243857505382
4.778071251262917
5.153124748072445
4.7004465625042515
5.040607729141197
5.0147017026113465
5.026775150085749
3.925741039895622
5.268744618364023
5.074140662911171
4.869905949470796
5.06620692139129
5.090255063244202
5.5733206701586635
5.035019737440154
4.95395572617585
4.940825570804501
4.913810127615241
4.731048260509554
5.1969565568069
5.0378053062371055
5.002017987450093
4.994576476416741
5.115035346736017
4.918043471767731
4.673630694737109
4.7667707055831725
5.195662356585789
5.340685405701127
5.288399492371516
5.073361599739337
4.998797962047472
5.019893194784588
5.241480453291366
4.839423053445004
5.1070310301867075
4.797342569623298
5.0945797035974065
5.338200283406757
4.545837396966884
5.141601579402612
5.175610067196329
5.0626115741962545
4.530249393686658
5.267169611148216
5.144483196668011
5.0034655114750155
4.9254294880220755
4.858274978796812
4.999646980815096
4.970970488329731
5.009207412640571
5.123104392407571
5.008968285428623
4.9374974963238065
5.069565654384396
5.056736316540875
5.055079665623563
5.051921312665658
5.014490811972356
4.902166118161185
4.959705655888442
4.980112486654081
4.835911699641168
3.28334940361155
4.975483306058808
5.153774074125497
4.94271447195367
5.11155472389436
4.735444787362737
5.087278630795879
5.1365889429385785
5.073466815271839
5.028516483463384
5.128259695581649
4.951419760337923
3.5754264956954964
4.829987319715517
4.920736919477438
4.832996496586678
4.975469698333803
5.068295886628759
4.893165394925707
5.233358366823928
5.115503759795384
5.444525648271897
5.432509920221026
5.0294679994179
5.002594727080743
5.507482143520655
5.129766474593037
4.907138923880634
4.923008748958303
4.984283210471924
4.731014037696256
4.801083351597247
4.718416155281731
4.37237164847368
4.87241812089164
4.98127034594658
5.075247594028853
4.993362977497827
5.355507080918468
4.896316494651254
5.098401878884025
4.633817870081521
4.507485670979515
5.079470625941196
4.872142083701395
4.865158785957467
5.027371099024095
4.9722139014897175
4.792459430496424
4.9320427995657194
4.998972069661768
5.201373140908384
4.2079317435715575
5.14774401136416
4.659534560696028
4.86743964143602
4.42961899045495
4.68736731321233
4.801072708899476
4.58456606755094
5.03923595878502
5.067576646202958
4.996144696950651
5.134124470028923
5.104060245002787
5.059944638122441
5.003414337238422
5.129936631040559
4.852931152993264
4.365357030115847
4.962984108688075
4.697892410565242
4.701930565658135
4.8877381746607265
4.965004891107288
4.994938540753328
5.124997068792103
4.977202443419707
4.274279043217195
5.36103480091788
5.058317978319374
3.934796211298685
4.9253376734326775
3.9943243861514506
3.1590472011520982
4.952388423325402
4.662828792441028
4.944199856960792
5.0839712300384186
4.93994354416131
4.239185052456619
5.235839255362989
4.99215146523735
4.423064545565134
5.089084755246615
5.047621225972708
5.190025070961463
5.037730719783627
5.066733433976171
5.575469047550026
4.768591807750992
5.1216163112213335
4.800439726613521
4.959088437047333
5.289922087992549
4.979105556589963
5.247109383467272
4.919786804110727
4.961412009002824
5.055341274050569
5.140824338207169
4.992562708990482
5.003381564040828
4.886543331999997
4.864017587273968
5.034121183255331
5.170696103254613
5.193110479749453
5.088424955713535
4.9683442323765865
4.939312848025004
4.74302305660411
5.202667474305269
5.172776499464267
5.359427112900543
5.161137276387199
4.6879046788566425
5.017373318051815
5.119187213129482
4.991181916006007
5.0825015854387185
5.375107893461127
4.80408228463323
5.131453265357528
4.894461659161276
5.424329717401146
5.265399412168164
5.13341194614509
5.232538592968033
5.116781211950544
4.810525398142769
4.998890118822664
4.915722288622605
5.014167986452497
4.930627145362532
4.994226902147632
4.900768789290394
4.841600066183918
5.343406272805512
5.0455749643862084
4.635283507810858
5.019333792226682
5.136902694015282
5.060082464812587
4.791163408956096
5.018772814264436
4.458414991208472
5.164913442390532
5.234435374227596
4.871730254601342
5.033196281325881
4.932925668220748
4.85015066460657
4.994655917794776
5.142623777895617
5.022598171069785
5.316695136067494
5.142619668631046
5.144823350556889
4.898976921187633
5.356734015766376
4.850575677441867
5.055944424650503
5.143955850877035
4.854498893457494
4.815287003944871
5.03252418104756
4.695033600367579
4.7884297813821926
4.452150139133413
4.74990010690239
4.245257450420565
5.672161685753688
5.042219719428327
5.030246177367303
4.740655074108166
5.160399258816885
5.263921990924363
4.7732371748400215
4.869281949659564
4.899136669487467
5.345609542106084
5.113148052493383
4.614028367143808
4.436924097367014
5.190687768251065
5.5334562602048685
4.98204050521203
5.07788445285751
4.901736922170633
5.124048149195244
4.986576504337236
4.919406989259734
5.128252023509212
5.140369908130722
4.779655090944853
5.050359277418927
5.770801084926641
4.973374180007658
4.987399074905533
4.964735063147375
5.064369161284657
