4.14
6.64
5.38
6.5
5.44
4.68
3.9
6.8
8.8
5.56
5.88
5.8
5.68
4.72
5.26
5.1
4.78
3.3
6.98
5.82
5.46
5.64
5.1
5.86
5.52
7.2
4.3
4.7
4.74
3.78
6.46
6.18
6.74
6.2
5.36
4.52
5.733333333333333
3.72
5.44
5.26
2.02
5.78
5.64
5.9
3.54
6.78
4.94
5.76
4.18
5.14
4.38
5.16
4.72
4.44
5.42
2.8
4.72
4.8
5.12
3.86
4.72
4.76
3.0
6.16
9.4
6.88
6.753333333333333
5.48
5.5
3.92
4.6
4.16
5.3
5.9
4.82
4.78
4.78
4.5
6.54
5.28
7.28
3.93
4.44
4.84
5.64
3.8
4.36
4.3
3.94
4.38
4.1
4.68
4.56
3.36
3.8866666666666663
7.18
3.94
7.34
4.7
5.5
6.12
6.84
5.36
5.86
5.7
4.9
4.04
5.72
4.76
4.8
5.16
5.96
5.6
5.38
6.02
5.1
4.66
4.2
6.32
4.16
4.12
6.52
4.78
6.58
7.22
6.44
6.18
4.34
4.92
5.34
3.9
4.78
6.126666666666668
5.12
5.24
5.98
5.96
4.86
7.42
4.32
4.36
5.76
5.5
5.76
2.84
6.38
2.5
6.02
6.48
5.5
5.26
5.76
4.8
5.5
8.04
5.12
3.78
3.74
5.54
4.88
10.92
5.86
4.76
5.0
5.94
6.7
3.72
5.92
5.3
4.5
6.32
7.92
5.84
4.48
5.02
3.56
5.12
5.98
4.32
4.94
6.44
5.46
3.9
8.02
5.9
5.94
4.42
5.84
6.18
6.54
4.42
5.56
4.92
3.74
5.52
5.92
6.56
6.12
4.56
4.66
5.58
7.74
5.36
3.4
5.48
5.3
3.66
6.28
5.78
4.92
4.58
4.14
4.06
4.9
6.3
5.26
4.34
5.52
4.94
5.14
3.72
4.66
6.58
5.62
5.02
6.74
4.5
6.4
6.54
5.64
4.58
6.78
3.34
4.44
6.36
4.46
5.62
5.86
6.04
4.92
4.2
4.48
5.88
4.46
5.1
3.88
6.366666666666666
5.92
3.92
4.9
7.6
4.9
5.1
4.02
5.06
3.78
8.48
5.12
4.66
5.26
6.76
5.56
4.66
4.3
4.74
6.8
4.72
5.06
4.96
3.64
4.16
6.04
3.8866666666666667
5.56
6.12
4.62
4.36
5.72
6.32
4.72
5.78
4.76
5.18
4.48
3.64
5.3
8.18
5.46
5.96
4.8
4.94
4.4
5.72
5.88
5.1
5.82
3.88
6.78
4.96
4.84
4.48
5.28
6.74
5.06
5.92
5.09
5.06
4.86
3.92
6.1
6.04
5.7
4.38
4.26
6.32
5.2
5.48
4.113333333333333
5.04
4.28
5.1
4.34
5.42
4.78
6.22
5.26
4.82
5.28
4.4
5.726666666666667
7.3
5.44
5.18
4.66
5.32
4.84
4.78
4.66
8.48
4.7
6.96
5.9
5.82
4.52
8.02
6.36
6.1
5.3
6.66
5.56
6.9
5.36
3.97
4.92
4.14
6.0
3.16
5.5
4.0
6.68
5.14
5.06
5.7
4.14
3.86
6.24
6.44
6.28
5.25
4.88
5.84
5.84
5.52
3.98
4.32
6.74
5.48
6.22
3.4
5.62
6.6
7.56
7.0
7.16
5.42
3.9
5.92
4.86
7.64
6.4
6.56
3.8
5.1
5.08
5.76
6.44
5.52
4.62
4.0
3.26
4.02
3.62
4.66
5.4
4.6
4.96
6.88
4.2
4.64
5.8
5.94
5.82
5.06
5.92
5.52
4.64
14.06
2.86
6.16
3.0457142857142854
5.54
4.5
4.24
5.58
8.36
6.36
4.54
5.2
5.08
6.3
5.02
5.12
5.46
7.52
5.38
4.46
5.32
14.74
3.88
4.806666666666667
6.68
5.08
7.6
5.4
6.4
5.48
9.1
7.76
5.48
6.72
3.76
4.86
4.88
5.92
6.66
4.74
6.3
5.04
6.28
6.08
5.36
5.26
4.88
4.8
3.9
4.34
5.04
6.24
5.82
5.58
9.7
6.3
3.92
9.88
5.86
5.76
2.82
5.64
5.44
5.66
6.08
5.88
4.28
5.84
4.68
4.7
5.235
7.22
6.46
6.68
5.195
5.6
7.04
6.44
6.93
7.64
5.36
7.14
3.88
4.12
5.62
5.44
6.22
7.34
5.04
3.48
5.8
4.98
5.4
6.32
6.16
4.58
6.9
5.08
7.88
5.98
5.04
4.524
3.38
4.56
5.42
6.34
7.06
6.94
5.38
5.64
7.44
4.54
7.7
4.36
7.04
4.46
6.08
5.22
4.72
4.16
5.2
4.24
2.66
4.28
5.48
3.2
5.16
5.32
6.24
5.04
4.04
3.82
6.28
5.48
5.28
5.22
4.04
5.22
6.1
4.94
4.9
6.64
4.82
5.34
5.66
6.12
6.06
4.4
4.16
5.24
4.6
7.36
4.52
4.786666666666667
2.96
4.42
5.72
4.08
7.22
7.86
5.72
3.96
7.16
4.94
5.0
6.3
4.76
4.088
5.78
3.72
4.66
3.98
4.04
5.38
4.46
5.06
4.78
4.8
3.64
6.12
3.68
3.64
4.8
4.06
5.02
6.3
5.82
5.48
5.26
5.38
6.52
4.56
7.94
5.62
5.64
6.98
6.26
4.64
5.0
6.08
3.36
6.18
4.94
5.64
5.44
6.26
6.02
3.96
5.94
4.3
5.98
3.9
4.24
6.06
4.72
5.78
5.66
5.24
7.24
5.18
4.82
3.88
2.76
2.88
5.68
5.26
4.5
6.32
6.18
4.66
4.66
4.7
6.9
5.42
5.07
4.88
4.9
5.1
5.6
3.66
6.66
4.34
5.32
6.24
4.36
5.56
5.9
5.22
9.98
4.806666666666667
3.3
5.2
4.72
7.28
8.62
6.84
5.85
5.32
5.78
4.3533333333333335
4.84
10.1
6.3
5.2
4.48
5.78
4.56
6.22
4.02
6.2
4.78
5.12
4.72
5.22
6.04
4.78
6.04
4.52
3.32
6.52
3.18
5.632000000000001
6.08
6.08
5.28
5.48
5.4
5.02
4.54
10.34
4.22
7.46
4.58
3.48
4.94
6.36
5.46
5.96
3.54
4.324
6.16
7.84
2.8
5.06
6.66
5.46
5.72
4.52
3.62
5.08
5.3
5.66
3.56
4.46
5.64
4.8
5.44
6.56
4.98
10.12
5.52
4.22
3.48
5.86
3.72
9.52
5.8
3.3
5.52
4.6
6.1
5.32
5.22
5.42
4.8533333333333335
4.573333333333333
5.26
4.64
7.24
4.7
6.54
6.42
5.52
5.54
5.4
6.94
5.48
5.5
4.88
4.94
6.02
6.46
5.04
3.6
4.16
4.52
3.88
3.54
4.858666666666667
4.06
8.94
8.28
4.6
5.5
4.386666666666667
4.66
3.86
1.5
7.5
6.64
5.96
4.78
4.32
6.58
4.46
6.1
6.06
4.92
5.74
6.64
6.54
3.9
6.92
5.7
4.22
3.76
4.64
5.52
5.16
5.2
5.12
4.14
4.98
4.28
5.28
4.933333333333334
5.13
7.98
5.52
4.14
5.56
6.06
5.76
4.12
6.22
5.12
6.44
5.56
4.64
5.78
4.96
7.52
4.98
4.34
3.04
3.66
5.54
5.12
4.4
6.94
6.0
5.86
5.96
5.3
5.36
4.5
5.78
6.14
4.38
5.16
6.0
5.48
6.18
5.12
4.5
5.26
4.0
5.06
5.7
4.78
6.84
5.98
7.48
6.82
6.32
6.02
5.02
5.42
6.3
3.94
4.96
5.18
7.38
4.86
4.58
4.126666666666667
7.7
2.64
2.18
6.406666666666667
4.58
4.32
5.015
4.68
5.2
5.62
4.88
5.04
5.68
4.74
4.9
5.94
6.62
