8.0
3.0
8.0
13.0
8.0
8.0
5.0
2.0
13.0
6.5
2.0
2.0
8.0
3.0
8.0
5.0
2.0
2.0
1.0
8.0
8.0
2.0
8.0
3.0
3.0
20.0
3.0
8.0
1.0
8.0
3.0
8.0
13.0
1.0
13.0
8.0
2.0
13.0
1.0
13.0
1.0
13.0
3.0
5.0
20.0
13.0
3.0
8.0
1.0
13.0
5.0
8.0
5.0
1.0
5.0
2.0
8.0
8.0
3.0
5.0
3.0
1.0
3.0
1.0
20.0
1.0
13.0
2.0
1.0
8.0
5.0
2.0
40.0
1.0
8.0
40.0
13.0
5.0
2.0
5.0
5.25
3.0
5.5
8.0
2.0
5.0
8.0
13.0
5.0
2.0
5.0
13.0
1.0
3.0
13.0
5.0
2.0
5.0
13.0
3.0
6.0
5.0
1.0
1.0
2.0
1.0
40.0
13.0
20.0
13.0
1.0
8.0
13.0
8.0
1.0
5.5
2.5
20.0
3.0
5.0
5.0
5.0
8.0
8.0
13.0
20.0
20.0
8.0
8.0
8.0
5.0
5.0
2.0
13.0
5.0
2.0
2.0
4.666666666666667
3.0
1.0
3.0
5.0
3.0
5.0
1.0
8.0
8.0
5.25
13.0
8.0
5.0
5.0
8.0
1.0
5.0
8.0
5.0
5.0
13.0
3.0
8.0
20.0
1.0
5.0
5.0
6.5
1.0
5.0
20.0
2.0
5.0
13.0
5.0
5.0
2.0
13.0
8.0
3.0
2.5
5.0
3.0
1.0
28.0
2.0
8.0
40.0
13.0
3.0
20.0
8.0
20.0
5.0
10.0
11.0
1.0
3.0
13.0
40.0
3.0
3.0
5.0
1.0
1.0
3.0
8.0
5.0
1.0
1.0
3.0
3.0
3.0
2.0
5.0
1.0
8.0
3.0
5.0
13.0
5.0
5.0
8.0
8.0
20.0
8.0
20.0
13.0
8.0
5.0
3.0
5.0
2.0
2.0
2.0
2.0
2.0
2.0
8.0
8.0
20.0
1.0
5.0
8.0
8.0
2.0
5.0
8.0
3.0
3.0
4.0
2.0
6.5
13.0
13.0
5.0
6.5
3.0
8.0
3.0
1.0
2.0
5.0
5.0
5.0
5.0
20.0
5.0
13.0
3.0
5.0
8.0
1.0
2.0
13.0
6.0
5.0
13.0
5.0
3.0
4.4
5.0
8.0
5.0
20.0
1.0
8.0
8.0
1.0
5.0
13.0
5.0
3.0
5.0
7.25
5.333333333333333
20.0
2.0
8.0
1.0
8.0
3.0
8.0
8.0
2.0
1.0
3.0
8.0
5.0
5.0
5.0
8.0
2.0
1.0
1.0
2.0
5.0
1.0
13.0
13.0
2.0
3.0
8.0
13.0
13.0
8.0
8.0
8.0
5.5
5.0
6.0
3.0
3.0
3.0
5.0
2.0
13.0
8.0
2.0
3.0
2.0
8.0
5.0
8.0
5.0
3.0
1.0
1.0
8.0
8.0
1.0
5.0
5.0
2.0
1.0
3.0
40.0
1.0
5.0
5.0
8.0
2.0
5.0
3.8333333333333335
11.0
8.0
8.0
2.0
8.0
23.0
1.0
40.0
2.0
3.0
2.0
2.0
5.0
3.0
3.0
13.0
2.0
3.0
3.0
13.0
3.0
8.0
3.0
2.0
8.0
3.0
1.0
5.0
1.0
13.0
2.0
2.0
5.0
6.5
8.0
3.0
6.0
4.333333333333333
5.0
1.0
5.0
1.0
1.0
3.0
2.0
5.0
5.0
5.0
2.0
5.0
2.0
2.0
2.0
2.0
4.4
5.0
5.0
8.0
20.0
8.0
8.0
13.0
5.0
20.0
2.5
8.0
2.0
13.0
8.0
8.0
20.0
13.0
2.0
8.0
2.0
5.0
8.0
3.0
2.0
13.0
2.0
20.0
5.0
5.0
5.0
20.0
3.0
20.0
8.0
20.0
8.0
2.0
5.0
20.0
11.0
5.0
5.0
3.0
5.0
5.0
1.0
1.0
8.0
2.0
2.0
1.0
3.0
1.0
20.0
8.0
8.0
40.0
2.0
3.0
40.0
1.0
5.0
5.0
3.0
2.0
2.0
2.0
5.0
5.0
8.0
5.0
6.0
2.0
8.0
5.333333333333333
5.0
5.0
13.0
2.0
3.0
1.0
5.0
13.0
1.0
3.0
8.0
1.0
8.0
3.0
6.0
5.0
5.0
6.0
6.0
13.0
8.0
8.0
3.0
5.0
1.0
5.0
1.0
1.0
1.0
2.0
2.0
8.0
2.0
1.0
8.0
2.0
8.0
11.0
2.0
5.0
5.0
8.0
5.0
5.0
8.0
3.0
3.0
20.0
5.0
5.0
5.0
13.0
1.0
4.0
13.0
1.0
10.0
3.0
8.0
2.0
2.0
8.0
8.0
5.0
1.0
8.0
2.0
3.0
8.0
5.0
8.0
1.0
8.0
5.0
20.0
8.0
5.0
5.0
8.0
1.0
2.0
5.0
3.0
8.0
2.0
3.0
3.0
8.0
5.0
2.0
13.0
5.0
5.666666666666667
5.0
5.0
20.0
3.0
2.0
2.0
2.0
8.0
2.0
5.0
3.0
5.0
5.5
2.0
8.0
13.0
8.0
8.0
13.0
8.0
1.0
1.0
3.0
3.0
3.0
1.0
13.0
5.0
13.0
1.0
2.0
3.0
8.0
3.0
5.5
2.0
5.0
8.0
13.0
3.0
1.0
2.0
8.0
1.0
8.0
5.0
5.0
13.0
20.0
1.0
5.0
13.0
13.0
4.333333333333333
5.0
13.0
4.4
2.0
2.0
8.0
5.0
3.0
20.0
5.0
5.0
2.0
8.0
20.0
5.666666666666667
2.0
13.0
5.0
2.0
5.0
3.0
5.0
13.0
1.0
2.0
2.0
20.0
13.0
8.0
5.0
13.0
3.0
8.0
2.0
2.0
3.0
1.0
2.0
2.0
3.0
5.0
3.0
3.0
20.0
5.0
1.0
8.0
2.0
3.0
1.0
20.0
1.0
1.0
13.0
5.0
5.0
2.0
8.0
8.0
5.0
8.0
2.0
8.0
5.0
8.0
5.0
1.0
2.0
8.0
5.0
5.0
5.5
2.0
3.0
8.0
8.0
1.0
7.0
13.0
3.0
5.0
3.0
3.0
2.0
5.0
3.0
3.0
2.0
8.0
1.0
5.0
5.0
2.0
1.0
5.0
3.0
2.0
2.0
13.0
1.0
5.0
2.0
8.0
5.0
8.0
2.0
2.0
2.0
2.0
1.0
2.0
5.0
2.0
2.0
2.0
5.0
2.0
8.0
3.0
20.0
3.0
3.0
8.0
11.0
2.0
13.0
2.0
20.0
6.5
5.0
5.0
3.0
5.0
3.0
40.0
2.0
3.0
20.0
13.0
2.0
2.0
13.0
5.0
3.0
3.0
8.0
3.0
2.0
2.0
3.0
20.0
1.0
20.0
5.0
2.0
2.0
2.0
13.0
5.0
5.0
1.0
13.0
1.0
8.0
5.0
8.0
2.0
8.0
2.0
8.0
5.0
5.0
3.0
20.0
3.0
2.0
3.0
5.0
3.0
1.0
2.0
8.0
1.0
2.0
13.0
2.0
2.0
2.0
2.0
3.0
2.0
8.0
8.0
40.0
5.0
3.0
13.0
3.0
5.0
5.0
8.0
5.0
1.0
2.0
1.0
3.0
3.0
2.0
5.0
5.0
5.0
3.0
8.0
2.4
3.0
20.0
20.0
2.0
8.0
5.0
4.666666666666667
5.0
20.0
5.6
2.0
1.0
2.0
5.0
5.0
2.0
2.0
5.0
8.0
8.0
13.0
1.0
8.0
3.0
5.0
8.0
5.0
5.0
8.0
5.0
8.0
11.0
13.0
8.0
5.0
1.0
3.0
13.0
3.0
3.0
8.0
1.0
6.75
1.0
2.0
5.0
8.0
8.0
5.0
5.0
8.0
3.0
3.0
8.0
5.0
1.0
2.0
2.0
8.0
13.0
8.0
2.0
5.0
8.0
1.0
5.0
5.0
5.0
3.0
8.0
8.0
2.0
2.0
3.0
1.0
2.0
1.0
5.0
2.0
8.0
3.0
3.0
5.0
2.0
3.0
2.0
5.0
5.0
1.0
2.0
2.0
13.0
1.0
5.0
5.0
13.0
13.0
1.0
2.0
3.0
2.0
13.0
8.0
2.0
2.0
2.0
2.0
5.6
8.0
3.0
2.0
3.0
2.0
2.0
5.5
2.7
5.0
2.0
5.0
1.0
2.0
8.0
8.0
1.0
1.0
4.666666666666667
3.0
5.6
3.0
8.0
2.7
8.0
1.0
1.0
2.0
8.0
8.0
3.0
8.0
8.0
5.6
2.0
40.0
3.0
2.0
5.0
8.0
2.0
20.0
13.0
3.0
8.0
3.0
13.0
3.0
2.0
2.0
20.0
2.0
5.0
8.0
8.0
3.0
1.0
8.0
13.0
1.0
13.0
2.0
5.0
2.0
40.0
13.0
2.0
1.0
13.0
20.0
5.0
20.0
3.0
13.0
8.0
2.0
2.0
3.0
8.0
5.0
3.0
1.0
3.0
3.0
5.0
5.0
1.0
13.0
1.0
13.0
8.0
5.0
5.0
2.909090909090909
5.0
2.9
2.0
5.0
8.0
2.0
13.0
5.0
20.0
8.0
5.0
3.0
13.0
1.0
5.0
5.0
8.0
2.0
20.0
8.0
2.0
5.0
3.0
2.0
2.0
1.0
1.0
3.0
8.0
2.0
5.0
8.0
5.0
3.0
3.0
13.0
2.0
2.0
13.0
2.0
2.0
1.0
8.0
3.0
8.0
8.0
5.0
1.0
2.0
20.0
13.0
13.0
5.0
5.0
2.0
3.0
5.0
13.0
2.0
2.0
5.0
13.0
5.0
20.0
1.0
2.0
3.0
5.0
8.0
8.0
13.0
2.0
8.0
5.0
13.0
1.0
8.0
5.0
5.0
3.0
3.0
20.0
2.0
8.0
1.0
2.0
1.0
5.0
1.0
13.0
1.0
2.0
2.0
2.0
2.0
1.0
2.0
1.0
2.0
2.0
3.0
8.0
8.0
20.0
2.0
13.0
13.0
2.0
2.0
13.0
2.0
1.0
5.0
8.0
2.0
5.0
2.727272727272727
1.0
1.0
8.0
2.0
2.0
5.0
2.0
5.0
3.0
5.0
5.5
1.0
20.0
5.0
1.0
1.0
13.0
2.0
2.0
2.0
2.0
2.0
2.0
1.0
5.0
5.0
40.0
8.0
3.0
1.0
13.0
8.0
13.0
5.0
5.0
13.0
10.0
1.0
1.0
8.0
13.0
20.0
1.0
3.0
1.0
2.0
8.0
1.0
2.0
13.0
1.0
8.0
13.0
5.0
8.0
2.0
2.0
5.0
5.0
23.0
13.0
5.0
5.0
20.0
13.0
5.0
13.0
13.0
3.0
5.0
12.5
8.0
1.0
8.0
3.0
5.333333333333333
8.0
8.0
13.0
1.0
2.909090909090909
20.0
1.0
3.0
1.0
2.0
2.0
13.0
3.0
5.0
2.0
2.9
2.0
8.0
5.0
2.727272727272727
13.0
3.0
5.0
5.0
3.0
2.0
8.0
3.0
8.0
1.0
8.0
1.0
8.0
2.0
20.0
2.0
5.0
4.25
5.0
5.0
5.0
3.0
13.0
5.0
13.0
5.0
13.0
13.0
2.909090909090909
1.0
1.6666666666666667
5.0
2.0
40.0
20.0
5.0
2.7
1.0
8.0
5.0
8.0
2.0
2.0
5.75
1.0
40.0
3.0
3.0
8.0
2.0
8.0
1.0
2.0
5.0
8.0
5.0
3.0
3.0
8.0
5.0
8.0
3.0
8.0
1.0
11.0
8.0
5.0
2.4
5.0
5.0
3.0
5.0
2.0
5.0
3.0
8.0
1.0
13.0
1.0
8.0
8.0
5.0
3.0
5.0
3.0
8.0
13.0
3.0
8.0
8.0
1.0
13.0
1.0
1.0
8.0
20.0
5.0
5.0
40.0
2.7
2.0
1.6666666666666667
3.0
1.0
8.0
8.0
5.0
1.0
2.0
3.0
5.0
3.0
2.0
8.0
