3.0
8.0
3.0
3.0
3.0
3.0
3.0
3.0
3.0
3.0
3.0
3.0
3.0
3.0
5.0
3.0
5.0
3.0
3.0
2.0
1.0
3.0
3.0
1.0
3.0
2.0
3.0
3.0
8.0
3.0
3.0
3.0
3.0
1.0
3.0
5.0
3.0
3.0
5.0
3.0
1.0
5.0
2.0
5.0
3.0
3.0
2.2
2.4
2.4
1.8095238095238095
2.4
3.0
2.4
2.3333333333333335
2.3333333333333335
2.2
2.4545454545454546
2.272727272727273
2.3333333333333335
1.0
2.272727272727273
1.0
3.0
1.0
2.0
2.0
3.0
3.0
2.0
3.0
3.0
3.0
1.0
8.0
1.0
3.0
1.0
3.0
3.0
3.0
8.0
3.0
3.0
5.0
5.0
3.0
3.0
3.0
3.0
5.0
3.0
3.0
3.0
3.5
5.0
3.0
5.0
3.0
3.0
3.0
3.0
2.0
3.0
5.0
5.0
3.0
3.0
3.0
3.0
3.0
3.0
2.0
2.0
3.0
8.0
3.0
3.0
3.0
5.0
1.0
3.0
8.0
3.0
3.0
8.0
3.0
3.0
5.0
3.0
3.0
3.0
1.0
3.0
3.0
1.0
3.0
3.0
3.0
3.0
1.0
3.0
1.0
1.0
3.0
2.3333333333333335
2.0
3.0
2.0
1.0
3.0
1.0
3.0
3.0
1.0
3.0
3.0
3.0
3.0
5.0
3.0
3.0
5.0
5.0
3.0
3.0
3.0
3.0
3.0
3.0
3.0
1.0
2.0
3.0
3.0
8.0
2.0
5.0
1.0
1.0
3.0
3.0
3.0
3.0
3.0
8.0
5.0
5.0
3.0
3.0
1.0
1.0
8.0
2.0
3.0
3.0
3.0
1.0
3.0
3.0
3.0
3.0
1.0
1.0
3.0
2.0
1.0
3.0
3.0
8.0
1.0
3.0
2.0
3.0
3.0
3.0
2.0
1.0
5.0
5.0
1.0
1.72
3.0
1.0
3.0
3.0
3.0
1.7391304347826086
1.7826086956521738
1.7619047619047619
1.8095238095238095
1.8181818181818181
1.7619047619047619
1.8
1.76
1.7391304347826086
1.8181818181818181
1.8095238095238095
1.7619047619047619
1.75
1.76
1.75
1.0
8.0
2.0
2.0
5.0
3.0
3.0
3.0
3.0
1.0
3.0
3.0
2.0
2.0
1.8181818181818181
1.7826086956521738
1.8181818181818181
1.7619047619047619
2.0
1.0
1.0
2.0
5.0
1.0
3.0
3.0
3.0
3.0
3.0
5.0
5.0
1.0
1.7619047619047619
3.0
3.0
1.0
1.0
1.7391304347826086
3.0
2.0
8.0
3.0
3.0
1.0
1.7826086956521738
3.0
3.0
8.0
3.0
3.0
3.0
3.0
3.0
3.0
1.0
3.0
2.0
3.0
3.0
3.0
3.0
5.0
5.0
3.0
3.0
3.0
1.0
1.0
2.0
2.0
1.0
3.0
2.0
3.0
1.8095238095238095
1.8095238095238095
3.0
5.0
3.0
3.0
3.0
8.0
2.0
5.0
5.0
2.3333333333333335
1.0
3.0
2.5
5.0
2.0
3.0
2.0
3.0
3.0
3.0
5.0
8.0
1.0
3.0
3.0
2.0
3.0
1.0
1.0
5.0
5.0
3.0
5.0
1.0
5.0
3.0
2.0
2.0
2.0
3.0
2.0
5.0
5.0
3.0
2.0
3.0
1.0
3.0
5.0
5.0
3.0
3.0
5.0
3.0
1.0
5.0
5.0
3.0
3.0
3.0
3.0
3.0
2.0
5.0
3.0
1.0
1.0
1.0
5.0
3.0
8.0
3.0
3.0
3.0
2.0
3.0
1.0
3.0
3.0
1.0
2.0
3.0
3.0
3.0
3.0
3.0
1.0
3.0
1.0
3.0
5.0
5.0
2.0
3.0
1.0
3.0
2.0
3.0
5.0
3.0
1.0
3.0
3.0
5.0
3.0
5.0
3.0
2.0
3.0
2.0
3.0
1.0
5.0
2.0
1.0
1.0
5.0
2.0
3.0
3.0
1.0
2.0
1.0
8.0
3.0
1.0
2.0
1.0
3.0
1.0
3.0
3.0
3.0
5.0
1.0
3.0
3.0
1.0
1.0
1.0
5.0
3.0
3.0
3.0
2.0
8.0
5.0
3.0
1.0
3.0
3.0
8.0
5.0
5.0
1.0
3.0
5.0
1.0
3.0
3.0
3.0
3.0
2.0
3.0
3.0
