1.7709097
1.3480952
1.4940009
1.6410166
1.832732
1.4842463
1.47937
1.87601
1.3523672
1.507874
2.0054517
2.0054517
1.5149387
1.7578007
1.473713
1.7200695
1.3379924
1.8577186
2.0881653
1.3811419
1.5108043
1.8167284
1.7592515
1.7571512
2.0881653
2.0881653
1.4370768
1.7263792
2.0469394
1.1555076
1.3768152
1.2762797
1.4825048
1.9149821
1.3469474
1.7092907
1.8306208
0.8805582
0.9401871
1.7418976
1.5049614
1.0807552
1.3752383
1.0553064
1.9448117
1.9448117
1.9860375
1.6307317
0.9823125
1.1646315
1.5244453
1.3852618
1.8027831
1.7967018
1.7626479
1.7786655
1.6203225
1.5753529
1.4174044
1.8613791
1.3807564
1.2573612
1.0959078
1.3338759
1.276485
1.9860375
1.3887646
1.4337828
1.5942838
1.5230561
1.6456565
1.9210904
1.2765992
1.6269401
1.372042
2.0038037
1.287919
1.6786803
1.809028
1.5586004
1.7720165
1.7317598
1.5761614
1.4754283
1.2070514
2.0881653
1.2977881
1.3308645
1.3233254
1.578353
1.5234778
1.017072
0.9763167
1.7169971
1.5648335
1.4798429
1.2686813
1.1710823
1.1781726
1.034111
1.4891031
1.7640274
1.7806107
1.895568
1.1665604
1.7350053
1.1156769
1.0081801
1.6522232
1.5702355
1.2846773
1.3039002
1.3902829
1.9301085
1.501819
1.5366143
1.9260883
1.4813865
2.0054517
1.5526252
1.5424081
2.0881653
2.0881653
1.8911371
1.9092904
1.9804648
1.6205735
1.3628129
1.7072861
2.0881653
1.7258096
0.9661057
1.529851
1.2684145
0.9307502
2.0881653
1.7855526
1.3094847
1.4567299
1.2375855
1.903886
1.9680747
1.3010595
1.621348
1.6873628
1.1223407
1.5514885
0.86807466
1.9410679
1.2810419
1.4577539
1.6328776
1.4815965
1.13972
2.0054517
1.2932829
1.3907747
1.2671412
1.4174044
1.5724319
1.4013892
1.0913807
1.5637499
1.2217199
1.3775473
1.3186784
1.2358081
1.5370822
1.6074731
1.5876508
1.1241984
1.5504178
1.4639463
1.0294425
