1.8646182870899883
2.0269168511920084
1.168011066924679
2.030393611628191
1.9783424796790532
2.0806830215486727
2.1827061521571753
2.0272285850386043
1.616265013070572
2.208914570712672
1.9982640732120611
1.9394950035525118
1.7734923261647533
2.197177566537005
2.070223248184895
2.019336001714422
2.138491912971175
2.357198975486926
1.9806461408891027
2.706852823231224
1.8414699775803909
1.8756062707919856
2.175995431713611
1.7910385050475268
1.8738283243989653
2.0705002649625777
2.357376763819821
2.035888203351158
2.0844357111947063
9.47760941248576
2.1826800352287448
1.416375157673822
1.7150784998681163
1.7904349899515695
1.7015328629216153
1.865453140371858
2.208060844699993
2.4154063449828422
2.1865609560001595
1.9598814198466674
1.7785178501714127
2.010745274600289
2.0776678815712213
2.00913071797936
2.018329848766928
2.0046186056165283
2.0269240640928383
1.905176126554368
2.0340292404165408
2.1521383284377835
1.8077532629088138
2.1281182062129096
1.7137752333240213
1.8289554384239095
1.8518617671327324
1.9258463429407777
2.8064154030657322
1.7818177748260844
2.0292124080326026
1.9389261383379648
-0.2735405274556144
2.1819533051488076
2.538130730114721
1.8797703827418117
2.1847376243929664
1.610585418099749
1.99136123895304
2.1228640865091073
2.1576296792325462
2.0416856494724196
1.9680182196077625
2.168448299520713
2.126005713450684
1.88903475479705
1.9910108844174361
1.9587694472217692
1.8321759450812123
2.103585297188537
2.072639972916662
1.8848262385698813
1.8859391579408877
2.1626686713606498
1.7867763897624438
2.0680771152926094
1.748344541356102
1.9294809770464236
1.8541931249393817
2.0459382264360584
2.03451536494521
1.9794959017273117
1.9097844556409238
1.9507692782337052
1.9031856263567752
2.124225452557697
1.9472494482724994
2.0468105503545324
1.8859313521980432
2.2492241205284516
1.977681130386048
2.109344511807967
1.9844697992903384
2.129308135980185
2.1362298577656795
1.5748197378277182
1.883140665152855
2.0741813773826645
2.1424960588609845
2.0553583309338257
2.611733584058049
2.032292101465213
1.879529934751087
2.163941971005343
1.4119557211106692
1.9734097458667974
1.8846234957452674
1.7219945305394828
1.838063590948829
1.7920640678750728
1.9932249026686302
1.846500862783962
2.1368358052913177
1.7592712851823717
1.713388315628373
2.061963942997498
2.8013916510451367
2.0182585338049948
1.9894030650673908
1.9821983718565526
1.9974474557336035
1.9511510065380469
1.2935982727461592
1.5819145237271626
1.817559921655178
2.6903797607471045
1.8019217190663523
3.013394600512475
1.9474006373132964
1.7666061881830424
-0.48263697728813426
2.6656958830648625
2.4635545446438787
2.1918170765082317
2.0733124513115047
2.2396201354482987
1.4988452276110231
1.892325472290821
1.7915185019444677
1.9941724725161067
1.9430031752354902
2.141903188920494
1.8459232827914194
4.319468044660579
1.2765644508246698
1.8727652184905657
2.124679683192637
2.8403192539772717
1.8262774486217874
1.998648130143436
2.0449427594903256
1.1280281025204912
2.6545559195928714
2.1315164978906176
2.7384914326955907
1.7721568674215495
3.4299419013824
1.2621389628342767
1.9435811803510221
1.816661427432492
1.9801748640457402
1.8127149875375823
1.8121126973852266
2.1445335555960328
1.9625719641247996
1.9445665299273345
1.9190809226082577
1.3848568602293385
2.4475459711778793
1.920922225640171
2.2714057940508936
2.169813344672089
2.2158149715527498
1.9170685899696778
1.9949060296081733
1.8585125890415066
2.2943499903557605
1.2643288535911203
1.7617661569424616
1.743347600764299
2.1668105685203303
1.8466343406848615
1.3438824506095903
2.318466675979707
1.7557759908004202
2.0064122931752175
1.9947002340418472
2.1303606375692943
1.9162112396545796
2.1436416933781772
1.5678334676925711
2.422520690082223
1.9170395992538056
1.9677298475364668
1.788575469826168
2.1561596006536683
2.1029307460513884
1.9140551347281596
2.142860505811775
1.9307248336093243
1.9408865627328034
1.3339398982660664
1.3581781055613178
2.4150068168466046
0.912450823213212
2.0963949077131856
1.5764366980445284
1.8084052114654259
1.624327570189911
1.7629925695364543
1.7530559438488695
2.1346593894507295
1.7286865977838224
1.8411046132498337
1.445978478054624
1.753995625321315
1.5730065972679084
2.028914823490195
1.726108185678852
2.3635656436524246
1.658064864709081
2.4545752128561427
1.9175503256025404
2.005787825030158
1.8332397038935713
2.3170878325150293
2.1081397960671078
2.2259612413315932
1.5374496078091506
1.5461504196909304
2.1952108133928308
1.7138211073944918
1.8771217717141027
1.9638874471430368
1.2960988428030569
1.4645912642043255
1.0947815236018184
2.2541681650862073
2.0449483303156994
1.6455382002789714
1.5439784252487054
2.0639426156509666
2.083689793765382
1.7299685943672385
1.4127962451106644
1.8861849417385428
2.306280748843326
2.1357501365342793
2.032859100404975
1.6637558283133687
1.9859581720012847
2.3660124646911145
1.8449510280483365
1.7984108583164036
1.7617950429892608
2.32804083452713
1.9669469198634195
1.9162956515618188
2.0198912853210573
1.6472120525809455
2.0856794117806503
1.8637035431270583
1.8915833469389407
1.495509408568368
2.0467414053121264
1.6053416787127548
1.9245318958169482
1.3481187178464045
1.9619894743878317
1.8378658056266073
2.14426265713694
2.1812102907336746
1.7275036864099909
1.5108360543108208
2.052819291683958
2.3362364716931534
1.7617527533640613
2.1958525332059997
1.9459343311393702
1.8783961453187388
0.7617161365277916
1.8928080166085508
1.6938004942263376
1.5657903654899241
1.3874451800234766
1.3859134222056002
1.9640669635268833
1.5649510461246625
2.0307467226511617
1.8007673375819202
1.5454518011135026
1.9686844498337295
2.000564562759494
2.3370596147652267
1.955752079872429
2.344529733352636
1.3016762512412339
1.632419304560808
2.1335619616365102
2.03699086732573
1.9829451896061783
1.8304920415533712
1.9381004915330693
1.5897458803231008
2.0730561336336137
1.8625026247420124
1.9488801003475527
2.055703975617858
1.7632387382762544
1.9703506674912479
2.1020891470887992
1.8151335093500216
2.2676670124718674
1.919259140842799
1.967349118647863
2.027560216991619
1.9529847211305094
2.1918054350539364
2.1816340640191867
1.3323568222336561
1.3994413743582754
1.6900840268183448
2.0264715552078774
2.0411059938022493
2.0080272857568753
2.1711108917508044
1.7023222133852292
2.4852407362958653
2.218172692161076
1.9851086714223445
1.5423677349228968
1.4658668385574114
1.9854220887236531
1.5495481542277856
1.9280627505810424
1.8909283902108733
2.061642357628322
1.8495191419107346
2.1229829756940792
2.0980538211116895
1.9142862869321322
2.002421734094357
1.807772484756129
1.9065431277702785
2.109427783075039
2.765208267044095
1.8901363897095766
1.5887771050261268
1.9114282713975197
1.9212769598124233
2.1393803997926275
1.956377678011156
2.440276667747334
2.16317005171717
1.427320656699138
2.1262791811048136
2.067119555554501
2.0344047463929904
2.0601902379279093
2.065046101309013
2.137645821974335
2.747896209369339
2.1965247626356272
2.1566750381402415
1.6250072689539017
1.391259074547179
1.7484166055675738
2.2343521855384516
2.0508886540434395
2.096688868368495
2.2565304377762927
1.3985236569709427
1.6248669728466638
1.7791405531941034
1.8226294476158684
1.7629808805201999
2.446829726454689
1.65462817281973
1.8346412253820026
2.108447371092596
1.8311041565192372
2.2125599598199117
2.4274754409894372
1.149553205544716
0.4526231860345855
1.9404397413925034
2.5480643538071925
1.3706595415131266
1.7569309852562565
1.4951849790631457
1.9001291417208994
1.5959707552749807
1.3553851369483474
-1.3450103475184414
1.4258820963047776
8.861140605801568
2.069804886834219
2.097891245281232
1.9857522237484364
2.3269914539111434
2.6166826108305985
1.7928319242603517
1.9965209976425222
1.8582681948027702
1.8134760758379724
2.0731706629017976
1.8052885953297988
2.053512505286015
1.9891790007027121
2.0086392961612645
1.7761316866311316
1.9945001428026043
1.829479192496922
1.6353492343361076
1.9402775477259462
1.9355838337898534
1.3664055935257675
2.3478947934557675
1.9962642760052047
2.1503182769830183
2.0683747442063596
2.0129528113015773
1.8001559778418577
2.1161628923446214
1.8588575541738583
1.9748636508430202
2.228573000983831
2.0732626691793254
2.0459427712943175
1.857160320749208
1.5037741375319404
2.1010893820437873
1.9345447198948735
1.797746429143943
1.7551154835557927
2.0216510638473326
1.9012130460843313
1.9076936850700676
1.8852597785919596
2.1259350885334776
1.8082465764038724
1.925255780607464
2.0377900710266266
2.0366143634629337
2.1459492768840462
2.1334880954813333
2.102637303195489
2.083405343659802
1.8827329029516402
1.9119201520355222
1.2740400922977608
1.9121669747442673
2.399280710497055
1.8797778683038484
1.9144517449771468
2.184956066586225
1.864669124105955
2.0157084281953135
2.0944693961479803
1.4188225264318666
1.503390441303949
1.365643266357956
1.6908506039350033
2.006041389403789
1.994761889629855
1.4827858142335182
2.2394165833959505
2.162420418904603
1.8238956215180464
2.1298311663861083
1.6733568226077025
1.8519432528896405
1.8930074964239039
1.9836451815233407
1.7512880425931077
1.5233734624389847
2.270213295881933
2.0093288241484712
1.9681559417319128
2.340953871630565
2.0757004738543494
1.4446799821175471
1.8882191347952757
1.7970650109917694
2.47918685673454
1.7823426435414107
1.926334251704836
4.256875680405676
2.064353044786942
1.8705559125237512
1.6176720080686018
2.0985509443603867
2.0010075679387227
1.4506983284778436
1.4468359494510186
1.7251748269132283
1.571029831364345
1.570819043157245
2.077231251363691
1.5547335807472666
0.9956235852958263
2.087386911701735
2.583496880675112
1.8856213792734138
1.9296120226278455
1.7404598339421156
1.3371626477824847
1.9346969722513587
1.5947286230352986
2.327407619767876
2.041730847267233
1.9341440408691024
2.3613021746831064
