8.706069311988008
4.100561619578191
10.000078411663328
6.2941066982584815
6.6196741157798815
7.9678467786089735
10.962631874609421
5.803483691463768
6.698164639898689
5.563386161649819
4.466824099718772
7.4610475622123325
7.309504613173037
5.734956128503678
6.078002809852003
5.515286867998065
4.043365804289179
7.184368634751852
6.931159360912893
9.201438400639443
11.712527095039107
4.9605931392681715
9.583446911113825
8.227453490690888
10.631593802212201
4.102644363502145
6.196352978209629
5.804881888402303
6.3650812913531
4.551047511500883
6.188598090801985
5.506884363964005
8.065676621202645
6.967484795666413
6.623742820970017
8.375712464092906
10.905342680915822
11.38801507880162
9.169674693616777
8.552861830176289
8.473197659866152
15.533163168539364
5.963868641925557
7.873533543712914
7.194003059259061
5.907828558410916
5.329506052711627
6.349481281386382
8.500079881686903
8.732715562576363
10.933280113001242
7.934508840882117
5.57494477524521
8.6303919926047
6.07393238765476
8.542099513442764
9.520342251417805
6.735671242270202
16.137441391054374
12.838657612687255
11.064583684293133
6.183079615776528
4.57890841796305
8.103920875044407
9.971304953970472
8.434843288384245
10.48605095281107
10.133677298640366
7.491893807936531
10.875418288748993
5.848510343872745
7.616344839858357
5.561249130821042
2.2184571470926127
2.8135043833033326
8.574364028910042
7.978583399631722
8.86454825100524
8.230935139021417
7.0112639797001055
8.578417216866605
8.972746957870147
8.042022281636742
10.093747150680766
6.9797409986384285
8.574881640852738
7.531110873009354
7.760999412852331
9.496962584578409
8.662565792803605
8.523309495457882
9.533583743851832
5.066695006677806
8.898938326390628
15.628504493971151
10.955885157851844
4.58572725169218
7.1645195990739055
10.481609577997821
7.319685045065598
3.426138441511878
8.06157999269296
8.623479659667671
4.200699956220581
7.9420124065624895
13.471986332071662
10.682944169151943
8.70729280732882
7.8326085511439505
6.496065181259026
7.65894406777575
13.833660796051078
7.511444376016528
9.162642531840271
6.975990420525633
4.865040167007402
9.639473969779917
10.789325468707435
5.910735885884504
11.818191470328394
8.176364584234717
6.581993268136101
9.557657131549183
6.213287722233131
8.905923299923964
12.9759100775229
8.538292043790449
7.993073676968556
19.87137263866079
15.488826011597395
5.483608044158458
6.390463200026864
6.608330882685599
7.001736491302933
21.50859028767647
6.780436291355751
5.158564580806041
9.39016091536264
13.036248262924971
6.325593517805226
8.616748110283394
5.950209230736138
2.0440106303103556
11.20509052203488
8.300850793163724
6.522816448190128
7.156609358377018
9.150670444258628
9.558262082757382
7.328070153341093
6.091817301073914
9.778848779941013
10.94418045997287
3.7434672429296647
5.9135232837984715
6.8661647586628165
8.990283142777907
8.662742123723987
8.384550843093548
7.203971259409083
7.914125936257626
8.304355800120943
10.08268691374918
7.671743318759149
9.582005294019213
9.482950464928539
8.423140639015784
5.206614421910964
10.343849353710372
8.835835942149675
6.647077765709028
7.600955057933125
5.9900332886748044
19.80435142018083
5.606607582006605
5.556831642616347
9.010514133753075
8.526807890002768
10.69532889628729
9.673753294729298
8.895884432815407
5.129047406825629
8.89652548987844
8.101801306900315
10.924407281204024
8.812180060549041
11.257892382531034
9.140197041235988
7.8255419818129
6.67009392515252
4.959217957038757
6.3014377833879704
6.753239459137496
6.1754774781582125
9.053006451005796
10.697832769872218
9.123975981919067
6.527858419769891
5.609789717902249
7.644104705559293
9.39211041250636
8.55375245980787
11.424504472985566
12.600678516472085
8.018027173083746
7.0870557328340285
7.886497196052023
9.602949332904432
7.9422820446126225
9.015381221335875
8.208610391492531
10.440853377039723
11.98599979002676
8.474461460058027
8.462673648531343
9.147782909994469
1.997416790379881
2.0155147541160146
1.8752709179622353
2.718874203264133
3.158209901892029
1.8752709179622353
2.8138085473749483
1.7829838061063519
1.920151613595933
2.5233168931647114
2.536506989385436
1.6694621572834352
2.3900530561929423
1.7423509916989326
2.565395751304619
1.7803191039669752
4.099837362578824
1.7568518504544892
2.7178971277325448
1.755707262186567
1.8023269417171641
1.5912546706711614
5.145583945373745
2.155416187240967
7.605716133764616
4.3844532336414686
1.755707262186567
2.0928601424783144
5.518135986275261
2.1542174600265422
1.8860640078695114
7.745191289381089
17.75987920562242
7.676637621178279
10.245872932163067
9.71823476108554
8.787797127094152
9.355511861601038
6.757191528700599
8.688632648846795
5.556581002671805
8.811586929133936
14.893581017479658
8.165692500942058
5.3539926037485825
7.906400824401058
9.488828325443349
7.323735827450105
8.868646332682113
7.125426944309041
8.948715039818984
7.6740064399204515
9.025687910541523
7.350697024060376
8.080312983948991
6.429083048663988
7.019299190905357
15.849426292661803
7.817919805599085
6.152400160707062
5.160849066445958
7.36990804868255
16.56887666451006
8.534362060930688
7.401013704625067
7.051374846387261
6.967673616169609
9.616054880437437
7.156987498889922
7.55231763288679
7.236527409327758
10.44640147871178
11.467573177068445
4.693882010208436
8.781734420551528
10.115220147334238
9.849405841808197
11.096067781080842
11.096067781080842
8.76206289299891
7.827269279551486
9.31502529647229
7.613738873487565
7.714455560274611
9.50450531934763
5.630811219179722
8.653799554459082
9.689131865055575
8.417323642183346
8.491477082060143
5.655428427095707
6.647856978725611
9.57483981367445
7.844575348483034
5.679030857912163
5.675277175903019
7.830843084958355
5.189744358876362
6.047652659384261
9.634281648931367
8.335202500812352
8.386307114838607
8.495707084381522
9.5462212494163
11.083734152529955
4.744735758019699
7.0576598541869835
7.110750299691538
9.56475648988941
9.954279884927752
5.14003811057168
6.752597557975786
8.465869515293573
10.195884508901218
7.597982101459278
6.121854676456973
9.035571485043882
9.545035956412391
15.559579554601207
9.644085103380297
8.072560487084141
8.294998244900217
12.662614092237622
8.426496786842922
7.673258840585904
8.393357921718817
5.379660653225939
8.320332374818053
7.339294084219616
7.546826583863748
8.73968093109739
15.1030601217252
5.992290075291003
9.386804860007983
7.190246159894941
9.866890392357593
9.383177900171113
9.106891477147794
7.932987624437568
9.45950460252676
14.770897844688898
11.789355783509217
12.692652548671951
8.745226306541912
8.999306594863109
9.319376005145642
8.14280315894906
8.625582995356284
8.059725673548172
10.897398644786911
6.478313565646782
6.683357281374363
13.235060654363746
5.169906026389387
9.18166912967432
12.82871853946632
8.062366671482527
9.11491723836238
8.308261736363534
6.334008014809572
7.409810398773084
5.870953222633338
11.226074249620304
5.530171754853541
6.869538113359236
6.891171981007633
7.152225697521908
6.027117663308218
8.649071257782493
5.761279599362016
8.498134777539335
7.29420702325525
7.374588018980457
8.585229505332038
6.1321341673693945
6.89398536754774
6.122430761603478
5.207465531550393
11.190006884934304
7.8555900657505235
10.92538920268056
9.65489337317641
7.2034330686245625
6.571730347674929
6.06314245864872
4.350638827413861
7.405870058167972
4.160692402807561
9.617744121074491
10.921155541939962
5.81764488067323
5.206881601807863
9.695777281940314
9.116550077660378
6.130865885377433
6.963915153243982
5.706078705729987
7.5482559806494836
6.159632510908606
9.358716830433751
9.057521727585772
9.348976583238654
10.800474233720884
13.097628100255639
9.194583042169912
3.755876981867891
6.597270539314313
6.901003437223831
11.548087204439684
8.181072974491874
6.824102986107064
6.149888136652939
4.189055262342147
12.311055992603743
8.86579781154718
8.353518381039033
5.716205957879784
10.454996199609532
7.714708051012398
10.219587844835035
4.979889340508521
9.400508289082481
8.024671027921919
6.757878296408506
8.567462801164496
3.581381494069067
8.09523766731905
10.019662772932389
7.738606847535524
8.572686446558626
6.844779769479934
9.308767543513607
8.001665552542088
7.129484325154252
7.3183003952013745
10.117218736112331
7.857982154162071
6.882251282285946
7.870867951724249
3.9707570464331643
21.03361247648784
7.541730470303285
8.659260653864932
7.172999200392138
15.533188932783663
16.521609816640108
7.2646933923366666
6.9872758762134195
10.249657119104981
5.871357439611633
8.29613038214453
9.01730527506246
8.583016014169102
8.570601139984708
8.661553607366296
6.203477661104322
5.9801847111334725
9.002655386871453
5.9801847111334725
10.448460893151404
7.752667555824412
16.326601595402284
6.840481697478277
6.469146311729046
9.130446588573871
6.243370609636702
11.120685444607926
9.327029550574943
4.865040167007402
4.865040167007402
9.50450531934763
6.843211906269868
6.863326004630897
8.679410743110001
7.710743370983284
10.013928241567406
7.00193059350131
7.18913098771365
9.1280496756812
5.835634740408017
22.994194623386736
10.723430596345677
13.768725030379509
11.304657800680832
6.880014719970494
4.999268008730553
27.03455864115836
10.174601969369384
8.995737885791744
7.770815156452483
8.29864494138167
7.350592043465495
6.028709388055344
9.443318536692924
9.072314269491597
11.105606519513534
10.431122586763975
5.784883548314989
3.3680359613997983
5.010864285265454
7.205604182426544
6.233841279532708
7.506852444238587
7.884074652203988
7.209733499457273
7.847042104352862
7.468102638652868
8.27018337494708
7.402508476942966
7.923390533668668
6.968148616971241
6.102708969277993
7.030582832459453
12.023872645672686
5.6936018220885956
6.17523075246986
5.758434524572063
5.746640654970721
5.774091467817656
7.278782851467136
7.672128535309191
6.920716863306264
6.678270297343331
5.998231942541139
6.362569144869982
8.69521064206748
9.106557071406279
7.025950703441396
9.215506834256026
8.018953712509541
5.332940881803219
8.818104447669526
7.447543521123212
6.049203171368125
12.58376955703458
5.871327336033579
14.330137895360402
7.372990264809859
9.550752035494092
8.168491556763277
10.065014219722466
16.16248678386945
10.140378723204952
23.02264851358192
6.938408659813195
13.332829455396144
20.273802673666307
17.667520913859974
5.906296396024463
6.904025623412545
7.507754472370839
10.456504905677363
7.2707378136726035
5.8446133027937766
8.676159721086979
9.692882645939678
7.214894787782173
6.979807323957866
10.949653052283853
7.912540395316135
7.2587590484558
7.006222162251885
7.9892869722835185
9.492205955721278
6.99129389358107
6.854775672706344
12.571107412225246
3.4454831601041382
8.018566527367506
8.92066261031142
8.90338063944615
7.791699631744459
6.639420528377488
8.108140652097372
9.262116667793224
11.433615412549614
8.837927318601105
8.836505790248713
6.303905697399479
4.865040167007402
5.7159871417733985
6.045230972733526
6.594603772292254
8.163548552272973
6.8333136506966445
10.740750754396911
5.870380290468909
5.772657453639082
10.611844629420363
6.329914367877648
10.957439583153876
5.696243639256748
14.29595293292107
6.207401546315308
8.255859614129804
7.696143869357432
9.780365999876198
9.780365999876198
9.138667954817855
5.706078705729987
7.889673435313461
7.32526868568941
5.530171754853541
6.235152048347541
14.97422987774628
6.1414597959256785
5.817677914153871
10.107166665793933
6.482640224837557
20.969557677806566
5.9955764870624115
11.074355679250301
8.184527521653461
9.789453330096944
8.374968611984833
10.931841429813511
9.63398712127212
7.429341458242763
12.147115138387944
5.844983412252336
9.969106904643512
8.53024391365997
5.870953222633338
7.577475753242561
8.75245267057881
6.478535810362175
4.46223605490384
6.06314245864872
8.61783124842708
10.101527134785497
8.308943538820218
9.443189711539095
7.0781297355764305
8.435219517225736
8.08085973347956
9.964679509632818
8.330279158925602
9.112775077982848
7.2960494281948325
12.512813286962222
7.078057511050723
8.461051029750347
6.719270348115142
6.784035531496492
9.71495153986938
9.266755552567814
8.449319431011194
8.860814854528485
5.870953222633338
7.946379692861702
7.550605364295284
4.9062305388894565
5.6677746266522115
8.858151107129384
8.00128371086206
7.402775237432949
10.180774025433827
10.853641840710168
7.608028371884526
6.511861456618559
5.125139678115991
9.96313456664081
7.923513005209716
10.687325230910325
12.04505424736606
10.427746128419223
9.930516614062139
17.383566260893762
12.782127007909349
10.566312108703757
8.106724920145297
17.835699399592436
6.971894304385318
7.350525332112015
6.630723848527993
9.041887611615069
10.14715103762506
6.109581562929852
6.918771296734395
6.8930851269153814
7.776096597592969
10.184636424649018
8.131790887772235
19.732037585183452
8.181418691832983
8.508015806224416
3.907257395051752
6.844779769479934
8.098593264321014
9.581817257243543
9.255833880015864
8.296209497355088
9.67923577713295
5.795782744066436
7.129362460692015
7.610885213664947
5.847440427961022
5.706078705729987
8.239961809924164
7.504798031400308
6.8519670590841395
8.89332017398733
12.94204942173865
5.476975444299877
11.352294319603917
23.508484227656165
6.472788074858261
3.6755951916080125
7.606098438851295
4.1004820402641355
8.024617818730457
8.822683624858882
10.019295557172505
5.996523283246694
9.645753011339535
8.602868645306659
7.125167627083409
11.475117193456988
7.753451689967303
7.055486223028695
6.9995414636945705
11.075753943664655
7.5141494899770995
8.555191914738408
7.849199368188865
7.987892074299373
4.222377392311415
8.48074626047669
6.292985893733314
5.931650161647583
5.706078705729987
9.814029639625513
6.818635631161174
5.541126726667647
6.467697570185661
7.923553538137282
7.9916983224216525
9.804407404449053
9.92906112154412
11.134361995300234
4.3341530543429085
7.149844931631256
9.591599756875105
6.603692465308433
9.859952870775173
17.195162841332557
9.192791565065646
6.557786440754954
8.07536221872992
7.460241403226874
7.662062952519303
6.081052212939352
9.828245261555145
8.20845853130651
9.565751479616356
6.31713566129732
7.93675871056585
5.832655096038925
6.85152782611499
6.861638001236511
8.309304421512705
10.563703684575861
8.236487538706857
11.503478577626897
10.889832695109169
10.759922358783543
18.504214125605078
7.903933840648485
8.550507306616762
10.996960191531038
4.762484985227955
22.878948336547737
7.019288864992469
8.971350684169096
6.9468473951445935
11.284086770797241
7.526539041229851
8.188823136831425
5.87485911145712
7.440034680817886
8.088756257473491
10.787749495706803
6.966586537437041
4.662512203826768
8.404101286116557
8.042750938003133
9.749406845026606
5.188233617740737
7.3375003629829765
6.951587176768584
5.726461424747338
8.894472317289074
4.912464226283401
8.57153892811759
8.183820673901335
9.047347623894153
7.762044809710311
8.081293359729253
8.508685614437493
9.053658836987491
20.3060162551838
7.871431841997059
8.748082100385103
11.486263804300757
4.935798956903394
7.792174864832844
9.699067348588457
13.879118853764703
8.348847410488094
6.667032006731908
6.871210955878558
9.613742965175053
12.96751052586382
