4.14
4.06
4.54
4.86
2.2
2.42
13.72
13.22
4.36
5.78
10.7
10.4
3.4
5.12
5.12
2.5
2.58
6.38
6.38
5.78
6.84
2.28
2.84
2.44
2.44
3.0
2.46
7.66
7.0
3.04
5.0
4.28
5.4
4.38
4.98
5.36
5.64
5.88
5.08
4.24
4.32
3.68
3.68
2.3
2.14
7.24
8.3
5.66
5.04
4.78
5.28
8.8
7.9
5.08
4.74
1.48
1.62
6.24
6.88
4.34
4.6
3.16
3.12
3.68
3.84
1.9
2.4
3.1
3.18
2.16
1.82
4.6
3.74
3.12
3.64
4.8
4.38
2.48
2.36
7.02
4.2
3.8
2.96
3.86
6.4
1.9
2.04
1.98
1.28
3.48
2.9
3.5
4.0
4.98
7.14
7.06
5.82
9.88
3.22
3.0
4.5
5.74
5.72
4.94
4.4
5.32
5.48
5.48
5.12
2.18
9.6
9.2
5.66
5.64
4.44
3.6
6.76
7.14
4.4
5.06
3.92
1.88
5.56
4.76
4.94
5.16
4.3
7.78
5.24
5.48
5.4
9.34
6.94
7.16
4.36
5.24
5.46
3.08
4.08
4.42
4.04
4.12
6.42
5.7
7.54
4.96
4.1
3.92
6.24
8.48
5.94
5.8
3.68
4.38
3.36
7.0
10.9
10.28
3.16
4.74
2.5
4.04
4.3
4.86
5.38
5.22
4.78
4.86
4.58
7.02
4.02
3.16
3.16
5.98
8.06
4.72
5.68
4.58
5.7
2.18
5.5
3.76
3.1
3.04
4.2
4.12
7.74
7.08
2.36
7.6
4.32
2.48
3.86
4.2
4.18
3.96
4.2
3.22
5.82
2.98
4.86
5.02
3.4
4.6
3.8
4.64
6.52
6.78
4.26
6.26
2.76
5.36
5.02
3.14
4.6
4.28
2.86
4.64
5.1
7.78
7.86
4.0
3.8
5.12
4.98
3.28
3.64
5.14
3.82
6.88
5.18
3.74
5.62
3.96
6.44
5.04
4.98
2.84
5.26
6.2
5.48
4.56
2.64
2.82
6.72
4.94
2.6
5.24
2.78
4.3
2.9
8.44
4.06
4.24
4.5
2.62
3.94
6.78
3.88
5.46
3.78
5.94
4.9
4.42
5.04
4.76
7.94
4.42
2.3
5.88
4.74
4.52
8.06
4.28
2.92
6.62
4.3
4.06
4.06
9.2
2.88
4.1
5.64
3.7
4.32
4.5
3.74
3.54
3.52
4.84
4.84
4.34
5.24
5.44
3.46
3.4
4.22
9.52
10.12
4.94
4.26
3.58
5.74
4.12
9.08
4.92
2.86
3.92
5.36
2.74
3.56
4.4
3.9
4.5
7.14
5.34
4.72
4.66
5.5
5.86
2.96
6.18
6.24
5.44
2.88
8.94
4.02
3.94
5.4
5.26
3.3
3.58
4.3
4.7
3.14
3.86
4.02
3.98
5.58
2.84
4.04
5.12
3.36
3.78
3.98
4.78
7.52
4.42
5.04
3.56
3.26
3.18
