3.5996025734423425
3.1967362254571086
2.540537733283128
2.467245051442134
2.665766538120507
3.230827650444632
4.174072935754235
3.104064233477109
1.7958208505991446
2.4078304213966275
2.4113459275572775
2.3462672676807754
2.7045113516945967
2.2088874747754077
2.8992361034220506
3.0928776529180917
2.8532141015422483
2.4574562590496516
3.5432533359393874
3.7939865145428686
2.214795872184728
4.553476741921849
4.549876585145699
2.721225771459913
3.193250427895868
2.4821232030668012
2.6453179023793623
3.068964309948482
2.8749361788870877
2.755950283783016
2.4288547447726057
3.2876727775128396
2.4908805725615357
3.1901060167404474
2.1583056832912364
3.793879578808924
2.6169017890588973
3.523919529444503
2.46453321193106
3.3222514814789026
3.5149911096997326
4.247841347718037
2.189638920554591
3.222864357299418
3.571387950433776
3.2755370920170903
2.853044354955517
2.6976988864902633
3.1465113708077412
2.870783088154611
2.718887524626977
2.640013785138457
3.1086408352307413
3.762436881115292
3.712793219183369
2.4851883279306453
4.28709590866286
2.3742498101084495
2.4470215386722183
2.6841372898295943
3.404773933502619
2.7704534046398575
3.2926374791292394
2.471572355896816
2.548639613161504
3.0200015529586133
2.8983564350131346
2.9152778823909156
3.743644905699658
3.1252592420647343
3.0501155293891236
3.2152444029056664
2.4372647549069146
2.5989952697173826
3.086396531435008
3.7227117787293134
2.4144041534243295
4.047524429157658
2.3451835135293297
2.1487219638450137
2.4752824318478
3.4076252592883414
2.5677725202663515
3.6858379983994816
3.1149798115561484
2.734494474558681
3.254114478224733
2.70058608225165
2.3955117060675466
2.3675261152027582
2.8261448200246693
3.406201358396416
3.808761849814051
2.377900427557881
2.8571863130114425
2.4135268103473515
3.6633075939069872
2.661186129297672
3.0160068305393075
2.498534749380404
3.368690545918872
3.2172818645104138
3.566321505550164
2.416773476247272
3.077602079386029
3.851884950685533
2.658109929901095
2.315281492781027
2.333476357785825
2.349176201879385
2.986385814491873
3.2258659360530832
2.417370457850563
3.4790354837441013
2.351529007141264
2.5055309238416075
4.095467635417799
2.898574502200096
2.3745034698298335
2.7527448219577515
2.998675852830741
3.239467540130883
3.8919232150705456
3.4673967292114716
2.9059612183393684
3.677468902946993
2.5527408334808825
2.806852204844557
3.088246538952614
3.7365520249034594
2.304009684681611
3.2771006625171863
3.319171365634854
3.251137685240874
3.2799651819681936
2.489877005501855
3.7042193497798985
2.546085745706479
3.416711783236888
3.008993086809124
3.768178581936567
3.068531200725985
2.9110276032574443
3.4344079413331174
3.454601405291536
3.679752876555767
3.6536694160908167
2.799680236834222
2.315467024873525
3.6318669054583657
2.8582560392309744
2.88821220301004
2.861978106006382
3.7551458499259214
1.9741871778478728
2.220724757017623
2.5791631758926803
2.893235782302784
3.303124250419858
3.483179083911901
3.2022099802344037
3.387314242733104
3.687860453184631
3.7196224063538494
2.22654699677861
2.6725998990328095
3.2614762377955664
4.39416988270521
3.0829067590163852
2.441361056624518
2.7807421720272782
3.4443095376953923
3.9890124645804086
2.1955663183711707
2.440770118424393
3.8917632709408103
3.879348809679849
3.910457571199569
2.2656884139256595
3.7875396598745468
3.1756837831421545
2.530928311159429
4.0099259001866105
3.219381508760633
3.4260897023903416
2.9268585187274385
3.69265258167754
2.2698140772911883
3.3150469618216003
2.364324483860086
3.6679608629739873
2.723381754597967
3.0516339528816014
2.1726743770631574
2.676096912658048
3.1617954332367315
3.3444496368885797
3.6626429310222477
3.235613101669837
3.5071178512314134
2.776762503683053
3.3659792632270644
2.36387522674304
3.4359525086646165
3.2950342215002904
2.9038745966766943
3.4817266326682548
3.1761260419477644
3.2011607894603884
2.291011951393674
3.4807094501815543
3.153358414245219
3.425619823071046
3.0522355737291615
2.991318608203977
2.994063719233652
2.6901540862176962
2.388002244258374
2.833008705747996
2.5515292505167757
3.299710498700191
3.2248340692209
2.395905947816112
3.728865405288274
2.7585446081848066
2.61879537255537
2.519518086352935
2.810720756988117
2.4651837043127878
2.7324953062879604
2.4157392535060445
2.62478283257869
2.799174234399431
3.0251054896843224
2.920175499406203
2.796840286035989
2.3821823002467353
4.7915452565562076
3.3686819207743794
4.201570146810935
3.9035971582134925
3.570028974717861
4.0791821224436156
3.972522071161309
3.7876001605103866
2.3071168356983813
2.872402801680622
2.623552993072747
2.4578183399529165
3.4765224833550894
3.240641233464765
3.4342197558208354
3.193830516899659
1.9797469897906088
3.2505674762518195
2.5463606537437693
2.3150570689514494
2.5460936922375668
3.3147137973463563
2.956028549939817
3.9983034992882422
3.654903921784394
2.0259957359404757
4.133730840940118
4.07998982363295
2.344423107214909
3.355093271993064
2.6273347406106313
2.351031814931039
2.9965901053942616
2.9802878955205228
3.707368307790855
3.0644671117498725
2.0256580859739004
2.561830819407626
2.774278375023468
2.7206698444452235
3.5678287458745555
3.5118548730100896
3.954704813268899
3.7756361503160343
3.752616509520588
4.608207763195798
2.2808200602370294
3.290048086614992
3.321934692921926
3.026026250691636
2.8449786347710697
2.7248347375677096
2.4712544463261565
2.216551003412035
3.613909401359476
2.5609651530023614
2.430759115877674
2.894841721007549
3.2514982322239234
3.552813772101143
3.799414879061905
3.281619510648852
2.8734255119255807
2.9754287011806513
3.505144603614812
2.2542659129437217
2.535203466476596
3.0943199988061556
2.4864280613920897
3.272071926933417
2.8867554973790965
3.840863457158423
2.5419754794261227
2.830160138003145
3.579634989161737
2.650563933667854
3.300591947230242
3.9135761206799105
3.1038814725890895
2.8668539433805633
2.420644321419068
3.43570721575448
3.711408136186862
3.609585267429148
3.077868536395565
2.915291185320403
3.5535517265152707
2.7877091543568793
3.419642376296493
3.125373923898473
3.4222051690736306
4.136187168746624
2.1681509723021324
2.3567602653993927
3.606155127844967
3.417302738073689
2.607826258309334
3.089911705333501
2.5705336934535072
2.465072117372042
2.354019297216298
3.648358753449946
3.2533136552334607
2.8191014137923522
2.1252500370642715
2.6045468680514903
3.8380048663991904
3.5337186850782105
3.172637720830268
2.915222925832803
4.15271025278005
3.9106708386801396
2.47788648438301
2.9294463484254574
3.0819053293761507
3.600164537614323
3.4416456522133125
2.6273494211394204
2.87369457542945
3.5519692900115243
2.831712006129383
3.333581093699821
3.3992173051931163
3.072104259171092
2.8502771016395716
2.687903535467097
2.356511941474287
3.7695235593102216
3.9408922284951116
2.4730746225235407
2.7910760605232072
2.4544030200162217
4.193679698792156
2.9006227444161263
2.9807109181406872
4.487605910667632
3.738304470041398
2.4866066309074375
4.828229396395325
2.6253367667324303
3.2768095665083994
3.5737382309850325
2.9805057446350585
4.756659875214007
3.608940145439494
3.10803849296546
3.4383524021199925
3.532240089437703
3.245229070416711
2.8713088767205877
3.0227073020364887
3.6789539167090326
2.6369711459668794
3.1204914849125216
4.601234071913147
3.3471276070325473
3.636895831590195
2.6477307471139313
3.5058244983558864
3.6657587961133977
3.0196731243597177
2.714680065202808
2.374294853026328
3.020008167596287
2.1311723533499634
2.3040881566105207
2.9816714502349217
2.832862174788365
3.0616946294387533
3.8131690620781598
3.407307846702208
4.034130978248639
2.523927267022086
2.253185181946782
3.1178450088381817
3.1387636893228845
3.25929204086411
2.7394290724028245
3.302550015870863
4.226923887028723
3.735538109602467
2.839697525991973
2.69859979857006
3.762883913930768
3.023121344273373
3.254818606855965
3.283738787342495
4.25783272534325
1.9624702341551132
2.9131756414218946
3.3317087646836097
3.1006224126218105
3.278188309919255
2.893060645232029
3.082981017036769
2.8980755586031997
1.3064236907854945
3.504597472804553
3.563244231367742
3.160704077719566
2.884915175570554
4.096877109231544
2.7575750169341005
2.8998927609395464
3.1896513225539604
3.214819452092619
3.3578435003424056
2.975648586580249
4.043947271010136
4.1651009699224675
2.2811588313106865
2.620335416120386
4.087178400364014
3.7204872569488034
4.822599206031437
2.9935003814059993
2.747815411937621
2.217234835748096
3.1449817978460266
2.788652638518136
3.202958768552882
2.4416389110200005
2.6476548532191706
3.443548325927044
2.1880858373256578
2.9463878481864816
2.883778529962918
3.3274280009683803
3.395115509892445
3.624380510028774
3.752514843341559
2.9053269306731857
3.620623659078193
3.128274161295695
3.6738717039168245
2.465073003580401
3.3666040355081517
2.9199772469238034
2.531569583077493
3.3933275598054182
2.557297591976471
2.7379832446977472
3.1139806298202783
3.953759757979597
3.8485931717954136
2.3233194647939004
3.027763133685612
2.3812130997695604
2.633679846101689
2.95886103597645
3.2084801750325354
2.6624169316996054
3.0900742370932
2.5602794195163665
3.564097802187109
3.0476042218317914
3.362660058473438
2.3483075850841884
2.671374839565237
3.8582672428756224
3.2550928104441637
3.9089514728080212
1.22807756931282
2.4469204897973595
3.4405995362896684
3.1653525551974155
3.066101194277577
3.08865804825647
3.560530418229027
2.6903135748869813
2.8465473375848256
2.6810219739545755
3.6216326640252503
2.19041350652122
3.915488269449986
3.138066463116735
2.322266293768097
3.354899228629372
2.2856584581166364
3.705441639225724
2.8819272872009725
3.4047304556577385
3.4924874565345734
3.385545429173775
3.4853894708442694
2.8061816413150025
2.9738367916862822
2.7423995004115174
3.273963899881857
2.4732383052486204
2.770520832229111
2.9947864057968583
2.406748426240665
2.3415840769894762
4.893728041259821
1.4568984540979835
3.2419283708463715
2.9833686482256834
3.9661948894827352
2.8225178024187176
2.591076896915486
3.1327328675580217
2.3828591741377014
3.2434949439517107
3.526859204796319
4.272475990912915
3.7712591982117165
3.0525400296945655
3.167597507169706
3.9362985165266604
2.8505777138632666
3.110017917507633
3.183824367001279
3.4326167883832346
3.4256489844276197
3.151173822279813
3.567204403019299
3.3500971963992177
2.8667959557842653
2.6637504552407743
3.1589380536009175
3.647933027664803
3.733210669517431
2.9120572923920833
2.3419006857579276
2.422101484160496
2.333556683760782
3.790923062582233
3.602376312480608
2.969844138417873
2.752732827830724
3.466715552783363
2.6117091977011517
4.217981338415041
3.6342840704467747
3.325330019585604
2.3849782698168807
3.4038930337934454
2.945580792767517
2.9293397379070996
3.0282700595689787
4.038860714392564
2.539885905908281
3.7218404435974612
2.6236086570115553
3.3763745201991076
2.8815631636401955
3.058593513631341
2.459718855187771
3.0498251103608705
2.641974596771848
2.6963161894252363
3.757142621724117
2.1011020615894087
2.9583888503236198
3.106235886866089
4.016471858811109
3.3988682187235293
2.688934175772195
2.795705793785541
3.4494802735656744
3.739987078048721
2.6481277784798642
3.251177626115976
3.634562260153695
3.7002172735317544
3.1403214935593193
3.062861583574196
2.538149535794534
3.2025994146243173
2.815351545632378
3.0632453819086205
3.3709617293598226
3.342194042211744
3.2512474155282036
2.504354418022399
3.076851382172853
3.3205919774923798
3.4587918930762043
3.4974580910164175
2.115305982674012
2.9942187197451764
2.9060300679169306
2.9979859769707193
2.9673818070718294
2.603884895291613
3.298450916345793
2.344643124523876
3.3105322157056705
4.584674517270217
3.163105008444222
3.251554870679063
3.271892257361424
3.3582475088100465
2.503238046314502
3.246131110792041
3.726474233250012
3.281231112904271
2.3685486767548305
3.0959926958326074
3.692795358341887
2.831422308026453
2.917537037462054
2.454821197887153
2.835678087925173
3.177010137776178
3.8491296083490774
2.9389733914509018
3.20926588924966
2.635940320163594
3.343614036831018
4.122538720188526
4.009562956355456
2.7056395925764343
3.467598615066169
3.6267010219545357
3.057592939957359
3.6695287365474516
2.766360310290129
2.800647009598695
3.0272178740154883
3.2221977439466523
3.393801378085338
2.73509131804859
3.0724598441432103
2.425694922767429
3.5798886543128132
2.694216704665248
3.1456064381305318
1.9432293679136834
3.0528054739675
2.4846689479909085
3.244412945817743
2.923421441443927
3.0609520676736026
3.628013160418469
2.393485629055239
2.693119314074253
2.9052083468264804
2.912114679730548
2.623574649038661
3.5494109176960063
2.8598710479165534
3.313503087142037
4.976742599526556
3.1327505279337275
2.7212757550243896
2.9339629861069128
3.037398965382265
2.786041089387807
3.277853116947844
3.2242720031494225
2.6133673307740777
3.228709244211592
2.7438330331668586
3.2903579419374926
2.8309667999602883
3.2154856412608663
3.7719676063389915
2.8913135901062175
2.540680096722242
2.3777779865841278
2.4393950510785944
2.452692613202411
2.501710009422171
2.2994308024509134
2.543420565830319
3.006046091113305
2.4524741394161875
3.168541550589267
2.3398571124248546
2.8477796902176036
2.5218237450911607
2.3914137852302435
2.4781956014639217
3.4023091204372697
1.4277148869074803
3.3300949530438664
3.3250530926703754
3.4651004751865946
2.732974882560072
2.8543520956773762
2.7410204410528825
2.7738788592051393
3.940078628758277
2.689669626979381
2.818653018167481
4.278342309024533
2.8710258298033104
3.2805533752773486
2.9977271893200976
2.1571506281003243
3.3342520291005515
4.433361360540528
3.138607726540985
2.2993965071529012
3.1949877041303547
3.818611935962611
3.620294955502931
2.9308764775693392
3.2445980201178495
1.5761766563442992
2.582147538403276
3.7113246018579464
3.2390360558215963
4.030710923065745
2.364246036862945
3.3717988104590386
2.3838003228755658
3.6711572052376393
2.898263329350247
3.287476671397485
3.20138761670788
3.3527521670830494
2.635467070069972
3.4332679002446107
3.480664408469103
2.641534012253364
3.590942055865516
3.2737833021241793
2.918282203682421
2.2944010981909235
2.162319346688058
2.2707599632366886
3.114913471510385
2.389092809315949
2.9507198770763923
2.674593135417473
3.2744589919490137
2.692211513987375
3.070224855574799
2.8306153244275905
3.3584105465713012
3.351441478353241
2.479706566492919
2.7846529828051922
2.1854380010770407
3.435663856300298
3.2077891699122785
2.3145722979083585
2.6582066943820792
3.5465445378209344
3.1938037558972283
3.2810715422869547
3.3180300102199336
2.3786371012122225
2.416675930000978
4.928716317700722
3.1779079362857185
3.0286870961828822
3.113611236431407
3.467567244317126
2.3310431004088454
3.484084859521434
3.300899386214827
2.40774953596004
2.90165496576771
2.54232367283931
3.2240233026770277
2.855471001249404
3.2492830077201336
3.0336679779933204
2.686273914865028
2.8468020689782567
3.321618202772889
2.2421854385816182
3.9433686352354536
2.3496074328576237
2.997261604629121
3.5050268651540755
2.7370076712759954
2.38692052429886
2.351562140320213
4.6346095937492775
3.1830742382852755
3.3288949370493217
3.1772750256512095
2.2806424010579702
3.09220644875892
2.899783171824658
3.1973073030175247
4.138092847573303
3.6303662475414087
4.014314908910654
3.455677988918185
3.0085828744640115
2.8785980546238927
3.362737146849179
3.1477318502022307
2.6755970813657153
3.219884934579378
3.2269370881884147
2.325445467337835
3.3448822920608268
3.2698593522130155
3.2713460505021414
3.2625796396512996
3.3127130931546263
2.587888069761572
2.9123395308093656
2.7787232117723155
2.6438150465211336
3.410680277269986
4.024288182843274
2.916462613237486
2.3608777883899883
2.705866351134946
3.1742690489106593
2.4191325583329992
3.4689566851099474
3.700753546823179
3.298600703364687
3.091676029156302
2.3100307409272607
3.7008649830930658
2.2681452110589975
3.399329686247466
2.2594076278424
2.8815966465702383
3.1921774201933983
3.8654243849505088
2.5099668309733967
2.05963075407018
2.979907071088861
3.5730777204706117
2.7237945628445726
2.731728873590909
2.901352134820901
3.5913359440087826
3.7712249811329945
1.6509587279028035
3.3062849286554497
3.9360703302506588
2.5245621950498376
2.123315271074506
3.5850148574737917
2.779523026737222
3.23260117511302
3.632894870649163
4.39027500456961
3.3612616439996006
3.431812356776738
2.8919320644454363
2.8028542517280752
2.9235419951852446
2.8479264762705645
3.4541562899351046
3.5255951173346043
3.2850831114481815
3.5624256949144364
3.3591965531809267
3.709569047413569
2.2813180430761695
2.6453220394800154
3.19583982217533
2.7445315056560835
2.5424608842011653
3.685496416168971
3.794950346583089
2.2832652512863127
4.047291394431671
2.2710063774574927
2.441088021797941
2.301571911792294
2.536989069176569
3.966929691081533
3.8369363513981822
2.298352050560918
3.0788734411141876
2.7009940070837914
2.3324198390834026
2.91665285275785
2.4565412781344214
4.12024239995483
2.395362222240438
3.2320151740160132
2.6779210289645183
3.4311017132823403
2.9039289228191634
2.7598991331579414
4.240461938498551
2.4627632022027752
3.8781943655620332
2.8485767981494083
0.9025022973231409
3.271997866307543
3.598997902125565
2.7217566186955917
4.303833801603554
2.3967961788367913
3.2828456541513518
3.3712479851847714
4.182588417454821
2.3601226816732837
2.889104304482693
2.3033470369834728
2.386142310099874
2.2394848238115044
3.742167432954967
2.4014680940516593
2.508535992412663
2.434599094706864
3.8281608916752923
2.346685395905647
3.3782529517453552
3.824458857786881
3.8675213102074073
3.7689929035800795
3.981890208480126
3.8101613935048464
2.3538733375301217
4.128362502440645
2.585149941752857
3.076772591725727
3.0019820671086626
3.1086917565936627
2.6025073013039717
3.4226347024539345
3.245306332915586
2.7473088282604325
3.300034446255241
2.362173177482716
2.162043114669485
3.205512431334383
2.700372051820737
2.823138994943328
2.406717960173845
2.882541629832887
3.2384486567893465
2.1370191520206108
3.2786565214703454
3.0710040116863393
3.1666034454476804
2.429056541924318
3.508786342106065
3.6486659644598856
2.356761480379453
3.8897880599396446
3.4604336247270333
3.5323475356498975
3.5070171089346585
3.301616668072835
3.3434389715240673
2.4753548899211353
2.578253863004302
3.067850417252269
2.9389855776040203
3.423806107280964
2.578374791223825
3.253489365468167
2.802486967370871
3.020842385158685
3.1048862811777656
3.9902768110621785
2.4656279925771867
3.108693166705538
3.4027923864165732
3.4420958379136115
3.704033008298521
2.7418275107791694
3.5591795084218623
2.779562962548131
2.8634629511538945
3.1005046128743334
2.565283409468865
2.43550477639957
2.402454630965516
2.430746785610669
2.365728228694133
2.43550477639957
2.5570389272942604
2.350919606201206
2.4342615572130124
2.513992664445984
5.063911480688756
2.959965316761722
3.437973006799286
3.6413521335635695
3.160317278073737
2.9409397143620977
2.475735357004316
4.785496758826998
4.336759106653357
2.850540741394611
3.545595761918105
3.2643927920292546
3.6381085915714357
2.868090860398364
3.830229828893907
3.7242423757267282
2.378756433591518
3.3589581418379204
3.099232357427156
3.102857618864882
2.586079084364222
3.5995654023975203
3.6451525036044687
4.410445003434595
2.667910036903911
3.673887113551745
3.919001528473048
2.7551045570665833
2.7707735545225414
2.603871111185949
2.8522924607569022
2.4550071937171083
3.3332004502489525
2.4244734669024055
3.640142465031004
2.793246750316971
3.0076951344292153
2.865172761286752
3.3333680817757516
2.8092104021701787
3.971903588428102
3.072464615038961
4.423281404430279
3.2322626622621495
3.2168178973168544
2.28842133707976
3.2226620381739055
3.1016179826871895
2.905803934613276
4.254828981609682
2.805926407832594
2.96926073094948
2.2777800056334065
3.1725155847680417
2.6047888837619446
3.3451939698316195
3.2452062250766867
2.3045937263764937
2.3856644390512036
3.851245609459106
1.9280941730273842
3.806195300412283
3.390170883181407
2.838013808494913
3.0832658373212345
2.609588200109152
2.6775663127766602
2.9242699980626137
2.949750073593405
2.566039917563553
2.81628089273451
2.4435946815387517
3.454857456043275
2.4499744560714283
3.5498701398996757
3.510912835195481
3.2729219306864508
2.860938681681758
2.6699223554414764
3.4717854425767074
4.037556151488561
3.0975826796175863
3.384148482733462
4.275441155804081
2.2903444050254698
3.67919410705649
3.3982527184918325
2.9394502766775954
3.232430203304698
3.1980450488117302
2.6090249036527586
2.7570749625790842
4.090337720485321
2.756470516083334
2.4557208190696818
3.010886839436608
3.623753591231624
2.305552900874392
2.442313433684001
3.2975635374500705
3.165103182019314
3.744043286271507
3.669436750036744
2.4080119690045176
3.2381698318138503
2.474980182377042
2.2694589637371676
2.432834733602119
3.9850366814279834
3.0980914408150335
4.017479314982162
2.8550442761939667
3.195406721212847
3.255334556540949
3.3113773291781947
3.075306158126923
2.962732246959634
3.5155753086460635
3.009740081476671
3.836959009615381
3.377842535492112
4.27428540093355
4.554418075682046
3.0995135006594396
3.2130776650699664
3.1265356415512464
3.077996593454399
3.2459943411716496
2.9924478066725704
3.3397579187432926
3.737908651249463
3.060919725581087
3.3908438648667105
3.3672113956372485
4.073961275929241
2.3563301580505316
3.4340561049652716
4.714045136158569
3.161720686065135
2.7793837268620196
2.378535898560501
2.337175125426542
3.2532430051343484
2.833465056773378
3.639197555476799
3.1764492525016728
2.392132785447993
2.790401958392867
3.534922296977323
2.436198402960003
3.8539711447039617
2.702581199970691
3.2441169347412715
3.080960329155829
2.1624856084008313
2.3977073080920266
2.157832754547137
4.187340166352086
4.195070809768838
2.155050632174886
2.4138732325864574
3.090004655725714
2.407850140822804
2.960760933671133
3.8817626992643968
2.8523668564351974
3.0257035778245673
2.610843525706914
2.237534419704622
3.980458008111109
2.9054152739943793
2.7328953857173035
2.377558486750898
4.002123791863476
3.2602294692069114
2.5795756745047624
2.388645711745729
3.849922635464892
2.637831178921798
2.76690865819671
3.1237565623444343
2.821710738577809
3.416340572794925
2.418104825676635
2.586164948826855
2.577921569337401
3.2330526062837515
2.799625154219009
3.0075662734205224
2.756518100584503
2.11223856078624
2.4871681933286327
3.1555724189077607
3.211382868291373
4.052666355968264
3.989269726071423
3.312611211406664
3.4433348061990863
3.524537982722258
3.523262274644228
2.7751872227000436
3.032550098456196
3.5278578601531754
2.862606301661949
2.8291859829243107
2.882456920506208
3.1617985910486155
3.72146151151761
2.355265471946728
3.0488051432940253
3.4839261797155565
2.7770149233661066
3.9394083281353494
3.1177916672126362
3.973151173148003
3.2972356952587067
3.3028078270579844
2.664264923632378
2.6125540199075443
2.725351796011412
3.3021029170271987
3.3404468932418014
2.8450215322067844
3.0967770212737493
2.7064853734528533
3.270420141804869
3.628448328804972
2.7688006122191644
3.851194268258266
3.128845130772328
3.34858088020797
4.108040191513607
2.766114532800445
2.568874521408818
2.834103233962773
4.0429892235414435
3.171635423891076
3.5613110984073657
4.486792137752919
3.04483262039666
3.8505382612277543
3.0342052950145253
3.605083105283777
2.3888503934225076
2.8180299523867287
2.806397687538107
3.235185624657175
3.2450662657335156
3.9535929116596247
2.6038713970329974
3.2418526814290938
2.707604657234506
3.1299715694399732
3.311262279333107
3.445009437461669
3.146458050803023
2.80499945235358
2.1980033236555063
2.9308402896924823
3.0133057040587494
3.2499211222793387
2.3168996600884944
4.438939148875748
3.6107729089157683
4.494416387036758
2.736377564457549
3.2162604408595894
3.216393781092227
2.1074099367139913
2.64239970036481
3.0955447745610982
3.780692450455759
3.0866412943774915
3.6603177633675434
3.3701844136271393
3.0059888685176763
3.1060027275607744
2.4854348125096926
3.3192627061920454
2.6197695990977383
3.427896694084196
3.0569740491565653
2.601302487169085
2.403481137776481
3.382012852908515
2.437860832402421
3.0302371244260544
3.08410107275783
3.071614590532284
3.1042145409613635
3.205179128596379
2.468883854122642
2.5549080948623697
3.04709961219692
2.8337949140301064
2.9160772034297135
3.187031842035967
3.199590007874142
3.6394356177504377
3.240937824209735
3.092457795701325
3.3315788938755397
3.1799001488984358
3.4591486908117055
2.780578541512953
3.030367639093331
3.606841251823922
3.2371455439101293
2.7450608578420406
3.169736659798745
2.763704530007006
3.831898094865667
3.297117360991259
2.926067537305121
3.140387591494727
2.6194764650891105
3.0351780311954064
3.494059049516686
2.48940069436658
3.003589452778034
4.45125899175887
3.6480499906932145
3.1485344023168516
3.3468418717075146
3.489376356977176
3.3135010889602152
2.660471845322991
3.396495243843756
3.468485397004627
3.059879300233315
3.217058847648354
4.271070948086197
3.555519760146476
3.3468405675890915
2.4957583203759537
2.727581854911132
3.4454059359661326
2.5711519611035207
3.041535639651865
2.9565761444090692
3.109612665957152
2.552188503938944
3.0748135924912043
3.4976373350279095
3.407654098962434
3.9252774407334003
3.007182499454431
3.046159545567369
3.2085499022513315
3.2062775654327
3.5095329284345635
3.0618094579927444
2.7702735771052724
3.2091683307110634
2.8426771414323464
2.6028250816765275
2.5010015176953555
3.920750478856875
2.2998412786145424
2.9814793647243802
1.4552783122338528
2.622259275529161
3.1618930324305174
3.197727994998218
2.910224284196293
2.868808901821626
3.178504754966925
2.783768532071463
4.009674960065997
3.522153402975471
3.401956939108117
2.8390886268957276
4.122638299406098
2.853911845225303
3.111522490885979
3.0787282342340254
2.8910651228060673
3.3260530378454085
2.338057917941952
2.6593021272788255
3.178126853622434
3.536110482658278
2.5956789420381376
2.354496011860614
2.623402469275523
2.488823175693413
2.545198540135192
2.9312879489411925
3.485762261147391
2.4448096194197992
2.4890059225063776
2.416027295492421
3.058343979335402
3.6919738461890104
2.4012841268601037
3.1668821299227012
2.354132617524462
4.55281257974363
2.3396997381839166
2.8680331835064834
2.576570637888109
2.7434215580067796
2.454020605084692
2.377057315258372
2.4109923894624106
2.7668708971177813
3.852647830073213
3.157792575286675
2.6747124438620213
3.8296722018384397
2.166159178156686
3.166698293455241
3.1099608160031424
2.7499371252983953
3.1945960605735366
2.8780346427794203
2.985841161586982
3.065349689772659
3.039540207839053
3.470607077070344
3.54563791257489
2.6185654946016985
3.9547414169860864
3.306447405181487
2.864435754058505
3.135340239001981
3.6857951837273824
2.3923621336839713
3.461589492753096
3.0714747125669337
3.5250730424161687
2.689526438285413
3.5158955111002803
3.4408600448207203
3.2967702881388767
4.921790214730038
4.729111676088449
2.9947597544162843
3.4035075487302366
2.817091840593456
2.8549616871674446
2.8665804234665435
2.6825783780585004
2.8597980797469673
3.2584221040598043
2.827232008852947
2.681304382458846
3.5609100617708176
4.320233950252965
2.9126605737875666
2.546445177387389
3.4439211794846822
2.8473335190669067
3.3278027834678676
3.052686254203123
2.7076113053575366
3.255787050788308
2.753433783627967
3.5209117692472685
3.770603415271453
2.6984396458797466
3.3066317947544386
2.8536351214367857
2.443432023384445
3.591563253173931
4.071235721287354
2.283189368688973
3.3963853825963453
3.3000632601929945
3.012095401098892
2.3864550351533236
3.155131195742678
3.156657260126578
2.6469807770143814
4.117074558323759
2.912796755636931
2.9011137025804574
2.2514158072290407
3.0221299232526544
3.0284008654323262
3.745581124273428
4.167120589970512
3.5191106561325034
3.279070612425211
3.1335966926304146
3.036358020790709
2.6587778087351417
4.011422842052882
3.30868424710734
3.4041561462870624
2.256698091563553
3.5232913138864044
2.906009319544335
2.982478273798436
3.012045617551654
2.873362395869628
2.837579198116213
2.7386012043494397
2.568328198856885
2.32774075700358
3.7340614666860064
3.7340614666860064
3.1497895532251583
2.8688647438855464
2.9429751379382996
2.3410720108253873
3.7678688487555507
3.4238548505998607
2.091778847919018
3.2974178968956886
3.23944714504814
3.040808167250435
3.3049626988292284
3.5793580474665556
3.249141375258972
2.8627954211565125
3.1246775300841567
2.795358765733921
3.2815745440144037
3.340073106360662
3.468211805347478
3.0728961767914353
2.7960044337352326
2.763145169818769
3.686109014605143
2.4691052122313373
3.4350648844841105
3.575413987427177
3.442159985461685
2.9396305144471944
3.349430796617723
2.687216923431219
2.7036735934264082
3.365801174446717
2.528734477340977
2.9076584535456
3.1872078072928254
2.3048837890874765
3.9052847868349714
3.008020392022843
2.2833081676768145
2.415483445704422
2.7005002744141136
2.8801965000902516
2.9466306621414122
3.21543194607529
2.6315202134657594
3.1866829583767915
4.713241947079073
3.6260767766238584
2.4819982908843183
2.9487995933096425
3.4989886451639154
2.4376024225547828
3.272366740308562
2.3143868699357575
3.2743070892901627
3.0301515282904745
2.3607444281121577
3.5206251091982717
2.704864791275107
2.261671899464629
3.2674318515366703
2.892447914123303
3.108984570394497
3.199539403254565
3.3748809109508024
2.469875554595961
3.0777937272979528
2.718446914423917
3.5117494029106737
3.1402051258625887
3.0152769690052175
3.2252758585570125
3.0716909155003616
2.2938990759814235
2.8585991819294034
3.3874013784221866
2.691520360883272
2.973928496484761
3.4931956358879708
2.8882518688999004
3.081042699233378
2.6652891837478214
2.3231989512996205
2.3869991649943407
2.5906697026562022
2.575217615744215
2.4158109452870615
2.4222899940256295
2.694911322928709
2.959847148330149
3.0802929816086335
2.6402505054513563
3.367418013974341
2.5758324234299286
3.359860994955041
3.571162566445227
3.3904396959826464
3.1526339139761275
2.5558336423067933
3.065082776583932
3.5096969704172114
2.63116993342143
2.2482106567404
3.281281775374715
3.01397766378894
2.1388481160435413
3.5322814224818138
3.484642566146551
2.6628772653257133
3.288283818380538
3.3477267691984
3.6135158925263875
3.0571603490353567
2.5200141767117463
3.588744382982291
2.6547890735885167
3.553348926533638
2.7742610700981754
3.4961886435567195
3.116671156538817
2.546735240296136
3.358123871665195
3.3570148107697073
3.015468330674678
3.056873810781566
1.8128943818807668
3.3113281081566743
3.4547771717634457
3.259890624737527
2.871270246424959
2.4371288783237133
3.0004448191441595
3.100281958393513
2.558783615360339
3.477110311888389
2.9408935938941547
3.668388796887884
3.76137086493163
2.5739245781087345
2.7770913144853453
2.4058638929285863
2.8212509838610544
2.783969188073662
3.013581146661245
2.6128047591635566
2.722391714911799
3.0853422673136235
2.5252340704015728
2.583449798685514
2.160257918048431
3.3331115090863763
3.1804934632081125
2.763493730735347
2.6895142851398695
3.3405386040561
3.043252507845207
2.370185075585241
3.554610459606604
2.906760490764176
3.565215601157206
3.674576969454669
3.1095453783940514
3.3567743739234728
3.1643617334802565
2.9944917137853544
3.9688434591039594
2.3189064395609202
