16.593527631336613
31.10073954225695
12.24825467011277
23.219992541186485
28.54586324688143
16.238647984042355
12.095879629245605
27.277342920142853
19.29883835040622
22.695767534342444
9.38088319456446
5.8578702143947075
9.985778257236557
20.42470962677456
27.582993329867247
15.321657597002234
9.697410364407146
21.65132196295168
19.407500939607935
15.882691586086487
15.221021985651594
8.859490376524153
42.57524129700523
13.548556415880594
7.905773517077354
13.500412790556961
19.97599452103536
10.358142923667778
16.42410623771151
9.846362694054543
14.8814434255288
10.830863982326713
11.008362848738109
8.02057951967663
2.9577824319568093
11.409704909980066
40.812555891265056
11.097036287452234
9.093999238569365
36.3220332848196
10.193344485533197
34.453269109834295
12.455551181719258
32.876394966436735
20.996857489402633
20.227360054250077
12.352276086340153
39.535373355568574
28.31084098901607
12.448178600426095
25.331317723045697
19.972351839066537
11.106952713789294
6.999601454067777
10.69818876961821
16.83872932123251
19.266499931973776
13.8410869209458
9.97088496163903
28.42461372674999
16.718423694469458
14.041711682465237
8.91146642306199
17.036155380384262
28.470510730178287
9.151253133600605
9.09656520370753
18.245715913953564
7.761942543596105
12.467232835009256
20.31124315341188
7.34220187881857
9.375498151827736
39.96651536083748
10.585303622475262
21.105017874070608
8.535052588223952
10.327239515411291
9.680869311801088
11.060734484940319
53.64542900888815
35.63084215364294
10.996683636610893
19.93570810721937
14.223761217985178
14.640573788427096
14.248615717505013
14.543534137356374
12.291037377748392
13.958343925285456
10.996683636610893
12.758244279614809
11.98645466080619
42.483912888577166
33.15203708032886
11.753706790445584
13.738990286713022
8.005621333686573
7.536888487942485
5.096132155983944
11.583232051353272
6.22841310655962
6.9479719933576245
22.82056572346662
30.41048032382984
7.294580069921094
12.01918452673012
23.517520769669193
13.8675636101712
7.295571534930595
14.014976219356358
13.104525298099384
48.67731769077469
14.794968405944216
7.334051710746115
19.156805150201606
18.240298773050974
19.17322505450764
13.368205653564527
55.62181802789512
19.24041711896585
22.436309785171577
18.38363847448984
28.551978713853927
8.670818441436518
62.95245016386428
39.91315010438674
9.40379831987599
7.974987198156188
6.335347633967071
18.933128161056835
14.466637254498913
20.923042578442114
14.56391890809275
30.524672718116296
7.984077389884575
9.995441988439234
3.845097314636128
26.995006365420878
25.542536638218774
10.361961545553724
9.675362906104782
10.636826251029845
17.680893233247218
41.18105845118098
37.0878341028005
5.919773519380111
19.50346963735257
16.259992382692193
12.651387083674242
12.088004770046416
32.64811917095067
12.374630662632603
18.788971458355665
8.72280535487941
20.043846942139606
13.262848054055368
15.22889237207287
27.205382548562103
25.961771468796943
7.129294916771366
10.27945809483201
42.51611403005023
36.64512823679652
11.180197766880992
14.814928497351946
35.25447794203138
26.32718944063894
24.389834438940632
26.661452281242084
16.512108949262608
18.717655234942043
15.811398278214753
8.670060856227003
15.113723751618348
29.744212752857464
12.708952497044328
10.75218897832181
8.646345831461883
9.462542139245652
14.908559406902704
6.29324618195461
26.33959482079458
8.04282388805451
26.707186332296526
18.78699300427162
17.704038428516576
8.707225052583755
10.552197064388055
17.52736460379298
14.618390857854406
11.997261395689518
10.981163403555325
15.141739249965084
14.469374901683606
13.638399592755864
27.944005966500022
12.100914492607949
8.45398751133343
7.47337849900447
31.16860978971583
12.511185588821904
13.082298921556086
31.64766444133512
23.186832288080637
8.622830574677103
16.061145481119986
9.207575426555595
22.481467105277964
15.720361902851048
61.122610043765306
8.47597340800124
16.306559407286677
11.815360193485525
6.638440791624808
22.957911657050946
18.778377829836572
20.44538161954008
25.326460561638516
15.722247788095904
29.63012409960841
11.479879058118721
18.56993757259663
10.761587409875759
19.18396835058862
13.842730692346969
8.772130371305638
17.321608751795722
12.09179883932916
13.090776214752326
16.98687957300028
18.054997696730577
12.671222265581093
19.017380259111686
15.056630657919186
20.81027049194431
14.032671909049789
16.02947405638694
14.849230044416045
19.176134407230737
19.512106813054903
20.977587304426475
45.88244503007453
22.573030796182778
12.92268341108784
13.738013938619709
15.896258329493355
18.794369711167068
72.27640954067002
18.348956312036865
19.51726896741331
19.59013530597556
16.018472446150284
17.241566174637782
28.79929361466756
5.919959739932795
14.165314358043723
15.594915280520999
8.380391886760119
17.014559930801433
28.530395836481183
53.29163523111757
7.014035867846466
12.935102840238283
10.06566573747352
16.802355637425016
12.643649494530981
42.3917171731991
7.171488615723142
16.73460070669681
5.973960038396609
32.24493318338728
19.121347870031407
11.67511951364324
27.7198082855448
10.129903010420467
13.89636010424303
5.378627018485943
20.481831018939797
12.178128308743654
20.763763856371032
11.781426696301766
18.616014974022725
11.026014823892696
9.014172586582102
11.165386834185293
10.943673686808005
8.417695547014867
14.41966443101756
18.2694050636088
16.30196964413973
31.142872271320794
33.41384660563515
17.883369019513808
14.47270086348622
29.09386495124563
57.793565235238965
14.876417161980791
16.092015985564178
19.37396991839861
20.509423276972576
16.772524777201564
14.524303395196899
17.9701996938369
6.884535135075486
17.824274051787846
9.567796902870402
15.041576026717781
6.928802717061353
23.649901409307095
23.4793070338084
13.918770016240435
5.358262965024771
6.626631790623547
5.501691843826355
12.660373903138538
16.773976853009852
12.60321530937027
21.281993791572667
8.02631897693699
28.664950032568512
14.491577266212273
11.099705986985276
6.860445638554273
15.31899035892585
26.713806003417595
11.636272378506838
14.862273224256315
3.521300332776044
20.408470784291257
51.09519336367928
11.675248793330445
72.52351438869849
13.402600045326599
20.539008379440336
10.995734547043126
21.02175557399175
9.391235505533164
30.382359190862896
11.929823950230078
21.91651920904197
22.710771133854813
15.939910029478959
16.666666015284285
11.725566217823157
10.493646322343363
8.424810496931444
12.965322739466135
22.28962111456273
27.326648411528293
16.927230752044185
3.5972862878680196
14.261493421427463
19.657175578635176
13.439786526659482
20.772297785059543
11.321502480576669
15.28720313204891
18.8267410002044
20.447686950945155
6.643626311933821
16.466343057110816
15.604256390367679
13.150142215512632
20.539851220661713
27.99099014015393
23.738525269999347
8.412458790662722
18.363849524968302
4.00143500856168
18.363849524968302
23.112151218893132
8.299472458028703
21.86029008531152
8.30649514920323
17.617564739070655
22.607375931879936
12.524422811076732
5.62701225398552
25.97605587236116
11.818919958638263
6.193772959191895
16.45720102495645
15.66963862554106
48.74968609653065
6.146869453067958
15.619480541233662
18.062514968027546
13.294604537961256
7.958267911020358
19.622921662248388
8.108017577572628
5.702860490703117
19.297782296067783
10.927855094294257
11.98656131334241
30.307281562778382
15.564808254727978
8.366207556618285
9.818929604334443
12.037840427365266
41.257563276538214
15.852866151129222
15.46307306695433
11.827535971289134
7.659317460735905
17.66423338134169
17.079486369545663
13.797174324543679
18.376792133719334
16.820915957154583
12.43456588289834
10.500111802618905
11.491889948188955
24.135673364545898
7.111351062696515
10.29542393348447
46.676714726921446
55.73531403362133
19.629658084330405
16.19345569688201
36.25516599149714
20.879954750881318
12.677075764028185
8.819951780283041
8.335262463820289
30.93187595832209
43.38278079644399
8.936832439012232
13.185470119067325
13.467904771864397
13.676047365667289
13.994922926012011
11.598153539479567
23.147737404850975
19.67630121626253
18.49181896883715
66.82798739626352
23.462095181163413
15.659762823775951
7.803190127427637
14.59994535343533
10.005052902585403
8.906866248095234
6.335745351066065
17.309797842492593
20.764331201647664
30.526603234801073
5.063258529324057
6.921318450053781
13.67800639396219
27.432644393974734
8.32301153084113
10.3568222644204
10.348577812596067
12.357255350806282
15.488264375745931
9.26886998073368
11.619760383570997
17.743875865277044
9.811175107875993
6.514532565919036
35.60317284764066
17.4804628980376
27.63139749117103
7.962366012226658
14.017569168757921
10.338751762337868
11.912765778828716
7.230822448806783
16.277224346366115
27.47489493452847
13.371998446261623
10.703306865113188
3.635541489139616
3.871789773904702
11.510875398870223
23.08197559063525
8.756030872641219
19.7895756942192
8.011247059719707
9.378959879019488
6.193934338002075
15.348203630056611
16.92912536910753
14.40283882690679
10.98182466366458
24.794712490970763
7.160498421153021
14.647406715478008
12.673446742817323
21.081442346946226
42.403900857998586
9.649380314531747
6.845940814494799
7.702405994507066
26.29068344507276
25.537436004782474
18.96024712122113
25.364323858400866
10.13291518019361
14.866676193707255
16.01405888066151
17.59983191473667
12.251766833193841
18.717947373724368
43.745377945233734
24.806572426596528
10.392247410757799
20.646304951667197
13.628141142439432
14.96438631752101
15.332098619782426
9.258034229685821
8.529590626480191
13.508380663153329
7.987230609785745
8.884825857935173
27.863353796486066
6.78579717581653
18.113791354400718
1.927926931421771
7.905895815102774
24.303897607766533
21.564156946814215
51.86251933237119
27.43762791692467
18.44115290725638
21.83706426298509
7.233995035475534
10.473302697510205
15.922879206809222
14.612932871655783
12.761924422583434
8.411937159246492
13.636587754803536
10.711038288804424
19.09851661877279
53.213632449792584
19.086349026709353
13.289557180657122
12.134331756527503
31.330418853050872
2.815916179799277
8.697002184079828
20.779102819575417
6.484700731775266
15.647772606164576
15.558442180821174
12.326173911655008
5.161144232410984
33.97862359327569
17.379660382008765
17.690810672607267
17.331040953964873
9.094239708648294
16.35485317420624
19.258415478249486
16.638687701281125
7.741163552334753
3.978440555494551
7.194200114174631
17.64496698706129
9.05137821159357
13.708787316970955
14.249791965544956
10.694326093266465
19.316802030363835
13.141170946442422
9.209451534039863
14.332909995631098
20.048011337231433
20.740525813027066
12.526522703007666
8.477775582117316
7.561331349460489
8.712726872535978
52.04559614141743
16.00695235989643
27.041252023253325
27.297233156125294
6.744804084549066
15.87690366574515
13.911695192509363
10.130566108919384
11.913087408025493
8.208375226669201
12.076947502378848
20.14153735906127
5.745437862045474
23.609619801010744
15.438090465100958
15.332088990058256
8.260382484577034
12.318653606706212
10.067786576635921
8.270844808577804
28.0182634954118
14.239461041526798
10.252475724481922
9.184148079029045
36.378294480914626
8.83151842454321
15.82352665687312
38.19069087066121
7.1772602581359095
8.479452755646522
19.0595928565658
23.034159410192366
25.679993589840933
17.759532253454903
23.534164123009184
6.2010572938028945
5.3387517732027785
5.90966140933182
6.252427224840123
14.022791989849056
13.844089928933078
24.51848968497701
17.72032511778229
23.71085930996036
17.72032511778229
20.265937745204567
63.686603681964044
6.626183488962471
15.3061816869114
6.470415140893026
21.17551723311507
9.486024894516877
12.29664567675876
10.021100906183058
20.896048580384754
14.810391739814909
9.68049800010655
48.27169220384775
36.88750553633246
9.666030317457555
10.123339336205882
16.084508355211714
17.252259850284936
10.9913144417141
17.088304128647863
6.780279632532938
3.101059019376033
23.48555962978674
4.751040448845513
13.681808539659258
55.967291962256304
14.305555324503738
22.42082165248963
10.025747285499971
14.796157460009054
15.937256442642473
38.33238686846067
29.119551292654904
23.880746600578863
9.527855867848562
14.286518416511358
10.605634567445199
41.34789614656856
8.557889427150828
31.252057650222227
35.083579396661925
12.411545733966909
13.241370407533239
7.494337007619475
9.447837342993548
26.909781541973604
24.50356319142508
14.063437459677596
2.8809292628725025
53.84222711325659
5.778050101140077
12.249994610611258
10.466280306806798
17.61394678866102
9.793473877536554
11.347234527867432
18.08907315589867
12.581964687630396
13.335903109242071
12.261038344377262
18.883227852316725
13.959869394422153
18.808982312339854
24.521779939445768
26.827172668607133
10.916266255576266
20.204177422438686
17.134916864860035
31.164657753237503
18.594537490461732
10.317885795685514
18.968892797987536
10.049998796477354
12.738067266619547
6.0313390384215735
30.330259621862464
11.300095299890947
18.36791971257803
14.90290534468372
33.84891951481727
22.868520855363585
41.39197112093005
17.75067023874142
35.6618100306022
14.424893164784914
20.121109789412014
15.243665153071715
7.377046407720103
5.930304991986967
19.839468725043233
11.171583675782207
16.257636166175438
6.629464794836187
14.486657500608954
24.27560191755719
9.050544511670727
16.32703212622297
14.366430558291183
16.589651240993636
10.374457667660652
18.97367998755821
19.25480751276193
17.407358941855875
25.283099426729077
5.789441347306937
7.971922948257498
8.211422275612032
10.460542137842832
31.081018466960973
15.874181946568719
18.087066878186523
14.166048034270327
12.807318645373883
61.80870718159504
22.0917216484947
13.955466876036054
10.836075696871234
8.921345215222162
10.759832411501526
6.830389000242551
13.044045276189992
17.111739530236246
13.50690757992719
7.6611921024167176
32.71315541295749
3.6157299396677396
12.34517606093196
9.017253558006052
8.600616196540592
11.074503587103235
13.206815739814695
18.82040223209869
7.767635304105527
9.057110900593704
11.45215175350292
33.06652087521938
15.10429563585031
8.639170591194077
10.319518688073675
11.410090330511276
19.13792556019631
23.889882460774064
14.17790878727617
15.037542441473146
22.390563189720346
15.987888284769049
8.733922837717303
30.971213875764303
18.07617134204101
25.76338667783056
20.50669179002219
16.55066613446345
5.947832635184478
17.927273063156676
5.931304360131733
14.006355133050066
13.211719966493607
7.338465563290558
13.402558333000067
12.430045700157638
12.414940500712103
7.624187905263527
8.55341901259935
22.380039901586873
15.426930394146405
11.651552831630777
19.43109352552829
15.697056477916542
10.996202570933058
6.658606023945765
25.808141649973564
7.35192996326939
6.5520690181960966
9.44302361777846
11.732515095954936
8.011330600977432
16.51014840294412
13.378562184000181
10.485501502275538
14.73754344187883
64.01683127586213
21.0309607841019
20.25853197650501
29.85121482804467
16.537473370185605
9.57984251037931
7.996799940658103
11.270976683231895
15.312548109296811
19.316533766983913
9.650614445832218
21.321771229055017
22.25370041299473
8.124880422031305
4.529293631782124
17.208257066994992
14.774653744691678
9.3500993677839
21.327824401731775
9.788597078624342
32.63377111295658
8.785468733777078
19.811043168359543
10.807929649895227
11.040382505191463
12.625990949909783
59.61145547475494
23.08972243242432
12.944140602276173
11.194336878326165
6.556415064124102
19.805485725229236
10.554153426003229
7.551947398381268
19.972129833206292
15.650502710875317
14.223343459172117
12.290627253593332
8.67290852507661
15.660120613263247
9.492411039528278
18.72200809863485
8.26326331085799
7.556330644145804
20.864437627559695
21.173053713431063
10.27972932367072
12.050356189688369
21.089874105988297
7.238906520002097
23.588399636184672
12.090860218728826
11.588273241029233
21.777401949612635
10.937249996292701
14.160622997953562
16.507079915688117
11.012408078640314
14.028965797840442
12.505136077630086
12.819570143885665
10.704330618375959
8.357045130776994
26.19375976493237
8.811051682813284
25.34467863310683
11.649901770711407
13.6490337344312
19.47820486176789
28.274641820243197
60.67205920593191
41.41060132873145
22.858828520459635
60.11037444018985
9.72603607705275
21.012317970136287
19.9146870287801
9.868694158162544
17.972128237290228
9.692603651659761
14.865354006350715
16.917232127547965
43.97482558096739
18.64375320095687
6.129125125554936
7.31176237527286
15.281631288878051
23.63180999050379
11.724099283609297
16.90301102236048
40.166817727986285
34.35667017141607
15.825253356970254
26.423498371423346
19.548397082494542
28.63444809232571
12.629080794503807
10.183270257106237
16.290574831894897
12.320665821893922
9.013804791728912
14.86725454348338
10.176066897296936
19.996907354825765
16.156302507545753
37.66286276529028
12.781285712276198
18.298870018858274
24.372779002452326
12.58301755646514
9.10834837341961
27.144497715207066
15.409234432958042
16.103453030313823
18.87691936770939
13.053681396322347
13.604278432209357
18.380106414851674
49.49423281335917
18.41101436522829
15.974749262238966
21.505954349344453
19.337981208238823
13.769459968529148
11.610850953022988
8.68069593769821
31.911810566697106
10.888243725437118
9.055776010445864
24.48751091424507
25.81970411472218
26.040413938648804
35.04647538704312
14.487262819080511
26.873502466050773
9.607428056605087
9.275285616528771
20.652526996901152
10.333457088565755
15.757046475205657
9.685632140035569
13.84805082133203
11.479794216486388
22.27956004216057
14.585494772028254
9.632872958605288
16.648847773716025
16.944511326554828
12.661789397358353
12.921686774303033
9.342742257373708
10.184669642578132
17.7058560482017
23.122805282292614
18.16899865528772
15.021360275082722
26.820992075031644
14.503378270457677
13.436466698169951
16.361376706834974
17.67151979608916
25.43869027620899
2.9738498931594983
8.146071025985734
12.84857254445869
10.54420685316205
6.800211795494909
6.5711289536179915
25.02988323027472
8.006002095035198
19.424769996411488
12.37552596815838
13.148153779023893
9.10324489036783
17.953292908711422
11.616578498973734
12.384736582843221
20.84432615308411
19.19477745687141
6.562689612303745
10.951242844327552
11.192516212560498
11.280832185498351
10.014759496325098
22.853950014586854
15.784725726555134
28.942018740943677
19.364827047161555
25.284966235942196
15.121635731131567
23.289458025579663
16.411684932992827
16.728754990399175
12.693474735000077
21.553054306769056
9.55637682619014
6.614970926401189
10.677487651573845
14.250081547155048
22.330397490705423
24.83437221623261
26.848058065693998
17.265997176312226
11.535562138561117
5.959061096845102
5.769232725617341
5.833958944112064
6.126808269747715
5.879573954403025
5.55450735465094
5.833958944112064
25.302849598100703
14.47313057259634
5.394990822307642
10.116300087724552
13.141976377057876
20.44615842128958
21.845712982792193
9.826175634311166
11.746713447890697
10.115868549725748
10.974712037797039
18.58978131281555
22.76964358662898
31.832449878242528
15.795245313779049
12.125050213830992
9.84080736538607
8.992202122734211
11.121747567362917
6.126808269747715
5.959061096845102
5.315995104627325
5.531978577119072
6.1343556333924525
16.534464072797437
6.1343556333924525
39.314755197729795
8.002122549106007
9.006577717761386
11.537193755203136
14.046888713646469
17.162526364468278
7.114950848020866
16.055753844121483
9.075708279721981
6.320232373681186
17.78413024292614
41.02815906796498
8.858131923634684
7.531692396071233
23.484929182010557
40.27237887243591
11.089839833215347
21.159180716263087
14.825170272670922
19.30297231047035
12.633188166570514
20.289987566313666
19.522261600133184
13.05709639781324
16.141650481959477
16.79493572030329
25.1739855734874
18.851565316828776
11.537193755203136
11.852867038915019
9.055693509272642
5.190371516773534
10.741509187881368
8.358564290136878
17.63994518153493
13.10732814214189
9.460135211606561
6.214781918327382
44.40096487261143
12.923623820876262
8.531692760208477
12.693093406268655
9.641007313209712
14.71696676182888
16.359702536166907
10.894670215509812
8.17410669678135
21.48382829013832
14.377062440597118
8.759500422140055
42.38954323966229
10.252511816925518
30.790582727116316
9.037629521918369
21.228656139859385
35.63650925017457
12.031042993143693
5.449754898489484
6.276965096799001
42.569008773836835
5.332260750099751
13.973953914225111
12.043244462658906
41.104621755397865
23.308872708380775
10.144600306749828
14.280494768821246
17.508674877932762
11.005857633477383
9.271121573938826
42.48909230646779
36.71703436442004
8.808714487544686
9.579772169716925
15.617761279268908
24.87949958685662
5.918008014750535
15.200388454704362
6.539463789852688
8.044633334351268
8.518181559562825
6.195120265974816
40.76294260299243
19.154140036866462
39.87723092445431
11.174597056448258
24.992911641354734
49.545113417219405
8.369447281294049
27.561891225431623
26.726717734510398
13.894756706730128
12.392042334461005
14.305481641169894
8.61623187852184
6.859304602111289
6.90773670068168
34.81516157093615
15.261178852644402
26.40094173469555
31.600179884289886
16.569352884721212
59.86308687989128
5.71056438314217
7.665595206065558
37.37835123414867
32.350143318622074
17.447348781419294
12.135950538820607
11.636504935372454
13.627765389663034
7.587445685328842
37.55852985772482
10.80982822014767
4.523141938275166
2.44331527204494
10.312838383396281
21.290389211850393
25.282640159493535
11.064796914275863
11.926851979035527
9.880615384665933
15.944491292355057
37.94318999593633
12.199100462745415
5.818038692108406
8.333133081493036
