4.461752937613005
7.079494477837856
3.902858835775607
6.843683448952442
5.255000017807848
4.865532183658557
3.576608372237012
5.294328983846476
8.993247753690554
5.1814464158450315
5.373659261847754
6.4396831023139995
3.923735513153866
3.8394482917125434
3.6024809592177762
5.5149387835439665
3.8718667835307903
3.4621114120599206
8.173487376978851
8.30435956378479
6.524849508431822
3.941888891538276
6.656652732722362
4.87124469913863
5.46657247307958
7.056120013633675
2.5800448783735983
5.2925823701723935
3.0296310812885645
5.12713478455783
5.358661968685422
8.08694388362471
7.304310923190633
5.109517113992375
3.2808381661246386
4.098026633672888
6.236808635579791
2.1083726685568744
5.8087056722052495
5.419608630247333
3.140340013916678
4.158050928840024
5.620702345683588
5.695933306091448
5.440562079325463
7.8894680400704384
6.117288035040382
7.359878730728473
4.033669783269551
5.96250085909994
3.9931204942184078
6.758893373896144
4.596354711082634
7.371343951135369
5.2393050391561875
1.7749098763287112
4.565765416111544
3.9992597074548373
5.470850891104991
3.523551302835376
6.319707225054462
3.1739635024819193
5.092228440489128
7.6254498134231214
6.481764678479233
7.459616746185904
4.156727276151955
5.092108216127036
5.812348108285908
4.198750709440561
3.207224353058036
5.26114053859965
5.432299837916277
4.915974487695328
7.312044303259147
5.186474226384855
5.062071547935581
5.347121157418001
7.496205233502147
5.189191525288161
4.4596006441921805
3.634772449711119
4.163865834286837
4.780082428776333
5.8671449695070015
5.689176586644682
5.119851775967568
4.814157448611511
4.281562597275205
4.784827790033042
2.3541801737541483
4.65308677211529
3.8812241196490453
2.9889090010064265
3.7597037013995735
9.033024747566667
3.0404015689551693
6.765202461889577
5.262096393205468
5.040581990257963
7.182812612582458
4.122073727394395
3.9181853134588778
6.547030134305235
7.563294996828022
5.687215465558699
3.5984987053746496
7.212451919074717
4.992415160465584
5.791130677343002
6.062903805420103
4.915699268258406
5.415937486293336
5.491928678836146
6.727253647287022
4.552605994872049
5.721783168770301
4.352322504223911
5.277325113758724
4.476048856244664
2.31524060457628
6.559262816463926
5.291283945321763
3.048364031305495
5.378978996490293
5.971503867270837
5.319166419851398
4.419315213841654
5.704791648094329
7.83453153298812
5.139626116917396
4.16255086202136
4.38691801051202
4.066074859407628
4.530372654900105
7.893438016360579
4.732402661630401
4.9408739134271515
8.062105919023939
5.7035790911079225
3.767572288500571
4.303451272864074
6.584496650587525
8.330433201344217
3.1742126747299992
4.18104094209529
3.4623402671713754
7.5477801377988
6.674813056836695
7.4352064148837265
4.700361214578242
5.599002281173387
4.1995875514003975
5.319601534442361
6.305098389645605
4.1784628785715245
4.9331563528287
3.5022948235441493
5.178564373871006
4.131189868750458
11.847021588848191
7.468714281236123
3.5591970568982516
5.589247071627704
3.488482468634808
8.56905365467849
3.6202149241975183
4.881130733568308
5.6250001385929975
4.546447337116832
5.516367092920741
7.475655654655337
8.074891765005523
5.523773627261697
6.4087754762993425
3.3412321980903372
2.7244256310308512
7.006542544364194
3.44547217064765
5.9337027259415445
6.08380755832092
5.0725717546769165
2.9878304768670514
5.34980544851311
5.343768546721586
5.248596990942389
4.926204482181674
5.739316791213515
5.839715698681996
5.006772926986748
5.548098700935211
5.68186828537405
4.7234420319847
3.7421358829378035
6.027032701431954
6.128878215733856
4.76324350402466
2.9218330643189105
2.0379962075315268
5.5113894991884855
4.490392115738673
7.761774353472154
6.148209898865005
3.8135160556504957
4.6264764928233655
4.685573389249364
3.1564364231957165
5.415604634828267
3.9972697494683844
6.076214101708397
4.670928546713873
4.0731942171551
4.590574730705435
2.508125485069288
4.917532370318899
3.716164888760382
4.71203371073356
5.0315203085610705
4.619070062113836
4.703087766955294
3.658137779113459
5.154629147952411
6.759937408932782
6.823553691307655
6.017228594796497
7.635327570273109
5.273444899812156
6.858764113001653
5.425845957768089
5.08647667751699
6.804098340554569
5.149975323606716
2.5111989248089297
4.51256163723777
4.826974780143792
4.396453255865518
7.3512892566558925
6.496189861909243
6.711161202748329
4.989585109583796
4.252281837402432
3.6231119945630295
4.901632752661965
3.573447705285039
6.24648048394374
3.802327312476892
5.6382503517829115
5.8790605785732515
3.0860043187562156
3.914404899845781
7.190350643772165
4.6514851806793605
3.816115205798015
3.4602495367016934
4.660952689242554
5.301315316731284
7.187848858185877
3.010992983774101
3.36345349876744
3.743488748024572
6.715552727052048
4.670350620684707
4.204905712548862
7.89417461031582
4.36686503087914
6.090141060095528
6.530268741836989
4.588730740632831
6.213108284719641
3.413119286988472
4.839592111598242
6.6168764942099605
2.6469916798230573
5.2101992163951705
6.917426732936044
3.877613055766877
4.353149835746881
7.094469071532255
3.4484370233886454
4.763317443162027
6.832235618326125
4.48999746802889
5.111455132328478
4.858650517591252
3.172673215921473
5.187524799108084
8.459411351177732
6.983195127090397
6.962225804990737
3.091002381998459
5.593224735029898
3.2482247317116304
6.435530948963348
4.139582342943728
3.750199344788171
5.958182479084362
5.8263859156874895
5.608239651167003
6.804098685612195
6.782637998689657
3.9830559478642416
5.188993999199403
5.0267880567226255
4.429025567886113
5.011320328819124
6.969183927374257
5.56716838245662
4.607659373176501
3.5698057532977634
4.724501414006607
5.969455797265029
4.973689023069969
4.71125087241432
5.097955759713653
5.908329898364851
5.095554992759538
4.5570789641765
5.7153447012995064
3.725287092313068
4.453613804804184
4.796627108572584
4.34911620920276
5.606223802597129
4.503386031348393
4.826900926591166
4.889220292321137
4.099737430069161
4.408290754657821
3.2656776002974004
5.443440392951605
7.461830744531514
5.192353357638684
4.413344335618803
4.5851196025890095
4.693331357994151
3.0661918505830816
3.5859405890235796
5.335082976788882
5.575450760267314
6.238314627250908
7.683478895193437
5.832821852960118
5.532092211159095
4.926131273597486
5.526846962174237
5.918567073758303
6.639647697029154
4.143925564753056
5.424386671878662
3.197433014509373
6.666821171902249
6.009339285185419
4.092683562757979
4.7606396153753
5.15980654832034
5.960489824497017
2.988003593189055
4.754218366466185
4.779230011296824
7.213471853523468
5.450647492009867
4.10137278115368
5.115018797351051
4.3427340326387345
3.324592083983125
6.026435861693756
6.914042608136173
6.555022278895748
2.8281307837917016
4.977705942936942
4.984591703704104
6.807895917009181
4.943017664675417
4.361395959412506
4.984443816602247
4.507848278588333
4.710942569818493
4.790080420790067
3.305375698602686
9.863944983640488
5.961369980685259
9.863944983640488
7.5682178293682245
8.35910276624824
5.386185237024103
2.3858550740100894
2.982584777484519
4.170089524620316
8.33345255828474
5.3580973709185145
5.8414219324947165
2.593088008435288
5.843104487224857
4.352068405665606
5.688913570518244
8.593105994154756
4.936468302093026
6.2225885419298645
4.286041737226144
2.8068312593805076
5.734415944946824
3.1866936830857053
4.304507048895175
6.333420428617604
6.1300182873925735
3.665333738725229
6.549167869836707
3.8883887934314267
2.4915570717254565
4.643674685027874
7.62530163748774
4.432988931128684
4.951362611784995
4.026676768101815
5.178641342286131
3.579402306307602
19.138859382095074
3.7273681899493702
6.077243278927829
3.3886355423908228
5.310810085570442
5.170292042016302
5.533625825736176
4.938691575423876
7.375944167232494
6.296124670333868
4.766229885519507
4.713142054752262
6.79691135108515
7.0555954728125
5.050751516519333
6.7858102626268515
5.0280220484032245
6.993674654856806
4.42394034575616
3.8359692046158944
4.153491901421793
20.040968360305566
3.390559528450043
4.228725020723201
6.107216012797399
4.916706158969552
6.424589433055873
5.6447319732948396
3.93425380602328
5.655153625973654
6.014022811091156
7.244363635003493
5.276623182930011
4.196115559200489
5.407954219005776
6.024329206756856
4.814922073158311
6.231725491881979
6.455379869809021
3.44716181578222
7.57131067237581
5.628742728961351
4.063734653010517
6.332160656038251
5.494972219328588
4.899071972589599
4.495945082790156
3.5472827891244947
3.3650241100131675
5.709754042988073
4.860513240356702
5.958678418185191
8.243764148388555
4.974365018653364
5.1783722747511085
5.347053986902155
3.5833492736454433
9.294956208700468
6.3450718291235315
5.779502990053041
2.926980675123753
5.475706099699897
4.659961511743868
3.7300404757102967
6.097608935162707
5.7334002453529065
3.317412521559346
5.505895225123512
6.177556017982333
5.267324809796474
6.651305023503877
6.789740155617063
8.017905761194491
7.005781143539612
4.365374412593714
4.476686984584382
7.418310128580929
6.675951823871085
6.872661404215303
8.619373144140374
5.95137572087589
8.047529239977019
2.2100081149358175
3.6923501539616606
6.673370954238987
4.6237132770266225
7.179791979985825
4.354030811364393
6.922653704355337
5.008252783431029
5.14592321883694
7.59286773563001
5.240021076217666
5.289918044803717
3.39548653381771
3.26598495643715
8.544684346844578
5.3026425731098366
8.62437450780001
5.837412593517331
8.298318691018807
5.703111288943111
3.8483240745540503
5.249181632176722
4.912796019102221
5.346164852762972
5.062106842080404
7.307619087676129
7.5844514525280875
3.0977081665657353
7.625181509619562
4.717780296850348
5.323826400908836
4.110367035400828
7.145706415962679
5.081774644716978
4.993679023670106
5.872953989117946
3.1993228674418686
3.248056182017646
1.192982199617095
4.180980802568033
2.6877497575830396
3.0845551362177366
5.3697091113360385
2.495379648721024
5.282877320922119
4.509902213678118
5.525567983466181
4.333094139371536
4.308245281695182
2.8868728122213945
6.367334522270691
5.7754280203138055
5.3671650162234705
5.718547256026263
3.8072678463883864
4.097200584539981
6.206958372382052
5.956049447804214
5.136095181262567
6.090791250707265
4.1028353891203055
5.222626754487348
9.610564067275654
5.541431056685528
8.31425809679213
3.795658021737129
4.726178852205242
4.8006691571543145
3.826369743130791
7.5013090620851814
5.8396781262755875
6.601398603920055
1.4717950143787937
4.94045869247827
2.7774082631196366
5.516346115489109
8.28764491393503
7.429280283172292
8.504264906184382
4.8343780717278
6.604150782803641
3.5585392920838066
5.806947926118816
5.990885433822347
3.218066086557533
3.7681428938508277
5.155483262853939
3.1012650845945084
3.649415588474569
3.581504324742713
3.1694355762598256
5.784012185290757
5.495061596312118
5.544825715607491
4.3085920640704085
4.219565450875984
3.1818796862427194
4.276323844190096
3.4279346184560393
3.3567475108157687
3.2253135453802915
4.00466736441545
4.700684131492133
5.071195984680467
5.3971806607494015
6.006423649587839
6.9672804159287125
7.029445029590556
4.408736156374792
4.9418619912434565
8.221753847353089
3.385653196010084
5.085210873412311
6.099157684061336
3.6935337955006173
6.111178144805407
4.24948680744731
3.469053256118676
2.8052624301714375
5.2231295325598
5.915487132931936
6.357629912390678
8.097200662843052
7.282176996639938
7.160652225244005
3.1221731260217833
5.410886969008657
3.811286464951631
7.63805430961654
3.946322110463406
4.688341689074017
6.5596834287944406
3.619353860461721
4.316370899324523
6.83877181839263
4.23824254146876
7.320655362594065
5.0832032759990895
4.457972001466618
4.67041165314588
2.4652774031445994
3.6316790669042547
4.435935608378629
5.195224192514165
6.886030645430878
6.138482764928733
5.719993832078098
4.165362777748694
5.7820099554116835
4.7644218784381165
5.534328390076031
6.542659166529773
5.740069222656268
3.9797326479820274
3.879992187200572
6.168065997874256
3.860411007634111
4.294329627376701
5.00276392178982
4.466249254664456
7.1379678463777685
5.541538934242557
3.9060694568082917
6.262027405018746
5.954431142636686
4.705028170870952
10.892241468273342
5.192679758032713
3.7719817635367248
8.090115523373909
4.855463805847616
9.05327160769742
6.578003290677707
5.421033787449023
5.647967945630478
6.315626473120147
4.366588871510578
4.085165050636755
3.6084303802904083
5.1025236001742105
5.649467569832387
1.3461537529879044
4.160629789521513
6.055496680327342
2.8760993866288587
4.909140648370957
2.786511806204232
5.7940873261178965
5.829913641807105
3.7676038541894923
4.407787922546994
5.630156201284218
5.932684170738091
5.03426167026665
4.8197169702175335
5.944771540160757
3.1324851417656654
6.543186180368527
2.088829827570811
6.290733099669143
6.254247414255306
7.613380582827489
5.545836357544948
6.485357589926661
6.231237993564813
4.154895027303354
4.596035619067294
11.868695895894351
5.513770621734612
5.276715115181143
3.6737603116314816
2.793422921035298
4.4165206514926165
6.2552604102379465
5.492876356764927
4.382457443420756
3.571528426507782
4.473523684167148
6.170205146349362
7.7108580222626975
2.8510300623812728
7.413300177659867
7.327639480753494
5.708004405172129
4.855949674226489
4.010408364402982
2.5273590039515526
2.7102359473929707
3.9815788037990814
5.483356982595803
3.1939389801178963
5.600106729167985
5.555310371357316
4.210607583865711
4.836953070856097
4.573762799056804
5.111258747865415
11.315286615456722
5.883700598097745
2.6403642946470525
3.800811055967302
3.62042363473386
4.274711335265688
7.429543405830407
7.34959632673376
2.96583190371995
5.653779345010304
5.719403604837504
4.557077707610842
3.3542319530869915
4.539762040116728
5.81072670208126
2.9024165785506515
3.1452379904882175
5.611431386613929
4.797315644320423
6.430315268485007
4.681357671049645
7.305689567691242
6.144870943395393
5.070680078826769
4.729816724843329
5.397688277082872
6.900424115342046
4.3470297398712745
5.755227082778912
4.436548766502183
5.3614358764833625
5.820782928159925
4.512373397167068
4.553233068603136
3.9101191902342105
5.751781108876131
5.6054256414865415
4.256151072528958
3.6086226455239174
4.099210934862317
4.721305472462277
8.820532133536569
9.63950241479613
5.8250802130241945
4.198517017520774
5.25839706227438
3.7725620899085723
3.6319439937566043
2.0851708628836745
4.790657768084481
6.758197153494013
6.065631016720193
3.9174906020540985
4.179514444638713
9.469600000186785
4.733575648726861
7.255708636193
7.735450147732242
5.756755945209488
5.457575952524533
6.489996230342971
7.232087365891292
4.697678362733147
7.464809329001437
3.6428079542392604
4.503011719033532
3.5442444121603343
4.7684979143803154
5.082061664508314
5.276864778773339
4.93356145535668
4.928175023198783
3.8947161183248116
6.673391710457757
4.547210006604331
8.176145750386212
4.1329962632825135
6.30771584869677
7.261457823262564
4.751700429752329
3.7808628559231794
5.043927565630305
7.119512249022637
6.568109766853896
5.216406594561991
5.508783113331221
5.277923978843222
7.792164937213207
4.315390539491129
4.233562958456598
6.101366980881228
4.251670576522032
7.862014343470227
5.055439805809447
3.9400818198831677
2.600265434535716
4.41138821938739
5.276302613548777
5.691542024318197
5.124728925267173
8.291833716768394
5.694260859808748
5.146408848302694
4.227125375211046
4.2677599691727846
4.155452879272459
5.2801730801394635
5.11051642026289
7.022825046261674
5.321555165202605
4.266834575780912
6.814961331117241
2.658758608123056
3.846650406839819
6.0973190173789575
4.728679319633494
5.032723710314439
3.6250382183222887
3.8393144738513674
4.160613085210706
3.721575845747447
4.918780574410275
5.509861043797594
8.538257118221544
7.1437692395773675
6.84569973234579
6.497680558178075
4.687071132740994
2.5793632229898713
7.964832721790162
4.134822332319975
3.7678971854577035
4.247439631569445
7.339694609146739
4.045205891610738
3.2531748738888133
4.701429439905532
6.705434036129261
2.1911991324769913
2.3012924516849793
5.528552156701884
5.576182300380948
4.716432041745855
5.536680664266693
3.711639671959177
4.605665797698285
5.080538358465847
4.531020229534775
4.902445713178074
5.872645504468485
3.8773515255383337
6.659875598092012
4.327093112750929
8.376025312209649
