5.666521503978553
4.508352396829331
6.14897846740241
7.789873264698979
4.589826076205911
6.221961366227745
5.634726357093378
4.860635354178433
4.858304426546068
5.123240798939195
4.8711698874443075
5.040158270772662
5.059808023240532
4.75545298468578
5.211185756180608
4.5567435253263255
5.69925553720975
4.763947271068371
5.527969700093219
5.356121432835988
5.90347998895086
5.887915755490448
6.0894102404188395
4.799967244806077
5.040914380546241
5.106681147736473
5.650065519020126
5.19597170061
4.6881675328003585
5.508560124004398
6.264316016378757
5.102597300028626
5.835178033665733
4.572407313364675
5.494835834928773
5.765988288067866
4.136662686770444
4.714502943592722
2.7753316765705907
2.943137258406806
4.722356842136006
4.3598600540730725
4.902299512332009
5.854037505052798
4.824051393553063
4.131983188190408
4.44430689823949
5.205548619228538
6.184171368572294
5.233808052133718
5.151711152794575
4.222727213162649
4.849669522156392
5.181730800718675
4.952432009593307
2.9832280181665984
4.956449401995247
6.0380427739928795
5.0120901087290415
4.78557861036103
5.415887570106477
4.747008573600225
4.647009840840823
3.824486677138217
5.14715028022599
5.151624991589906
6.388697405329136
5.078521991639939
5.986300754455528
4.922693499180884
6.410074406213408
5.837949255329452
6.079835310456616
4.141816685264827
5.295511656767087
5.67453573618896
4.687689827667149
5.488378599833405
4.763229217725165
5.1364173799688775
4.799891116105212
4.538019340600997
2.226385084626001
5.505822863240467
5.894264118516206
3.866978897289478
4.277405651432113
6.333332924406704
5.384833705515868
3.683031281325192
6.188156955299881
5.072284793676674
4.0017848283692885
5.539686656364649
5.0058062139522645
5.170402614650834
5.633620167905486
5.595959878055687
5.501291618653843
5.3955032809901216
4.667978392075648
5.1081077568822355
5.440303283047539
4.729671126007457
2.090604482501426
2.78547502225853
5.829249329169471
4.488346379470577
4.707742259317731
5.041426737173996
5.636508879087358
4.729606332355428
5.2352992956383
3.1859275554743984
5.613189464717982
4.6422744346236176
4.8271357441837806
5.4391660895899365
5.130065865181449
5.3096504839848
4.94954139392542
5.076316679923271
4.158825270182752
4.974828248370397
6.514800639111266
6.624807095519541
4.974114199399553
4.132053090474249
5.715925626275393
5.15476922765529
4.7886210816789605
4.771427421135384
5.4236380882093576
3.1197278423584827
4.9676028135489645
3.7669363632177477
5.03032969520911
4.827418272244252
4.685266199967583
4.149226156532959
4.703982009745425
4.957548546985677
5.563975648889131
5.945063653073889
5.188665043662698
3.144745982443625
6.134553599649459
4.799891051890521
4.8330497450557965
4.983320687701677
5.008932594288976
4.725155663913611
4.739123527059541
5.280161539418939
4.740071424753095
5.063364778812711
4.756068604208728
5.009280455550402
5.53490554066053
5.61379865987427
5.935518486764096
4.852930934173226
3.980100039150547
5.151622945330577
5.424468371627856
4.799891063719386
2.4314769150954905
4.857556903047863
5.031487820839731
5.125773572018815
2.28143597868786
5.679642060563976
2.7511190714499287
4.0256469279825025
4.667179969912079
6.34970656330678
6.105452824522186
6.073625913245772
4.734931404628495
5.355904025103124
3.4084701465410276
4.787180920951131
6.748751271618108
5.840488352175196
4.961495835402996
6.478772295519244
5.935247460489263
5.510907061818498
5.331358769618102
4.227698777910274
2.4829994278841134
3.102530103427755
2.6068685389018236
6.297377148835315
4.907031231190237
5.251337041861681
5.395856225822977
6.007439316572669
5.708815633658279
4.6560367489918475
4.068744566351191
5.238410383604887
5.631603000530589
4.833398214059824
6.125386957827691
4.611301883651031
4.358202499874384
4.506085575965847
5.502011680618245
4.778974433780655
4.663371655436296
4.713426251240882
4.819834010171639
5.7620921743334454
5.010855122398038
5.025631898276003
3.5870167849975974
4.7186649257134405
6.4541126144215335
5.723301725186116
5.1168299804136925
4.004128305474967
6.1015500700642
5.3468261925220055
5.948455121309635
4.741048652187305
5.233526966876905
7.390752867001856
4.767590954476288
3.856104286081831
1.9967745139650415
2.000000000000001
1.9999999999999987
2.2221349222775832
2.243191284359011
2.0625489927848832
4.7084953632147855
4.640151991946634
5.47535179896556
4.762433609671166
4.876696642039826
6.210598644252894
4.677716198111386
1.710568917851936
4.93201702357122
5.353466709898211
2.4567164928166356
4.363495171115357
4.734407331788777
4.703604210133232
4.847944392210152
4.669495645293278
4.747851275897132
4.792413634766193
4.721763463681515
4.754492842496139
4.559901502179787
5.010499210099289
4.915984824606386
8.527218044495731
3.0323541908677605
3.1250201603579235
5.380063817303755
3.277193604000968
5.462298270243536
1.7424059901671507
4.809251929759873
4.6875641352441155
4.726905091099903
4.867913316004346
5.27024213485459
4.542322367376123
4.813798021806415
5.484523343623488
4.901035852532319
5.234952288834702
3.5717583831207547
4.1013506332273675
4.676495563757653
5.1405515287646795
4.861810018417684
4.569623222889036
4.779620612554501
4.77069704543346
5.256975152271782
4.057150680788624
3.719442665207401
6.175000819284257
4.317593790542082
5.296221145190061
4.979923598044419
4.695219737682291
4.7774514384247135
4.662705174631366
4.753361268383259
5.774248974755653
4.754585195141364
5.001846219648887
5.214223572354119
4.677571447984082
4.334895378440893
4.8567687617701125
4.736299461698145
3.2700549341384324
5.81567349148627
4.950033231060708
5.788314450869304
6.041946833166403
5.487189373555585
5.61322811670698
3.154203163566116
5.8510447765840174
3.374002790022141
5.0896762099029065
5.403038572805997
3.029963474782587
4.89198891416266
6.285083800442235
4.483686423151465
4.518075454318466
5.268094444116772
6.004854384511584
4.29105796851317
5.184249659782166
7.407168071057648
5.786319062373795
2.9937896957437413
5.3059927985277335
4.676127959810684
4.942404819200855
5.520191352569724
4.137478937558885
4.194654645981377
2.0024580698512295
3.261315224700461
4.118114434624316
5.504626375826602
4.676559385097938
5.335435402237443
4.322667555328417
4.948456457714092
6.474544045572631
5.185092779810511
4.872659750557009
5.47861550647006
4.909765088970243
5.026087013413358
4.606868996017262
5.4547117020951
5.300664287518557
4.968964203008662
4.215343923038772
5.712525586905776
5.516734917248204
4.750567121366345
4.5495946788276775
4.8896488861899
5.588510537215289
4.498490979686634
4.696399759005445
5.120770398114512
4.65921172210104
5.068930721045989
3.380637226514632
4.747082650480989
5.789896484220289
5.053343576900472
4.662114485940505
5.388169692593824
5.3773510116816245
4.373499631824707
5.910308448825635
4.764038648863164
4.6426783673300145
4.889823004442832
5.1926996693995555
4.921686407250099
5.533024648226099
4.857797151398327
4.587335610138855
4.6491299296755395
4.827874618237006
4.388793599434644
4.015529488982474
4.446394799936485
5.024584773993445
5.793334025969541
5.108039383617896
4.833889917212074
5.047607323392134
5.8045192406070365
5.202100514451524
5.019163032791048
2.1852686025189563
5.0617295597890095
5.051562103750226
2.437958545265898
4.495194764840764
4.799891054713674
4.652460020244737
5.2089995443035
4.19902261747102
5.40203482793567
4.305924990314513
6.3527537150025175
4.951412909915606
5.112157506705315
5.110904699893361
3.2795016993841974
3.0356520649492666
4.943075389693538
3.0308182049375247
5.129164026017791
4.688246318402373
4.595336755458866
2.7024206819352328
4.755452534522218
4.994967144035439
5.113796492099265
5.682161895757707
5.502525097016555
3.0042466121266878
5.159978869551454
2.8426958450057462
5.652635154174265
3.072567104068449
2.202352739952828
5.180234105610933
4.370479053727486
4.9143642219476416
5.2373893675553935
4.885687399208806
6.433963863021438
2.3934970744338058
2.6625398940413882
5.087552464572398
2.98576426461663
3.1928108020458583
4.879913369914499
2.858245510325287
5.63717127793783
5.716858500074535
5.33887858006419
5.215614781589046
5.7437387090829315
5.187470383621619
4.90512743036161
5.501706923978775
5.301824268787783
5.07303622303461
5.032896457928539
2.792705027142758
5.757374240079945
2.417556298448295
6.035507568360053
5.179038642127298
6.200097043820513
3.8586426203262305
5.026726478853565
4.703361049770672
4.882488173898333
5.080651451111238
3.6327773704758974
4.929925379191978
4.9192695234366575
2.565614968481468
4.617442929009842
3.944605192013828
3.0462624111394345
4.922328226761168
6.1992051534387205
5.879080929200625
4.438831863242033
4.571489359658962
4.494687268623631
4.6124187413246505
6.930130521717734
5.521350812040405
4.970772072592101
4.676494858075794
3.273242501559243
2.2727600768593548
2.1351705341298817
2.243191284359011
5.75877960916206
2.453253020921964
2.8432787627340934
4.573158876763362
5.377845798689406
5.010784669474763
4.782910346913407
4.6588608616244125
5.556500456761922
5.4331306339179015
5.047678714750879
2.9090022901770545
5.111430753277319
5.066113832788991
5.596868488482878
5.429119736285618
4.701840266801892
4.179831484752534
5.308093992675193
4.477430264027694
2.5966660315336494
4.750681656027323
5.452028889368593
5.27308854478996
4.789839784207905
5.33196479848575
5.459748237523254
2.343620124752726
3.7182383275570645
5.812928911153861
2.7621910366456772
2.812057750560909
2.7595881557823176
2.5929148325511235
2.328418001681927
2.8165632416477475
2.551311679984686
2.326466152266937
2.7338943998670517
3.0006801647192014
2.5668773456527134
2.3409700384388836
2.9691809856206604
1.8086734942167335
2.601679231569783
4.605372270920173
5.124123665710946
2.8159505800800533
2.738576628718597
3.349336242689155
5.003806267105568
5.779301289430603
5.5518013720816946
4.737885548713836
4.664562327374812
3.1852034536987937
5.186702026321331
4.738495385541122
4.6734469881856455
4.968849233243789
5.343643238152473
4.748242452892007
6.398865863550224
7.153015073993651
5.130959887552794
5.179617570754704
5.499290620934826
4.857797419327023
6.348268102341227
5.491888652944262
4.4877298580399785
5.31861742621667
5.161300426081771
5.159337462731581
4.842174700400697
5.22665037608442
4.918677411024972
4.064334688736809
4.793870423639085
5.817782665904282
3.295310635191994
4.785384281170286
6.104976884162139
5.718116302930477
6.969191161050176
5.2074917442474815
2.834454486246293
5.532334203320016
2.000000000000001
4.913445383021553
5.417161391605658
6.114564311978782
6.186112296002644
4.193087128445877
5.782534895871821
4.436703581750188
6.609884380334863
6.642866953750751
5.073016172945202
2.903533219452525
3.0005113063904707
4.07124419583498
4.6237259293298685
4.988331491422924
5.44410142029483
4.693337545978881
2.000000000000001
2.243191284359011
4.932396195846634
5.851977301967094
4.946399372860827
5.296292016303587
5.548353056827656
2.998604884541467
2.222722221290619
4.641993508275616
2.6316807282334613
5.012896308359774
5.391055763039745
5.319856725093407
5.325710907659474
4.864069001811408
2.700009025849048
5.400900105456417
3.0050248125452077
4.748753775416085
3.140599020765639
2.615277941789391
7.1726624108551045
4.357670619175155
4.702361204147609
1.9967745139650415
5.330761531236823
6.180876503231962
5.21880622600666
2.996857306807481
4.8929874889632865
3.007925987593704
4.621206703747308
5.300000683811931
5.003770483638742
5.180392867741144
2.090604482501426
4.936460619057861
5.399035259816885
5.29878417426583
2.536361408930678
4.936884068937616
6.153127484284031
4.816745649355875
6.016890528647179
3.962965347025007
3.982799674053331
5.652021246274136
4.6592117167381
5.206384298781993
2.8845042696208427
4.676494751290072
4.740109022499756
1.9999999999999991
4.822377463091989
5.155530050290674
5.107592087403228
4.935092760670354
4.974003044908617
4.545258779111496
2.2221349222775832
4.6805668231875055
4.887983709200924
2.9814569265245128
2.0026747805468093
3.876613198868018
5.51176579153902
2.0625489927848832
4.503351922918742
4.8887355160989765
2.577105725033519
5.2247460784998285
5.707050371593325
5.229846086768387
4.525079296165405
5.751885684038765
5.410878027912114
5.176119823573545
4.939959529839833
4.95021987301851
5.176884567075412
4.852644531334628
5.687973513960927
5.069772652490111
2.583537771063277
5.0054639341020035
2.000000000000001
2.0222648761079025
4.900748994183404
4.927050108631523
3.0209827512132437
5.062556883463708
3.6472605471831545
5.071905373572034
4.299015642803099
2.598602870357761
4.684245671594347
4.265850739887321
4.723070904722374
5.1894764179786765
6.1243586981719425
4.876783067407223
5.681657872979819
4.132863509124515
3.083866786726374
2.218462413852038
4.7714214976381495
4.765101184105624
5.491700989646609
4.952270471209956
4.500989422072436
4.982430657789523
2.9855706587752753
5.1292359988210166
4.69835675987123
5.096917193947623
4.376506597199576
6.08676411154972
3.13114635233938
4.184309340396102
2.9777701529315737
4.904251114240497
5.5213151829670295
5.844947445799631
5.229574661587697
5.455277177079557
4.739806281204249
4.9105906387557665
2.9907917745830064
4.455933892608443
5.265434722433541
4.751642844568734
4.728420008306559
5.026986555648824
2.9963892185035528
4.969616765724011
2.2022351234076902
5.933424229795191
5.43549249843263
4.8629827468189735
2.6723606368679453
2.0026747805468093
3.2249878556244744
6.135585581829712
4.222463185800758
2.0042968544159256
2.0080247246687053
4.767403786835757
4.241429406340179
5.070832832424839
1.9187702462227807
5.402810129739231
5.581614932070123
5.535095436795256
2.0024580698512295
2.218462413852038
1.9999999999999987
2.0625489927848832
5.516123928656718
1.9999999999999987
4.969085248474202
2.2221349222775832
1.9999999999999982
2.243191284359011
5.019425385301504
1.9999999999999987
4.719603112069637
4.697819466272615
4.774574728384789
4.037742775941073
5.180787059341271
5.888139035160849
5.068794497858459
1.860876610218671
5.075290957148985
6.466388967884328
5.0127960167998316
5.11272356645739
4.695030309186984
3.025792917404691
4.910450486268355
4.60609809418666
5.251712670518254
5.259090586273347
2.43025268502237
3.2039640070280377
5.515214725725056
4.494173166305111
2.000000000000001
1.799067317666322
5.533024648226099
6.317347615458435
4.768294902394563
5.599223774861892
6.3957092774086375
4.5737720047365835
2.0080247246687053
2.0080247246687053
5.1489508988959
2.177357327029353
4.884081499012856
5.073859271153658
5.7054401937648755
2.0042968544159256
2.1852686025189563
2.0026747805468093
5.1197482419356115
4.074138687614044
2.7002369054630413
5.333229090763416
4.979855883726608
3.1459906577126424
6.226069926702762
6.186135711406924
3.0914668695899628
2.0080247246687053
5.057693657142812
5.284604962853082
5.302710592674234
5.095614390504925
3.1959238495701157
4.217377884300556
3.4560296191456423
3.308222936690334
6.281665171814676
4.916797141233933
3.2209747703177145
3.035424428931245
3.1856779779912188
2.0025071444786673
4.755717114336695
5.2907015483805315
5.942507345098196
4.874817991117175
1.9999999999999982
5.0159346522217705
2.703721921489705
2.090604482501426
2.8874003437889444
5.516609885116503
5.567726788384108
5.174552741915437
5.212643155968436
3.1425335601911177
5.319445090689478
4.835670162368184
2.8060157820698093
6.063824881969433
3.2767113964569994
4.893425435426093
2.7798199305270455
5.091921344047038
1.9999999999999987
4.784436411974118
4.717901213813957
5.308580975560806
2.0042968544159256
2.7518307876563206
5.160649854862413
4.491513255771694
5.12681966298096
6.279737137348012
3.0053402022320315
4.667606267394128
6.977036448049123
3.010633924493801
3.0618449332708346
4.822043976370969
5.488452464192169
4.77781457542605
5.176558569063914
4.085344523936355
3.175244062831732
1.682062630614182
4.749270312745275
4.725364988843761
5.795630513784712
4.200996786841546
4.126544382448826
4.848950758456715
5.653798748402069
4.738715552441548
4.9269331196399015
2.561632312215998
4.997583774871337
2.7712713378561693
5.026462207570891
3.1000753406178423
5.663768216586878
2.657164728718647
5.301106141037716
3.100494778944375
4.388316483180153
5.809977131765001
4.7930446743794
7.396873894655762
6.19815473488995
6.468663639695641
3.055172280656201
4.941240547000292
5.40484148894029
5.26501139048368
2.9204539004689796
5.590986052833266
2.2633856341776992
4.777451451163154
4.941169200638147
5.078401409544727
5.224701603228792
1.458186853704198
5.1968029640405895
4.584745207466225
5.295755443806607
4.460871134454693
4.757429982065944
4.917797089772348
4.954574606971715
4.6200967384067315
4.563722675187977
3.0231804003501086
2.000000000000001
4.550967039327785
5.220170118623251
4.544424296238975
4.805583481296063
4.9232622389555525
5.004174226228964
5.183159807970756
3.5562103640871587
5.059895681668677
5.250708343910227
5.285941251815607
5.4758774518597
4.640177969158917
3.145494780696148
5.919916897654847
5.162284355164014
5.154530009644721
2.7661051931480722
4.745036982900894
4.9399375557273615
6.4163179360623905
5.608361167225105
2.392852596538498
5.114395999242358
5.180417852500019
5.8188843251186615
4.58105242484754
1.9999999999999987
5.96071847389363
4.9728503522952705
5.053967208413494
2.0080247246687053
1.9999999999999987
5.0903432745001265
5.470778866765137
4.575285645452764
4.936733638930754
5.19540985184959
4.256920369231748
3.201976872847926
5.14319664649177
5.2476230661954775
5.544643814674932
4.863435818838551
5.31683753054053
1.9967745139650415
1.9999999999999987
2.1295851184125945
2.2912496674182754
5.590992218236795
4.003451526030761
4.7965258625697205
5.901513904058492
5.134317689644265
3.1003964947441185
1.9999999999999987
3.2095839683763856
3.009506792576307
4.706523761086042
2.011747171535621
4.61105914644744
2.4972985805989327
3.29214400733537
4.333798393464993
2.8756833411454945
2.757449607593463
1.7784537082576515
4.702517343282547
2.834856642336491
2.9814796613842365
4.732619498510318
5.214289793641482
3.0053402967657625
4.904836457456622
2.986631736029791
4.074675589588763
1.9999999999999982
5.6667460507734555
2.560305164466456
5.582111179151063
5.139382691045462
4.4991406840980055
2.9813559535155836
1.9982792800091298
5.688170919184328
6.01038338406424
2.0080247246687053
2.863469693519604
2.328612797691215
2.259735151648138
7.901877771141787
4.842343524905478
4.742776005130136
2.754710177867259
5.681143581106406
4.986789260807532
4.999651625782332
2.000000000000001
2.2927957323705033
2.9824077872006427
4.855547240837632
5.618271955573072
5.3631356306532405
5.730537947845436
5.436743664463298
2.629445925765529
5.460392055852379
4.477569862903302
4.346514709429438
5.393258574015771
2.9925533654348486
5.778324223797026
2.000000000000001
5.9300114359022
4.682473789660938
2.6380347786792147
4.522687316534057
4.960967938970861
4.960066487280858
4.8716100933285
4.815709240937937
4.877550602508094
3.2160818899900843
5.079343925299382
4.828711948888202
5.062806617264016
4.610968205574154
5.726944500440913
4.663665103229334
5.050866094364032
5.12251101621773
7.240025490828733
4.871380128496024
4.836416718883989
5.140944626754217
2.1347113420675465
4.784238619445063
2.802053034742504
4.848298118464309
6.662316079290578
3.0340824461005735
5.022985764655984
6.395750998222146
5.221374000275988
3.0041956018620546
2.639993444611648
5.092053770455715
5.138655340640797
5.639444406479974
4.934758929789506
5.710369253829722
5.886239337399835
5.439175894669852
5.513042441378723
4.692586799179711
4.795436166425543
4.980951244240803
3.068141334322779
4.7840212084055445
4.5123571157525895
2.000000000000001
4.019691001865331
3.0209671946125707
2.6321159955389333
2.61848216412993
2.6783338865154285
2.5720720936324852
1.9999999999999991
4.8089750892415175
3.905880478220241
5.313740686802311
6.041531286452399
4.833798943190367
5.01054935064592
5.131159577166191
6.812729481284336
5.208360829797978
3.6044578310490083
5.075556123681015
3.0320803915384724
3.1528737386978363
5.496243742898238
2.0026747805468093
2.6517305305870846
4.905089930262198
4.732841597144108
5.078712605419141
5.0311872221309315
6.428829584165174
4.659837137104624
5.3023494185115005
1.9999999999999987
4.666058792242618
4.192060314746229
3.7365818242158784
4.897646227692918
4.806815198670424
2.4972737803658474
4.837418264428459
4.783164488082868
3.794359954675437
2.522076667912116
4.818800246274936
5.007186052943258
4.816802291971484
5.193427462513658
4.608899527058062
4.8287677219501886
2.000000000000001
4.4619031291050675
4.823012165979646
4.149928142844676
6.963616963400852
5.192521735640727
2.725035895051083
5.521804521533819
5.542507678633591
4.990637189217252
4.2433308530619644
2.8192829313418266
5.756529627822793
4.832360260226652
3.056511411615894
5.439335450922627
4.387005401324369
5.199601685293214
5.533223734455146
2.9897158071292638
5.5477993660569
5.082140538491176
4.49558056536107
3.1056606452737245
4.635450461935849
5.213421461004289
2.000000000000001
2.736152218876458
2.736152218876458
1.9999999999999987
5.203490679732781
2.9760758379475933
5.192844992398817
2.000000000000001
2.725035895051083
3.215079108510751
5.2678864340020475
5.427772216680093
5.011135419839843
3.072955979679499
3.583324614916673
4.650392407412427
1.9967745139650415
2.7661051931480722
5.250699202784513
5.204322051692652
4.267056865896647
2.7658782677650082
5.897113405730838
6.6069588383217654
4.900445085235014
2.831485677818031
6.851246342849372
3.0956169911967812
2.88303924103339
4.365785219284794
1.9967745139650415
4.6618056932221466
2.788811575482815
5.2719757824341364
5.258245738453233
5.127460972491409
4.833477509801102
4.556332757777725
2.548548075387832
5.43386914731183
3.121202485334894
5.008827746174504
6.470020801250943
2.788811575482815
2.6121075282054647
1.9999999999999982
2.0080247246687053
3.067211532502977
4.710148973121698
3.8838800151856647
4.628564050978341
5.216030712493801
5.282953797077654
3.095788693512241
5.443407250151154
5.537115407764463
2.913277196788009
2.0268343867015592
5.752260547586405
3.0144909567705183
4.747584490120375
3.0109972284554165
4.952987259147912
3.927121387722179
4.959537479053687
4.744057521856558
5.779458699962953
3.738481777718242
3.008049006646341
5.187857210304511
3.009594144756661
5.427135931286424
7.020572401823415
5.18658426653554
5.165413606708709
5.701590096046954
5.192694868944264
5.21067313724599
4.9833827478434705
4.885816081597145
4.796509688720126
3.1861419107079056
2.4972737803658474
4.8309172874697275
2.910779776119851
4.658527282847316
2.9185064387369626
5.117254340073364
5.814829925273389
2.6608395973339594
5.236485865861424
4.872482863698155
7.085284889595899
5.725341208891312
4.967590093654594
4.96503786418856
2.8311302715736173
5.239958541699776
4.551383280227099
4.949464380466549
5.880066488699146
4.738313271209408
5.5725867703490115
4.3864928277442115
4.976027057986274
5.104637172900279
3.0041956459142867
2.933801617718445
6.141990257637205
5.073261418053374
3.1797313183424394
2.894180425801928
3.008048578168465
4.187566433328621
3.163192207729918
3.8814399649580293
2.0595862444609243
3.010644184030453
4.923545848407327
4.910844055381416
5.00284407309567
2.9963302515660812
4.3015780464293885
3.974575744113732
4.961182151364797
5.3359113194284555
5.731887575568367
5.306784298116859
5.2058867650290805
4.036042556402568
3.1817329935203
3.000516282664443
4.067116586354823
3.8651881739250045
4.947764842374467
5.036916878585759
5.001338874546695
5.923206193340784
5.040958258523421
4.828548407964202
3.0053402579236907
2.915192774763617
4.9781916125244905
5.738741087875342
4.71770900808863
4.78528064063335
5.581060749674224
4.2221179171149466
3.957321500362359
6.084001695087961
3.010696551931388
6.003943550616556
3.1315109704651833
5.479743079534938
4.960356071854007
5.656360455820764
5.134330431177844
4.204946879020989
3.0106441847616088
4.811421469798961
5.394536224945291
3.2689878315062533
4.729829710501399
4.948132349050129
5.122248904086606
4.161748880864462
4.870673359584849
4.827280878247814
5.497693386901327
3.0660137093095776
3.3447536687153767
4.757375109538685
2.8703151213320472
4.8792780957365816
4.662965874408328
5.087826095137028
5.429043642858663
5.584250377590641
4.932700939007601
2.671305175362871
5.023747305145837
4.364779005208312
5.0294265789405355
3.8006151318525854
4.866066127315594
5.723907291736696
5.259700829580826
4.650353876784296
5.597627417005253
3.0001912696293083
4.419788950471508
4.440623112290561
5.0470945632780095
5.836092148849225
5.601909327098555
6.153494179735501
5.536760106839234
4.287929297588478
4.933803849143866
4.863480648953871
5.474970267122673
4.72589264884209
5.116789556426139
5.586498723070574
3.1386827168196714
2.9460001560131137
4.607618717555571
5.514616538069037
6.213705787721152
5.049195612391141
4.940786431577629
5.29918988945564
3.004505989146306
4.895701687368951
5.090513307015973
5.9275980950566325
5.037261936544057
5.167985781531978
4.7322230743161535
4.331081696947186
7.495051525074932
2.8314855878376024
4.632639429840677
3.01104414015001
5.664773879268896
3.2897016924855134
4.957950672691884
4.6887202146472955
2.995949744419453
4.28093918797722
4.1686344138003095
5.1274973919565054
5.763799291163089
6.724111216225171
3.066423002391798
6.735118232555859
