3.0
2.4207836456558773
2.579710144927536
2.5588235294117645
2.176223776223776
2.176223776223776
2.4121532364597096
2.4056603773584904
2.4355300859598854
2.893246187363834
2.373368146214099
3.0201511335012596
2.426470588235294
3.125
2.167315175097276
2.275247524752475
2.4506089309878214
2.9328859060402683
2.3591772151898733
2.1984126984126986
2.4854368932038833
2.492146596858639
3.0252100840336134
2.426470588235294
2.4285714285714284
2.466019417475728
2.4551724137931035
2.920289855072464
4.137014314928425
2.126470588235294
2.3905325443786984
2.435185185185185
2.3591772151898733
2.4056603773584904
2.776470588235294
2.4444444444444446
2.4551724137931035
2.6534391534391535
2.1792114695340503
2.6216814159292037
2.675675675675676
2.635593220338983
3.171122994652406
2.3174603174603177
2.373368146214099
2.420138888888889
2.23321554770318
2.4506089309878214
2.5491329479768785
2.6424242424242426
3.1742160278745644
2.3535031847133756
2.4217391304347826
2.426470588235294
3.095890410958904
2.3942093541202674
2.7448132780082988
2.6534391534391535
2.6534391534391535
2.6026058631921822
2.3226950354609928
2.579710144927536
4.137014314928425
2.3125
2.5213032581453634
2.6019417475728157
2.492146596858639
2.3942093541202674
2.9529652351738243
2.4831460674157304
2.6666666666666665
2.1742738589211617
2.4707646176911546
2.995475113122172
2.298050139275766
2.373368146214099
2.1984126984126986
2.1984126984126986
2.579710144927536
2.4558058925476605
2.1984126984126986
2.5416666666666665
2.6884681583476766
2.904255319148936
2.809322033898305
3.0201511335012596
2.8942115768463075
2.723404255319149
2.912621359223301
2.4551724137931035
2.8942115768463075
3.374203821656051
2.798816568047337
2.9178082191780823
3.0
2.579710144927536
2.8942115768463075
2.508905852417303
2.21505376344086
2.380952380952381
3.391025641025641
2.176223776223776
3.0866807610993656
2.376923076923077
2.5416666666666665
2.35
3.267857142857143
2.4551724137931035
2.753623188405797
2.5535714285714284
2.792771084337349
3.6072463768115943
2.6419753086419755
2.595744680851064
2.59375
2.4506089309878214
2.535211267605634
2.809322033898305
2.4355300859598854
2.8636363636363638
2.65531914893617
2.373368146214099
2.4551724137931035
2.3607142857142858
2.4217391304347826
2.2977777777777777
2.3942093541202674
2.4192439862542954
2.4121532364597096
2.357142857142857
2.1984126984126986
2.485207100591716
2.835
2.4121532364597096
2.4128440366972477
2.5213032581453634
2.51981351981352
2.557029177718833
2.611111111111111
2.795724465558195
2.8647214854111405
3.76158940397351
2.6419753086419755
2.4506089309878214
2.909090909090909
2.6216814159292037
2.748898678414097
2.167315175097276
2.206896551724138
2.339160839160839
2.4485714285714284
2.4558058925476605
2.2977777777777777
2.4654255319148937
3.154040404040404
2.776470588235294
2.373368146214099
3.757575757575758
2.9178082191780823
2.6742857142857144
2.88394584139265
2.4251497005988023
2.4310344827586206
2.4014814814814813
2.420138888888889
2.427480916030534
2.4453781512605044
2.206896551724138
2.4014814814814813
2.4084967320261437
3.1517857142857144
2.4166666666666665
2.5338345864661656
2.2789115646258504
2.9328859060402683
2.4506089309878214
2.956730769230769
2.2545454545454544
2.809322033898305
3.3577981651376145
2.5169082125603865
2.461077844311377
3.1154499151103567
3.995967741935484
2.9779735682819384
2.6156716417910446
2.5213032581453634
2.2789115646258504
2.5338345864661656
3.4402730375426622
3.154040404040404
3.2111111111111112
3.082608695652174
2.4207836456558773
2.976833976833977
2.435185185185185
2.5853658536585367
4.562171628721541
2.3017456359102244
2.917197452229299
3.2303030303030305
2.1686746987951806
2.435185185185185
2.6216814159292037
2.9178082191780823
2.4207836456558773
2.6
2.4444444444444446
2.4654255319148937
2.6793893129770994
2.63600782778865
2.452296819787986
2.238372093023256
2.323420074349442
2.6470588235294117
2.4056603773584904
2.595744680851064
2.202797202797203
2.4485714285714284
2.5
2.64850136239782
2.380952380952381
2.6548672566371683
2.6216814159292037
2.5491329479768785
2.8950437317784257
2.6884681583476766
2.579710144927536
2.4121532364597096
2.2346938775510203
2.5416666666666665
3.371294851794072
2.1984126984126986
2.4551724137931035
2.1742738589211617
2.830769230769231
4.142857142857143
3.3577981651376145
2.1984126984126986
2.5213032581453634
2.21505376344086
2.6424242424242426
2.810502283105023
2.6424242424242426
2.6419753086419755
2.9328859060402683
2.1984126984126986
2.508905852417303
3.0104166666666665
2.1358490566037736
2.35
3.625698324022346
2.238372093023256
2.275247524752475
2.2545454545454544
2.240506329113924
2.6534391534391535
2.341113105924596
2.9107413010590015
2.592233009708738
2.435185185185185
2.427480916030534
2.830769230769231
2.4485714285714284
2.792771084337349
2.4739583333333335
2.2336448598130842
2.3905325443786984
2.3591772151898733
2.1742738589211617
2.4310344827586206
2.341113105924596
2.4444444444444446
2.781456953642384
2.635593220338983
2.302521008403361
2.605022831050228
2.3171641791044775
2.5491329479768785
2.781456953642384
2.3435897435897437
2.372013651877133
2.635593220338983
2.4654255319148937
2.2
2.503012048192771
2.2550143266475646
2.8950437317784257
2.4121532364597096
2.4444444444444446
2.508905852417303
2.5213032581453634
2.9375
2.4453781512605044
2.2346938775510203
2.88394584139265
2.4345114345114345
2.298050139275766
2.781456953642384
2.376923076923077
2.1984126984126986
2.1733333333333333
2.435185185185185
2.1832298136645965
2.373368146214099
2.238372093023256
2.6356275303643724
2.206896551724138
2.480083857442348
2.557029177718833
2.4084967320261437
2.4014814814814813
2.309659090909091
2.4166666666666665
2.167315175097276
2.4506089309878214
2.579710144927536
2.1849056603773587
2.6666666666666665
2.3226950354609928
2.4056603773584904
2.635593220338983
2.2550143266475646
2.35
2.3171641791044775
2.1810344827586206
2.4084967320261437
2.4551724137931035
2.3344947735191637
2.9779735682819384
2.420138888888889
2.309659090909091
2.64850136239782
2.3636363636363638
2.4739583333333335
2.461077844311377
2.6419753086419755
2.275247524752475
2.1984126984126986
2.4739583333333335
2.435185185185185
3.4559068219633944
2.2545454545454544
2.4558058925476605
3.0104166666666665
2.4739583333333335
2.8870967741935485
2.2382978723404254
2.4014814814814813
2.4831460674157304
2.461077844311377
2.3435897435897437
2.176223776223776
2.605022831050228
2.893246187363834
2.6472727272727274
2.59375
2.4166666666666665
2.3226950354609928
2.2
3.858490566037736
2.5169082125603865
2.21505376344086
2.781456953642384
2.21505376344086
2.4707646176911546
2.6026058631921822
2.53125
2.6793893129770994
3.6072463768115943
2.4207836456558773
2.5714285714285716
2.1989528795811517
2.240506329113924
2.955357142857143
2.893617021276596
2.21505376344086
2.835
2.781456953642384
2.074487895716946
2.1984126984126986
2.323404255319149
2.35
2.5416666666666665
2.2045454545454546
2.217573221757322
2.4707646176911546
2.4121532364597096
3.995967741935484
2.810502283105023
2.781456953642384
2.1984126984126986
2.795724465558195
2.781456953642384
2.435185185185185
2.65531914893617
3.2111111111111112
2.88394584139265
2.167315175097276
2.35
2.3598326359832638
2.35
3.391025641025641
2.2977777777777777
2.605022831050228
2.2550143266475646
2.810502283105023
2.3636363636363638
2.4076576576576576
2.6025641025641026
3.477203647416413
2.508905852417303
2.909090909090909
2.557029177718833
2.21505376344086
3.0104166666666665
3.8253968253968256
2.435185185185185
2.4014814814814813
2.275247524752475
2.627659574468085
2.373368146214099
2.508905852417303
2.373177842565598
2.3942093541202674
2.4207836456558773
2.51981351981352
2.6280193236714977
2.3435897435897437
2.723404255319149
7.195
2.557029177718833
2.35
2.3591772151898733
2.4506089309878214
2.795724465558195
2.51981351981352
2.9328859060402683
2.21505376344086
2.4014814814814813
2.21505376344086
2.51981351981352
2.592233009708738
2.3174603174603177
3.0526315789473686
2.3607142857142858
2.4014814814814813
2.6545454545454548
2.5169082125603865
2.4121532364597096
2.9178082191780823
2.4345114345114345
2.4506089309878214
3.1517857142857144
3.4694444444444446
2.176223776223776
3.0064935064935066
2.557029177718833
3.1374045801526718
2.605022831050228
2.4251497005988023
2.074487895716946
3.154040404040404
2.373368146214099
2.557029177718833
2.63600782778865
2.579710144927536
2.461077844311377
2.4192439862542954
2.1810344827586206
2.4654255319148937
2.893246187363834
2.4518518518518517
2.157766990291262
2.5338345864661656
2.63600782778865
2.4056603773584904
2.309659090909091
2.9291666666666667
2.4453781512605044
2.59375
2.1984126984126986
2.259259259259259
2.4121532364597096
2.4192439862542954
2.6356275303643724
2.4506089309878214
2.8942115768463075
2.4485981308411215
2.8360655737704916
2.3905325443786984
2.557029177718833
2.21505376344086
2.309659090909091
2.9148936170212765
3.5625
2.253731343283582
3.171122994652406
2.4192439862542954
2.4121532364597096
3.4402730375426622
2.3598326359832638
2.461077844311377
2.7142857142857144
2.557029177718833
2.345679012345679
2.3905325443786984
2.4084967320261437
2.21505376344086
2.4558058925476605
2.6356275303643724
2.893617021276596
2.6216814159292037
2.196022727272727
2.427480916030534
2.579710144927536
2.4166666666666665
2.4485714285714284
2.3598326359832638
2.2550143266475646
2.4207836456558773
2.4014814814814813
2.275247524752475
2.461077844311377
2.3171641791044775
2.3942093541202674
2.51981351981352
2.9178082191780823
2.893246187363834
2.4192439862542954
2.372013651877133
2.3849372384937237
2.4345114345114345
2.792771084337349
2.2550143266475646
2.3282442748091605
2.6763005780346822
2.157766990291262
2.4084967320261437
2.4217391304347826
2.830769230769231
2.4558058925476605
2.6065573770491803
2.4654255319148937
2.452296819787986
3.180327868852459
2.748898678414097
2.1314984709480123
2.579710144927536
2.21505376344086
2.8870967741935485
2.2545454545454544
2.781456953642384
3.2111111111111112
2.21505376344086
2.6548672566371683
3.0854700854700856
2.2045454545454546
2.435185185185185
3.25
2.8647214854111405
2.372013651877133
2.4251497005988023
2.912621359223301
2.3905325443786984
2.8157894736842106
2.5338345864661656
2.8950437317784257
2.5853658536585367
2.417197452229299
2.505703422053232
2.7142857142857144
2.6884681583476766
2.956730769230769
2.6026058631921822
3.49025974025974
2.4121532364597096
2.912621359223301
2.2545454545454544
2.2977777777777777
2.6472727272727274
2.435185185185185
2.6356275303643724
2.5338345864661656
2.5338345864661656
2.795724465558195
2.4345114345114345
2.4654255319148937
2.8950437317784257
3.477203647416413
2.376923076923077
2.508905852417303
2.492146596858639
3.154040404040404
2.492146596858639
2.6548672566371683
2.6280193236714977
2.893617021276596
2.2346938775510203
2.6026058631921822
3.171122994652406
2.435185185185185
2.3125
2.298050139275766
2.176223776223776
2.1686746987951806
2.4831460674157304
2.206896551724138
2.240506329113924
2.6216814159292037
2.579710144927536
2.4558058925476605
2.25
2.6419753086419755
2.302521008403361
2.4453781512605044
3.1702127659574466
2.438202247191011
2.9689119170984455
2.5213032581453634
2.63600782778865
2.3535031847133756
2.2045454545454546
2.309659090909091
2.339160839160839
2.426470588235294
3.0
2.4485714285714284
2.732484076433121
3.3577981651376145
3.477203647416413
2.888888888888889
2.373368146214099
2.3823529411764706
2.52991452991453
3.374203821656051
2.3942093541202674
2.4166666666666665
2.732484076433121
2.557029177718833
2.605022831050228
2.4076576576576576
2.2545454545454544
2.579710144927536
2.3607142857142858
2.217573221757322
2.427480916030534
2.5169082125603865
2.435185185185185
2.781456953642384
2.2789115646258504
2.792771084337349
2.2130584192439864
2.258426966292135
2.480083857442348
2.635593220338983
2.781456953642384
2.2
3.700404858299595
2.3905325443786984
2.627586206896552
2.2977777777777777
2.206896551724138
2.5213032581453634
2.4014814814814813
2.505703422053232
2.3591772151898733
2.6356275303643724
2.3942093541202674
2.52991452991453
2.6424242424242426
2.4506089309878214
2.4551724137931035
2.1296296296296298
2.466019417475728
2.35
2.2545454545454544
2.830769230769231
2.4217391304347826
2.6763005780346822
2.4506089309878214
2.8360655737704916
2.4551724137931035
2.4654255319148937
2.4217391304347826
2.4558058925476605
2.6545454545454548
2.2545454545454544
2.893246187363834
2.206896551724138
2.060126582278481
2.986842105263158
2.074487895716946
2.912621359223301
2.605022831050228
2.4217391304347826
2.4084967320261437
2.3282442748091605
4.153846153846154
2.508905852417303
3.082608695652174
2.4558058925476605
2.4084967320261437
2.417197452229299
2.3942093541202674
2.3942093541202674
3.1859706362153344
2.4551724137931035
2.776470588235294
2.4014814814814813
2.461077844311377
2.452296819787986
2.3282442748091605
2.4551724137931035
3.267857142857143
2.2685185185185186
2.3226950354609928
2.4707646176911546
2.5
2.2545454545454544
2.3017456359102244
2.2092696629213484
2.792771084337349
2.51981351981352
2.4121532364597096
2.4084967320261437
2.9375
2.51981351981352
2.1623672230652504
2.4506089309878214
2.3017456359102244
2.452296819787986
2.4251497005988023
2.505703422053232
2.35
3.477203647416413
2.4345114345114345
2.5338345864661656
2.438202247191011
2.63600782778865
2.298050139275766
2.2545454545454544
2.217573221757322
3.1818181818181817
2.3275862068965516
2.6280193236714977
2.341113105924596
2.2130584192439864
2.4084967320261437
2.4121532364597096
2.1341463414634148
2.2092696629213484
2.3174603174603177
2.810502283105023
2.4251497005988023
2.2789115646258504
2.1623672230652504
2.4121532364597096
2.435185185185185
2.824561403508772
2.3174603174603177
2.893246187363834
2.1849056603773587
2.748898678414097
2.4355300859598854
2.5535714285714284
2.253731343283582
3.1818181818181817
2.4558058925476605
2.3591772151898733
2.505703422053232
2.1586538461538463
2.35
3.1974522292993632
2.176223776223776
2.795724465558195
2.0545454545454547
2.6156716417910446
2.4076576576576576
2.452296819787986
2.508905852417303
2.1984126984126986
2.4355300859598854
2.4485714285714284
2.3598326359832638
2.3174603174603177
3.0
3.273764258555133
2.6216814159292037
2.51981351981352
2.4310344827586206
2.5213032581453634
2.5491329479768785
2.51981351981352
2.4014814814814813
2.240506329113924
2.1742738589211617
3.6072463768115943
2.1341463414634148
2.435185185185185
2.435185185185185
2.25
2.2900763358778624
2.339160839160839
2.4453781512605044
2.435185185185185
2.6
2.4076576576576576
2.202797202797203
2.3968253968253967
2.1984126984126986
3.0765765765765765
2.4345114345114345
2.4166666666666665
2.248
2.4485714285714284
2.3607142857142858
2.5491329479768785
2.2789115646258504
2.196022727272727
2.568345323741007
2.65531914893617
2.5169082125603865
2.9689119170984455
2.5625
2.9375
2.4453781512605044
3.0104166666666665
2.51981351981352
2.435185185185185
2.3942093541202674
2.21505376344086
2.3435897435897437
2.4654255319148937
2.4192439862542954
2.156050955414013
2.4121532364597096
2.8870967741935485
2.1662468513853903
2.376923076923077
2.275247524752475
2.341113105924596
2.4166666666666665
2.1849056603773587
4.440540540540541
2.9050632911392404
2.4345114345114345
2.4128440366972477
2.579710144927536
2.51981351981352
2.8360655737704916
2.781456953642384
2.1586538461538463
2.1984126984126986
2.748898678414097
3.32
2.5144927536231885
2.4558058925476605
2.4056603773584904
2.4166666666666665
2.7710843373493974
2.323420074349442
3.2303030303030305
2.776470588235294
2.2045454545454546
2.1984126984126986
2.795724465558195
2.557029177718833
