4.511023808212366
3.961108869092218
4.290277630514541
6.034199018932681
6.586078282454038
4.817832344221253
7.81560221700828
4.403993798776845
4.484851621933647
4.665433262858582
4.4321017642354805
4.4846826603727665
3.923364002952922
4.560806109235514
4.718991558365337
3.9400260770982314
4.844530552393356
3.9334096619855172
4.931107611179576
4.6732215186821815
6.317032227482288
4.473988812113296
4.556623048235282
4.791589947926385
4.936160579063987
4.145384896133184
4.512153731079005
4.726431976786472
4.473412898512695
4.786315499113848
4.3900294300330005
4.2452651081882875
4.6427577057214275
4.508331866319958
4.582452640821603
4.60224057985527
4.172494545565612
4.341414125778274
7.345959364531538
4.886405744534126
4.704305520748976
4.7993913751976205
4.300192136288976
4.638193233180552
4.738030869733637
8.045557397028869
4.947244418811151
4.493425134592492
4.652241557534947
4.586670235010228
4.992676020640368
4.968811378892275
4.794061188193437
4.971667482837655
4.732114332214106
4.740435069772759
4.989148345628977
4.625750784616301
4.401036852610257
4.3740877677315275
4.609400924939438
4.706749390470624
4.559919471159751
6.52184705692321
4.810593966568956
4.828583121364671
5.196186038853189
6.8170819335935775
4.811300921575244
4.034613440238637
4.316069442192392
4.544419430816335
4.635302935406826
3.757543998337285
4.606311860787122
6.138753219564293
6.121544705302045
4.018568691124416
4.736050681602434
4.398658065831653
4.4930548486206385
4.479880365623333
4.9350408538543
4.8709994921195845
5.494878227738592
4.672855294301231
4.804022021471973
5.896304600885424
3.9270280705062524
4.413250991869727
7.1777348351434
4.600350323213186
4.84276333724258
4.325012305715373
5.984703190452055
4.372140748247679
4.3463543911089255
4.433974796779497
4.680673671493652
4.743826035485474
4.895644922313243
4.864103268416886
4.707328191429081
4.4063217582012575
4.26988874158143
4.4285944013759435
4.527180652310069
4.7436783203619
5.527869623100036
4.772204213625648
4.927998304985523
5.532497481332057
4.745507292415624
4.948425650092724
4.962536244475411
4.62963747872229
7.901574229332949
5.8705155578361
4.9975596796332615
4.617909929947881
4.923533574527631
4.584852032395006
5.419452063268284
4.865092742059013
5.388807125534184
4.326270931096008
4.446599045236366
4.681292580256564
4.671516842580013
4.636222033110014
4.475099389959124
4.592741741778407
4.478442432168357
4.421862523961407
4.469346863416641
6.056856638383728
4.799272125923455
4.414047664549506
4.314154292105728
4.8889239365860035
5.551760281693942
4.558538998324954
4.790442307850455
4.6634810445204025
4.324638716554036
4.811883162694367
6.487445395539679
4.75319997184279
4.6785763868771095
4.883781795243269
4.895477635854962
4.801569363056537
4.580182217540594
3.8341541626097455
4.200007842928471
4.798994260374167
4.875548982686142
4.443813734184191
4.881733996323158
5.882852527921289
5.698444473524506
5.37516652290037
4.656390810330985
4.547311001030209
4.872082092782527
4.2241727668307805
4.68091956510167
4.086576209329527
5.673451384454608
5.577816526784862
4.967646275034281
4.827096897517055
5.227134925264657
5.412427050948929
4.174984891598181
4.998034854316907
4.614201208722555
4.4334172067433775
