3.0762711864406778
3.167539267015707
3.10455764075067
3.3089983022071308
3.6666666666666665
3.269767441860465
5.043956043956044
3.745928338762215
4.087209302325581
3.6750483558994196
3.3089983022071308
3.4962593516209477
3.269767441860465
3.269767441860465
3.6750483558994196
3.6
3.7095808383233533
3.3089983022071308
3.561097256857855
3.946341463414634
4.087209302325581
3.779187817258883
3.0841121495327104
3.9080459770114944
4.012903225806451
3.125
3.269767441860465
3.88
3.7777777777777777
3.167539267015707
3.4693877551020407
3.223264540337711
3.589442815249267
3.589442815249267
3.4962593516209477
4.910179640718563
3.223264540337711
3.9235294117647057
5.0
4.47741935483871
4.295774647887324
4.1
3.9080459770114944
3.561097256857855
3.9235294117647057
4.102990033222591
3.9235294117647057
3.6
3.1333333333333333
3.3089983022071308
3.125
3.125
3.561097256857855
3.125
3.779187817258883
3.2379248658318427
3.8333333333333335
3.6
3.779187817258883
3.7095808383233533
3.745928338762215
3.223264540337711
3.0841121495327104
4.26875
3.857142857142857
4.26875
3.864864864864865
4.944444444444445
3.6
3.10455764075067
3.589442815249267
3.4545454545454546
3.6
3.125
3.0841121495327104
3.745928338762215
3.745928338762215
3.257142857142857
3.3089983022071308
3.182555780933063
3.745928338762215
3.745928338762215
3.779187817258883
3.4962593516209477
3.561097256857855
3.7095808383233533
3.589442815249267
3.9080459770114944
3.1333333333333333
3.223264540337711
3.7095808383233533
3.0762711864406778
3.6750483558994196
3.10455764075067
3.7777777777777777
3.0841121495327104
3.3089983022071308
3.167539267015707
3.3089983022071308
3.182555780933063
4.297872340425532
3.3089983022071308
3.589442815249267
3.0841121495327104
3.167539267015707
3.2704918032786887
3.589442815249267
3.4962593516209477
4.1
3.7095808383233533
3.1333333333333333
3.6750483558994196
3.6
4.2976190476190474
3.6666666666666665
3.0762711864406778
5.043956043956044
5.705882352941177
3.4962593516209477
3.951923076923077
3.6750483558994196
3.125
3.6750483558994196
3.6
3.6
3.3125
3.10455764075067
3.167539267015707
3.951923076923077
3.589442815249267
3.745928338762215
3.5757575757575757
3.745928338762215
3.125
3.223264540337711
3.951923076923077
3.951923076923077
3.589442815249267
3.182555780933063
4.506596306068602
3.951923076923077
3.773006134969325
3.6750483558994196
3.3089983022071308
3.0841121495327104
3.745928338762215
3.9080459770114944
3.4962593516209477
3.5757575757575757
3.951923076923077
3.4962593516209477
6.5
4.317880794701987
3.0424929178470257
3.589442815249267
3.7936507936507935
3.745928338762215
3.773006134969325
3.6750483558994196
3.5757575757575757
3.589442815249267
4.26875
3.10455764075067
4.0576923076923075
3.269767441860465
3.4962593516209477
3.3089983022071308
3.6
3.6666666666666665
3.3089983022071308
3.347457627118644
3.6
3.5757575757575757
3.182555780933063
3.269767441860465
3.7777777777777777
4.102990033222591
3.745928338762215
