2.1315255165100098
2.548269510269165
2.7355737686157227
2.107745885848999
3.0137996673583984
2.6547911167144775
3.490492343902588
2.7355737686157227
2.672750473022461
3.1488864421844482
2.286663770675659
2.980329990386963
2.634984016418457
2.6547911167144775
1.0
2.377582311630249
2.962843418121338
2.0154943466186523
2.785550117492676
2.7702412605285645
3.061112642288208
3.0200743675231934
2.5537517070770264
2.7520804405212402
3.0317699909210205
2.6547911167144775
1.0
2.4561853408813477
2.477543592453003
2.4411368370056152
2.873016119003296
2.7174267768859863
1.0
2.980329990386963
2.980329990386963
2.9791479110717773
2.443504571914673
2.5345191955566406
3.1488864421844482
2.8360331058502197
2.8360331058502197
2.8360331058502197
2.7520804405212402
2.6610658168792725
3.0137996673583984
3.111088991165161
3.252321243286133
3.112318992614746
2.8328630924224854
3.061112642288208
2.8328630924224854
2.785550117492676
2.8328630924224854
2.785550117492676
3.061112642288208
2.7520804405212402
2.810081958770752
2.302525043487549
1.0
2.1481363773345947
3.410449981689453
2.9641265869140625
2.266982316970825
3.1719729900360107
2.60583233833313
2.345991611480713
2.9375953674316406
2.810081958770752
2.7520804405212402
2.7520804405212402
1.0
2.9641265869140625
2.302525043487549
2.5786402225494385
2.785550117492676
3.0165460109710693
3.0165460109710693
2.4466800689697266
2.510493755340576
2.1226820945739746
2.6007468700408936
2.6007468700408936
2.8840692043304443
2.8828394412994385
3.1822004318237305
3.061112642288208
2.8328630924224854
3.111088991165161
2.7520804405212402
2.270268440246582
2.039769172668457
2.5637764930725098
3.111088991165161
2.9375953674316406
3.112318992614746
2.6547911167144775
2.8328630924224854
2.6547911167144775
2.377582311630249
2.6547911167144775
3.061112642288208
2.8828394412994385
2.2989978790283203
2.3836216926574707
2.8328630924224854
2.765944242477417
2.980329990386963
2.8840692043304443
2.6762003898620605
2.7355737686157227
2.1315255165100098
3.2731590270996094
3.3979008197784424
3.111088991165161
2.580751419067383
2.598245859146118
3.490492343902588
2.992047071456909
2.9641265869140625
3.100478172302246
2.8222012519836426
2.7355737686157227
2.5460317134857178
2.5985219478607178
3.410449981689453
2.4845428466796875
1.0
2.377582311630249
2.7520804405212402
2.4152727127075195
2.634984016418457
2.270557165145874
2.980329990386963
2.4966623783111572
2.7520804405212402
3.317843437194824
2.908508062362671
3.003775119781494
2.7520804405212402
2.902423620223999
2.8696999549865723
3.1822004318237305
2.653886556625366
2.126357078552246
2.3701975345611572
3.3231353759765625
3.1104376316070557
2.229020357131958
2.8563578128814697
3.048856258392334
2.557461977005005
3.3979008197784424
3.3840293884277344
2.4845428466796875
2.980329990386963
3.0200743675231934
2.4128472805023193
3.0850625038146973
2.8830406665802
3.160982370376587
2.5408647060394287
3.2731590270996094
2.7355737686157227
3.1822004318237305
2.377582311630249
2.6374752521514893
3.1923763751983643
2.785550117492676
3.2268288135528564
2.490111827850342
2.9126136302948
3.141450881958008
3.066685438156128
2.729299306869507
2.7520804405212402
3.1822004318237305
2.6547911167144775
2.458364963531494
