7.145862830311061
8.484325404024915
6.793912994947593
10.199714573309059
7.355070657021892
10.040086478454652
9.071560174184041
8.480468586715471
10.052286977890118
8.747138557532772
6.607701023862122
7.799628660459422
9.927285054455735
7.95960863251857
8.729407016660106
10.061734737451705
7.588683347176341
9.900951702547015
7.765151287407178
10.441620835691358
7.299124394146336
6.401661685283642
6.082650674979025
9.631445805910014
7.868155114409834
7.358351879767223
10.128302965799994
8.10554960832396
8.656752230679253
9.647229983211938
8.682967607484063
6.879283600198427
10.35918889254334
6.103685999301012
10.394783832759439
8.76878995415448
9.563902301158258
9.86832127913943
6.39152926535645
11.067082467568914
6.915873472279645
11.011367305593296
8.83001231059217
7.798175834524943
7.400076684214414
6.616287134158104
3.9514289180073123
8.033715766373387
11.208919032991245
6.5973567301790705
2.8362066288121435
7.255071509470271
7.714934783561031
7.046747602069726
7.960497647409879
7.574154790036889
9.22764301052656
7.764708370168172
9.583986004914896
8.69546084962478
10.89623344481453
8.039092245216436
7.246749786526606
8.936470120746375
7.031566746548072
10.367872642173138
6.091031095704453
7.8286238363297205
7.691147426557803
7.517964629422222
5.477341602340337
9.204696567727495
7.930142721062288
8.920294673537924
7.762915734189136
12.537030650065688
5.096347316243286
8.157964905225102
7.306187900242695
9.396107120734635
7.952776241840036
7.4812086883625994
8.358628875646243
7.657004837180941
8.108868415700961
6.868368648064814
9.194067960468214
9.272094241327995
11.044382915947168
9.543635029364925
5.188988325483234
6.966698710578044
10.054264804467458
12.275169464066737
8.717304727848717
7.98078944711976
5.957800841297212
9.178178110716521
8.373642896854635
8.941394138085165
5.019154711139995
8.08082781078987
8.228933768613024
5.975258722741756
8.201892022270329
7.962172203905819
9.272004037296568
9.885475624623876
8.56635601015129
8.256840159843758
7.3641487698301935
11.16663338891605
8.913424516537457
8.823530939008457
7.684825371835477
6.604496105730943
8.349861414610784
11.58607197019828
6.945014169606647
7.966189181986794
8.205510469649237
9.466850227512438
7.270078748430545
9.480881171463816
8.511999652373746
9.508524391251548
9.184338882054133
4.677090786974422
3.932753822340506
7.48453448511314
7.935102212752988
7.76833275806278
7.881755840327592
7.2475033437207985
6.949459911832393
7.097454135808679
7.46618777834607
8.778745035975406
5.704542597926792
9.893817750970946
9.987007563391217
7.159473617648562
4.730410192406929
6.757039418792975
9.078244110376193
6.569928378911228
7.715065458654982
9.55030666215312
7.41127480290979
6.821963058149642
9.315731504369213
8.416934978276396
8.905206449560483
10.436932147417755
6.871521903930837
8.43406467753259
7.982389143554765
8.119440302710172
9.018667949712368
5.537726926883191
7.999152525515301
6.95542512975438
9.438890462791914
9.306799226031265
8.394787669213605
9.385359665831768
9.114112142149231
6.675354921284781
8.651874103355095
7.82959456364611
8.078321327414445
7.342310893746242
9.023944916537099
8.356389944955383
8.402987014474636
8.925970491780975
6.733856192578965
7.748039679633648
10.694110231933061
7.450001691672444
8.431231092284458
5.96768691029846
8.12829378379599
8.649833753925854
9.178436975202905
8.630794082159818
9.328229140316383
8.937655328731605
7.980774671904351
9.68385920225133
8.843800129971243
9.002793520552268
9.693140105773617
7.595710534217538
8.434465640451906
8.982980742636517
8.672228791538872
5.754842102747121
7.095290627567764
6.05496074312467
8.587808799021008
7.770791664641788
7.636752562594748
7.391708789243338
7.7904735661978926
9.628570436229603
8.30884819684999
9.486789270178775
9.221294746759925
8.61988108002146
9.05951123452624
9.458654375868003
10.115243880375996
9.00513916341398
8.496100951970758
8.361645866517872
1.4934268629780563
0.8840110757516908
1.5743024787435111
1.54097254635964
0.803117569275201
1.3895410241492743
1.463625268527536
1.5049040480479074
1.2897282544203394
1.322761608532806
2.2156899794692615
1.7744077606262796
2.116928350872828
2.0090228925193285
6.801334162864316
1.3664903305359883
2.9339174690335317
1.0211672971066814
2.3335467634597986
1.4891217908603755
1.840501514612272
1.5007093501982547
1.5144948779393452
2.398260254434739
1.2522695218961497
4.85392413814906
1.3895410241492743
2.03165741168797
3.0864070196009825
1.5670900594574546
1.4934268629780563
10.086966324472641
9.742174873279168
8.994807599714838
7.301205797607919
6.793605915732931
7.674265043663256
9.836403960565594
8.373863362304505
8.678985934284395
5.334923922458519
7.863206686134733
7.848424495828972
8.921815560001455
6.658899114111256
8.93963820397006
10.070992976356269
9.360588275504155
8.93161564986526
9.924487507021695
8.008984003099345
7.506801878794712
5.382660555409975
7.3398427955637535
6.85702267211045
8.709321677653577
10.401466109961328
8.449067621968153
7.166387861342884
8.40527189790811
8.236290747573578
7.936154178638671
10.297922526128797
9.548644779281396
8.399487510047267
7.038664995433073
5.580068949394857
7.705288930348668
6.9862233885485026
10.20135212533448
6.000448401744199
9.308782716496744
8.95923338050785
8.963084408779057
9.597051569840886
6.965216642134817
11.846725347920353
7.663810398827056
7.505011946101277
9.956829792776107
8.746703799497821
3.705975311239193
11.445815929468614
8.510941122692385
7.715083599760111
4.576506154407517
8.168155666661125
6.217379279202143
9.132748964075022
6.6073760640864085
6.655157545234426
8.793322145814312
10.500337423322122
8.274448003179954
8.843230992723882
8.18071370775016
6.904406591330246
7.578673300195125
8.429117556561282
5.9657344710839055
10.232552694434569
11.162573805551853
10.16026935608329
7.009217356101918
6.932960841221061
7.979751991552686
8.41220940064271
7.630650953011436
8.07583332704321
8.50305367270261
4.6705853277035905
6.790679769664171
8.983933700093486
6.967562282583467
8.489936753040846
8.080863601605701
8.633901942783323
10.576605095481586
9.872731881388582
8.479243449906285
7.946098038169043
8.689808978785376
11.509389714450627
5.813090382414328
7.769221348135741
6.610376226730485
7.923149197815754
8.118844183563871
9.293520959490596
7.484630215523698
10.790687348612515
10.821574195665631
10.589258832055489
9.85905242412103
9.04285609159958
9.972172802143318
9.766352563836639
11.063992998783613
10.092359341118256
10.20791714965398
8.20307503668354
11.159275702725344
8.152450058426103
6.344403587437023
8.744783417166897
9.012370286447638
5.989896410714355
9.189421840294616
8.711587679637235
9.229916177586174
6.905636215693049
9.942009533080135
10.021517985562069
7.383872597667458
6.096090889505414
9.664598476888969
7.531038411090158
8.122178706599701
10.481384703642314
5.856576811582229
6.136046962959663
6.002692643168721
8.985463323921598
6.7159690186986145
9.85811336389366
8.583965720888566
8.708576099216168
6.0123605568607426
8.489900751606434
7.60755132885686
8.910483550775993
7.396761054499083
7.569491901405243
8.763692511924155
6.698771613452138
7.451266808315763
9.507185603051918
7.8791301154387625
7.914738551910937
5.915203421660489
9.233505171748625
8.084715709562417
7.938353727778078
7.385768769331821
5.726401489302568
8.910790638525661
8.709080244013808
7.661794364096265
9.715274805938993
7.695999769683683
9.730908726303948
5.625688140810311
6.439160885371071
7.325523651550167
7.4605714287541005
6.607345024621665
5.818742100271947
9.092160181356045
9.229908874914859
8.053262178245058
9.991819640238786
11.379754699911096
12.011278702131895
9.217228343810257
11.554249853699877
12.3316675059565
10.313576949572736
12.487164511394175
8.789532938371817
10.541773695424853
8.030860629671926
9.524390930921562
8.61372241417658
9.670410265181152
5.2332123258318815
8.40772676270851
8.304299738718
6.558186574489026
11.716750798016168
7.935155443981603
7.296013905115712
10.19521599581662
10.072744547656981
8.83228469476476
9.68860016119071
8.803136529268947
8.218763243998149
10.55409421531168
11.239995626708838
10.563699227000434
10.899121427271819
11.535972301542419
9.608289769102544
7.755323544402788
6.47771454076707
6.179055918957426
5.126405301647317
7.621248735430638
7.704465405239613
7.7183248295515465
6.869892983311557
8.48247860634397
9.793368483063615
8.372046820767194
9.463404169268975
10.609708648202917
6.44599633567046
9.101532754997143
7.349752053074533
7.5687368764843574
7.59756167108322
8.146307406413316
7.028903314837978
5.644884176220238
9.026067473413391
4.735038615052929
6.831994707697111
8.208974651080036
5.60538945888851
8.16208368731696
9.485279860559364
6.391646692055809
6.417597271872006
10.224898726516445
10.77108642325621
9.349958950872594
8.28223537648977
8.530463759708201
6.749135040160334
5.560408487507245
5.778546419288412
7.43053570920414
9.026424599786896
9.211461821393476
10.149572042407321
10.155763431314636
6.624273422173241
8.763695433196887
6.213235835271887
7.98875175192257
7.557196099072818
8.426346077145292
4.809452101939369
4.647747933822847
5.921508342859613
7.419247923959479
0.14402320303718724
5.031259421332782
3.9666701040030654
9.987515069804159
9.457553208255195
7.612835610837901
5.391506322913803
7.916978795035993
7.474536075041047
7.203021467217733
8.361809824834772
7.459836290558061
9.723895501260799
9.216433196574497
6.5937664170343755
7.592997690511165
7.850673157953683
7.4445324134826
6.434603733311222
8.518188181725368
7.584622784575364
9.87361384007549
8.38686961394182
9.3138877870471
9.10638766543463
9.99062274095768
9.148430833011313
9.204608625818667
9.644684872038301
10.155004126626162
9.832752557755594
5.6484485423356325
7.145539061983493
7.862565449731724
9.251469771047406
8.924429041869649
7.277840564184786
7.983234806845585
9.242462016887576
8.355833706354153
9.771190431083527
6.785732190281308
9.841292834398844
9.767404635051294
5.804907801624941
7.660190807094071
8.310675040287903
8.181992626653235
6.573980936448213
9.240803151052726
7.374259460799559
5.827533729797181
5.090888948038166
8.603565229849853
7.251663683472006
10.635787682240931
11.732873607970728
11.124947991857365
9.419848055771046
11.328854228530071
11.378011873339124
11.138878417092993
8.53152575053747
8.596703508290476
9.602048855444297
9.021866144645172
7.227968224193544
10.552980782044408
7.162152806672605
7.231734137857213
7.50590073042063
6.47185641690901
8.035466788094087
8.084919210382928
6.9647148663349014
8.58308036191849
7.967661668575225
7.095029215013831
8.321364096747166
10.621476746304731
8.552653472431968
9.530526351211336
9.592762381932603
9.774421677980426
6.145589975313689
8.54647230045362
6.004135932286746
8.170580834107618
8.276705768294397
9.574956666158712
8.500974674407635
7.907452562491595
7.590053567508271
5.567671673730722
5.672752772817164
7.600456238329013
7.993084125265676
6.8867723842716755
6.659889481441712
8.711168172377443
7.9273238813672195
7.823442599823618
7.373916536297376
7.665909150173728
6.432667196405862
8.987688907528526
7.641369045755149
7.0176658145517825
8.445000959654266
6.19897807554385
6.80906660523147
8.345284603222149
6.3377069898684715
7.501118048992801
8.849511874679019
6.626114756627368
5.585034171800702
7.335337038956027
14.533192675862129
7.270835290693743
7.650601290705609
5.679111354295744
8.885784963793727
9.319380305683817
8.338547530806675
9.3764325091986
10.578731236321358
7.045419736212445
8.397287938759831
6.65912819205679
8.500882970875871
6.429376122057175
9.07387189380085
4.943812944871948
5.611844607291825
5.4121176034714304
4.993909620410564
6.8415750053191555
10.465110598205788
9.531348743424763
6.835395509779851
7.626434416136774
11.682618626976621
5.6254341707136915
7.669328465628659
6.571533749702402
6.2519742126465125
9.445980780133063
6.653075287843578
6.113284698503239
7.668216117127226
8.968036239556955
8.36044828151498
8.630005747129028
9.090703316497999
8.723693203633292
9.643710960610372
10.602966708986008
7.821089554716309
9.564837895870014
7.229162992267766
8.474628954862515
5.574723444447131
10.608063351504054
8.165095269290168
10.828221547114241
4.946812064426554
10.163778018724384
7.213736420565119
8.252719807947415
6.105577849491984
9.757413319552974
6.4032690773675895
12.094725362982924
6.818366869760526
6.163192131816451
8.789676738610158
7.80060716330949
8.84054570230663
9.38050876917
9.429017205737493
5.928290487877955
9.265640968767435
9.076783686297212
8.824692230063741
7.888727234127514
9.97227850253744
8.552441890710885
5.4112310335960165
9.81009646230036
9.89934364886548
9.115829380032705
5.802336645389023
8.026921082303716
5.238738831178365
9.653015145555468
5.414069005313378
8.654666170259386
8.673584953362369
8.610591481974671
7.684345862503896
10.39573623342362
10.27663365086967
10.765282128112588
11.043485359851342
7.548394743889307
7.336160741683114
10.458753793693154
6.363836175349682
9.418840159864995
7.822959924175826
6.922692554616115
7.964777135668046
8.70587667678499
11.760781141052762
10.479439802561549
9.25402080658101
12.560623223563303
10.08332791648657
10.551365548491606
9.559425819757614
9.970223552296236
9.493959136481628
11.600212916665598
8.73102500790832
7.678216235095492
8.202686469602797
8.675662048153221
7.940485719626354
7.350567749918364
9.56466737085719
8.503150419335968
8.613824456389576
7.421195894050584
6.81700998896926
9.926434042067239
8.534320636084304
9.904944122557529
8.846437968472483
6.704020135505196
7.670530401796704
8.493195402448638
7.736405079153756
6.020350505832231
4.808194535422075
10.70226969819198
8.289453136523933
8.922567211980454
5.817705381572144
8.703139626223185
6.487920702895634
7.9568505807794025
6.487542356470029
8.711966096266393
7.443481091372375
9.604186178408993
9.748735612698335
7.23410239860831
10.16318492126304
8.597967754282806
9.371387881390683
6.732132603612674
6.091719485885581
6.200461362159228
8.880681320998137
6.871898621685949
7.127705259744746
5.917123884813584
5.606668483302289
5.0871630685669835
7.743748303075965
6.188777766793664
7.373417006351816
7.619978496926846
7.8311157204549735
8.994790406570969
10.441947659727106
10.676577415055503
10.924317702314653
10.646708395299639
8.143866828311626
8.512519995149484
7.563955785727258
10.926140976230858
9.943434032110835
5.599875622592024
10.817082847027248
8.125234282955727
6.170690015917891
6.132335085064089
8.818633826588458
6.371178263367633
5.299163289522382
8.492395643896415
6.732521870847638
6.801837988716985
7.17294814032588
11.871991054064852
7.576989184262757
5.897537275377953
10.668561432797478
7.546129592025899
6.820687034819677
8.332969287442186
11.367781518879337
7.443328489366606
9.696543152181807
10.08509997712231
6.967228550944518
7.991079221931847
8.324238924986208
7.130405147523177
6.838585007846246
9.805990222996162
7.6874613428473015
5.510308624987909
6.215827603163418
4.494929262737305
9.31683457481636
7.419210327299162
8.610636762609337
7.044527804018088
5.8189840709382485
7.686349713839027
9.764630081157875
8.316676617373961
6.376775017816895
