1.6588639308990172
1.9612904563677533
1.9352359990029362
2.390525249092814
2.3244439442512
1.8466298985547978
2.3420315081590855
2.0232562809085017
1.6346284706158756
1.2088345581615656
1.8444331073046056
0.7644148927395396
2.0018512995931177
1.210303606829914
2.9452216226861294
2.321330056908354
2.485269330582055
1.8489518611892266
1.5850253692866318
1.9746540512766861
1.6944460858815291
2.047906073839776
2.262402262373671
2.396343363281157
2.506454023039116
2.2792174317746148
2.0892822638757007
2.168802936611757
1.9831923242940892
2.2054443732730364
1.8950008515674577
1.9403587565839018
2.6570585391663926
1.854974113259345
1.9844046978969878
2.9152457542911123
2.0294345852557014
3.0591152773650285
2.2291546589890636
1.9735516145953116
1.8702833360984754
1.303461057807153
2.9842917341055673
2.496177486315374
2.179582360555913
2.6773435292424677
2.432693801972637
2.4173203327607826
2.5702094572382106
1.4922528023830726
2.166486915101256
2.0896547520407047
1.4547038078662138
1.431805260458152
2.7121027662287283
2.457861823666143
1.7887681549985406
1.3562131618335962
2.6405371297696107
1.7642407770383253
1.9280577043060032
2.9501602946859986
2.0429341083069903
2.07289221419376
2.032520052665604
1.5068741263166807
2.6608701429786943
2.3682419323748203
3.0651462327493713
2.813192479299331
2.2228734037160987
1.6428137141818255
1.3779562800528928
3.2607927751267463
1.720375184240552
1.6903588153724582
3.571499216536694
2.1658635418570618
3.353137650556375
1.874316764553492
1.8576577569657702
1.9082996594700619
1.9057777998673804
2.908027374883341
2.6938955777787177
2.491218715323993
1.8939084459790247
1.7833875265749488
1.6767110946435946
2.580450708760276
1.9440633134521528
1.9632221620046724
1.3973323376875664
1.0435787794953195
2.048542859477074
2.996094862377791
2.5016896692637127
2.496033624199446
2.2474037306838595
1.8878088604892613
1.922789543019963
2.2221165883912724
1.243143922500757
2.2599009651434625
2.0103377045633564
2.8145153995596877
2.83945159404512
2.7818508861361124
2.113389609831127
2.2758637680426914
1.5256268163343014
1.6588196111388107
1.9156824783829833
1.5293658694793457
1.537992075451732
1.3438962531169518
2.070528639115931
2.3713200489189243
2.1339162898747617
2.3736825437231515
1.619172759111939
1.7878406761678671
2.150058359651423
1.3933879298409717
2.397866415355506
1.8206998003763393
1.4574681299061618
1.571467193260949
1.5161310211569499
1.797327278495692
1.6670935838528669
1.6668213555751161
1.9980617095123754
1.9836327179056024
2.619292582594263
2.08158687932236
1.6077134871179515
2.3321173410887126
1.8041433696129436
2.3283094645345144
1.893608382650407
1.8814768668568882
1.917175879653623
1.9646836328018726
1.7927015279310323
1.7464714603930402
1.9386876812673117
1.994811874586627
1.9880747709122801
1.7713717381805418
1.6912122055053034
1.7674544176741416
2.167138680315324
1.7967602173222375
1.830642476160882
2.3957002112178656
1.5505705423139453
2.349021740855625
2.2585905826876527
2.0775236712458818
2.2997374866511278
2.7327639125430596
2.255875712712098
1.8177953828165017
2.2830257635969833
0.9990528992872199
1.734026950062721
2.295164570134297
2.3578203633438823
1.4026592561361704
1.9743334207582732
1.69658201360019
2.1344287934872694
2.212213283971792
2.0464500267036145
1.3949018468330716
1.1778267389833272
1.695553364443997
2.0850584695740926
3.1495361723475255
1.8311015705512148
1.851985818886625
2.2398334358603984
1.6660076942073314
1.8423844568680465
1.5850963679514336
2.079274970048626
1.5676190753814017
1.8413745007503344
1.9072968804654802
1.534538094325649
1.87492085833549
1.592460369733826
2.219406797221419
2.241849821377368
2.4109073002917336
1.8811712095391653
2.36606380697559
1.8420213510767272
2.040625277037039
2.4154030143898018
1.7015926604287217
2.000233738449654
2.0965033845985355
2.2002199326957514
3.0459480262004774
1.0371489343971492
2.8552905862166647
1.5386671378561525
1.9820442285344015
1.880166893162893
1.8127187427142197
1.49272074014951
2.4381276467736557
1.879583288362944
2.082582492779012
1.2490432253252814
1.0299512332844163
1.4540455174002374
2.1495843823287646
1.5470507155475333
1.564584935488561
1.564037870551348
1.6488227867453618
2.395369357815173
1.4006184637074182
1.6903266950851115
1.701391309720648
2.2676823580655574
1.6571991284441818
2.121323555002564
2.223580294281203
2.0043436060208637
1.982171155642547
1.4104366055764574
2.0899565990078104
2.0234442364289476
1.3647655646237415
2.1262222154108428
1.7724429213579116
1.8403221373435679
3.175559404606191
1.6235732154512301
2.0807152917841067
2.53031451268396
1.8319099770843863
1.6776009805741385
1.4385612501832195
1.7298936793897164
2.0188520491530175
1.5565253304683742
1.8237049716178744
1.672780597528976
1.7342429231355032
1.4719889420180445
2.187241670011182
1.9052067682705625
1.8119964669390212
1.8006613515726482
1.7939883405772803
2.420599719348157
1.471865037528419
2.3096830921143274
1.7508566909320102
2.835611288338484
2.3057767902340105
2.768628886735785
2.6835828917806226
1.140205500202492
1.7104423281143497
1.925329049095434
1.9096486715426795
1.9480904583148482
1.841432406493339
1.9831997160834063
1.6056492987369617
1.5046183185314284
1.6743387894543336
2.3749836798208275
2.1126797979236818
1.446432465026588
2.0525686481310967
1.7702823420909142
1.7347291357127719
1.4389057227166395
2.398526076301619
1.8208934461698285
1.7370408069581829
1.727229546320135
1.7825846459427692
1.4615933447697589
1.8938805805303036
1.9068424357245461
1.7259725706982376
1.978107879136049
1.7025649996805545
1.5069315340155987
1.9013027054048115
1.953275287410233
1.9740717319786967
2.1968920599459905
2.1574167903027366
1.4774295643494029
1.9025915322565892
1.6408601085640977
1.5571075169144604
2.0984629966018837
1.712707644855093
2.1707345883357716
1.9512787272639507
1.879632943012923
1.6760861699897198
1.8491968934061744
2.2253775245949186
1.7132351155961236
2.1402046050928742
0.7832648900349103
1.4703917015196486
2.475936209572911
1.7735461989019785
1.4882483172591114
1.2046547756915176
1.8036799638425907
2.500175482865279
2.6764353947524935
2.7849914172300236
1.5669309471235158
1.6266641301148406
1.5201221842246666
1.8158239987914235
3.004385367388181
3.010875246079188
3.0737205521713595
1.882091172602128
1.78647800475005
2.1753599295240154
2.267171283408162
1.57856966340802
1.8791836989904556
1.6645253829166429
2.117426186764234
1.4206783245169199
2.157226075684284
2.322792485969873
2.1502417685914077
1.7876906673238873
1.566950050576393
1.4534599788645002
2.0364983246519994
2.501660496238671
1.8795344107124239
1.5942958441721173
1.3469558907295156
1.8152685786818423
1.8687667623473585
1.294370024629784
2.2218165175730444
1.788940396714589
2.04812724969649
1.6920718120857925
1.5508593291542958
1.3554670269689062
1.599302180123725
2.093068996159804
2.3773030128989268
1.2299169467414415
2.4924642305625997
2.0844951171766875
1.6664140784991768
2.1080879055236896
1.8489992862858233
2.0631641746554257
1.7235272113351086
1.647729541192435
2.103324558021647
1.7951225201707208
2.58173467073419
1.6943655013245926
1.5507680089186713
1.9132397370065726
1.7300521087853975
0.9750535508908449
1.6287316198146193
1.6936857283799966
2.280164744925516
1.781229128205414
2.289210074271915
1.4613793006651392
1.7409013036898529
2.4958143191935
1.798495259497963
1.9067846300351206
2.1211273831549127
1.8840126823086947
2.004343369715925
2.0245227981002154
1.7075954044213164
1.0237939595145398
1.5917358197714029
2.119712393043779
1.8572852727530123
1.50933479037087
2.1172685862674916
2.039940453077975
2.648216715668762
1.774318259272488
1.943640035272482
1.9795116220445572
1.975149894969246
1.5961384071782785
1.9348440867567103
2.0252666677543663
1.7777597760912103
1.553315899639656
1.7620383624727132
1.915387011200432
2.2250387487086396
2.1692551514162504
2.5275863185360796
2.7822051889286605
2.5405824698497934
2.067043197242014
2.70313152740613
1.489306727261953
1.7328958290868033
1.8979710206968106
2.398083324362578
1.4966507711918753
2.548768679846037
1.1316245522026938
1.5898731206794174
1.9209440683393826
1.699042440558311
1.7969970523792629
1.255213691884213
3.5079461171946784
1.639366567496691
2.410790798710279
1.8694467533475856
1.5939728014825247
2.1331047904626024
2.7948936769337207
1.3579172244893916
2.0487995160097485
2.070867780820855
2.0156941323098527
2.0531927530448404
1.7446435432175758
2.4431209420958067
2.2364508213259016
0.9543705505888682
1.9441567570094687
0.9727015533136687
1.5998152697448589
1.7176990432725476
2.509108191494348
2.0182922679487127
1.8903144243687129
1.8338506382498951
2.6608953053278697
1.7187402916532764
2.5743916203869186
2.206389452389353
2.021480913892875
1.4326193135436656
1.9917870697311733
1.91950952917794
2.1540167835083484
1.9438846189766459
1.9708437696712586
1.481878968607946
1.6632122871536827
1.5534306744810222
1.6817731642441092
2.3929674937365597
1.9948452374994217
2.0645173907612993
2.411928498715863
2.11919559274678
1.712687320667959
1.4549826841450495
1.3299580931880888
1.8701717919700145
1.3872512849394685
1.8114088188551059
2.0151391546294177
1.9283552100657544
2.041806556192306
1.9908781685999923
2.65132067636194
2.800777532972901
1.5195148485667092
1.7760362203713222
0.9536633930038527
2.0460275842642446
1.9884252019825182
1.4542330686666975
2.0110786836582117
2.1397890039024983
1.705498089284777
1.4344678287664525
2.1521125287193072
2.745064944926918
2.741820956167918
2.019101324711958
1.6682608985505614
1.744036629579031
2.29403982865295
2.0506363642834415
2.336396016340993
1.89947740653276
2.0289021849802484
2.191018418580457
1.8309097364655054
1.765222758669531
1.3607538002583528
2.760073639207559
2.6342641925061363
2.274006796026636
2.496365553842319
2.0448667044913313
