1.7993691
1.5390625
1.7322518
2.1694484
1.4923047
1.6844636
1.7447304
2.0610366
1.7433388
1.4491907
1.527189
0.9818778
1.5845914
1.1813047
1.2650528
1.6910414
1.614916
1.9102272
1.5944216
1.6325195
1.5775954
1.6275768
1.689908
1.4638047
1.6157628
1.8324186
1.3407545
1.6499269
1.7035604
2.0519524
1.5554286
1.3734028
1.6242677
1.7208537
1.4029721
1.5474801
1.4624066
1.8803144
2.7813654
1.8001914
1.3191262
0.94060385
2.3643227
1.6737942
1.5492774
2.9236014
1.3677369
1.8432798
1.7595224
1.9175103
2.3520198
1.7197667
1.8599486
1.2506944
1.8050021
1.7524884
1.4761592
1.287708
1.7898504
1.873513
1.5843773
1.8170377
1.5842887
1.6156479
1.3666697
1.2285651
1.7159698
3.940761
1.5778066
2.3846927
1.5716507
1.5112236
1.2951665
1.4637879
1.7433388
1.4292396
1.5964994
1.4174664
2.09413
2.4258997
1.5403199
1.6132154
1.4141295
1.9024129
1.84408
2.3191776
1.842536
1.383189
2.9515727
1.9254075
1.5319431
1.4852117
0.8362246
1.4445927
2.274925
1.5139697
1.6930773
2.0004983
1.9347498
1.5410882
1.6283584
1.932346
1.5318191
1.7691627
2.225349
1.4649229
2.1359751
2.1412868
1.6291808
1.7633497
1.5462912
1.7426298
2.9600446
1.4753993
1.2204552
1.6055994
1.6215963
1.5845665
1.8068141
1.7323146
1.8425012
1.4459944
1.6316057
1.5618029
1.8218648
1.4540855
1.6156479
1.8276843
1.5150152
1.2376927
1.099855
1.5442934
1.5972155
1.5667188
1.4036088
1.481025
1.4341853
1.5591654
1.6879927
1.5169638
1.4731543
1.4605348
1.8062091
1.5871978
1.3837645
1.65849
1.437291
1.7081165
1.0933657
1.1467419
1.0546687
1.5744947
1.5871978
1.643343
1.7977914
1.1378917
1.3915267
1.1482546
1.5121949
1.3092864
1.7875584
0.93637013
1.5828582
1.407593
1.4147403
1.2908745
1.832622
1.4729697
1.3591537
2.039979
1.4615309
1.0901455
1.6365175
1.8032646
1.3209348
1.6080682
1.3746736
1.6439899
1.7035604
1.9616799
1.2358689
1.5053009
1.6749748
2.020648
1.7662809
1.6361623
1.6670588
1.5442934
1.6593308
1.6059241
1.3461084
1.4758273
1.6077409
2.2377071
1.8591628
1.7222494
2.037692
1.4970611
1.3958203
1.505346
2.283338
1.5246354
3.9629893
1.8377919
1.5716276
3.3922052
1.3431649
1.8481166
1.1423787
1.68262
1.6893685
1.5731571
1.1427888
1.4029499
1.3579526
1.7729592
1.4364308
1.3153493
1.3807808
1.3458979
2.0048985
1.9879876
1.4350059
1.6719027
1.9327972
2.3436384
1.5141671
1.7923013
1.6257663
1.3060002
1.2699853
1.2918513
1.3668205
1.608476
1.5547473
1.59541
1.5672998
1.6187147
1.2317345
1.5512704
1.6737199
1.4617138
1.5095803
1.0653284
1.395749
1.7728792
1.4627438
1.6493803
1.535457
1.5320402
1.5365812
1.5573852
1.3032467
1.8055325
1.2851694
3.2680175
1.5593219
1.6439899
1.7633967
1.1402683
3.5331397
1.3391559
1.5551257
1.5533702
2.3706603
1.6712584
1.3058983
1.7681888
1.450525
1.9455937
1.6483655
1.6011246
1.9278785
1.5972155
1.4552743
1.4958487
1.2948112
1.5670537
2.1079254
1.7271549
1.654288
1.9704214
1.6132154
1.5597093
1.6810993
1.7562478
1.5816545
1.5593219
1.6132154
1.676108
1.2447009
1.6382931
1.68262
1.8131698
1.578886
1.5623455
1.7035604
2.021242
1.7233351
1.7565131
1.7060924
1.6720885
1.401263
1.603942
1.4538352
1.5017443
1.6165732
1.5845914
1.4670095
1.5423068
1.7116973
1.6162522
1.6851114
1.6285912
1.6200234
1.8623756
0.95815635
1.3620548
1.3449092
1.4914478
2.116305
1.3280715
1.2116942
1.5075679
1.7489674
1.5569276
1.3441727
1.3037186
1.168931
1.6620821
1.491863
1.9467825
1.4333866
1.6669406
1.6439899
1.5805707
1.5871978
1.4599049
1.385623
1.3283037
1.2501007
1.4673038
1.7842962
1.7938086
1.8834716
1.6132154
1.5373304
1.5057292
1.3478465
1.4716985
1.6326444
1.6532542
1.4523244
1.5243952
1.5120049
1.6737199
2.132834
1.5227373
2.2056193
1.6053323
1.2030385
1.4543326
1.6634134
1.4669752
1.7452977
1.9384232
1.5394382
1.4831237
1.6851114
1.5121949
1.5223867
1.5995708
1.6098863
1.5116178
1.6448966
1.5035107
1.4284348
1.4313651
1.5102296
1.658778
1.5141671
1.0981803
1.194942
1.4920757
1.9714466
1.6851114
1.6669406
1.1868448
1.597148
1.7316072
1.3664737
1.535457
1.1202116
1.6620821
1.7376316
1.666142
1.6128275
1.4980749
1.3737447
2.0054865
1.5243952
1.3440281
1.6263148
1.1409843
1.6612431
1.69876
1.7218472
1.7091608
1.6373837
1.3076482
1.5569276
1.6016778
1.578886
1.3424191
1.664255
1.668576
1.3211737
1.7997626
1.8940448
1.4121711
1.7179399
1.4878957
1.5801631
1.4849849
1.9682304
1.6493803
1.6590564
1.3544676
1.8848057
1.2368451
1.192481
1.6851114
1.3738337
1.2912713
1.1723251
1.6760328
1.663708
1.7624878
1.3025358
1.5995915
1.6506243
2.28012
1.1817719
1.5459015
1.3942506
1.4963195
1.6911415
2.535417
1.5135684
1.6241579
1.2751455
1.3165141
0.8466555
1.6762259
1.424083
1.774776
1.6382931
1.4336827
1.7751878
1.4758273
1.4584179
2.0947776
1.418457
1.7504294
1.7376316
1.8146697
1.6499269
1.6263148
1.5102296
1.688333
1.7342169
1.6579193
1.4545376
1.5968285
1.5812697
1.5846547
2.5177555
2.3017297
1.2692504
1.2436827
0.9398896
1.7356012
1.6226023
1.3153493
1.5297927
1.4272585
1.2000289
1.5684891
1.1608781
1.0179416
1.2490032
1.4631461
1.6763576
1.484692
1.7498571
1.4895616
1.3741808
1.5846157
1.65705
1.5744299
0.95678294
1.5259972
1.731318
1.7505945
1.7116973
1.4736774
1.6109418
1.5871978
1.3154871
1.738001
1.4720327
1.3176525
1.6404321
1.3984653
1.4657202
1.353736
1.6805379
2.0290675
1.5612985
1.3286874
1.6204956
