13.595888413220411
16.07602607368447
11.78150046319131
14.923936666343582
6.958434851018606
6.787057170295545
1.8558404170606786
-1.1199311070985094
15.146817420778623
11.243160963477502
7.23095757500784
9.411991561718654
18.523473615200853
10.189431679636193
16.917807423578598
68.12756382877747
1.236830273017262
9.316371874385435
23.539258903348223
5.8573458363224935
4.23031923876443
2.672360180210718
8.759079379422335
5.791734517114806
2.0830623015342873
6.394921548962899
4.6560879552373775
1.2445979791500577
4.398372213981897
4.355797040975366
2.6859555413389087
5.676829945256587
5.90790225975466
16.483972365333567
7.90248849518221
16.626534245699354
6.871977044185209
9.041983388370378
4.380668952970557
6.155185302052553
13.475753836598155
11.8823867078752
4.834120421826978
4.1765879872096505
12.981672232924991
28.22590528205409
8.711597099043882
17.86487309305079
4.7119588245682635
-0.1318176781446191
6.298984702587373
4.175181778390796
10.381058615690382
16.35228150290918
9.029837267979033
8.405978845111376
3.2071205097692155
4.368283949217739
21.37905119713721
22.937206351631964
13.576509876813358
8.36891890014262
3.6379199688722865
12.193247631936396
9.45944737921414
15.327736380395956
6.215420470232348
6.136176794301597
3.0302367077434096
7.43921145789248
6.182251190462394
6.518723898922172
2.67145285207301
4.607322919635702
8.28331026069222
3.2927105227264617
11.467524529355385
13.001893432789153
8.723135924066067
22.54032992628983
3.707661125654493
7.148538562648447
4.208266590184268
18.889942403725712
7.673125890291028
11.255478352068575
2.960921485996498
22.580839123634906
5.54454591522515
4.224405344437406
4.227639623340291
2.3210409248287878
7.049584655201223
6.067658506715338
19.10323951631393
16.14211843862988
5.231512448835299
19.932332142995037
10.537780571372556
5.405925786596917
10.725322494463937
6.532183799584155
6.099894751070117
6.80215073519685
1.993791495810404
10.552362819701754
2.5855934647699472
8.344217047208009
1.5313150557794641
8.01436815919909
17.087562981083742
15.221739674064217
8.92856259475472
8.049536784274789
10.429584769009859
4.1884627349890415
6.5077268861714375
5.925430838582641
5.183204655532203
16.824407975065007
7.077618569048454
19.62085534043853
21.482005991444066
9.833516327834225
8.167163713005545
3.4674127199069003
2.760494522636872
5.528563874399426
12.366354970575244
7.530916407661875
13.074876043116863
2.3305285544680356
26.242994458610212
4.531733631345905
22.830212026795078
11.391523332769966
35.828853810332525
19.971749642457635
5.964931227368515
3.63907929302562
7.427134818420623
8.042893557599141
8.28046219438062
4.348236369294803
4.597928635126832
8.564070809583269
5.598615792941473
8.947156058907563
6.3343371296745605
11.534884970636124
6.66320315483789
0.15037145845539568
14.217916433229904
9.67314848281446
16.06409597969299
17.499839403805762
10.954536957160656
10.398689660532572
3.477085374745274
16.065295880616723
1.28493017503899
60.491379842946706
3.9064116839613834
5.677850038058357
3.796998768804359
5.527062216482244
3.5890894565151474
2.8875231494951086
3.371798336820461
7.623157225945738
0.9032830570717801
3.7369694500741426
6.526563415270342
2.9436962008449634
4.218376103944733
7.308498840569344
17.308542862263373
5.487564868482269
5.465203068857008
4.538915924189628
22.67426014396333
3.796693325786915
1.9302091678370503
13.942176672492998
19.630871733655113
7.836882241416388
12.700646748975426
13.959954967982835
4.168662558393317
6.280683290655526
12.021833404294616
5.72288821214482
6.677637851055453
4.711010136147696
8.784528802041883
19.60514605476649
10.497752188725327
12.391937068591565
11.716782212117913
8.260751302342888
7.618592120222128
5.966691922357775
-0.326135464154518
3.1458727868596683
21.745839530045107
3.8303703971357552
3.271835876118486
6.3877313767276815
2.2520668646283912
8.532281414027477
7.0434088108335215
3.1753323496956947
3.490630420134568
3.4585928467805274
6.636184685961672
3.554894392445944
8.859673814627167
1.4709841167466386
10.249006916906056
4.401294680482121
11.372509607998774
5.537967098835657
1.8985599253554428
6.021600941361298
4.915488287992853
4.152341723206788
8.719470329287391
5.098057477771668
22.09940627102041
12.61501174768455
9.668393056719545
6.771510410355668
7.358287519809339
3.7331763614882787
7.778881456751064
3.562134960368032
4.657931163752024
3.3762431232187233
18.7339039301926
8.648782789183295
10.479982682867384
7.141516248661581
1.1894924418924013
5.7004703034229
5.955406839554021
3.5297691794979307
2.778185092466927
18.099556827071876
-1.2912930225641501
12.438208112528853
10.868002829339233
3.1407173235093278
13.41530669895609
2.5054434264572367
0.6109295685524976
10.942427830168683
10.350229381907232
7.487091955479433
26.735526661298707
2.964050745078192
2.8640088455316604
11.912532104288818
5.212098635373583
16.278512415424846
5.734794284515419
18.45824135145071
1.1061229786016837
6.503118057230781
10.290704714980514
18.232133456014292
8.348760667499983
1.335666575314149
10.695372519241657
2.9416582508478215
-1.3932406973195752
18.287232489204328
12.675406825891837
6.682117233515296
11.80269255232741
6.74897722080401
1.8841081529406865
4.834367060282135
4.2340097788681925
25.366743822131532
5.406554636025062
8.136956427768277
12.986854112152153
8.258982814832697
16.64042624795519
3.006757794216935
6.829188111693607
3.095822565296185
15.504454735169626
13.072883315460178
14.775709783683919
8.669529282095759
9.32134113014008
1.7629898200949665
4.2395159868980254
5.096316351807348
5.462115928560781
9.723947771352911
14.3714823843776
3.06726096118511
3.2452088700938067
5.999303584643531
7.204080149483074
4.184742407982794
6.540484252701268
8.278500700406177
9.80157733373778
9.214748233559446
4.848690043089354
11.183878255493905
3.6505462069590515
3.3984412628501675
2.8976696551153616
12.680387181649037
20.539914655737405
5.512164318083113
8.45430130100202
4.689943012602125
4.2949402086065
6.282415847898037
2.1958432327805633
8.99495063531418
10.418229637664426
4.84441646199237
3.3544379425480626
12.284512640778996
8.601614551588797
19.262437959461145
3.532920687211029
6.589613179735257
1.8780211646629892
6.103771737361369
8.852369836753018
3.679201011830594
6.781815432183824
5.387625207633496
2.2172131223792335
4.248792635988563
2.2909076379193865
1.3193717297284275
2.8145508241264614
2.8145508241264614
2.619580318290152
2.619580318290152
2.619580318290152
11.150759271483826
4.564885714673023
5.96590908634949
12.529024717395304
3.9325631537358174
4.062292149136464
4.0958841823704395
4.762412562896105
3.182133158830493
5.066266679148645
9.580910325259444
6.787328961286322
7.04944698951876
2.4016339291721533
19.829916371633768
3.5690119769369444
0.7995906292417466
5.098199724399003
4.933269397571912
5.1536225099646735
11.983348332968903
16.74921880318439
4.689845226940415
17.48649466368498
9.243794795466988
5.780039841241989
7.653454624533573
2.5371880544530194
-0.6074496567030796
5.425415837332576
5.355021158671271
4.152395220683479
2.9619966023111837
10.370611647949685
1.8233743717419668
7.440344806345252
11.145257146388442
6.799006048809467
11.775998285673488
3.450273784665523
12.203340333606244
6.603106221059827
9.301985770684917
4.536079631602634
19.020336272279803
2.7953046524287966
6.282961881236342
4.995140597746808
4.014042104968918
6.45744521837523
2.6142268292484294
1.511779668861536
17.79968591445312
20.2049529009119
18.694788825041286
14.500168608830203
11.262388255784353
12.534154452194151
17.710756936624588
13.521263861936502
5.661956060084999
9.279347541976849
12.47270407987368
9.002604620456365
2.5034286763257394
4.905021560459334
5.236715797074511
6.563217567808499
2.2138584939234467
12.44772750051396
12.77352556928745
4.613550780700242
3.8227467813336933
1.7093169493355713
6.3958329514799175
6.5660509453292875
16.880061611149507
23.999138595724048
13.444756183821656
8.913648258588488
3.182892438723401
18.971189517428876
6.2870656129916815
13.073832276107535
7.171950435449013
11.019812792186224
10.275013409579568
14.95914655972835
18.95498794022237
23.30227112747121
15.109747801305936
19.77984344035503
9.687559142583883
6.068455551271038
5.087738260102139
16.433261266999732
15.776964393669907
12.604688856488242
14.321416649888091
18.752233185388203
7.837651065384201
9.849318344153684
8.88795936488449
11.43240865397538
8.045840862843363
3.969097568817308
9.880602171816692
20.146806925574385
22.9923733609635
12.512383515324364
12.737244662823834
8.145085211199541
11.759338589710929
10.931923716611932
4.994992748133861
13.06584746611618
9.61631378179931
12.623144160885795
9.662457972592525
8.158409399847818
16.152156020470002
9.594368599029172
9.758661402505503
27.88334261650853
11.321357043809785
18.27950129307591
16.26648712126251
10.482086144409681
24.395897222702075
13.852966792791866
30.120376379100374
11.437510752925961
5.820759554229029
17.965097689898574
32.40454489893814
14.43032717464325
15.683107860814014
7.119495788251976
3.206670439552571
21.1045024934624
27.01697315868527
10.65674780893065
25.934180279813965
25.44209894721603
24.184955535797727
26.90503707787903
9.860068660500348
8.70464296713944
4.827146641521252
8.489284982858791
5.621873472248578
2.050723215457219
9.38770321960381
6.913868649778032
10.4737078345681
1.9514122013872426
5.5655465960417
4.666799280155561
7.578863628213542
4.464050325624251
4.252725348898424
4.951516309480933
10.673491658570669
13.406356607689274
7.6414362246265775
4.233249452612795
2.7961019346050224
0.7168907074618536
4.901866864795567
6.474305183232461
5.226540608794121
9.841011988946413
25.375075747243443
11.250418375886872
16.73588018370981
3.000655814852457
13.090967141351474
17.060838222596747
16.80911803879881
6.0550668076830565
14.471635361086518
18.876446436921217
4.450651128396956
15.495881048764382
3.2708029982118947
14.520528797303962
10.493304855098646
5.518629158254195
9.821660465253451
11.273769475185945
21.365760695185777
16.181290877907774
12.646055728605614
13.365766999662224
1.4732831161288216
26.993024376925963
11.361269764418573
14.68461094727637
30.313865152682705
9.766878297414445
18.570244786940467
20.278504825310634
18.3107130764666
8.336849712152548
9.107034592740748
19.35476671694368
37.12578351380621
14.883417763267998
15.629599778780547
26.82092225497856
12.102549470087428
55.46057132204812
35.23382215683349
35.00527937531185
45.47461152628035
16.009866185003787
30.952725028651933
39.46159404337782
65.6739524225823
24.19370810223805
6.585685320153186
10.55003521391947
7.6982437779653115
8.534632277483128
0.5185410469661769
1.575130050201488
16.889589255602136
12.091480235289884
4.310707676914382
10.945750530938232
28.214001338764316
6.381052695379505
1.999377955217497
4.816939931397519
11.376415960836608
5.168372185820578
9.333734416672662
1.4662676373281778
1.3910345939016002
-0.2300410015083247
4.628912234808608
5.52706432436181
15.14448269605575
4.642829208283139
12.127540088551413
0.48178642907660024
9.560755864124914
13.833134073553957
11.827878055286439
3.9286761426067542
5.53917908291533
2.856651166439515
7.910413094787082
6.091917534675424
20.272888627064784
7.324488227434106
4.413944537248694
9.869368829067758
22.36464879599479
3.5106069327249174
2.212750532866493
10.461895524544826
13.356998797842744
8.986038583911515
10.168891507134344
9.722596347512026
7.180489575703286
4.5693638655825195
4.825560872407751
5.415104106852196
12.564544262141405
15.641314625582856
5.5780925853091325
29.93752979382336
3.548479949012274
15.147200356045927
7.873335873441127
4.398144520830248
6.792070843934671
11.11419566662165
3.7950092127289317
6.221531662709331
7.103073233965
3.212480657677522
4.07045473959127
18.64187180859682
10.728403789065146
4.529099508142417
10.005875885834797
2.524824409606372
23.508215961963383
6.669026991147499
6.149633169158528
8.520140946752376
3.122637565373521
5.563989949912155
5.169271113952029
5.653116141415848
7.327756724184837
14.22852121883005
10.149864684949335
19.297931804221655
14.38095686468563
4.5067404631690025
14.02446501720161
3.370151055527342
6.280724274486334
2.875567450775372
4.19445800657207
9.205137227956957
10.607532348950972
20.362360209022647
16.300913718999936
11.863253533700037
6.312819182910754
6.396118611837822
6.62162653155588
6.149616456380228
7.374724334368704
10.902943280464282
-0.2720746372421307
7.322768755280048
5.860835019948127
2.280574754654018
0.7305590947093155
22.11121542648034
10.431497709071179
7.235413375350899
6.599162173495782
9.268559190327105
2.6253665496502627
5.241574977706083
8.239438440474844
5.735084636852531
5.276169119954261
9.241245859267117
9.424931686062525
3.9544935580888514
3.1691091926541057
7.183219157756699
4.804599529028096
8.374583236764261
10.291975354926794
12.164684524790715
10.276727475911102
10.992727576889129
7.045347920757182
5.71001923646181
0.5449526734636224
4.850652769942909
0.9898784574963855
5.040294207644402
6.967131356689595
10.711539292370402
3.752375809600179
1.9118975011198154
5.473242894239436
4.86089612930389
7.713594054648155
5.170779624042457
4.032530379584154
0.7027255543224501
3.6283616540966914
4.730675781442804
27.698114102743297
5.722410578492034
6.426455419292686
8.557650757758461
2.809695940816058
6.144041275442405
8.282295998863825
2.367458406005098
15.371088159537022
12.75055975918209
8.84662166880742
4.493441664800966
1.4800960330682635
20.77699742420413
13.175660663290582
4.683056042392723
21.40038194814782
6.074149849948918
14.972976060621258
12.21373699418972
18.356334575274232
9.461436965551911
7.379991963977867
6.024521649673588
13.245193810560101
20.4081487578997
22.80596300722478
8.43426524212028
7.063921732063827
6.91582381955713
7.063921732063827
6.353470015689049
4.422743395964366
8.057356438180975
6.409302256273241
10.023953270378172
7.284162787252853
1.198998343158428
5.517271768161482
8.892969783719758
8.217109682166564
2.88513628514082
7.391219430644315
4.000712301138383
8.983935972908451
15.131857132244681
15.002088647756787
8.199634641099175
18.144617930127833
1.3854109404876795
4.320081240593385
5.220246926012012
10.739219432383742
8.928920711168235
3.1336492329880445
6.540432269196952
0.9184590278431854
1.3098537927845564
7.654865272310096
7.142879342776886
5.527486764941005
4.1471593401354605
2.7543843817755196
11.043728573770705
13.510113190011344
7.253682541100486
8.319590482866593
11.763836482926912
9.59246884197482
11.169639581041718
9.022095586440543
3.1810608628069383
7.50310214272799
10.57337351978031
14.487854886765486
13.101051641571942
5.274904400078014
3.422581069532972
17.78821738320139
3.7253642083293865
2.996314997260388
2.8474382847217714
16.68145586369211
3.912180232989188
12.31489874615835
6.1034815065575
6.443666543025664
13.071038928001274
1.7415550450399595
21.112713058187673
19.614445675589522
7.842922287170872
9.792992178330978
2.9703206928107413
6.353470015689049
1.8100333553483248
5.972003465065152
3.0808442790549435
7.035640062267753
2.270513336829486
8.397644195144274
11.100699052403021
9.591311511064482
4.3880989590978725
4.9942732292038405
6.548874889857285
5.380647868981999
10.997112730953416
9.01987782244743
12.773086721032376
18.160706813364985
-0.6169631328419926
7.601176454427632
36.86872642319086
20.321449881922227
11.043628414816425
8.60934086594904
2.723195170193422
9.292433614978002
27.48379826985316
15.770267939144897
16.215383895658036
12.83976771045522
13.28344370177259
27.324672520868717
11.638819453276486
20.37751932716654
3.390446199087566
2.898243048521764
17.29188011975727
5.491842439326901
29.777854801445837
7.960441955143042
4.713100091398483
21.165556046160617
13.975477571202118
13.3135587964303
11.303845507187221
3.601412660475785
1.9144445864004842
12.51846742839088
4.610933073783752
5.913856851740148
2.8272470249224497
5.675339354919214
2.131681037342598
19.617732015677042
4.206074179398172
10.57666438929255
3.6884640640881545
2.644735840560211
3.28137996661059
16.229520431929465
3.407047748855373
4.027330687502247
4.481800993099453
2.749140390142119
6.682418809131275
7.627041108856037
34.92236137435781
15.280360340992758
9.777842300594779
5.172760717223433
7.057098360086369
6.0763923581048065
8.630034898198828
8.521361207351866
14.62096900559319
5.824951693095158
6.5225682334029065
14.365109678933834
7.9421958358955465
5.7129072768903
6.739939046264114
10.366390421918112
16.40295262178281
8.046795258594688
2.641120741296803
2.4848743775563333
14.636667175032871
3.07635666627063
6.655170722294288
1.8862702396730318
2.8817703332248463
7.805871213813351
11.903836712280956
5.16943272281894
1.1794759548238674
9.580518005892202
11.46845138147474
9.650136644080265
6.048061087512762
5.433927308962501
9.650136644080265
11.252582616939458
4.9439657423051715
9.114209396186956
9.284513987006655
5.1293534975584265
13.539288193076436
5.619492358429835
1.6042423918742155
6.513926009064726
11.407457081945003
3.2718295635264725
6.528324597370535
2.474534883461761
13.122843005742002
2.20727162318867
8.053421725011852
15.78290030337597
26.555886459619035
10.985374177386925
35.64446409424946
19.84916044799718
7.710851765067621
17.254528907161966
16.03519643700144
16.692893676373856
8.793127214147244
11.381022182368095
8.075101348022539
5.619470554640335
8.73992251939278
5.448356321205525
19.649214778921078
10.768640118291646
8.828515114460114
7.91311555810292
6.9777802491737395
0.7934360021748612
3.956716151242146
5.885400577749032
10.945787792111297
13.761049861966065
8.632957390444645
1.2898246255136532
5.917049657094562
1.6545558087407497
1.1412829264779876
15.382889778372872
10.575762517491146
8.616003484436803
4.554705994292205
16.1843864748592
5.094459720392636
12.102285880047637
12.134259868007147
15.627368876602
20.57303018124046
10.608398113393822
17.03949393147801
20.465275608731623
10.712465124758193
8.347332003123139
12.835178794704559
1.6680815010655663
7.340088209045283
9.301653107995254
18.974559966249966
6.901048736878201
15.636085011558656
29.776645834848768
0.6594705418092337
31.130873835370522
16.206455479175013
6.937280078666289
6.903367036381928
4.434594668281285
3.240957161142031
12.90274351617211
12.033154348829925
14.420062307923102
28.570506512041547
10.483388358134938
12.056041355231214
10.680437205087031
12.461986971662299
20.318626733877693
22.66505826503918
13.62852698611962
18.14628735290271
5.646002665749079
9.798537254190343
9.252914481971473
13.965486999564606
7.541531256097917
5.028213710860174
10.15752819289294
5.027914295986515
42.068530204958925
8.084609229841575
28.69291763723049
4.790643546702507
19.740402660808968
6.729606470197347
6.599162173495782
6.91582381955713
6.599162173495782
6.353470015689049
6.599162173495782
7.063921732063827
7.254784284177777
11.384192253102967
11.743697906266798
11.475259535384744
14.056465394920966
6.375522152465313
7.2910928596306475
6.959348369911042
7.901792784769129
-0.8116317691292884
16.536015750992917
8.90229699124921
13.200755419939782
-0.22015104661575527
1.8509639204922759
12.300740736750935
19.228177298897485
17.791009282141175
9.82422678489143
16.69214880925743
18.628540323299557
22.59122767755242
15.847103826857435
7.862576965497526
9.73634048753021
22.951367210008442
13.045524506868125
2.8272470249224497
3.8294295479286466
29.017100969745183
13.559484972295358
5.345275866326033
26.456614507170116
2.5619021813279192
1.8412264026960123
10.425679838460457
8.112574236004306
13.429298777815124
10.270200172560154
17.240031812953948
23.02337059956494
7.519824159956124
16.21623686979808
10.09017741968664
10.82453693902843
16.820959416577136
13.10560222069163
12.606178385622046
9.75985841758449
37.84902679223017
4.175625435941489
9.942934136599105
3.061421169925186
8.118794738303873
3.0526043075952494
7.415938679548278
13.931130467928623
5.421070390600335
3.9821247233014136
11.755752210944866
8.691944053462462
12.539155844526563
7.897711413216805
3.488099336053679
10.15428001612051
2.0815315272880284
19.279560487473187
7.479023430932038
43.71306983690601
28.645358454893497
27.25005441565787
24.764559078450308
12.844287989123004
10.672036216967353
13.187479204804351
12.428180152326116
38.623668151274344
30.646516037343737
14.353300302117091
15.037530179227499
68.68209269367706
47.36452627820739
14.409732517940467
6.245083815308873
3.3252058353238154
6.534007967734385
24.389948343964004
15.332139391743928
23.3064551154458
29.91781727706942
21.807516554624698
24.07534199740689
1.1832257616667499
20.36369466958895
22.963214608378866
4.709407443145509
4.183943846504168
8.560709951306233
4.02142618564948
9.382353114803921
4.838367245196597
6.699402387732982
11.367507282196986
24.118766789765445
12.844434237686768
8.60408124028028
8.498651326337662
9.361537491853177
52.88123652247707
12.38549563379273
37.430168540753996
7.106446667088121
16.507462089026518
18.159337420982478
72.61469900208834
49.31921535914026
26.46223770646179
31.34423097681557
17.550692476257524
27.633997784939496
14.667008793820926
16.982712074284283
15.72740217407743
9.272290516108878
4.024654712537254
23.023268392557764
9.80372845053065
9.970249578838226
25.905742611891043
1.7848675644505734
36.049666258758286
16.59944042017534
29.294986322744958
41.6694249501971
5.999218538986095
45.620264078919284
30.113316701245147
4.845960746462522
6.167466989464028
21.8282225136014
43.65345580845951
17.831159864983636
19.250463204879793
11.834302401873193
6.941908474234975
37.61914042712851
6.40214002172845
53.18650545139064
2.1348283596255
8.984882134561923
17.58346488294439
7.446295501178769
11.842780963500408
3.424636127157371
25.647092755949416
11.22858018255806
13.330075776552656
18.359424896524725
13.98648751812957
7.514561826713049
3.0151127523308623
1.7931788675946574
4.719767456369869
3.2963678708965194
2.9802946676696696
11.947603717216921
9.652968893461528
6.051020697867771
9.057653406270266
15.374471789368538
10.721691881212536
7.4249468975658
10.463311038788069
8.721710933254409
9.929079575941675
6.950965349001522
13.921558875913838
16.179911803721907
28.296705983725875
4.2253314063298975
11.143017676448771
5.921095485001962
10.806487473536743
6.361212442329099
4.5092052198031
17.854571515705068
6.018185297442642
11.122729407307311
11.570096656273867
21.407664026369357
0.9861126908413055
5.193981690210945
9.215279099674738
5.857489916603657
6.1938307834596085
18.471379181070784
24.85276839110058
36.38953962411014
70.21912431766829
23.23953557386498
22.744963594541144
19.241355242543165
54.59839817900557
44.726593866831934
16.694991993769342
20.390320976084933
27.352536226888922
9.073964471476835
48.19113027599851
37.949142947529346
31.601307620124988
16.88740623949365
4.005327053944819
6.441482147273863
8.669876847299856
6.443666543025664
11.91079346538201
6.729606470197347
6.599162173495782
8.87195337753531
12.100097376441951
26.2708054307745
48.39426308531593
35.92347794730027
4.500966394956511
9.163020481273414
15.794579347333807
14.651306957021937
11.406490876191326
4.981718291854832
5.780531675410727
4.055755312140634
8.052410436906989
8.761585225265913
5.566296566107237
1.0132063877409614
5.467621024812688
8.35323469565965
26.26335550881594
8.196113692303255
7.600007476225789
15.937271186744622
7.409748404589788
4.329865448765545
10.034197263221659
4.85834979422426
9.542851001892798
4.110482257657931
7.764462378737309
7.020584451017132
5.119860381083675
13.9032734207893
6.871848051312456
7.4858750407477705
8.54852133228455
3.9219296838317943
4.640863928659161
10.605870042552798
27.672809970071857
11.301472448685196
2.049301260181959
10.88020808134985
26.833211115079347
9.13506483874063
5.223325994215598
11.10174900098461
6.729999731623534
1.7929010921184758
2.1226053948207824
10.739111781490866
9.3034507731255
3.621481024197959
1.9585607909891654
25.1749952640961
1.1170620483828153
10.373037840568598
8.326366941173259
3.663773386076649
6.957793363943677
5.31180491328092
11.689731393572057
9.568103963463765
10.171119692464643
22.581508773685844
16.179754993961446
12.422978979512825
12.140009186661505
7.040722141660798
10.061375938285233
3.7933455824133655
5.791114874059813
7.044191219836395
11.083371498374964
6.64526636960872
6.148784518576147
7.02856450203945
18.607045662424632
2.316327354765591
3.5038521308172794
2.7952534182061686
4.90143991535702
9.405652590921264
3.29877897281845
16.05735449139402
7.386136208025272
14.695188394373222
9.050314306182557
8.322081472220754
10.162115348385218
3.1490296399066966
11.191921897908232
4.893738366791736
15.145079599026843
2.421161111780016
18.46054618006666
2.948653469719304
35.591415540031285
36.09668298087333
65.64392534801749
64.15556841166331
62.82715142021381
48.52070551446913
16.32020218629658
5.874315200108734
13.017380206950136
6.758288876934605
7.902948645271315
2.9556777001560124
15.729515704622575
6.663039053233952
7.481162321972513
4.318497474846323
2.00558839129552
10.965393128349534
8.016463921001835
3.8418744856931824
5.469035951744837
9.25437093302616
7.7246342717362495
4.371016304655452
6.598982583600617
9.871945061460021
1.8721908583861373
6.260555282719917
12.01153883149578
10.64895509573174
13.506367440898096
9.055780695090641
6.176835419512791
0.9112452983740559
3.3833152471516157
17.920283931893653
5.185189480258844
3.2031919338782004
9.409244704185086
0.40287822560702313
13.993999498918686
3.0645332201728936
9.871238410930415
-0.11927012318043856
0.3667470525847742
13.141294677955475
18.59048330719945
7.909228550576788
5.910029948880602
5.0023934336612434
2.123742618368583
11.122005967410708
5.9250304394049405
4.40318065821024
5.7580127250473625
1.51518276831225
15.819225647045338
25.114423228240277
16.373870220293433
3.298252417165983
8.793558255160214
8.369559059284095
6.969521004247187
4.780039651453584
21.11926144338691
8.476852532863862
11.660682307397668
15.423110783517501
6.747248650287454
10.9485009770721
16.41246434649389
6.275195942685347
26.98807392943406
7.4030581193627825
9.623791924585081
5.623047397759631
15.680661021075581
25.86395181124313
27.229381352100088
5.636482777192382
22.761177131912195
13.709080866666744
13.382130670194163
1.8875196265366803
2.7059819186434537
21.7045299572399
6.986906558409929
7.728436152505301
13.318962306797003
3.554783880745144
6.781396593636668
10.384117598815338
11.09010605429607
11.608177467495821
8.254842691734114
0.9133168438544246
5.3685358941458174
4.824952984241597
7.959220778458526
4.867328078063504
1.296068092761213
20.65141136420585
11.678886914735969
9.477640261279785
2.811135790138133
17.476326117575624
9.11180613234728
12.546861836971937
0.27711056611600954
0.926273459390249
8.319909087381017
16.637241015877617
6.821637453360283
8.15119716991711
19.65166881009693
31.00561760921925
4.42566134564405
11.801205244678721
10.441157637632575
15.018617341290996
2.250892957476241
11.839961737353656
1.2078041451559034
3.5585777107753054
14.374917745147457
20.244468663741387
18.171644784556758
8.850108711888442
8.898459620659391
13.600874926801593
0.15784245327766985
6.961378666853119
9.742981594402606
6.48321009201063
20.786235998728543
3.48029895743293
19.798395092437257
3.2053977031721517
10.732445917460263
31.369416503249287
1.1707839390631698
4.09101259491221
35.69026166552452
95.2498891875112
93.77541406148222
10.16375214846409
6.045299973666108
8.446116719898281
6.386619577313133
9.865042164724288
6.520814532946353
9.78787097431849
6.590024174271229
5.43405525819716
11.291385789230391
7.739030005818249
7.54561095434195
19.991487473714937
1.8705171087101835
19.814662177185348
9.782260063262243
12.527209053555241
13.811985496871413
6.851606505141164
11.793413784430124
4.162531717095105
6.039195822412444
12.927741199034477
6.779855380745012
26.189313470128628
14.218234297927914
20.326700640921313
9.13718963859906
4.874401623159502
5.9281524621304715
8.000598814329678
7.324706322023262
14.260816285526058
12.324188201171827
9.136639115045027
6.800304911362222
10.490830065046204
9.06087962008225
12.05622399556277
6.684597979306349
8.42599018902645
16.8666830039148
28.363476452832376
19.11132489369756
8.630296914780125
20.335821448516068
0.9462154470225702
1.1801596101280263
5.803289381211575
12.388187447158893
7.877012596337975
2.647333579501215
4.227186442961742
3.7458741700218194
2.1806221089194775
7.386490006320133
6.357278323229863
5.1723535881858425
4.381978511672303
3.683252740222241
7.995872992276906
18.949542008589866
8.213555638753869
16.695606815065126
7.644786869057634
6.368753141394249
4.3578506046373
4.729982194008868
18.8788190212498
45.14730694852163
9.5763309157716
13.883874655427169
16.50812782056354
5.940948887127399
4.610593569642278
6.599851547301201
5.864486509509873
5.900108334302019
1.7254051025582564
5.331890339590569
7.390880315869585
6.729606470197347
6.60095921224358
6.443666543025664
6.60095921224358
1.2937205644417606
11.719320470153354
3.717043425106552
6.018045781996648
10.085887362088565
2.4624044241972056
1.8575749309498577
4.451979132528376
3.731291731650172
3.955537656274336
10.111975253014888
11.68900452834456
11.288328626463072
6.2247207570972245
5.533867441852352
1.9614447699605209
2.146586116777505
8.22950837634712
6.60291744695463
21.420324847207393
8.325253457529385
11.655844488715955
9.14581420188797
4.771528066779383
13.409259771275753
5.831280822698174
11.433823996363822
7.45677561850254
6.015059150575348
3.6446717288823187
2.6279874501092513
5.002057563672706
10.43272698984861
9.639955198284078
4.443803909274441
7.048112157371472
14.261358329765992
13.534051105350352
6.89937845197221
13.59133495806729
7.331389760037623
3.613473088635783
7.761043042767288
11.773455523845554
13.286815438231661
9.345591529741812
8.085718405085238
22.63589420676706
9.606557219491911
5.075503663818106
2.564748109104205
8.188649053804536
8.894603587750089
14.8540738654126
14.400586687116473
11.548663906924268
33.77865064475975
9.0837573459177
13.67152464904684
11.25586115527614
16.28739065992005
12.615143207939143
9.952100818930054
14.444406330098701
13.59400192612795
13.121850865260381
8.018033602405401
16.093171438690774
18.890760370725634
19.84885501427215
10.18471911124777
14.124036203540625
13.905024963015997
15.333959163468762
11.19079286743689
9.728306853903073
12.304923618489653
4.771294988107692
7.235413375350899
6.91582381955713
6.729606470197347
7.235413375350899
3.359774777032505
12.334419770502919
-0.38627487526004106
11.522329385106069
6.454323112938594
3.0333591953978125
7.473934121591348
10.151172384584951
8.99012530564117
5.138114427569728
5.257339139333357
9.449859349929685
4.107716470406188
6.276250573358843
8.094009246309428
7.6059819716441694
9.795263765936935
8.00290582072354
3.7679612360800436
8.127518896103805
10.023589859020753
9.557898676962843
0.8784089370313332
12.74111322169098
4.213552644014778
4.156016509514087
3.8032794754443517
4.079120387639696
4.763858074684795
8.395868671739265
1.5417035160654053
3.197617813944358
2.4224756686272375
14.141586968193907
10.951505700076687
10.885177323136578
6.01789484493935
8.17813095918689
4.230200927250258
11.102819859678174
3.73231805614058
8.164375452474621
12.811239856104317
7.126061433159844
11.10359948529623
15.466917834028358
62.25093974668598
10.622305613100062
6.253956350323995
4.104647372878405
5.29017296491836
-0.8894635743826319
2.55064169196791
1.0080190450123467
4.082995877996633
6.915865342582435
9.054709121780478
4.384561662578195
6.570833526500715
5.343291788187071
5.691316308737665
1.2990811534035482
6.416607840552804
7.099994026502186
0.8525426533095907
3.25462590822579
1.7700283331235611
1.3366499591618246
4.753558176448319
9.965552676381982
18.84076301201337
2.7787847324457884
1.1368388117096506
4.149312494912271
2.531941165096131
6.873454981244441
3.7017350957535538
1.384099869996061
9.9202340030366
4.804934759422766
11.473285099223904
15.623884972095961
7.827130115027352
19.613163306830327
10.627565016894971
13.356390896561656
6.482865271570983
8.499082587745068
9.642813220911279
1.0524306191560022
6.059915337375639
0.14578907566223562
19.201451139190006
1.7722907975604352
13.620798383972366
16.743267976806436
6.113078100789342
3.2779777866777247
13.99055326334091
0.5401346830019935
10.055755289751778
16.037778083548442
64.87234997175443
2.742343473991256
4.757555997058124
1.8967714239940776
0.507835274003918
7.623081714720628
6.100298390615188
2.454748610309985
5.9014489676763136
10.279362482597175
7.177109952530801
5.6169411029845095
8.279743378910725
15.018611708990754
8.774782398775173
11.410257239701302
5.640086191125988
10.935914045577265
2.92523366384251
13.741811360870015
4.574478923239046
10.4605356125056
11.447734230369676
13.44759178519591
3.7463832500709433
10.293296114052641
8.628499367478039
12.224848186404435
3.2383130260279342
8.111099844332369
7.240732072201185
4.7222549950292
0.037938273830504854
5.750339674511564
18.233592532614413
1.517306524195562
8.563270348930756
0.8671283190967002
13.56481360066403
13.856867681883434
0.08381023122986822
7.254784284177777
6.496200414537945
7.063921732063827
6.496200414537945
0.9701787632423511
8.661835297737305
10.52329035124044
9.059526189689354
6.968649567422381
8.249569184124082
4.5279658339996605
4.524135872741503
6.0598666735667495
6.308229403041937
5.977970283652745
9.436401537530864
41.35411325051564
10.102850710880285
16.214569302899516
6.012708327761283
17.076731007997495
27.07336841900219
13.10692141875601
4.437831498642358
3.077659363311047
13.709211604823274
9.384385921869853
5.162013981564299
4.5472898017607895
8.959104753689163
4.045209602598682
0.41900862386921356
2.8575114709007954
10.227988090321784
6.528029346264107
14.292523140294913
10.667056767865663
5.252927874772121
3.9174125081447007
1.2592969780388295
2.488056746854698
12.72825192040374
42.72581761935355
5.499549163593995
10.896644608391174
10.996524223472985
6.0024516490804745
20.817054375852248
12.146265278311025
16.79514497933899
36.69972439616862
5.518989984787313
4.161322448517116
9.105565730496616
1.0421416375462447
4.120575108938439
4.120575108938439
4.399867687136691
3.1837564382630537
2.9707132365222835
3.7573317931314865
4.01279298301423
10.334875642171967
17.284266729701166
3.8980327683711944
1.285692739307686
1.8162706663118122
4.011173417578562
10.150166636698945
9.098358021179296
13.815778772388702
1.3418734770871052
10.720377540316212
2.440787511922048
27.98371071553331
13.628751743088577
2.2618896774778667
8.000079769058562
8.023315256980089
22.06149070641546
3.9433729824576287
4.080103765439262
28.01870633755245
13.463635376345106
16.421403836141906
7.154133113708501
16.234681948196428
11.714360174755981
5.025770710601807
7.555322696417846
9.47017244473586
3.3150771363248044
20.54656366348959
13.998987518104308
2.0078407434353207
8.473870588902004
4.463061394636602
7.7985468709538
4.184634761660492
2.7423528950802423
5.85893146866361
5.714042268983059
4.514122571499413
7.499548976160372
37.985135568050886
6.3170727582745725
9.027110904861216
21.256954238862512
11.626150559466867
0.6876286106837186
5.58821728853673
11.267990886866043
8.428756250992294
6.13936696459102
4.814868715696596
10.323409771253516
20.711043403583528
4.795724338685045
16.142149887814522
9.64511109243028
11.505834440694963
6.018129300652742
7.226809021094329
7.775425290949421
13.572082134141757
5.355114223246421
4.9945552657082475
2.953411737998441
7.475700665350585
6.021715570018415
6.113847327455349
13.734188672427242
4.9611247847087485
33.31826095331294
7.632140891091886
6.919111187352889
4.152340122086707
3.007001732916204
3.4081033908742535
31.411737684932042
4.841262530627045
9.630815042804196
18.116427151226205
7.659588287134112
4.504093042664692
9.166604219292577
11.91176579280232
7.95572810524238
5.776779162379557
3.6105441386308503
4.9264211667112185
1.713529789176119
22.461484426287836
5.132975417748279
34.7115824302164
3.457773039483269
8.782285842232813
1.4973292013097956
7.30085298778134
4.2526047846313615
11.148623372466862
12.840884402301525
11.253320885392268
6.024115671996434
2.242811512452285
19.822874870524185
5.073829485653877
1.1747938100811885
10.371312364789238
4.7368007760405595
2.9860084772795292
2.001935215043438
7.062161698500808
8.983283982610331
11.368704472888334
5.040445746145908
5.590737842816435
4.618750899779137
7.854091632411531
5.116441904969765
15.466656042977945
23.877251646907187
9.528358497560143
4.026920241217001
3.4342027310382
7.9224567680114815
13.84608750262952
4.473329816560276
23.96752802152494
6.214975061591036
2.573519233067109
29.62763354304763
1.1436169733735886
6.378760202255427
2.1863596338045523
3.618108118171899
7.161247415088854
5.989275324026052
6.469496065864357
3.4655344690748433
10.194640101257244
34.36799646937379
0.9652247468967088
0.9391328954397163
5.001151076120606
14.321381820537786
14.312989375108828
3.8591799191172247
0.8301063654886645
8.537086309833128
4.089013471208913
4.534898830835485
8.009477951961006
2.9229013989290094
15.819562225585095
13.011723549590219
7.715028538895381
9.358818982912556
3.580840194531203
10.768488858456388
7.312659693244808
13.831522341432299
11.97985958462006
5.0409770789069634
4.492658920911454
6.622403583772681
6.364701292451857
9.59438981780582
4.402628694729652
3.099740025899167
7.800640388994818
6.601852327599296
6.5343698391353815
-0.23938276017247612
11.3522717370931
12.96873292346452
15.290781274959029
10.628761726892156
12.203810611088086
12.657015181358071
26.506218210977124
8.75457920941035
14.260080865052688
7.671977204465792
25.59356114710281
5.926383920418765
8.765893333676269
8.00641239747642
8.016647461547057
23.356107109869622
-0.640564784647797
9.977274771198656
11.29494048689282
16.050233913380954
24.000490997390127
17.3546376708519
17.452957011011357
12.080709454296297
4.917286787917283
6.599162173495782
7.235413375350899
3.2676929448827385
11.400616300330286
11.49754648494318
6.882073171107477
4.066282783330984
4.724561875009548
9.863007525661944
12.466170100037388
11.959559003633789
6.016836585542326
8.865543176583596
9.451771221300136
15.334426944669632
8.330304622830502
29.871623536513333
18.001093301148433
15.07335793088
11.200323447520022
6.010489309475689
3.7674445759149715
8.601764064974297
5.6581568110092695
9.824856758467748
6.515838157144285
5.554404651271973
12.511138215259919
6.59131459899019
12.071162803385661
20.787862980619522
6.050319313516671
16.748454362133323
17.241861947354646
6.727447407387581
7.9913275744821375
11.84711410869976
6.714981298600254
12.54778176382262
15.43802419694909
19.305715035544925
13.712775517752469
17.35424785424187
20.602673040312744
13.239713917135427
23.071685850397948
11.48712360532568
30.988174824173488
5.723124627153817
6.651653563401537
9.152649755466845
37.379786572369454
14.538876254577488
26.13311411769029
6.910479310816721
16.797046188947597
11.895472361353935
18.34091205397342
10.026635447176995
13.790075607949852
18.628720389255133
21.317862406453138
1.5412197308904916
4.505968751943799
14.061850129383023
6.394432888375879
4.906104321061698
9.186274021358171
5.735555607183968
45.46814227427201
8.775222451423485
18.014889173871083
4.40883286070249
12.632236028153642
10.413419082882696
10.381140994521346
10.095659040079829
10.653928771662109
10.699055864591239
14.243112386583194
5.310938497540599
8.280537231430737
3.8066342543135177
13.598629820137642
16.612512929621893
1.2166257974556118
5.312638869389175
2.088267923261685
3.6269070792109077
16.304633138914923
3.181284879563933
8.679473285808822
6.1484241520533
2.600178408407406
2.2039168814602315
19.836661100385424
17.20768424635203
12.528852924326959
6.407122354137967
10.639204921925703
10.840333959103022
12.536557959572791
21.12944282078325
72.60845608990323
2.18306897554565
1.2417660295781021
9.556045606109766
3.3410426148542136
10.993685957741631
6.320465082719494
13.291156577727513
12.27175456297352
8.219431161910931
8.909581684715661
8.154199905044491
9.927448714480967
13.864837398831089
1.9336309810535919
10.200199117110985
18.486211903711656
3.5599918162363084
4.4977056180420805
14.477779633033
29.16191001467331
8.357096231729734
20.229785996635076
18.052302679932236
3.9382197198302324
7.491265722324559
14.998967731218098
12.527220999002804
14.185016766951492
22.628000783319024
9.53392786720927
8.611219212385002
17.761421741025504
5.665357197779846
7.360219046431927
4.725302308020381
7.136767914991145
3.6098128859768974
8.605163452968984
11.17000819359612
5.6075448556778555
5.7569813431316765
7.348981400914717
9.242583406239971
5.958426624805711
1.6358963522761933
9.415155700536417
21.001060296295478
3.412343428073501
8.469637995059186
14.737278721239973
21.48180356555551
6.585183902550543
5.260696607081493
14.97058796453314
20.229785461059294
5.9043745040681
11.57771422613364
24.870604838232506
12.411741234742571
17.136725030626216
3.4251889799160042
7.996689757854883
3.4241293508192405
10.222392423378615
8.288959530274962
11.599969945351381
30.799258645286905
0.4033071813834612
1.4234859310185022
1.5644088164608942
6.559026722918656
5.688448084016799
4.546809914367354
3.091562886870867
11.13670968540037
10.98295816479991
19.538197034335823
24.600118897352026
10.74062819920853
13.29242030808243
17.84251607339296
4.0718992811173305
15.92809938955904
9.888192891749389
4.308014986980396
3.8492876629849433
5.738683867324893
16.318025882379928
1.3538066523747332
3.5432313477630695
4.198465422011171
9.903606267416837
0.4411021523999092
3.0764631333789936
9.394076627994995
8.911374860449358
3.4770884792066457
14.652239171753006
12.829406309891457
1.2279942011204978
11.571865126498226
0.5110916875544207
19.270517663421636
12.568039977952852
6.772295366066616
17.10756692936765
10.196607651906444
22.04738899502552
-0.2941904760425081
13.798346946038242
13.68614485675759
8.718876215157382
28.79075692208129
5.570072986823094
11.79347084416661
19.26666436322346
17.089944797528805
9.551917331152893
6.032974686079083
7.5149432249043775
17.154342072848447
19.25228829364906
16.495627291653115
22.72879441223304
5.0060011825946535
9.259462709623435
6.737018229858529
8.985520457486881
0.9779923470354119
6.537758732267167
4.439165192781872
4.959026214100608
20.04801418855548
18.016477086015094
7.620451982348259
9.38052650409787
9.982013118755948
15.844648220087713
14.051240401997173
21.821931254902353
21.699282627656153
27.459708978420338
6.389069002690865
20.39769580991582
25.6974366169878
1.7930315431436705
15.104177637072956
6.593624123498125
7.9753224613238425
16.44429322377709
12.08670508049156
10.941130168056977
18.456580438788116
7.517903690269381
12.686185105791381
8.511905631699364
8.094770921571834
2.2344714670381243
8.49352035592682
8.819719398422937
3.095310344600023
16.295288018858308
18.536431879513152
21.34514260095389
1.8850668622142797
8.138674280919037
18.31991643385907
11.679667099946098
10.28090108237314
8.177678928041537
10.247308008844755
9.454823526268168
4.179793819660032
-0.13933831882960301
3.6832523810195035
8.056764634921521
4.460159214560502
34.03339501381822
32.01716358864448
8.17335863844464
25.30801670841883
3.8618681733567994
30.141158112833498
20.8437803043504
6.844918298005469
5.689086231322175
2.169597903764213
10.400473609472451
6.138575171920332
6.181235051387965
9.072147223765256
7.688305570834377
2.7543127838280976
9.933777582917864
7.835788817348826
38.37072693214055
12.087214771320255
9.613113275449015
33.09145349727379
4.436610345741351
7.603048442428642
6.723210540026387
3.906109683552908
1.565791829696805
3.7053213677073344
2.050586506973355
36.95261592433222
12.645593076471991
1.7991124688483837
4.285155751885754
17.497848922571645
5.182152957241474
6.473298497715075
21.908450016543604
12.600737433590645
15.339663136426612
1.715735987574666
5.350306283164632
9.542728758712835
6.500076638361623
4.211583165659871
6.000222398604714
3.9073292265573
23.308285927012278
5.593776569917011
4.9603969205307346
4.918227904006599
22.975443627480075
22.819598131442444
7.683016320378373
10.364993351692174
4.758076640999084
9.051304809511894
5.453436624300662
37.963783188395944
16.42423921581999
11.448569627089839
7.116731972027333
16.07934730762753
15.349184643680061
9.097550489193896
5.781405956591885
13.824341597339064
6.009213441879497
2.1314416495194526
7.723601278618434
6.414812384331934
1.9217754714595765
9.880663026201534
4.909665244040932
11.581242408197605
6.071864168243399
2.632339589832401
13.985072200604177
12.867044302112797
4.13840948619
6.68341504094135
4.18976234522615
3.7698288890295717
6.646323331452476
7.54412246169787
8.00447449200721
3.3873886189767624
4.622963295015402
2.9409880424212838
22.78009461287877
7.2175381967228445
10.262713652100507
7.540589478313459
4.777349586601827
12.993786859409347
1.1199751416720831
5.293766128211654
4.5674847872473165
14.726840308410146
10.71973446401229
3.1125163011581014
7.829031436317645
6.760919279407526
8.227029818101169
5.849063466272109
2.095777732077932
7.749387221021999
9.98253649981017
3.0192910582505386
9.306705942675462
7.228758718970668
14.444545306208122
5.218221729150088
2.46993439040313
4.834068312529774
13.276620188851242
13.06533391642057
15.750960841503918
6.298466235950213
38.067579618547526
14.307105019924482
9.737200591671716
12.443209802541775
9.614452736855135
10.153218427199661
2.203587918988812
6.628500832092008
12.533688907689987
24.826393359622035
6.066788249854888
3.6529220164223517
4.131587542084876
19.702163050942545
16.56731076092641
5.622482897280645
6.947639641437414
2.302470086955231
26.262131687419117
13.144088845599997
5.104975332485747
13.487542370340513
7.731913664899114
3.2603673218015
4.255398537777332
4.573458955858696
5.5059418212431295
7.662790270465351
6.666448322148752
7.110846947933628
9.757703621789888
10.39632371812594
3.599584329176518
12.55761360017463
7.703070534498251
8.543840206959088
15.559656657551715
13.58072708130498
9.67013049380473
2.902170513699247
3.1936127451275413
2.9662274118993386
35.49125188115868
12.954209474586559
6.839986522533458
10.724261083722284
5.32059795496733
9.595285537007731
7.168864210501685
6.715571253703314
24.65211918900978
5.491841689352871
21.95842093594203
1.566801061649471
0.9548663781896266
2.568152848268121
8.33071548174125
2.3819592506304703
2.4230173456515613
6.082141206050298
11.752757517186444
6.6014294967607485
13.922946106285124
20.512680167902953
7.892224140260614
5.345002182450407
14.469533269925256
6.3690330151819445
6.076752086084272
13.167690088499807
13.779580744192799
5.305591141801472
8.476111281148947
5.31417752447231
6.461935890311463
21.211423052817572
12.312231751477803
0.2216168496540306
3.0338570225887866
12.966701259803196
12.178185683389202
5.286978876169963
14.126265193968623
6.465939201033134
6.456795903020846
12.445558780930627
8.133736476310075
16.98639501543801
15.600088328227702
18.0250622455721
1.4500512876859173
11.373639342725802
7.318413934760564
2.140523907016546
8.794991807081075
10.538613841544349
7.275206145754096
36.329646900417785
10.906065308613144
14.232322374436139
2.681930753860898
8.404968592311713
6.459385120796861
0.09135116816498712
9.899337927331347
8.629384717338244
4.7339714746948305
12.887842165178165
12.892652110046361
7.633703787412971
18.230153900014216
12.225703382113794
11.900277102964429
3.223845407597535
18.511047271182274
7.200015101673952
6.233027710620998
3.6044646960235203
5.471126904268127
23.5928890475323
-0.8443681172038506
27.98936538186778
12.688970136963784
17.32530974473811
10.28119213100385
9.551248754590652
16.877195681735337
4.851235993628284
16.515151094680682
1.250025118640743
4.710207096433524
3.324623416768058
2.8621637710149948
2.9212257582787045
11.206301110221075
12.099979362130128
12.322528514381284
8.202979372017275
20.188875679394826
3.435295919713705
3.786553287412594
3.513541069976635
5.581197696816467
5.943734257357495
2.4912136816144255
0.8688889856427067
8.200120180558898
15.583336594602176
7.007625984697289
5.0624320961949305
8.022334196987204
14.351177110234797
28.684888355611392
2.6515734586070816
3.897588855357485
9.06113581962044
5.958610302679978
1.2636661610289461
2.0861091473721953
13.27514358643704
3.4714629474220975
3.898198553890372
3.98613547943423
5.130949773593554
4.422357177491102
6.510582620553666
12.054579002769586
16.709899129104052
13.636747487604598
11.464493071750542
3.735106282693181
9.67639801401564
2.5672300536786867
3.316874710266013
33.46811753669345
11.645016722856605
8.588740302178573
21.833987214624702
20.051870234726408
2.5159344246916016
3.5101849243030347
16.978858527287898
14.668469788979449
13.787971354098728
3.097686212620067
1.7441610175952116
16.865120720370093
8.305176266529513
7.5323168937458345
9.958183394220033
11.389436175365857
2.601246686643318
9.677346819278743
10.204579917697142
3.102130357642492
2.541972832693629
-1.2499780382081904
6.083687998232941
16.379997177440803
6.578210230069602
14.600928737403745
14.22875072243063
1.9024988916294028
14.943655003793195
10.70683214362711
3.335324991751765
7.917122178017395
7.45490739465117
3.787781998811044
11.213799203205253
9.048645566194566
9.772355862801495
17.82177462283116
15.96804744982496
3.907712565413415
0.9252616850045734
11.931853155623907
2.636664871112846
8.266504395185429
1.789250915403334
3.808641514662492
15.515302522374984
10.53128612359369
0.5752477818560101
10.6539946173795
28.07767030900986
6.064801562220595
1.3138493929532413
17.098497941849732
9.308807649731387
28.825012246042938
2.083940122806765
15.195758012536025
6.7235711840933785
5.936577728981801
4.169932349947364
1.5872934233687026
5.292680035365791
2.9963170200192906
9.69223994176687
22.627026023408014
10.358598663362441
29.74787818537809
6.1991856218950945
4.1586894275768325
2.409429089205037
2.3561778741788495
0.014678546246193918
13.099717392314396
4.640862983391174
4.322386699319018
14.716973850245397
3.0592096821856454
5.443820063945701
8.831349873349762
46.04144734298835
23.330852613216408
12.243443555111607
4.5774802371174355
1.5665801813040257
5.482490351317976
7.05505022000167
9.785475180262086
2.630268268707071
10.080813535633874
10.05952250455075
24.20817332185623
9.136476023367113
2.610813790080746
6.479873599939073
4.316341472210189
9.23417386603984
13.945160289065676
8.743462757346727
12.122930512773294
14.805487942615768
1.4250287729321247
6.296180875611056
9.06205027185777
16.3044240992514
20.757629375172275
4.472892356916255
36.44293635737399
33.69508796343363
6.294037481562523
20.48291015567876
6.499796793267492
-0.6273956189544048
10.890876733011986
2.433551106760619
17.067691818244896
10.952998314284056
2.0010258469833575
7.849625162323769
8.20068828875791
15.806139076961188
16.26931307431491
6.492164600598833
10.973426888388282
3.136693278312022
1.7371041549021775
5.684088952630405
7.8133880081657345
4.357784411255431
5.855331719052965
3.517486875628935
3.422638288066834
7.284072598560468
16.765756358649305
13.602615152405551
23.699838241100224
12.333129859717648
17.640153059206163
3.273252288053091
14.828204793521182
6.4168180323753194
21.170206607617672
9.536588650424891
6.166993948940082
10.429988572095368
18.300146393721825
5.773344470475761
5.2389808789636945
13.817687983821505
7.285483441084685
6.265843461597113
3.901612562907807
14.119909026065564
4.138235772163519
7.480044198629863
11.925411975960234
3.0450693801624586
12.492133325590398
10.457973044286966
4.938674301492255
7.546122878804947
6.59917180777857
3.1631823455124333
7.409216276664668
4.480332095664111
9.902946583632298
9.270692358745912
6.791446325882686
9.33568183313273
6.115481193768938
6.834161322695325
7.104997244411563
5.9797657687662085
9.10603266158702
4.339499290628401
9.552640070925415
16.17090828837391
8.694632294267599
12.602873692828458
0.4891188014560091
12.363598644185947
1.1826851640390967
8.22651612637915
5.336012726300151
16.518820612846408
15.022918107334526
8.955734216276909
2.4679955426288536
2.310600544286022
8.269925043591178
10.056773307369038
6.0430062788967795
6.501698414588324
5.317545295190368
5.401158602899125
9.495209567249574
8.387641756082672
5.204875472903716
5.273628376604299
10.899255494174772
5.3408253190283554
7.91689470451982
5.353348625082328
6.020585004996875
5.191995771257894
9.816149415516621
8.713336188003048
9.757005002461057
7.084521371740925
8.36490854341621
9.9178273191266
8.631115409877214
8.063231595464087
7.686720482343821
5.875478753074031
4.09166303357691
16.793978655762015
7.771088149012977
33.379375098901306
12.80314666630742
5.748216136296421
8.334623680773204
6.701068132118485
19.104729215041772
5.0232581967753065
6.517637938491029
13.923295078944998
8.043845866739794
8.951523210004709
8.801183220653263
3.6700474648256756
10.772758679943982
15.979364922835789
7.919173772511354
15.51967958748566
11.352621657336389
11.255260718677027
3.043900698798401
-1.7429484722295703
3.047927601433361
16.967763041732653
7.164878066392362
13.774878686888952
17.398472823428275
17.721499817691715
12.340428347006611
4.58638355075105
8.936471636813899
15.209606427459951
5.2713541675223174
13.349964065826118
13.546977781763491
15.114440605489296
4.5724066097452605
6.433151085796726
8.994393939148916
17.616715377300572
2.763388900197013
4.810150579383115
19.880748389813075
9.847151036593567
1.1740285505990835
15.62910423086646
2.977386954957424
13.45018729143288
16.31197071750796
20.12579413717354
2.8991260840489366
2.63001844792511
4.771281806050931
6.590892912544481
5.39403934225721
1.0931909409672955
11.097199483709874
15.947762217261596
14.527991196517048
12.34038089856076
-1.4648687563417364
15.57306387795573
6.452671889971864
10.635176785977482
18.020415358626316
24.721930580859024
2.2238636541566468
31.918457599124956
10.254117255497455
13.747737118324064
9.793350440632548
8.007257997820105
21.80227244091241
4.881829203364768
10.977149697034594
3.2935764105878835
10.938880115916653
7.33533139885229
7.657942142088975
10.810866821051947
2.859854425956252
4.489007368589519
9.513624554544622
9.407155302775482
11.626109353289532
8.748495994341955
4.541813655930483
2.6843866786041266
19.298984254255167
13.604491749759214
7.397262317102289
6.687402326482065
4.394927844134139
6.5080519293453145
9.136186692680397
8.839533039354809
15.768902306197074
7.0598995361237105
19.123618956220707
5.372408186696055
5.4006921895690505
3.821117400160037
12.214193298896083
7.42806723605437
4.149552266009973
7.039730408427104
4.551531227479687
0.8993388425506673
11.016634772532738
16.794667548052914
1.383346020992534
12.283015478821145
6.737811287424701
3.562127751658857
1.7782144975210898
9.614127958169188
17.612370680152715
11.393225017788854
34.24135506539521
10.978329638590328
21.362461386714706
4.481278963977549
1.5317469176386445
9.14601288008533
16.184813067160196
5.576842602574384
3.9956252926831817
9.883773479093097
17.125681240287655
16.2313216682965
13.793011302868084
12.390712196091693
5.061329573212022
8.321046300494876
17.47003078824975
6.352368268962461
17.80569961451293
3.669861869452653
4.527702347550316
13.015572337057636
17.99267754956325
8.681982908092468
22.591557874438756
11.378795628169804
1.6264927619450325
2.5484946855414767
4.858709564168003
3.471085390345484
7.7259654951709065
7.882904403597555
13.551618694847992
8.903307392709506
2.091469724660423
21.36968068568569
10.53124955932154
5.981643598824804
4.289802901940761
7.5533133353124
26.358793050383216
3.985634164152475
3.166616612898471
2.4176361849105175
3.759006003798001
0.3447579196803208
12.150339992290084
18.45618728243519
6.654680537871171
10.421234136768094
6.935549413110563
7.496352459103116
0.9450081281220674
11.92539957245483
0.4059692202038883
7.159475497295512
6.354335679167137
10.890235228860114
1.0625318186488344
4.9455678855993614
0.6381950854676324
3.764766812936663
4.675108390020341
12.885342090991276
14.377649855242872
11.094180877722806
3.206381793802672
6.707822653794477
4.5587392460920615
6.168698986965797
4.735364390793523
2.5814599188801064
5.753795617664658
1.8310588601733335
0.6131609998192414
41.22482695343648
6.7759553286263445
1.8807625555647092
3.2677125245170053
1.0351232264391115
5.604405466047558
5.939859375182743
16.96160517389775
2.9636902830121463
3.0910507017965707
8.45146605163091
6.934330365642654
8.166866226560343
8.448844662925826
12.301301072265863
12.050200846486568
10.921148785212061
8.82567975372937
3.271512748976116
10.978772667115155
10.139968835690043
7.860135119029888
3.9649839024662357
13.146208524963928
1.465284903008812
17.733142669112354
19.491269162270566
13.434928985761525
7.99404628353454
1.8365160229189943
5.666587653078113
4.601212597923551
4.643391699972947
2.8170307301400586
3.8258716798841643
7.595447536374435
9.80892570863247
9.607784841006557
2.815877972117825
15.405840197082949
10.718619278526539
8.443861715817778
7.480523466050886
8.034594653861317
6.003775926734822
7.720570044607323
16.692901835693455
9.209683264281619
3.0620448718076476
7.4993588886578495
10.655175235856998
6.674282835024309
3.5629984684503797
1.1661756422179275
1.956001743466203
0.07106609229463583
5.385382278128019
4.534250644445921
11.797672316785642
11.248258715819144
4.139304615415076
2.9286831454652025
2.424770002255302
-0.4136698115372381
2.5279918227185516
2.659234476186897
18.414232445540176
19.78293803802955
2.867229557013561
7.834314282573666
0.748033378764716
9.923010916959695
3.9674231088169383
3.1472840969955187
11.556217031681067
4.321452992566285
12.236623040489485
5.128643075386289
2.6579500177955393
17.05874665436369
10.549080552612782
4.004540642807606
1.5494298752684421
11.525560923236473
3.1438564702506655
9.65448206662371
9.498343168612264
7.126347323962811
8.177812141240715
6.528402702302438
7.765149597474614
5.0363465814043575
11.49394261201122
14.85699441329054
3.988426640473171
7.7222750757148955
5.761494395157591
5.017400929333884
11.394227974238786
5.795796529333503
2.5415281761677844
4.642857672815781
3.261764498616358
13.320159225130974
6.83217165207288
1.9282242745684206
9.826288419831439
2.9005017820623107
12.59870189259899
3.3406141904892688
3.4384240683046494
3.481841451088283
24.450886112696438
8.145822419018248
8.596579624822771
6.032343209525143
0.18335293911294903
3.6819363873138
1.6818912248409008
6.884810578387699
2.948085524606941
12.749108971780856
5.319837155107239
11.08325873565508
2.4849458052688362
7.489427750316188
29.98216388080965
6.423235874784049
1.4284447477719107
17.9868622682451
9.774995244934724
14.238247461565258
9.045153057267443
16.176204245132297
9.09413229851111
11.212588963483453
19.41260030111542
6.196892530740489
8.298450789884884
3.1408598760349777
5.482113134260465
4.988105400792908
2.60283783352192
9.937285344046
9.031310009234911
18.847224939321713
9.837601479040556
16.095301478616054
7.7377572066444085
3.8970740732989415
4.379974205051034
4.317115492999953
4.861774911710047
16.886362130822803
10.675231508754125
14.557741010673203
17.871728074574232
5.031946532555571
3.4497907570599695
22.33526727264047
15.446970126623519
3.184782813638563
3.6398958175268055
6.479712084291881
8.067728023730071
3.805988559461996
4.6657865114079975
13.721934410099584
28.24478677890006
1.7253501635830806
12.569365095182667
6.626685621000121
13.16337164782375
11.645586781973968
2.0156174982771033
9.383786715849213
0.5776994121941825
8.193834719914642
6.001096692378499
6.626560595456256
7.885401910963018
2.481857531795069
3.0365439648789914
4.009492453455918
63.45608707426847
62.61077480753377
26.312287633718892
70.14589236001979
67.00581784800215
89.00785559537034
23.510510105521533
24.863185459360047
24.863185459360047
91.43219255983053
8.731239785332223
4.863553082846147
2.9104954823220175
7.038343027876228
3.3397459417014916
8.719040388269795
9.060173811978375
7.262747449133608
7.631480870298766
4.536812894194
0.9690112503564089
8.321594113711715
2.608900325169504
9.973750752875933
18.75896517136989
2.620663000144391
2.155365990274802
3.3027478744893335
7.6041326468102115
11.236208271310865
13.952551070340196
5.6961346126671835
5.568971787672435
3.4416093816255664
7.059877604193962
16.356237111705713
3.125833686274916
8.17914348147959
9.632898736956857
3.0573004390522645
6.840884411650809
6.97603609350674
5.366016415404803
7.530501139257459
1.8983502635942808
0.9298490578807256
7.186042251803643
9.81607619050176
11.632140402260623
8.801700342211644
25.43160364680521
3.538257954949404
6.62104117990886
1.1798806041340801
3.542765345028707
3.8277895115848093
22.78332278894894
4.942038487689186
3.291109581783674
2.6864198236317485
13.449648260269623
-2.184129410059732
6.659765416489954
24.09515428578251
7.29608526094698
3.3625620584965206
5.552637030845846
8.400633889622396
5.434485584795274
17.85838882981744
3.387342908131285
7.750024076493217
2.0853363590573637
3.4815381481306638
3.9759429534169275
6.746241159246868
1.1772787783130534
9.01788039886138
6.223187947659425
15.270883623357493
9.527202276460143
3.424934317782855
16.425863823430703
13.149785457572884
16.08905148118995
5.215739295559602
12.024817517263706
1.9076179856121231
4.239830266684321
13.875766450198595
13.135952020103785
4.154758054499453
3.8218952776041353
8.17275218015191
13.452530434683064
-0.01828395387308692
1.8743307993585971
6.371424445485124
1.5835158667857787
10.506243710820149
5.774707964231668
9.825013494234078
8.851375877339954
9.054209076149634
1.978263021158793
6.94357570524303
14.017326905094695
4.991906860022143
6.035737127521154
6.353076978855885
5.849224027405739
1.4321759130830938
3.983221842462297
8.463174185829223
15.514256653385647
6.182236838915732
5.950993682811868
14.912552170113424
9.091285149255317
18.879708131603085
8.677148327327483
12.492172565104854
5.215882253722227
4.587256000041253
2.62320058464773
21.125258444597186
15.202964116354915
9.75235283507606
4.392043027108259
11.249586086907104
26.822072404113474
11.631247529765906
11.291248513144865
10.21853428939827
3.954540832328404
0.005423403622699153
8.4332513816825
2.584225469094556
26.185649046070033
18.06899723969532
8.528497780002526
23.52466705770761
8.393377964815397
14.125264044514712
6.661024258287385
8.555762962543588
8.332522126190156
12.901983181928301
4.2390792400232895
2.549097161440475
4.146827489944394
4.337507724561625
15.772430864171
14.732968806183523
8.358365030716387
11.932076789328407
13.089703859891232
10.99418570701841
5.083377049157879
6.305036736165981
21.92843239928873
8.223394991481713
16.57685672256551
3.2839897780148397
0.09538523195263468
11.50923295326764
35.40989416854882
2.5049249004806025
3.672540001626509
2.4510469260953993
10.573343519703311
8.332551913982917
8.487286559125668
3.8582429479840608
10.852168977413907
0.9993730100768101
1.7268047191554377
2.426496105677851
8.057923925765138
3.7437058137184582
6.532759954333376
7.881494986788413
8.070655761703964
7.726950076376432
2.4766500223120476
3.187301152915015
7.951673281259792
10.117520564005545
6.864167507439602
3.2015987955370186
4.401124845680678
7.06747008398305
3.8438649956754465
9.963805652932855
14.475909912486534
20.190271892214476
15.453695854997132
5.640475771262825
11.888048242996241
18.330260885491487
15.49898051273794
15.304170832407145
9.23524844087045
2.666643902288414
9.040887060560753
-0.6642442930752984
0.20988283690692952
9.009826190669791
9.19208130345165
6.680826913223136
10.217815961996894
14.570160885383693
17.28706830055533
4.197292243843306
12.787918187175432
8.470871421884665
6.965186712891886
3.076410843379196
3.6456758535570737
17.138519772334437
2.584740626452199
1.7497910295930523
8.142212984149646
8.467319612088412
13.941262632220507
7.229006643352417
9.660142334093013
12.9910896104564
10.036690325586736
11.409680042845789
19.12165596517134
12.610143889359678
2.1485102852025433
22.471575129800293
2.085337070143579
12.099470274279637
13.121836968809793
54.167943373298286
13.374419368247038
12.572038816643465
14.09238515300984
13.90557147380883
15.983922376248191
6.826152085092094
8.57887469753748
5.724646574945264
6.6996922763685225
18.47002739302899
11.299705544644109
5.045919828831734
1.7568503411017402
3.1558401317806397
1.1208202718385187
13.164161285075926
3.2672675498125705
13.52590664978742
11.285912571084136
5.475879765052983
17.771664326925197
8.361056725384007
3.809671892065807
8.048046767130032
2.25327060578905
10.087656472182957
0.7407808692105853
15.661089215418274
8.775088023559242
6.263483745592407
10.813100034400447
18.382544066044737
14.515413252072172
13.640067790206919
14.245323786420595
16.375454206179754
14.757125397294615
19.481230889177386
29.98221291221213
14.871448320314109
7.123810852012291
7.5206734737312635
7.672901235663248
9.370526891118375
23.253952625328708
7.121634372548338
9.654586587365351
8.818099575844442
8.912836115317786
3.493543767082174
8.73843951511634
8.518046521170067
27.652348391938077
6.923934015126331
6.340520150613537
9.064201928790725
12.369992645743656
9.274189728430402
2.2874288860359995
4.827650428659147
10.735417787809114
18.128330008238134
7.041318726981622
6.2321772298618745
10.503832295175988
24.961666182075394
15.782285726713736
15.040120325324455
16.658791181417097
20.3200065085084
8.139044773897172
9.31419273337377
2.9226665286852644
10.05981923233588
12.582768168175654
5.854043492422431
7.962705090569833
9.7854259574761
6.413467115652708
5.406937821046802
11.462251631284929
5.439433896036995
5.463122064117995
21.10155860157428
12.602084602969962
10.547803338717019
5.320780691516796
3.8207034759240055
4.3981587483963995
2.4769437294490224
3.2966978139262095
6.466193841751883
3.8849582183726636
5.28290259244846
1.9221468163112947
6.677583699980749
12.083748303967203
5.5966172134745475
15.202546982492795
7.629978486462147
12.043554997317147
13.052920574266658
8.381811921420015
13.233184926444936
0.9533117559459947
2.465308601692673
7.6324819111631195
8.530992572010609
6.830567259965349
5.9061436321282095
1.9217464542072065
-0.4790566088107828
3.9470186876244515
2.505069476501839
10.345527392167433
9.886487794537784
22.65490958091857
12.775635080043791
15.338194910901079
21.99699158809951
11.396072858123821
29.991342192983502
17.56144340599719
16.76776561152949
24.98619279025343
16.45985771415345
7.6385523627874115
27.365267246062697
6.524006870582103
35.99487335307197
19.420710504055414
22.51220152976438
5.230850038406269
4.298752035068446
3.4281562575976205
10.323033508405127
6.600044525458047
8.378533325968489
6.712688301791881
7.462893452290852
7.240377354301324
13.497753380585635
3.7115515280307547
10.155457979378465
4.873661947393092
6.892833027774259
14.613956399909934
7.773989118148304
8.69538884688117
1.969583336088122
3.3135195226904335
5.458160090372278
4.180612371913076
5.339363134804785
2.0316842243168542
0.5194560150816079
2.6426026384805636
12.378227278769232
2.6256152122627974
1.9175393124330935
1.1366344819505196
1.9175393124330935
7.504931039689122
4.155058734518154
3.901108154007657
-0.26698907147300327
9.031283387080745
5.242146737450115
0.1473309464563607
4.088888716360766
3.058648261985236
9.616478614176446
20.015926193683505
12.351430192055158
13.077287353972327
6.679427452500445
7.160091784405254
11.634979922258625
8.115476064973134
12.423985552322618
5.704141847250778
15.642445774191959
6.112710911564381
14.284030017191268
16.61624863073566
14.977657324383308
6.68132341042898
9.374923717471606
11.69551581427723
9.624386739017229
14.149840736211585
7.644522555527974
5.065998527448441
2.8615838217365006
7.362722118246786
2.339108669012999
1.4412298995058122
5.579135215717699
5.3045896971251585
20.76949990463407
26.16263719029029
17.16517712245678
13.431936012962788
6.31315509934177
11.35817341730642
13.330451102537351
13.55423523166516
7.013591650326261
23.03171340635658
2.1023518825070884
2.8704210843742066
9.401730680907086
1.5667026008642688
8.013445814296064
7.137113939151174
5.674422217726477
1.394099705016683
7.8307494658317305
4.596028170020918
5.4091630732095
5.62960606426276
5.569521409392488
7.6031704823487845
4.579957805595027
3.92112551482716
9.849176280154769
15.156973448034394
7.498331627372536
8.025053727867064
7.810483808518942
7.422202910619478
12.462617893002141
6.393711161585649
2.7550465914654376
8.408556502912557
36.211216077110905
14.292428664983985
1.0971090889269939
1.7918861324917679
7.677435049766449
7.580085399601515
5.31204185967991
9.68307199531052
4.213084864080388
26.859447905939415
11.187652630733849
1.7193435123009777
14.039971754325945
3.4868304090519984
3.484863363544315
2.3240461226061693
0.5275844521180488
3.175113165233822
-1.4453834451109504
1.9500880850764157
13.023882360463373
12.317687134674207
15.237050105813406
2.7733809805597542
8.71322512144799
9.32734264708897
12.056480080241807
8.633826093425974
11.099770855420187
1.716946020161562
3.79018021315261
6.784056845234623
5.935288991795237
5.862391956390903
5.734601016172571
1.601758243395502
10.117740111098506
13.631401903045905
2.1561147511053163
4.900382048230519
10.413905791824432
7.233620127082419
7.137941238883515
6.079045431048362
7.124069231322569
4.311095863279349
23.029564063822743
12.062322255555616
7.27182200385656
15.313570959871873
8.141957406495564
4.915121061900735
4.389780456324393
4.41613374045017
2.2711200116984767
6.27150451420257
-0.2735795228400096
11.967568839726397
3.207463076574219
14.488857422528923
3.1156826211169295
9.290169718188151
4.809580181304371
5.655884280357223
1.2994283874019388
1.0859938186359626
3.9310048641324107
8.547208496039879
5.076529154065181
8.48688522056564
6.591693591750803
9.614562503317973
6.801771868611183
7.7582893577401215
12.041219472802482
3.34885752847816
5.977349645726507
7.949003414928053
16.149497778998334
8.913957659991027
10.921817933719133
8.90765326705838
6.698529339677675
11.033528998623312
10.768880788578008
3.5341931945039455
2.842197015567927
9.64572920238649
12.574419765235486
7.4179552905782025
10.937776858943499
3.328678492824432
16.965233866465457
15.472348786793955
4.419966662839783
20.23276428996275
14.133319751081553
8.150113739300112
7.227760245153404
0.8122203823146625
8.36165485753856
23.094983419722173
2.1787787044749622
8.427894019802181
5.661049295661433
8.367840953067246
5.1574053042012755
7.174128965323746
9.783718302652728
45.51293890642836
12.230988448133433
33.545336521393764
29.01002349012539
3.2007692824696488
10.492215839540519
6.195578788064618
7.333243518937568
4.846065239970606
27.93067304236647
4.509350834399673
9.50140594052899
16.03125839072228
20.374516660630977
14.830054877231506
10.757375686770757
6.357840914504323
10.605009251393739
9.556421082666587
7.441165201522655
11.99982794500479
10.928832243418361
5.654044242008944
0.01548972840160727
10.496095882427236
10.475048681206607
12.126331755057654
4.138906766284004
12.274586295759992
12.266567094517148
5.555157555051401
16.130033683894034
7.4772914075274555
9.321521834842152
14.311047287619289
16.918902909636422
16.39298837147446
19.9439624620699
9.344067500735767
26.23458170463869
8.795449272695468
12.742716839667919
14.759029045334279
9.648486026050707
4.18668638907042
6.687534999493577
17.228631005250005
11.601611858122993
5.9250304394049405
8.405612805094822
6.2993014081249665
9.508807906542948
5.244853036905915
8.613321318249163
28.74549192448168
15.257350648271967
11.726016939149476
11.243538218904996
6.331776313657077
12.543796030221728
9.210735084096914
3.9378910879462508
1.111934679331605
4.072777573989838
5.709556292581014
8.883802175220756
6.72499030464514
6.47255596887109
4.4453604217909035
9.10959689804643
2.6405799880972816
9.35725919046087
6.209764880690621
7.940450961687716
7.299548869975611
0.7596630632662218
10.780872953687764
10.920842546774296
6.040783289987776
17.501603327913465
3.3911168957773627
3.847675042929524
5.3623104032968705
18.51865997469104
3.323079492452979
12.539176060061356
20.721979626945018
24.444820126610896
14.030551925874592
17.836294842064802
8.520286888535539
6.584696575442017
11.318253912322154
7.310378138214277
4.5246589372026325
5.444862186305714
15.998802486818299
4.599021869534632
3.3163869364988052
6.300904530851506
12.916862806687956
2.7598707275464407
17.61707566635218
4.1973385172445985
1.43015970191659
7.1746846514060385
9.101539410746799
20.706030273191985
16.45838315489658
5.789831472650016
4.666017407781617
4.016784439276508
6.931317633177739
8.949230637041309
7.9732904197381504
2.892898331488581
11.458152114809957
11.815885499509019
11.702281961059203
8.70734180562726
0.47543413503759085
7.053100962610842
3.311038717827921
0.8074860063316716
6.684649457754471
2.6615294964672183
7.992244981430046
10.03990146233916
7.713619219947759
5.061218608436705
10.737118396790883
9.791474355040917
4.7894316428056865
7.214926125326993
7.861195784499273
0.4740493191900266
4.536615006043704
2.27236495812663
5.965080901265408
5.386568017023001
6.792039393707186
16.395074949059513
8.27144033817759
8.976747763304312
3.3142091036267773
6.146730158322441
11.025301932415815
19.353018802621037
17.06082874369548
13.736395140586833
6.241620126344053
25.49248218466168
5.7660261393980115
10.924944523095776
17.126696960065008
14.616156947081599
6.69260093146288
18.96264152267867
14.809961703136546
5.260070691562655
3.886672693119484
13.161900954523675
9.753218066408259
5.352304166297497
2.8187878932532713
1.2784509101665198
4.706849263730043
6.5619285831984095
4.197465583381539
6.702878007751285
22.512743822973036
13.505144496027786
11.275605196341298
9.971990191594488
15.655583857341435
8.173348623120955
19.71432504276738
1.908805174168255
14.758034066570673
25.848159140746546
38.41084643356276
17.48521323860993
40.988838214631095
7.164003597346244
15.020967412007414
12.964103969634056
19.84524023505338
1.8790654599644974
8.218443795255899
18.395990473187215
15.75509327010273
43.54676566541238
17.38821509936037
31.278163343796074
35.92566437652004
17.763769879045654
28.823833586813173
19.862204069544784
27.57265459405836
25.34303953013802
31.181343459471673
19.607111333994407
10.454543652690841
9.810784637943494
9.521053994503095
8.827838481647419
14.138903083000978
36.8526808012545
28.67038499570789
34.0947829351106
37.179028590817005
30.891098231513798
2.8756332161405003
2.780713686928262
1.8731167572611547
18.383570944627802
9.096848758514028
5.973898155885294
10.969820448123752
6.921746012314997
11.011843691480527
18.174439175621686
12.509509768565723
2.629088366245007
7.475107779014174
5.180972472052797
22.954907948494487
12.422594340585063
6.530545399557725
14.187898873498503
9.155355990968694
7.146016842148434
7.288619225826482
9.168674872166937
7.297447268159801
5.778442417755628
8.39544050263206
9.841348647284825
8.262439591458259
12.294352185564893
21.118927687654654
11.690890529363502
5.228212573045895
7.523042384874736
4.731817706103313
14.899648337202892
5.300554281624832
1.550595234130312
4.526496852010912
5.40866582484747
9.042055316157773
8.970831102644004
29.74140362985435
1.732582208781395
1.273829699523957
1.9234837349770288
0.1483324941086211
3.056232042735771
4.572255545178942
6.411651239003876
6.873023199317132
8.48104431168484
5.19418382322949
3.4224319040907862
9.75529846537303
3.6434910174827975
7.814958414778718
9.44951697461249
2.516965701131164
1.9011202353062104
2.516965701131164
8.17320641659966
8.037658553260528
1.8629069124032398
1.6346408224699156
7.273442649199778
2.093527662808034
9.355012132235235
7.687497649305618
7.430131420205132
5.802079036732334
18.10005586423177
8.321200047499552
3.51240943310933
2.389623847106226
3.6273809474196046
4.176231737012893
7.467671287828025
0.4668369906369195
1.7595819862553752
2.279845745964637
3.8528074046341976
22.988408619657925
3.2111313598710747
15.422886189919529
8.455098063327386
7.894634971128163
7.806279760108118
4.871730877315646
20.88745133782785
7.222206848940821
7.36775996743113
7.911292837083734
7.231268642377998
-0.21066310935318372
2.780713686928262
1.3617616103791867
2.2724399572810894
12.237767813428722
11.53473380140308
10.043619485461656
11.775014594670623
16.76916752602429
15.468099450727395
30.209922007265803
10.480296742097341
6.949296459847525
16.145350752153288
15.447360020719886
20.196639351773918
5.012583155845874
6.615950240210657
12.003313957712553
2.321818017799474
21.040666077277095
5.7102222997831475
7.950067993492217
6.788512070677898
12.056818463349751
13.303575295410964
13.738117236216198
11.28475960352552
9.713193463495799
17.83519252235045
6.9488521249315625
8.549697721921769
4.019947832111186
10.729228362793373
12.440931860632727
21.753151123083324
17.802797974930016
11.847594630541922
11.237965110151919
19.609705077614965
3.059147285365735
18.56424739991831
19.60562575979103
13.305395189086926
15.88042070580276
18.001407780429496
20.25311054047693
7.557897567778884
7.860661846678628
14.79849966175544
16.562692983702803
9.346627307101414
7.386973301713183
8.13891471489027
19.766196393484986
12.324007891497352
20.778481987618658
10.519628551684383
1.9913470280836256
12.477068298938239
12.87394139133218
11.269516686210839
20.376615556364364
14.170915189735402
12.01100552476952
21.529327063763247
11.959474003450673
23.81191904642581
31.38986677891996
10.137450826326955
14.001191065311584
9.441075946544727
8.037173402040171
17.53289817848074
2.836374807514456
25.252895203539126
28.73032509948204
5.172959998231637
14.692828551413877
24.803104105720205
20.695126428827894
50.18364789675413
30.964124336403408
17.544448913887774
7.369497326635263
9.89373657518552
18.48077147539975
8.95095417105055
14.338676928259181
15.587087957564654
3.203686874829837
22.110627762242267
16.98277087003583
18.24146193936726
5.453489471085136
20.646344219940378
15.339169518123796
14.393038459913054
4.501659872915928
5.757663011007107
2.460174438177
6.127391324639331
-1.7613983345984425
8.531703812235838
5.554258235721442
4.53788238802873
5.195040207788963
4.493409199933123
5.329191290373492
2.4554022495883365
9.802263833405616
13.010760507038633
7.559451407964296
8.175016069649802
5.843451354358761
11.595478587092629
9.567713310575321
21.491104551806686
29.751380721390362
5.3031876690170865
1.5662967084808577
2.5554879920105966
19.10461107834902
11.51208578348164
7.758586410216177
13.698237060609642
7.325864160919483
6.75230757711276
4.526496852010912
9.351567953543341
8.380780571597839
5.768060774313833
9.582630254872594
7.565153115201832
4.407487832397815
6.643407908850839
7.26657122703405
12.67957980085561
18.80907167762126
5.332162619269547
6.45231041591135
3.3211282654262195
1.518472833425659
1.8731167572611547
2.780713686928262
2.8756332161405003
2.518858549580972
1.233880772496572
5.021003562036519
1.409699800825326
9.67233045999032
4.854539011950126
2.3512208989844705
10.773974399601498
4.939521512749616
10.862779630827193
2.1014708832321007
3.8338284932340976
7.528726763185716
4.604434009045015
14.617782242097894
14.323251309475726
7.690164283787035
6.993951173620289
9.225690264075135
6.170001011327319
8.263581856349262
9.243530044753472
11.980103587789424
9.697610350447313
11.183899722204885
10.850255994151706
11.199497669831773
3.9464979886794196
5.868260736754365
4.611155401541455
0.471442230660082
4.482541794485736
7.252530589330075
3.794379488562237
3.794379488562237
6.859015327495318
2.455897836927274
6.533684429772254
8.964125647031667
6.471771600738232
4.05138517703872
5.542484594069173
2.084588411668095
8.801108189558171
2.309295086967103
3.7189336582731127
8.672401080635064
9.26084384741775
3.804152674604817
20.207033998039627
3.6324625715472414
6.2252651739190075
13.710824909267325
12.078908470595001
5.750820902780136
10.765610766284984
5.219202521381049
4.02247575779464
5.882174671032289
2.1008317979689966
9.20371452787174
9.201111318313286
12.698702505494012
7.694873819561428
9.995486196128843
7.089637320320148
9.877628694206718
7.0986748794133625
5.794275136861018
8.337847906605049
5.171583418461405
21.218876657180644
10.371587034562708
7.780151579459482
7.1776915550719265
7.727955629276034
8.789186291209287
15.172421481869108
10.742571732582977
5.1065917787012385
4.278904310696824
14.969064114775005
6.433856654842753
4.971559350364595
1.0705341633459216
3.9717380472428023
2.8092557003375824
5.018101695575356
5.683011991092158
9.493372180320915
4.311328627631825
1.449440219140544
15.03754440321247
41.377076743145416
12.109583599749678
17.093702626111313
14.633425905420419
4.894532917625031
3.7303852455679736
14.588285482912047
10.907347960676939
2.417288588048742
2.8678838316810635
11.266155877956571
7.438156852185503
6.817446868935464
2.96364050464978
6.600262900932724
4.949851870005505
15.08865534685338
20.53014096607644
11.920766959280972
11.811298642092954
9.978404355477984
10.3041534986905
3.6293967464736996
10.897811137345887
10.048670802564816
3.4877891532655627
9.291260611465118
7.4478461322076175
14.107278342498937
6.3262764034972045
5.543571469639026
6.641928618892214
12.519806330196005
24.014861788149528
15.929484327910178
2.5433505017455844
33.283176013803875
2.0800881337289656
0.13823867819392216
7.985323455740557
5.2903282013549395
4.490241448017935
5.300499261178879
5.4314882754875295
10.451466691263155
4.667469943462329
15.267525829711639
5.882938913593138
10.211784612878668
3.6999396706648833
5.230342750336861
6.711569353710275
4.766770988138972
5.267492312451051
9.954317685542355
13.1672466953467
7.477598654646564
11.742009876349998
8.952032829599403
5.798688594723245
8.315008353600403
3.734889634570872
5.334928720609373
2.806192935238343
12.377587184668405
6.020860530075244
11.284554797942214
3.515866817515498
1.6449503340949225
15.048368806048583
2.0493823428547002
3.01729047866369
10.735520806580226
6.326333038558341
8.430219660785157
28.74549192448168
15.785912704809707
10.529038224875693
11.726016939149476
12.033958925412307
6.2993014081249665
9.93591569303731
20.163282475278123
13.794224364015697
21.55459111859602
17.38535521960195
15.644994126010486
26.210749158472535
16.274383515652765
10.59389305977269
1.550595234130312
7.731323364886306
28.74549192448168
13.182878070649297
9.60537139102053
8.626303332323825
4.445849487730537
12.867773874590714
1.255964796211054
1.8865533597986013
3.128160648435872
7.211014572634564
9.04620184210396
43.92185027708242
12.590442638875745
4.143087291938669
21.905909192762998
4.566743804324793
7.97073467392846
4.999862041369272
7.471425134381299
15.814020956910985
9.532238057214313
0.11952195361338822
3.3658476067565544
1.7339300634960821
2.339386406225103
13.645682256712409
11.545436093511128
11.96433210067076
15.47593481299022
10.247652175211758
9.836304684868542
22.265315509261466
8.791263929869277
16.719121669998163
14.265646656561183
12.209389953780677
17.799480398377224
14.279250248707234
5.0171023777522255
6.9210264169108235
11.170488313252251
10.366733268187161
5.06015758452747
11.293396682780966
6.878651155959146
19.027242617884994
9.253749136218255
5.523259880038809
5.781522154531799
3.6033157410836885
8.283752255236399
8.649334087483076
5.0503468858765235
8.691139358399113
13.97948896618503
27.234620973411516
10.199880444963087
12.532597439674465
12.614415829099979
9.110490119174957
12.41987348520757
5.759212646314425
18.34612208575014
17.693016570800705
22.540064247728626
7.067318828836411
10.76641819616294
5.599299857005093
2.9216133252516623
6.863780036268134
9.947976914204817
35.6548881403828
4.400061487664385
0.10446262515981106
11.197016843776913
9.520622530376901
16.2414050779222
4.380076211789268
4.851756379441244
14.563534214960457
7.090551862573094
7.95499940845222
4.476710622910104
10.790679303292466
7.721209671111261
4.343937283882344
3.242580399466464
5.231662085332224
2.586139563064125
1.4204782283921713
3.6833001479098297
2.4547516604817154
6.946904064252405
10.997809217163564
5.989246517156056
5.724549799050364
3.718514437258305
3.1910898459655974
5.1959140080180655
9.294327683421507
21.06589319162134
28.19067803920419
11.46300688697141
10.03631470614873
8.503575854828558
8.39915208942666
6.924804255484118
5.626781830031324
7.595041601260507
6.421174769731336
13.487727764620896
2.7228664035695975
6.487530671232753
2.1605838171712946
1.422468564059203
3.687218706293619
8.793279629145971
6.825795380695583
8.88131674779755
8.07190694004048
7.037737798082481
7.277326110908591
5.686297242679904
8.0614725265254
8.6043312312194
6.5082834805502525
13.166260428952114
1.0779690107357267
7.60964668855325
4.161549363895703
6.117518096261466
6.911157139625998
8.093226788529382
6.265144042106488
2.015818272642603
5.1633636107260665
2.442107287948065
13.687881406106097
8.811088252598593
0.3252999817986457
5.180093838717865
2.199585661767397
17.004201471960883
23.534137942274196
8.124602974079236
5.54518860687282
5.947902114379956
3.983282084637847
13.734872624522932
7.703898072049676
8.550465705576965
7.346721178406544
2.42128860901601
11.514585080143197
12.144121127703391
4.106168602032016
6.89640333816962
7.948259648787043
11.010445788984619
7.572518062588059
8.386925980229407
6.39566860467771
3.8163648813369133
0.6170988315129211
9.516293586187949
9.482961102015379
19.697331628817153
19.016949967729943
4.257443144040625
13.707336284209054
9.044188046730994
2.366051309805155
3.7542310213738244
4.665369541066732
8.869048906471686
11.139085770271167
10.97391843697972
0.7680302986123049
5.368676115406842
13.133398982795025
7.7696913184996195
8.77825151476784
11.922543560057795
7.863208493102737
13.012761501570889
3.4306690851839585
3.278571522928651
12.193125569080209
5.638153064785546
3.990628197100681
7.48197629936281
12.511294362219092
9.062496367787135
7.460005509315576
3.0567683730886035
13.300021335111037
10.608828595224116
3.067357946283474
4.591152474339146
4.844129338614267
0.8740211759781794
12.698809373265144
7.814357603770733
4.797186250160814
11.55092227160424
9.861128474490675
6.991858771690742
9.699135089636648
6.272565517915638
6.101840079267331
11.395628225971535
11.075326758992468
2.164360499055152
9.896292140190834
12.995555904291525
3.385918710965404
2.801405842040339
11.185684949707351
6.3951656684007805
8.819569052298085
7.634436845768558
8.753645038508983
7.9485240359194265
26.8587384809867
16.179666908705446
4.855789861565101
0.4306032036639297
6.02322065297633
9.474670555425828
12.366551523694719
15.350392031186052
10.678290221092533
8.189169269580221
10.92955500395531
9.18937366717245
5.424684354976396
11.99763476057703
