2.7757835
2.7669923
2.771728
3.0358744
2.087125
2.087125
6.5048447
6.85518
3.3613486
3.427023
3.9331033
4.2454433
3.3078513
3.375895
2.784988
2.6723862
1.4954246
3.1885865
3.138531
2.9241426
2.9241426
2.0413687
2.460321
2.8480067
2.6573653
3.7346082
3.7346082
4.1588964
4.373454
1.845351
1.7886031
2.3314223
2.119792
4.026388
4.026388
3.717198
3.2926166
2.8504412
2.8505952
3.3591626
3.072865
3.2555258
3.7650256
1.2393467
1.4583863
3.0475006
3.6905327
3.7031112
3.607842
2.4396715
2.4005864
4.033804
3.3292575
3.0456822
3.3347
2.1205125
1.7764603
4.872251
4.4772305
3.276763
3.0737665
3.0688014
3.3093574
2.3591838
2.3815546
2.145445
2.2668777
2.8670602
2.8670602
1.992269
1.7987193
2.3300767
2.4348068
2.244955
2.0008821
2.8619626
2.8842404
1.1444671
1.6663536
3.217271
2.129692
1.941928
1.2358155
2.5589225
2.001895
1.6179624
1.8286705
2.1188712
2.1188712
3.1810982
2.339532
1.8791858
2.195011
2.58109
3.0180857
2.8038054
2.1938303
2.9668632
1.7146869
1.4166212
3.16758
3.353566
2.7901406
2.7484787
3.4069247
3.00596
3.2292771
4.2119656
3.516048
4.339566
6.2921896
5.990638
1.0201715
3.0222504
3.0918393
2.728967
2.5524318
3.01129
2.4120264
3.3855357
2.5003066
3.3092072
3.1971083
2.5948205
4.528463
3.3721066
3.5109699
2.039009
4.236927
4.204487
3.0005012
3.073582
5.049484
5.5013494
3.7307572
2.9364274
2.0392673
4.7249336
3.0650034
2.1440072
2.8008127
2.927663
3.823882
3.5654304
2.6838284
1.7435703
3.060203
2.3476348
1.1017413
4.838329
3.5878108
3.3356388
4.1903768
3.5850253
2.863905
2.463995
8.143965
6.094181
1.5748891
2.2703571
4.7310834
2.0837436
2.8396177
1.7197663
3.522589
2.641068
2.6718583
2.8350205
2.4717956
2.1005564
4.1690187
2.6761675
2.4498868
2.3749595
1.5709872
2.7779124
3.7400293
3.094167
3.423664
2.2306178
2.1171904
3.0132868
2.4218335
2.7449243
3.3027465
2.6047838
3.820907
3.422995
2.2079663
2.7085788
3.9310513
2.219545
3.423145
2.5236683
2.799665
3.2872849
3.2609181
2.5951474
3.532984
2.826417
2.4451742
3.0957065
3.58997
3.064047
2.8822665
3.3226292
2.9449615
3.3035564
1.6808745
2.4825573
3.5975928
3.4721172
2.6551163
2.8010411
2.9206982
3.373521
1.8864071
3.2680118
3.0233564
2.354804
2.9085596
2.7613986
3.1005278
1.6808244
2.8706143
1.8730904
2.7176046
2.1760952
2.524804
3.785626
2.99381
2.6986103
2.3032427
2.4241147
2.2812166
2.470525
3.3262851
2.4302125
2.6413772
2.0790315
3.1258795
1.942889
3.0922787
3.1784184
2.932673
3.0292263
1.5348772
1.2736244
2.4514782
2.6400442
3.4861147
3.0344956
2.7067375
2.532549
2.4063334
2.2983842
2.2930007
2.6006587
2.5876873
2.2817862
2.5780208
3.32894
3.3361878
2.0418406
3.051701
2.6495905
3.185328
3.1055439
2.222049
3.1537266
2.610364
2.3512292
2.9153495
2.5401833
2.596334
3.1144102
2.5857928
2.693474
3.0363157
2.7605433
2.232074
2.3598647
2.2804155
2.382546
2.8437583
3.3167706
2.6570284
2.537386
2.42887
2.8574138
3.1105626
2.8615406
2.9516664
2.4719474
2.7222881
2.6801312
2.8768263
4.5826945
5.272969
2.4672894
3.0271573
3.2927144
2.75144
2.9841633
2.6066933
2.0648246
3.0562696
3.6344838
1.87609
2.198495
2.4225693
2.7038393
2.3844273
2.3476362
3.2825825
3.4889936
3.2078652
2.992806
3.0458224
3.1596956
2.3690562
3.4869268
2.734477
2.733718
2.2052374
2.84597
1.301895
2.6093454
2.4182138
3.7371578
3.0022142
2.2280564
2.4328408
2.9826505
4.05984
4.05984
3.1509001
2.3952253
2.7769868
1.113823
2.9654605
2.7107182
2.5492048
2.4315283
2.3932886
1.810346
2.1399605
2.5561488
1.7696823
1.88748
1.7937721
2.1725972
