3.6508875739644973
3.4827586206896552
4.15625
4.248587570621469
3.654135338345865
3.4146341463414633
18.6
18.322580645161292
4.680672268907563
4.0
9.714285714285714
9.61111111111111
4.443181818181818
3.517543859649123
3.4565217391304346
3.6666666666666665
3.456140350877193
3.761904761904762
3.965065502183406
4.781659388646288
4.631578947368421
4.205882352941177
3.7058823529411766
2.951219512195122
3.7555555555555555
4.583333333333333
3.8469387755102042
5.227467811158799
7.824561403508772
3.456140350877193
3.517543859649123
4.072847682119205
3.888888888888889
5.0
5.617283950617284
4.699481865284974
4.841584158415841
3.965034965034965
3.3433734939759034
3.9444444444444446
3.925
4.115384615384615
3.9625
3.5273972602739727
3.411764705882353
4.535545023696683
4.2
5.84
5.171428571428572
3.654135338345865
3.111111111111111
7.25
5.166666666666667
3.75
4.233532934131737
3.824675324675325
3.806451612903226
6.883211678832117
5.116504854368932
4.841584158415841
5.691428571428571
5.181372549019608
5.181372549019608
3.75
4.425925925925926
3.7794117647058822
3.770700636942675
3.5273972602739727
3.622047244094488
3.1578947368421053
3.1416666666666666
3.4779874213836477
3.7024793388429753
3.5619047619047617
3.1914893617021276
4.827160493827161
4.813664596273292
3.4173228346456694
3.4379084967320264
4.804054054054054
4.393939393939394
6.324324324324325
6.324324324324325
4.781659388646288
4.331521739130435
3.746031746031746
3.6486486486486487
3.5328467153284673
3.392405063291139
4.555555555555555
3.6666666666666665
3.9166666666666665
4.688524590163935
4.459595959595959
4.591240875912408
4.575757575757576
5.724137931034483
4.086330935251799
3.261904761904762
4.356756756756757
3.8109756097560976
3.9831223628691985
3.027027027027027
3.6551724137931036
4.029850746268656
3.4173228346456694
6.443609022556391
6.324324324324325
5.227467811158799
4.796610169491525
10.461538461538462
10.6
5.375
4.102803738317757
4.109677419354838
3.7794117647058822
4.535545023696683
5.117647058823529
3.5655737704918034
4.303370786516854
3.7548387096774194
7.923076923076923
4.780821917808219
3.819095477386935
5.279411764705882
9.218934911242604
7.9714285714285715
4.457831325301205
7.313513513513514
6.9772727272727275
12.125
8.146666666666667
8.666666666666666
10.285714285714286
4.058441558441558
6.3125
3.8469387755102042
6.1923076923076925
5.482394366197183
5.020408163265306
3.762376237623762
3.6551724137931036
4.679245283018868
4.806603773584905
4.233532934131737
3.5449101796407185
4.431818181818182
3.6774193548387095
5.9904761904761905
5.888888888888889
4.780821917808219
4.31638418079096
5.45
4.277777777777778
4.115384615384615
6.006172839506172
12.6
12.421052631578947
3.3333333333333335
5.536697247706422
6.77319587628866
6.591623036649215
4.289575289575289
4.823529411764706
4.833333333333333
3.880952380952381
4.488505747126437
5.617283950617284
4.458333333333333
3.6842105263157894
3.925
4.719806763285024
3.7794117647058822
3.8181818181818183
3.169230769230769
4.277777777777778
6.512195121951219
4.5
6.006172839506172
3.8181818181818183
3.9625
4.0
4.31638418079096
4.31638418079096
8.119047619047619
3.6791666666666667
4.575757575757576
5.577639751552795
3.3433734939759034
3.7024793388429753
5.618257261410788
4.781659388646288
5.703703703703703
4.394366197183099
4.089655172413793
5.9904761904761905
4.431818181818182
4.806603773584905
5.044334975369458
3.9171597633136095
4.796610169491525
4.5874439461883405
4.813664596273292
5.206896551724138
4.8311688311688314
5.181372549019608
4.34
4.5874439461883405
7.25
3.770700636942675
5.3493150684931505
5.3493150684931505
3.75
3.5273972602739727
3.8469387755102042
4.166666666666667
4.344827586206897
4.443181818181818
4.542857142857143
3.4146341463414633
3.688073394495413
4.089655172413793
6.006172839506172
3.761904761904762
6.034246575342466
4.298701298701299
4.507142857142857
4.443181818181818
4.5675675675675675
3.688311688311688
3.8333333333333335
4.157894736842105
4.833333333333333
3.9171597633136095
4.138888888888889
5.689655172413793
5.45
5.078125
4.456140350877193
3.4726027397260273
4.781659388646288
4.484848484848484
4.072847682119205
4.457831325301205
6.3125
4.151515151515151
3.4130434782608696
3.75177304964539
3.9625
3.5796178343949046
4.394366197183099
3.8181818181818183
3.8469387755102042
4.029850746268656
4.813664596273292
3.832369942196532
3.8109756097560976
4.298701298701299
3.532258064516129
4.507142857142857
4.1528662420382165
5.590909090909091
5.661971830985915
3.9833333333333334
4.216931216931217
3.517543859649123
4.804054054054054
4.394366197183099
3.0671641791044775
3.7295081967213113
3.8469387755102042
3.888888888888889
4.368421052631579
3.75
4.160919540229885
5.040816326530612
4.666666666666667
3.2888888888888888
3.6551724137931036
4.356756756756757
3.26890756302521
3.75177304964539
3.965034965034965
4.289575289575289
5.524590163934426
4.111111111111111
6.066666666666666
6.066666666666666
3.8461538461538463
4.089655172413793
5.1923076923076925
4.333333333333333
4.089655172413793
3.515625
3.9171597633136095
4.5874439461883405
3.965065502183406
10.607476635514018
9.81578947368421
3.7735849056603774
4.35
5.111111111111111
4.402366863905326
3.5449101796407185
3.7735849056603774
7.409638554216867
4.394366197183099
3.8469387755102042
4.729257641921397
3.6508875739644973
4.539267015706806
3.9305555555555554
3.75177304964539
3.9096045197740112
7.895196506550218
3.770700636942675
4.535545023696683
3.9096045197740112
3.832369942196532
4.5874439461883405
3.3028169014084505
5.0859375
3.75
4.5675675675675675
3.819095477386935
5.45
3.0462962962962963
4.094017094017094
6.591623036649215
5.525
3.9625
4.293333333333333
4.117647058823529
4.35
4.964444444444444
4.029850746268656
3.767857142857143
3.5328467153284673
3.663157894736842
5.0
3.2983870967741935
4.216931216931217
4.2
3.965065502183406
4.796610169491525
4.536842105263158
3.5655737704918034
4.368421052631579
4.216931216931217
3.546875
3.7555555555555555
3.217391304347826
