3.3031761308950913
3.702020202020202
4.456661316211878
2.15
3.469248291571754
3.933333333333333
4.82988298829883
3.0653950953678475
2.3144963144963144
3.579245283018868
3.294403892944039
3.3761061946902653
3.9212669683257917
4.2687074829931975
3.56672760511883
3.2972972972972974
2.38
2.6754617414248023
3.9212669683257917
4.39344262295082
5.02755905511811
7.391100702576113
4.1597374179431075
3.7055555555555557
3.852413793103448
2.6363636363636362
3.212686567164179
4.458095238095238
3.762541806020067
2.6790123456790123
2.2661290322580645
3.32
3.212686567164179
3.4563636363636365
3.183023872679045
3.5238095238095237
2.9791666666666665
2.8054474708171204
2.7797356828193833
3.6075388026607538
4.1597374179431075
3.933333333333333
4.458095238095238
3.150341685649203
3.935483870967742
3.852413793103448
4.72672064777328
3.32
3.2464646464646463
3.5253759398496243
4.332057416267943
2.4330708661417324
4.72672064777328
3.9212669683257917
3.741991341991342
2.224
3.579245283018868
2.6419098143236073
3.3031761308950913
3.623076923076923
3.935483870967742
3.55794701986755
3.6075388026607538
2.5231788079470197
2.8745247148288975
3.631436314363144
3.741991341991342
3.976645435244161
4.590200445434299
3.741991341991342
3.703125
4.72672064777328
2.7744755244755246
5.165755919854281
3.935483870967742
4.769911504424779
2.38
3.5253759398496243
2.4609375
4.2687074829931975
4.410810810810811
3.9212669683257917
4.370212765957447
3.9649122807017543
4.769911504424779
3.933333333333333
2.6754617414248023
3.9212669683257917
2.3144963144963144
2.2661290322580645
3.852413793103448
5.888111888111888
3.579245283018868
2.3144963144963144
4.72672064777328
2.4330708661417324
5.555555555555555
2.9791666666666665
3.3781512605042017
3.4629032258064516
3.7688442211055277
3.32
2.6790123456790123
3.183406113537118
3.9212669683257917
3.9212669683257917
3.5807590467784642
3.5807590467784642
2.4145569620253164
3.566666666666667
3.579245283018868
3.6075388026607538
3.4701327433628317
3.0653950953678475
4.005605381165919
3.668831168831169
5.888111888111888
5.837763519706691
2.7744755244755246
5.5285714285714285
2.8615384615384616
3.558201058201058
4.465163934426229
4.458095238095238
3.0653950953678475
5.02755905511811
2.4384057971014492
3.623076923076923
3.976645435244161
3.547945205479452
2.47985347985348
4.142259414225942
4.458095238095238
4.103225806451613
4.456661316211878
3.212686567164179
4.456661316211878
2.8636363636363638
3.0078740157480315
3.623076923076923
4.028925619834711
3.404166666666667
3.4731182795698925
4.3559322033898304
4.769911504424779
4.005605381165919
3.742627345844504
3.741991341991342
2.451476793248945
2.38
3.579245283018868
3.5261707988980717
3.183023872679045
3.56672760511883
2.4330708661417324
2.3902439024390243
3.976645435244161
2.7744755244755246
6.715302491103203
5.9504792332268375
4.458095238095238
3.976645435244161
3.9212669683257917
3.469248291571754
3.741991341991342
2.7213930348258706
5.888111888111888
3.5807590467784642
3.668831168831169
2.2661290322580645
3.1955128205128207
3.6075388026607538
3.5340314136125652
3.5609756097560976
3.212686567164179
4.14410480349345
5.829305135951661
4.005605381165919
4.252307692307692
3.6075388026607538
3.9212669683257917
3.4629032258064516
3.741991341991342
3.806410256410256
3.741991341991342
3.0
4.543123543123543
2.627062706270627
3.5253759398496243
3.5253759398496243
3.742627345844504
3.5807590467784642
4.332057416267943
3.741991341991342
3.1875
7.337171052631579
4.908411214953271
3.741991341991342
3.579245283018868
3.741991341991342
3.238372093023256
5.1479958890030835
6.715302491103203
4.3559322033898304
4.332057416267943
3.579245283018868
4.465163934426229
3.895368782161235
3.741991341991342
3.32
4.0394736842105265
6.1020408163265305
3.5807590467784642
3.7055555555555557
3.183406113537118
3.579245283018868
4.590200445434299
2.4330708661417324
4.458095238095238
2.4385382059800667
5.837763519706691
3.6075388026607538
3.269633507853403
7.337171052631579
3.1879259980525805
2.5231788079470197
3.1879259980525805
3.702020202020202
3.3781512605042017
3.741991341991342
2.38
3.3781512605042017
5.837763519706691
4.1597374179431075
2.9791666666666665
2.38
4.2687074829931975
3.7688442211055277
4.14410480349345
4.332057416267943
5.888111888111888
5.888111888111888
4.5676625659050965
4.598253275109171
6.0864714086471405
3.0078740157480315
4.0394736842105265
3.976645435244161
3.933333333333333
3.9212669683257917
3.9649122807017543
4.063694267515924
2.4330708661417324
3.1879259980525805
3.0078740157480315
4.0
2.6754617414248023
2.83248730964467
4.72672064777328
3.6075388026607538
4.456661316211878
3.183023872679045
2.707940780619112
4.590200445434299
4.82988298829883
2.4385382059800667
3.631436314363144
3.1879259980525805
2.38
3.32
3.4629032258064516
2.4385382059800667
3.3351063829787235
3.1879259980525805
3.06375
2.9665871121718377
3.680515759312321
3.852413793103448
4.306930693069307
5.083333333333333
3.741991341991342
6.573033707865169
4.306930693069307
3.933333333333333
3.741991341991342
5.2288557213930345
4.225701943844492
3.5253759398496243
5.165755919854281
2.8359133126934983
3.742627345844504
5.555555555555555
3.933333333333333
3.2618296529968456
3.895368782161235
3.933333333333333
3.4629032258064516
3.691588785046729
3.702020202020202
3.2622478386167146
4.456661316211878
3.55794701986755
3.6341463414634148
3.741991341991342
3.976645435244161
4.252307692307692
4.72672064777328
3.5807590467784642
2.4145569620253164
3.3761061946902653
4.456661316211878
3.852413793103448
3.0779220779220777
3.976645435244161
4.332057416267943
3.852413793103448
5.026315789473684
3.742627345844504
3.806410256410256
3.741991341991342
5.9504792332268375
3.9212669683257917
2.6823529411764704
3.0078740157480315
2.894259818731118
3.741991341991342
4.005605381165919
4.598253275109171
4.458095238095238
4.456661316211878
2.6790123456790123
2.894259818731118
2.995085995085995
2.929384965831435
3.741991341991342
5.789893617021277
3.631436314363144
2.3144963144963144
3.5253759398496243
2.8203463203463204
4.3559322033898304
2.313782991202346
3.404166666666667
5.666666666666667
4.458095238095238
4.908411214953271
5.60655737704918
3.6341463414634148
3.32
5.211538461538462
5.083333333333333
3.3031761308950913
3.1662162162162164
5.888111888111888
3.150341685649203
3.5253759398496243
7.516129032258065
2.4384057971014492
3.2972972972972974
3.5253759398496243
3.3031761308950913
3.9212669683257917
3.741991341991342
4.458095238095238
7.981115879828327
3.9212669683257917
4.332057416267943
2.83248730964467
4.92225201072386
3.1879259980525805
3.623076923076923
5.888111888111888
3.4629032258064516
3.6097560975609757
2.685185185185185
7.738095238095238
3.742627345844504
3.2622478386167146
4.884615384615385
4.458095238095238
3.935483870967742
5.083333333333333
4.72672064777328
4.72672064777328
4.590200445434299
4.410810810810811
3.623076923076923
5.061538461538461
3.5807590467784642
3.9212669683257917
4.458095238095238
5.7958167330677295
4.456661316211878
3.935483870967742
4.465163934426229
3.32
4.598253275109171
3.742627345844504
3.579245283018868
2.4220183486238533
2.7211538461538463
3.741991341991342
3.741991341991342
3.933333333333333
4.332057416267943
3.137704918032787
5.7958167330677295
3.6097560975609757
3.935483870967742
3.56672760511883
3.727272727272727
3.469248291571754
4.82988298829883
3.56672760511883
3.9649122807017543
4.306930693069307
3.935483870967742
4.093877551020408
7.575384615384616
3.6075388026607538
4.332057416267943
3.276595744680851
5.02755905511811
4.1597374179431075
3.852413793103448
3.212686567164179
3.9212669683257917
4.458095238095238
3.275943396226415
2.6823529411764704
3.935483870967742
3.9212669683257917
4.82988298829883
2.627062706270627
4.402912621359223
3.7055555555555557
4.0
3.3781512605042017
3.668831168831169
3.56672760511883
3.623076923076923
4.458095238095238
4.460732984293194
3.32
3.32
5.02755905511811
4.0394736842105265
5.736986301369863
3.62
4.005605381165919
3.4148471615720526
5.165755919854281
4.028925619834711
2.6754617414248023
2.5511811023622046
2.894259818731118
4.306930693069307
4.370212765957447
3.6341463414634148
6.545558086560365
3.9212669683257917
3.303703703703704
5.1479958890030835
3.56672760511883
6.36
3.5807590467784642
4.82988298829883
4.306930693069307
3.579245283018868
3.7055555555555557
4.075757575757576
4.908163265306122
3.933333333333333
3.183406113537118
3.806410256410256
3.238372093023256
3.5807590467784642
3.895368782161235
4.602777777777778
4.1597374179431075
6.0412147505422995
3.741991341991342
3.32
3.1955128205128207
2.668918918918919
3.1955128205128207
3.741991341991342
3.6797752808988764
3.238372093023256
3.933333333333333
6.715302491103203
3.3031761308950913
2.995085995085995
4.456661316211878
3.814814814814815
3.741991341991342
3.150341685649203
3.741991341991342
4.769911504424779
2.4879518072289155
2.707940780619112
4.988095238095238
4.222707423580786
4.410810810810811
4.555555555555555
2.995085995085995
2.627062706270627
3.742627345844504
3.6075388026607538
3.741991341991342
2.927536231884058
3.294403892944039
2.4385382059800667
2.6823529411764704
3.579245283018868
4.458095238095238
5.165755919854281
7.687065368567454
4.140672782874618
4.410810810810811
2.7797356828193833
3.3031761308950913
4.602777777777778
3.0653950953678475
3.852413793103448
3.56672760511883
2.627062706270627
4.103225806451613
7.780260707635009
3.5253759398496243
2.752688172043011
3.852413793103448
2.2661290322580645
3.7055555555555557
4.005605381165919
4.908411214953271
2.608910891089109
3.4629032258064516
4.332057416267943
3.5807590467784642
3.935483870967742
4.458095238095238
3.579245283018868
4.1875
3.5340314136125652
3.3153347732181424
2.4384057971014492
3.4731182795698925
3.6075388026607538
2.451476793248945
3.933333333333333
3.7055555555555557
3.150341685649203
4.252307692307692
4.332057416267943
3.5253759398496243
3.895368782161235
3.976645435244161
3.895368782161235
4.92225201072386
2.4385382059800667
3.3781512605042017
3.303703703703704
2.2661290322580645
3.56672760511883
3.702020202020202
3.7055555555555557
3.06375
4.332057416267943
3.5253759398496243
4.0394736842105265
3.579245283018868
3.469248291571754
2.6823529411764704
4.456661316211878
4.458095238095238
4.332057416267943
4.306930693069307
3.9649122807017543
2.476543209876543
6.242489270386266
3.933333333333333
4.458095238095238
4.458095238095238
3.5238095238095237
3.1168032786885247
3.4347826086956523
3.033333333333333
4.5
3.935483870967742
2.927536231884058
3.150341685649203
3.702020202020202
3.469248291571754
3.2972972972972974
5.265658747300216
2.8285714285714287
7.898942420681551
5.555555555555555
3.6075388026607538
4.173913043478261
5.888111888111888
4.458095238095238
2.929384965831435
3.62
3.3781512605042017
3.024822695035461
4.769911504424779
3.06375
3.9212669683257917
7.135483870967742
7.135483870967742
4.458095238095238
4.465163934426229
3.631436314363144
3.5253759398496243
4.630669546436285
2.7213930348258706
3.0653950953678475
3.5807590467784642
3.742627345844504
4.225701943844492
4.92225201072386
4.458095238095238
3.1168032786885247
3.0653950953678475
4.598253275109171
2.3144963144963144
2.6048387096774195
2.7213930348258706
3.183023872679045
3.4701327433628317
2.923076923076923
3.06375
3.4347826086956523
3.32
4.028925619834711
4.680525164113786
2.451476793248945
4.685589519650655
3.3781512605042017
3.6075388026607538
3.852413793103448
4.6419753086419755
4.3559322033898304
3.623076923076923
2.83248730964467
3.741991341991342
4.140672782874618
3.06375
4.0394736842105265
3.741991341991342
4.2687074829931975
3.269633507853403
3.9212669683257917
2.8615384615384616
4.630669546436285
3.509259259259259
3.32
3.5807590467784642
3.2622478386167146
3.895368782161235
2.627062706270627
3.5261707988980717
3.06375
2.465909090909091
3.4715261958997723
3.9212669683257917
3.6857142857142855
4.225701943844492
3.3031761308950913
3.741991341991342
3.741991341991342
2.2661290322580645
3.935483870967742
4.3559322033898304
4.252307692307692
4.005605381165919
4.8
2.521640091116173
3.2622478386167146
3.1168032786885247
4.72672064777328
3.742627345844504
2.8359133126934983
3.4715261958997723
3.6797752808988764
6.36
3.183406113537118
2.313782991202346
3.741991341991342
5.0
3.024822695035461
2.6823529411764704
3.852413793103448
4.332057416267943
4.410810810810811
3.469248291571754
2.6754617414248023
3.06375
3.631436314363144
3.06375
2.4385382059800667
4.252918287937743
2.8745247148288975
5.736986301369863
4.82988298829883
2.521640091116173
3.1020408163265305
3.741991341991342
3.742627345844504
2.696261682242991
2.7213930348258706
3.9212669683257917
4.456661316211878
3.935483870967742
2.8285714285714287
3.579245283018868
2.627062706270627
7.687065368567454
2.9791666666666665
4.306930693069307
3.741991341991342
2.232876712328767
3.3031761308950913
4.837078651685394
3.5807590467784642
3.212686567164179
3.806410256410256
5.361563517915309
4.458095238095238
3.933333333333333
3.1955128205128207
4.306930693069307
3.9212669683257917
3.275943396226415
3.623076923076923
4.14410480349345
4.5676625659050965
2.6823529411764704
3.0653950953678475
3.702020202020202
3.9212669683257917
3.762541806020067
9.021212121212121
3.303703703703704
3.741991341991342
3.547945205479452
6.502762430939226
3.0
2.4384057971014492
3.933333333333333
3.56672760511883
3.183406113537118
3.935483870967742
4.3559322033898304
3.703125
3.19921875
3.06375
3.469248291571754
4.456661316211878
3.4563636363636365
3.5253759398496243
3.57088122605364
4.093877551020408
3.933333333333333
2.9785714285714286
2.8745247148288975
3.741991341991342
4.410810810810811
4.103225806451613
3.238372093023256
7.687065368567454
3.579245283018868
4.3559322033898304
4.14410480349345
2.4220183486238533
2.923076923076923
5.7958167330677295
4.1206030150753765
3.5807590467784642
3.6075388026607538
3.404166666666667
2.3144963144963144
3.5253759398496243
3.5253759398496243
3.56
3.5807590467784642
3.852413793103448
2.906832298136646
2.6754617414248023
4.455516014234876
3.691588785046729
3.183406113537118
7.337171052631579
3.55794701986755
3.4731182795698925
2.6754617414248023
4.332057416267943
2.521640091116173
3.3031761308950913
3.691588785046729
2.2661290322580645
5.083333333333333
2.8615384615384616
4.173913043478261
4.456661316211878
2.3144963144963144
4.252307692307692
2.9665871121718377
3.5253759398496243
3.9212669683257917
3.0584795321637426
3.5253759398496243
3.9212669683257917
3.4563636363636365
3.741991341991342
4.630669546436285
3.579245283018868
4.705882352941177
3.4594594594594597
3.4594594594594597
4.1875
3.792
4.306930693069307
6.994609164420485
3.183406113537118
2.720833333333333
3.680515759312321
3.4715261958997723
4.72672064777328
3.62
5.361563517915309
4.460732984293194
4.602777777777778
3.4629032258064516
2.4145569620253164
2.4145569620253164
3.547945205479452
2.4384057971014492
3.469248291571754
3.702020202020202
2.627062706270627
3.4693877551020407
3.183023872679045
3.5069337442218798
3.9212669683257917
7.687065368567454
3.57088122605364
2.894259818731118
2.8203463203463204
4.306930693069307
2.4330708661417324
2.7286245353159853
2.3144963144963144
3.238372093023256
2.7744755244755246
4.456661316211878
2.3063973063973062
2.313782991202346
2.8359133126934983
4.1597374179431075
6.242489270386266
3.6075388026607538
4.458095238095238
7.135483870967742
3.246153846153846
4.332057416267943
3.5253759398496243
4.460732984293194
2.38
2.4384057971014492
3.269633507853403
2.521640091116173
3.741991341991342
3.2439024390243905
5.165755919854281
4.306930693069307
3.526315789473684
3.212686567164179
4.410810810810811
2.8359133126934983
3.212686567164179
3.9212669683257917
4.5676625659050965
4.630669546436285
3.9212669683257917
4.590200445434299
4.410810810810811
2.4384057971014492
3.4148471615720526
3.1168032786885247
3.06375
2.354609929078014
4.456661316211878
3.7160493827160495
4.590200445434299
3.5807590467784642
4.028925619834711
5.361563517915309
3.6797752808988764
4.14410480349345
7.575384615384616
6.993670886075949
3.5807590467784642
3.033333333333333
3.56672760511883
2.958656330749354
4.1597374179431075
4.456661316211878
3.275943396226415
3.741991341991342
2.927536231884058
4.410810810810811
3.579245283018868
4.1597374179431075
3.183406113537118
3.0779220779220777
3.32
3.631436314363144
2.933333333333333
3.852413793103448
2.6823529411764704
3.933333333333333
2.4384057971014492
3.668831168831169
2.4145569620253164
4.456661316211878
3.935483870967742
3.935483870967742
2.9665871121718377
3.935483870967742
3.935483870967742
3.1879259980525805
3.1662162162162164
4.332057416267943
2.313782991202346
2.528688524590164
2.4384057971014492
6.573033707865169
3.741991341991342
4.5
4.14410480349345
3.579245283018868
3.0625
4.543123543123543
3.702020202020202
2.8359133126934983
3.269633507853403
2.4330708661417324
2.8745247148288975
5.829605963791267
3.9212669683257917
4.578947368421052
3.32
4.92225201072386
3.238372093023256
3.9212669683257917
3.2464646464646463
2.465909090909091
4.332057416267943
3.852413793103448
2.451476793248945
2.4330708661417324
3.933333333333333
4.093877551020408
3.5261707988980717
4.140672782874618
3.7055555555555557
3.294403892944039
2.707940780619112
3.6747474747474747
4.769911504424779
3.579245283018868
2.65625
2.8054474708171204
4.456661316211878
4.1597374179431075
4.0
5.837763519706691
3.933333333333333
2.8745247148288975
5.1479958890030835
2.528688524590164
3.852413793103448
2.4220183486238533
3.5253759398496243
2.7744755244755246
5.829305135951661
4.005605381165919
3.2
2.38
2.958656330749354
3.895368782161235
3.579245283018868
3.976645435244161
3.579245283018868
3.741991341991342
4.332057416267943
3.579245283018868
3.806410256410256
2.9665871121718377
3.1242774566473988
3.06375
2.3902439024390243
2.2661290322580645
2.4384057971014492
2.3063973063973062
2.685185185185185
2.4404761904761907
2.9785714285714286
4.6419753086419755
4.225701943844492
3.269633507853403
3.857142857142857
3.547945205479452
3.5807590467784642
4.456661316211878
5.666666666666667
3.32
3.5253759398496243
3.238372093023256
2.9791666666666665
5.888111888111888
2.927536231884058
3.933333333333333
3.680515759312321
3.2618296529968456
3.3031761308950913
3.852413793103448
3.183406113537118
2.6823529411764704
4.5676625659050965
3.2439024390243905
3.328358208955224
3.183023872679045
3.668831168831169
4.72672064777328
4.222707423580786
4.1597374179431075
4.3559322033898304
6.1020408163265305
4.443708609271523
3.4693877551020407
2.8359133126934983
3.4731182795698925
7.337171052631579
3.238372093023256
3.3781512605042017
4.456661316211878
6.044852191641183
5.348484848484849
3.7160493827160495
4.988095238095238
4.766467065868263
2.5555555555555554
3.1955128205128207
3.3031761308950913
3.9212669683257917
4.456661316211878
5.0
3.2464646464646463
2.8203463203463204
3.852413793103448
4.252918287937743
3.5261707988980717
4.769911504424779
3.852413793103448
2.4330708661417324
3.4693877551020407
4.005605381165919
3.852413793103448
4.1597374179431075
5.265658747300216
3.5253759398496243
5.083333333333333
5.829605963791267
2.8359133126934983
2.3144963144963144
2.4384057971014492
2.268292682926829
3.9212669683257917
2.4384057971014492
7.318809776833156
2.526315789473684
3.5340314136125652
3.62
3.819548872180451
3.7055555555555557
3.56672760511883
7.055555555555555
3.976645435244161
5.361563517915309
4.306930693069307
5.02755905511811
2.4145569620253164
6.715302491103203
4.093877551020408
3.2222222222222223
2.6754617414248023
3.741991341991342
3.275943396226415
2.927536231884058
7.738095238095238
4.278825995807128
5.959615384615384
3.3031761308950913
2.8461538461538463
2.4145569620253164
4.456661316211878
3.8762886597938144
3.4594594594594597
4.456661316211878
6.6923076923076925
3.3351063829787235
3.183023872679045
2.8203463203463204
3.5253759398496243
4.602777777777778
2.7744755244755246
3.702020202020202
4.598253275109171
3.680515759312321
3.741991341991342
3.5807590467784642
4.443708609271523
2.2661290322580645
3.5807590467784642
4.005605381165919
3.2622478386167146
4.14410480349345
4.988095238095238
7.516129032258065
3.5253759398496243
4.332057416267943
5.888111888111888
4.0394736842105265
4.39344262295082
3.806410256410256
4.590200445434299
3.680515759312321
5.959615384615384
3.4347826086956523
3.741991341991342
2.8359133126934983
3.4731182795698925
3.806410256410256
3.3405797101449277
4.093877551020408
4.306930693069307
2.927536231884058
2.3144963144963144
2.7744755244755246
3.680515759312321
4.598253275109171
3.5261707988980717
4.465163934426229
3.6341463414634148
3.4731182795698925
3.741991341991342
2.8359133126934983
3.935483870967742
3.32
2.494071146245059
2.6754617414248023
3.4701327433628317
2.573248407643312
2.7471264367816093
5.165755919854281
5.165755919854281
3.5807590467784642
2.4330708661417324
3.935483870967742
3.303703703703704
3.3181818181818183
3.8076923076923075
4.1206030150753765
3.06375
3.469248291571754
3.814814814814815
4.456661316211878
3.741991341991342
3.06375
3.742627345844504
2.696261682242991
3.741991341991342
3.5807590467784642
4.456661316211878
4.598253275109171
3.3031761308950913
3.150341685649203
2.2661290322580645
2.8359133126934983
3.303703703703704
2.6048387096774195
2.927536231884058
2.6823529411764704
3.741991341991342
3.579245283018868
4.5676625659050965
3.06375
5.083333333333333
5.361563517915309
5.02755905511811
4.402912621359223
2.8615384615384616
3.06375
3.680515759312321
4.72672064777328
4.630669546436285
5.142292490118577
3.741991341991342
4.278825995807128
4.456661316211878
5.555555555555555
3.741991341991342
3.469248291571754
3.238372093023256
5.361563517915309
2.4330708661417324
3.741991341991342
4.458095238095238
3.9212669683257917
5.083333333333333
5.60655737704918
4.837078651685394
4.456661316211878
3.183023872679045
2.2661290322580645
3.742627345844504
2.927536231884058
3.933333333333333
2.9785714285714286
3.579245283018868
4.0
3.3153347732181424
3.976645435244161
4.630669546436285
5.361563517915309
3.32
3.852413793103448
3.5807590467784642
5.265658747300216
3.741991341991342
3.06375
2.707940780619112
3.976645435244161
3.303703703703704
4.6419753086419755
4.3559322033898304
3.623076923076923
2.927536231884058
3.3761061946902653
6.573033707865169
3.933333333333333
3.033333333333333
3.5253759398496243
5.829305135951661
4.602777777777778
3.933333333333333
2.465909090909091
3.5253759398496243
3.5253759398496243
3.579245283018868
3.579245283018868
2.929384965831435
3.9212669683257917
3.852413793103448
3.741991341991342
4.157692307692308
4.332057416267943
3.183406113537118
3.623076923076923
6.0864714086471405
3.183406113537118
3.8131868131868134
3.269633507853403
2.4703703703703703
2.8203463203463204
3.024822695035461
4.065891472868217
4.602777777777778
4.598253275109171
4.3559322033898304
2.929384965831435
3.57088122605364
3.183023872679045
3.579245283018868
5.959615384615384
3.1168032786885247
3.6161137440758293
3.5261707988980717
3.4731182795698925
3.6161137440758293
4.028925619834711
4.456661316211878
2.627062706270627
3.9212669683257917
4.456661316211878
4.332057416267943
4.3559322033898304
4.769911504424779
3.4148471615720526
2.4385382059800667
3.8497536945812807
4.458095238095238
4.0394736842105265
3.3121495327102806
4.443708609271523
5.083333333333333
3.7055555555555557
3.680515759312321
3.6797752808988764
3.32
3.9212669683257917
2.707940780619112
4.705882352941177
4.72672064777328
4.66996699669967
3.3031761308950913
3.1168032786885247
4.495495495495495
3.2972972972972974
4.456661316211878
6.1020408163265305
3.558201058201058
4.460732984293194
3.404166666666667
5.047430830039525
2.521640091116173
3.9212669683257917
3.702020202020202
3.06375
3.579245283018868
5.083333333333333
4.306930693069307
2.6823529411764704
3.933333333333333
5.8579881656804735
4.72672064777328
4.590200445434299
3.6075388026607538
3.933333333333333
3.741991341991342
3.741991341991342
3.32
3.9212669683257917
4.6419753086419755
3.469248291571754
4.456661316211878
3.976645435244161
4.602777777777778
2.627062706270627
4.0394736842105265
3.742627345844504
4.410810810810811
4.458095238095238
3.4693877551020407
2.4404761904761907
4.456661316211878
5.02755905511811
4.332057416267943
3.579245283018868
3.579245283018868
2.38
3.5261707988980717
4.306930693069307
5.837763519706691
5.1479958890030835
2.451476793248945
2.8745247148288975
3.5261707988980717
3.579245283018868
4.332057416267943
3.3031761308950913
4.72672064777328
3.935483870967742
4.837078651685394
4.443708609271523
3.238372093023256
3.623076923076923
3.32
3.1168032786885247
4.1206030150753765
4.456661316211878
3.4347826086956523
3.6842105263157894
4.2687074829931975
3.631436314363144
2.6823529411764704
3.32
3.6842105263157894
4.602777777777778
3.579245283018868
3.4701327433628317
4.576923076923077
3.4693877551020407
2.448529411764706
4.1206030150753765
4.458095238095238
2.906832298136646
3.1242774566473988
3.1242774566473988
3.5807590467784642
3.741991341991342
2.38
4.458095238095238
2.3144963144963144
4.465163934426229
4.456661316211878
4.458095238095238
3.57088122605364
4.225701943844492
2.9791666666666665
3.32
3.6161137440758293
2.47985347985348
4.332057416267943
4.332057416267943
2.894259818731118
4.3559322033898304
3.5253759398496243
3.3121495327102806
4.458095238095238
2.894259818731118
4.3559322033898304
3.5807590467784642
4.2687074829931975
4.945454545454545
4.465163934426229
6.36
3.2464646464646463
4.37117903930131
3.7055555555555557
3.7205882352941178
3.895368782161235
5.837763519706691
3.741991341991342
2.696261682242991
3.935483870967742
3.742627345844504
3.5261707988980717
3.741991341991342
3.976645435244161
3.741991341991342
5.555555555555555
3.741991341991342
6.715302491103203
4.769911504424779
2.927536231884058
2.9791666666666665
3.5807590467784642
3.4701327433628317
4.410810810810811
4.456661316211878
2.6363636363636362
4.306930693069307
2.9791666666666665
3.5253759398496243
4.82988298829883
3.5807590467784642
3.5253759398496243
2.6754617414248023
2.906832298136646
3.5069337442218798
3.06375
4.3559322033898304
3.19921875
3.469248291571754
3.9649122807017543
5.047430830039525
4.769911504424779
3.9212669683257917
4.3559322033898304
3.792
4.456661316211878
3.06375
3.509259259259259
3.3153347732181424
4.005605381165919
4.142259414225942
3.294403892944039
3.741991341991342
2.3144963144963144
2.6754617414248023
3.935483870967742
3.32
3.269633507853403
3.579245283018868
3.6075388026607538
4.15
4.14410480349345
3.0625
3.32
3.742627345844504
4.1597374179431075
3.579245283018868
2.6754617414248023
4.456661316211878
3.976645435244161
3.933333333333333
3.3031761308950913
4.0394736842105265
4.252307692307692
2.958656330749354
2.707940780619112
4.458095238095238
3.5253759398496243
5.5285714285714285
4.046979865771812
2.521640091116173
2.4385382059800667
3.6341463414634148
3.579245283018868
3.32
3.579245283018868
4.72672064777328
7.687065368567454
6.545558086560365
4.005605381165919
4.680525164113786
4.456661316211878
3.32
4.332057416267943
4.630669546436285
3.579245283018868
4.140672782874618
3.183023872679045
3.32
4.988095238095238
3.8762886597938144
6.6415094339622645
3.741991341991342
4.4655172413793105
4.140672782874618
4.465163934426229
3.1168032786885247
3.9212669683257917
4.3559322033898304
7.687065368567454
3.623076923076923
3.7688442211055277
3.9212669683257917
2.8461538461538463
3.741991341991342
2.2661290322580645
4.3559322033898304
3.5807590467784642
3.269633507853403
3.806410256410256
3.680515759312321
3.741991341991342
3.741991341991342
3.4693877551020407
3.895368782161235
5.348484848484849
4.456661316211878
2.995085995085995
3.4715261958997723
3.741991341991342
3.137704918032787
4.1597374179431075
3.806410256410256
6.36
2.6823529411764704
8.71252566735113
4.332057416267943
3.935483870967742
4.72672064777328
3.6075388026607538
3.3121495327102806
4.3559322033898304
2.6754617414248023
5.083333333333333
3.579245283018868
3.5261707988980717
3.742627345844504
3.623076923076923
2.38
4.908411214953271
5.899043570669501
3.183023872679045
4.6419753086419755
3.680515759312321
3.623076923076923
4.5676625659050965
3.1242774566473988
3.741991341991342
2.5555555555555554
3.32
3.579245283018868
4.15
3.183023872679045
4.598253275109171
2.4404761904761907
2.4330708661417324
2.521640091116173
2.38
2.544642857142857
2.3144963144963144
3.727272727272727
5.7958167330677295
3.3121495327102806
3.935483870967742
2.451476793248945
3.6075388026607538
4.14410480349345
3.741991341991342
4.458095238095238
3.806410256410256
3.1020408163265305
3.404166666666667
3.742627345844504
3.5253759398496243
4.005605381165919
4.456661316211878
4.456661316211878
4.784313725490196
3.183023872679045
5.495348837209303
3.547945205479452
2.465909090909091
3.183023872679045
3.183406113537118
3.976645435244161
3.5340314136125652
2.894259818731118
4.460732984293194
3.976645435244161
4.332057416267943
2.752688172043011
3.9212669683257917
2.995085995085995
3.358600583090379
4.1597374179431075
4.065891472868217
3.623076923076923
3.269633507853403
3.5261707988980717
5.829605963791267
3.5253759398496243
3.935483870967742
3.4715261958997723
2.685185185185185
3.742627345844504
2.313782991202346
7.898942420681551
3.4693877551020407
3.2464646464646463
4.320754716981132
2.4385382059800667
2.4384057971014492
4.1597374179431075
2.494071146245059
3.196078431372549
3.1662162162162164
3.5253759398496243
2.6754617414248023
4.455516014234876
2.894259818731118
3.7055555555555557
4.046979865771812
4.602777777777778
3.4715261958997723
4.455516014234876
4.065891472868217
3.5340314136125652
3.1176470588235294
3.294403892944039
3.06375
4.908411214953271
2.6790123456790123
4.063694267515924
3.3031761308950913
3.741991341991342
3.579245283018868
4.456661316211878
4.140672782874618
4.140672782874618
2.6790123456790123
