5.967391304347826
5.955414012738854
5.913636363636364
7.098360655737705
5.536964980544747
6.034632034632034
5.1611650485436895
5.863039399624766
6.688524590163935
6.0790960451977405
5.164750957854406
5.77542372881356
5.725609756097561
4.784313725490196
5.844827586206897
5.772277227722772
5.07981220657277
4.946459412780657
5.894428152492669
5.92962962962963
7.0
6.41371158392435
5.161559888579387
6.388888888888889
5.863039399624766
5.2569269521410575
6.36963696369637
6.034632034632034
4.938034188034188
6.388888888888889
7.065789473684211
5.8442776735459665
6.619718309859155
7.0927152317880795
5.156462585034014
5.319444444444445
6.034632034632034
5.722727272727273
5.536964980544747
5.906593406593407
5.772277227722772
5.553264604810996
7.131386861313868
5.482384823848238
5.921568627450981
6.45643153526971
5.011428571428572
7.110714285714286
6.089189189189189
5.3431372549019605
5.536964980544747
6.541095890410959
8.092783505154639
6.6477272727272725
6.428571428571429
8.976470588235294
4.271794871794872
4.365853658536586
5.788194444444445
5.405963302752293
5.804878048780488
7.25
5.505720823798627
6.36963696369637
5.5344827586206895
5.803448275862069
5.2956521739130435
5.955414012738854
5.636075949367089
5.636075949367089
4.913151364764268
7.46978021978022
6.425655976676385
4.946459412780657
6.983050847457627
6.730769230769231
5.098265895953757
6.571428571428571
4.8388349514563105
6.453237410071942
4.611494252873563
5.423529411764706
5.021176470588236
6.033898305084746
5.277551020408163
4.561056105610561
6.338557993730408
4.946459412780657
6.16235294117647
6.02745995423341
5.968627450980392
5.967391304347826
6.071428571428571
6.754166666666666
6.046376811594203
7.550724637681159
5.843601895734597
5.906593406593407
5.788194444444445
6.180064308681672
5.011428571428572
5.325842696629214
4.342105263157895
7.550724637681159
5.967391304347826
5.321052631578947
7.906542056074766
5.894428152492669
7.098360655737705
6.180064308681672
6.4324324324324325
6.8
5.042035398230088
6.557575757575758
5.052631578947368
5.714285714285714
7.444108761329305
7.008130081300813
5.863039399624766
5.741758241758242
5.968627450980392
4.784313725490196
4.5854341736694675
4.913151364764268
5.628571428571429
5.843601895734597
5.058350100603621
5.913636363636364
5.863039399624766
7.2601156069364166
5.5
5.270096463022508
6.47945205479452
5.8828125
5.058350100603621
6.164285714285715
6.0790960451977405
6.327058823529412
6.078066914498141
6.544444444444444
4.5854341736694675
5.594420600858369
6.544444444444444
6.45643153526971
5.423529411764706
6.903061224489796
5.438775510204081
7.195488721804511
8.153846153846153
6.505454545454546
7.96078431372549
7.373239436619718
6.9
3.967611336032389
6.376731301939058
4.913151364764268
6.397212543554007
6.356948228882834
7.906542056074766
7.4361702127659575
6.45643153526971
5.1611650485436895
5.8442776735459665
5.786377708978328
5.496774193548387
6.033898305084746
6.1980676328502415
6.1980676328502415
6.813492063492063
6.330143540669856
6.0675675675675675
5.321052631578947
7.088888888888889
5.936936936936937
5.745704467353952
4.784313725490196
5.225
6.02745995423341
6.258064516129032
4.413698630136986
6.089189189189189
5.473684210526316
5.961240310077519
6.383084577114428
4.197231833910035
5.219026548672566
6.444444444444445
4.708955223880597
5.161559888579387
8.478386167146974
4.964401294498382
5.276595744680851
6.1980676328502415
5.894428152492669
5.067385444743936
5.167247386759582
5.780487804878049
6.303951367781155
5.082236842105263
6.308139534883721
5.913636363636364
6.244565217391305
5.8828125
5.702898550724638
6.36963696369637
5.828571428571428
6.164285714285715
5.844827586206897
6.046376811594203
5.270096463022508
4.972972972972973
5.921568627450981
6.453237410071942
6.459715639810427
4.967365967365968
5.0594059405940595
6.071428571428571
6.376731301939058
6.0675675675675675
5.07981220657277
6.080246913580247
5.758403361344538
4.115577889447236
4.9743589743589745
4.751351351351351
4.8388349514563105
6.518134715025907
5.276381909547739
6.204081632653061
5.981481481481482
5.473333333333334
5.276381909547739
3.970464135021097
5.847682119205298
6.450704225352113
5.772277227722772
5.507772020725389
6.033333333333333
6.541095890410959
5.714285714285714
6.899676375404531
5.405963302752293
6.109677419354838
5.536964980544747
7.119047619047619
6.3120567375886525
6.5
5.5
5.750684931506849
6.383084577114428
5.482384823848238
5.161559888579387
5.219026548672566
5.725609756097561
5.473333333333334
4.6982248520710055
5.931192660550459
5.098265895953757
4.271794871794872
6.17877094972067
6.472413793103448
5.276381909547739
6.8046875
6.28
6.255813953488372
4.555555555555555
6.4
6.033898305084746
6.556521739130435
5.863039399624766
5.863039399624766
5.936936936936937
5.955414012738854
6.004854368932039
6.038834951456311
6.586206896551724
5.2569269521410575
5.2956521739130435
5.222222222222222
4.784313725490196
5.161559888579387
5.007042253521127
6.12621359223301
5.804878048780488
5.750684931506849
4.416393442622951
5.8828125
6.164285714285715
6.204081632653061
7.111111111111111
8.024390243902438
7.1880877742946705
6.283018867924528
4.160839160839161
6.748275862068965
6.901960784313726
5.936936936936937
6.3120567375886525
5.172680412371134
4.992248062015504
5.8828125
5.466960352422907
8.4375
4.5655430711610485
4.785276073619632
7.9282051282051285
6.5
4.375
6.654166666666667
6.7384615384615385
7.134146341463414
6.228070175438597
5.819672131147541
6.142292490118577
5.82122905027933
5.967391304347826
6.340782122905028
5.636075949367089
5.392344497607655
6.142292490118577
6.333333333333333
4.967365967365968
6.518134715025907
5.741758241758242
5.553264604810996
7.6440677966101696
5.196078431372549
5.161559888579387
5.5
5.788194444444445
7.088888888888889
5.042035398230088
5.876404494382022
5.77542372881356
7.456140350877193
5.167247386759582
8.043478260869565
6.48051948051948
6.41371158392435
6.5131578947368425
6.456521739130435
8.063333333333333
5.54
5.505720823798627
8.413223140495868
4.938250428816467
5.702898550724638
4.611494252873563
5.427083333333333
6.545023696682464
4.784313725490196
6.185185185185185
7.187725631768953
5.787128712871287
5.276381909547739
5.761467889908257
5.772277227722772
6.571428571428571
5.021176470588236
6.903061224489796
5.728110599078341
5.863039399624766
5.167247386759582
5.725609756097561
5.8442776735459665
6.39067055393586
7.269230769230769
4.515337423312883
6.0
5.222222222222222
6.876595744680851
6.453237410071942
5.786377708978328
5.786377708978328
4.913151364764268
5.955414012738854
4.8388349514563105
6.288888888888889
6.818181818181818
9.153333333333334
5.608108108108108
7.019444444444445
6.556034482758621
6.080246913580247
6.28932584269663
5.844827586206897
6.255813953488372
6.374100719424461
5.5344827586206895
7.0927152317880795
7.104838709677419
4.68299711815562
6.472413793103448
7.533333333333333
6.308139534883721
7.098039215686274
5.921568627450981
4.771535580524344
5.051724137931035
5.894428152492669
5.276381909547739
5.9523809523809526
4.212653778558876
5.844827586206897
6.244565217391305
4.609195402298851
4.657303370786517
6.962025316455696
5.583690987124464
5.2569269521410575
8.065573770491802
6.16235294117647
6.558139534883721
6.75531914893617
5.863039399624766
6.901960784313726
15.0125786163522
5.164750957854406
5.967391304347826
4.657303370786517
4.482352941176471
5.844827586206897
7.456140350877193
6.397368421052631
7.110714285714286
6.078066914498141
6.7368421052631575
4.802816901408451
7.04320987654321
7.582417582417582
5.247191011235955
8.179039301310043
8.52760736196319
7.365853658536586
6.813492063492063
8.7
8.313793103448276
15.546762589928058
4.946459412780657
6.089189189189189
6.034632034632034
5.392344497607655
9.004255319148935
6.720588235294118
6.907407407407407
6.016666666666667
5.2101449275362315
5.694117647058824
5.624633431085044
6.641025641025641
4.8388349514563105
6.450704225352113
6.622222222222222
7.037383177570093
7.905013192612137
8.567073170731707
8.938461538461539
7.905013192612137
5.496774193548387
7.104072398190045
7.098360655737705
5.5344827586206895
6.216981132075472
5.235294117647059
5.5
5.098265895953757
4.967365967365968
6.340782122905028
5.961240310077519
4.611494252873563
6.5
5.935483870967742
6.8907284768211925
7.187725631768953
5.931192660550459
8.264705882352942
5.5344827586206895
5.8442776735459665
6.428571428571429
5.935483870967742
4.964401294498382
4.785276073619632
6.720588235294118
6.571428571428571
6.903061224489796
7.13
6.933333333333334
5.82122905027933
6.0344827586206895
6.16235294117647
5.276381909547739
6.266666666666667
5.20945945945946
7.036723163841808
5.7
7.019444444444445
5.1611650485436895
4.184782608695652
5.967391304347826
6.321917808219178
6.283018867924528
5.981481481481482
5.473333333333334
7.187725631768953
4.611494252873563
6.03125
5.844827586206897
6.592039800995025
6.880952380952381
5.844827586206897
7.105769230769231
6.071428571428571
7.860869565217391
4.8388349514563105
7.833333333333333
5.5344827586206895
4.065573770491803
5.7
6.180064308681672
5.438775510204081
5.819672131147541
5.276381909547739
6.2086330935251794
6.581560283687943
6.901960784313726
7.906542056074766
5.594420600858369
5.624633431085044
4.935802469135803
5.405963302752293
6.36963696369637
6.515151515151516
5.507772020725389
6.16235294117647
6.0675675675675675
4.836065573770492
5.1611650485436895
4.9743589743589745
7.4375
4.278985507246377
6.033898305084746
5.6
7.894
6.376731301939058
6.643589743589744
5.284313725490196
4.783333333333333
5.82122905027933
6.754166666666666
5.693693693693693
4.478599221789883
4.927083333333333
4.759206798866855
4.337164750957855
6.36963696369637
4.86013986013986
5.741758241758242
6.321917808219178
4.938034188034188
5.921568627450981
7.0
6.571428571428571
7.720430107526882
8.504854368932039
5.0272108843537415
7.906542056074766
5.611940298507463
6.603174603174603
6.983050847457627
5.173076923076923
4.946459412780657
8.292592592592593
6.426229508196721
6.48051948051948
6.992
6.962025316455696
6.544444444444444
5.921568627450981
6.180064308681672
6.283018867924528
4.5655430711610485
5.967391304347826
5.2956521739130435
5.936936936936937
5.741758241758242
6.016666666666667
5.167247386759582
5.54054054054054
5.935483870967742
4.815789473684211
5.07981220657277
4.482352941176471
4.785276073619632
4.482352941176471
4.482352941176471
5.847682119205298
6.456521739130435
6.16235294117647
6.328767123287672
5.522222222222222
5.011428571428572
5.196078431372549
5.333333333333333
6.356948228882834
5.772277227722772
6.185185185185185
5.1611650485436895
6.497282608695652
5.473333333333334
6.340782122905028
4.42
4.783333333333333
6.33587786259542
6.518134715025907
4.784313725490196
6.5
6.216981132075472
7.529411764705882
6.41371158392435
5.694117647058824
9.032786885245901
6.41371158392435
4.478599221789883
4.42
5.319444444444445
4.784313725490196
6.1980676328502415
5.277551020408163
6.033898305084746
6.899676375404531
6.046376811594203
6.379310344827586
6.135135135135135
6.089189189189189
7.163498098859316
6.288888888888889
7.036723163841808
6.113924050632911
4.785276073619632
7.39375
5.5344827586206895
4.938034188034188
7.2823529411764705
6.453237410071942
6.450704225352113
6.383084577114428
7.196319018404908
6.376731301939058
5.77542372881356
4.783333333333333
5.375
5.321052631578947
4.197231833910035
5.804878048780488
4.5655430711610485
5.931192660550459
5.229508196721311
6.089189189189189
5.276381909547739
6.016666666666667
5.2956521739130435
6.078066914498141
6.453237410071942
6.7384615384615385
7.6521739130434785
5.161559888579387
6.078066914498141
6.046376811594203
5.819672131147541
5.8828125
7.2823529411764705
5.277551020408163
6.814207650273224
5.505720823798627
5.624633431085044
4.992248062015504
5.594420600858369
4.708955223880597
5.505720823798627
4.938034188034188
5.156462585034014
6.098360655737705
5.1611650485436895
6.113924050632911
5.325842696629214
4.503968253968254
4.657303370786517
5.229508196721311
5.392344497607655
5.7
5.843601895734597
4.5655430711610485
6.348314606741573
5.173076923076923
5.628571428571429
5.5344827586206895
4.342105263157895
5.0
4.8388349514563105
5.405963302752293
7.019444444444445
6.034934497816594
4.995652173913044
4.271794871794872
8.024390243902438
6.004854368932039
4.964401294498382
6.453237410071942
5.011428571428572
7.547008547008547
4.92511013215859
4.815789473684211
5.863039399624766
5.082236842105263
5.803448275862069
6.0675675675675675
5.915841584158416
6.089189189189189
4.583333333333333
4.785276073619632
8.065573770491802
5.803448275862069
6.0675675675675675
5.098265895953757
5.594420600858369
5.7
4.809302325581395
5.8442776735459665
5.624633431085044
4.86013986013986
9.24390243902439
6.338557993730408
5.466960352422907
4.550279329608938
5.07981220657277
7.131386861313868
5.803448275862069
5.5344827586206895
4.783333333333333
5.775510204081633
6.885245901639344
5.270096463022508
5.553264604810996
5.505720823798627
4.708955223880597
5.5344827586206895
8.7987012987013
6.45643153526971
5.2569269521410575
7.12962962962963
6.556034482758621
6.397212543554007
5.319444444444445
5.011428571428572
5.482384823848238
5.392344497607655
5.284313725490196
5.935483870967742
6.746478873239437
5.967391304347826
4.503968253968254
6.520833333333333
5.624633431085044
5.319444444444445
6.581560283687943
5.07981220657277
4.967365967365968
5.912408759124087
4.212653778558876
4.6923076923076925
7.195652173913044
6.0344827586206895
5.594420600858369
5.608108108108108
4.784313725490196
5.507772020725389
6.397212543554007
6.480337078651686
4.836363636363636
5.277551020408163
6.6
6.078066914498141
5.762195121951219
5.594420600858369
5.161559888579387
5.913636363636364
5.931192660550459
5.482384823848238
6.308139534883721
4.913151364764268
6.823008849557522
5.8828125
6.41371158392435
5.473684210526316
6.518134715025907
5.961240310077519
5.156462585034014
6.556521739130435
8.292592592592593
5.505720823798627
7.11436170212766
5.8828125
5.413533834586466
6.397368421052631
6.84375
7.036723163841808
5.54
5.786377708978328
6.204081632653061
5.772277227722772
5.17741935483871
6.327058823529412
6.556521739130435
6.371541501976284
5.515151515151516
5.837837837837838
6.348314606741573
5.482384823848238
5.921568627450981
5.482384823848238
6.340782122905028
4.5
6.817073170731708
6.113924050632911
7.207792207792208
5.913636363636364
6.046376811594203
6.327058823529412
6.459715639810427
7.469387755102041
6.555555555555555
4.784313725490196
4.271794871794872
6.1980676328502415
5.583690987124464
7.150537634408602
4.784313725490196
8.52317880794702
3.8676470588235294
6.428571428571429
4.24
4.785276073619632
6.1020408163265305
5.011428571428572
6.330143540669856
5.042035398230088
6.47945205479452
8.529411764705882
4.992248062015504
6.034632034632034
5.226890756302521
5.935483870967742
5.981481481481482
5.247191011235955
5.921568627450981
6.8046875
6.180064308681672
5.921568627450981
10.117647058823529
9.181518151815181
7.4375
7.378839590443686
5.536964980544747
5.2101449275362315
5.473333333333334
4.748538011695906
6.813492063492063
7.583333333333333
6.089189189189189
5.921568627450981
5.473333333333334
6.279141104294479
5.936936936936937
5.366013071895424
6.089189189189189
5.196078431372549
6.992
6.307228915662651
4.550279329608938
5.423529411764706
6.340782122905028
6.16235294117647
5.37984496124031
5.967391304347826
5.07981220657277
5.8828125
5.011428571428572
5.229508196721311
5.007042253521127
