1.9145753547697342
4.03338353628772
4.634142142470986
2.2760182021323216
3.364892064796922
2.714230957572046
2.206958114258247
3.623716242625329
2.43579725261369
2.690852589314698
2.2122104772326803
2.5197325104183976
2.6172553798883498
2.9545603569838192
1.9272537198607937
1.228378013478674
2.145909007913562
2.5591288496677755
2.810983892287346
1.8681559711559212
2.5379765480023964
3.371751987189262
3.0468411263369415
2.566224624341029
2.7870335842168417
3.345834668932664
3.365182025502099
2.0877088356104756
2.8254745299495374
2.4693750689253213
2.8426059161261197
3.066491425874314
2.7354008200240982
2.1283876818872858
2.367039752047331
1.2730688942516049
3.63127774400712
2.0054763990070916
2.686468198127525
5.492105229878911
3.32355368826393
2.5327487450305197
1.4723632436482221
2.891834541146212
2.454210295249285
2.200266738907673
1.9604302912831633
1.5354144473183047
1.8830741835371914
2.1613436011893694
2.3965439605915657
2.7735583491385145
1.3136771459139562
1.6748059470969716
3.037396104515616
0.7759665315144314
3.0066649609763676
2.285676404629021
3.0300465176543327
2.424387273024422
1.7513593991585445
2.5691445974440374
2.2947964590155925
2.412317667111939
2.662804251826541
2.4176176406267054
1.7216834494909448
1.7801675808812238
1.2452339330391051
2.7984455185769126
2.6675904878997874
1.1543688798109448
2.6594059440243303
2.286035622646972
2.4435895613121486
2.2818950365829003
1.6314568900820579
2.6553621011580213
2.361564464918404
1.6887246269174085
2.221813239478025
1.4832689759091207
2.1841203841431525
3.88324205652919
2.989977438422111
2.61924365675181
2.646660910858156
2.318836546774019
2.521245453766931
2.830236033651231
3.4361946253394176
2.5486562321479167
2.585551702237215
4.099600475053931
2.6112004881879702
3.7501530984659817
2.138399034929783
1.6032603861961983
2.05919557390515
2.547685451468851
3.5017557823421153
3.3612125055858773
2.5166206703318803
3.627584131673473
2.390758065594843
3.804422826950368
2.6675459451074293
2.0524516042979615
2.50218030594795
1.43256765390053
2.834957364600764
1.878528873643303
1.3891806498098846
2.124747411260856
1.817350592197106
1.0087684802841337
1.3522073627739744
1.360467926031187
2.000963501580604
1.5834514375669106
2.3819555334413245
2.4095100065787856
1.664642935333925
2.308041663692236
1.817430601030994
1.1745227016225133
1.3873134549809762
0.6266675582534103
2.4488179653430584
3.1237590073940704
3.111994146841444
3.4505354526770713
1.8455934434539143
1.8219171068619524
1.5296762421505423
3.3574862459079786
2.918360009957089
2.5594166951960755
1.4079934371882692
2.45027952972907
2.3351090949391833
2.8332409292291945
1.2464267157811797
2.287832888752748
1.4330352483465087
2.5422057649198857
2.7805893315918673
3.2601309365433733
1.7091771167217904
2.2545640574977557
1.4098567582236878
1.2850154941013296
2.1000475891662758
2.5824510572696457
3.2482597274531395
3.1988352148498898
2.6910834032847886
2.973107238432168
1.411981755422016
2.555201630296053
3.561945238773528
2.39366910308795
1.9382173516962868
2.3741216021958405
3.056051853104178
2.00640989330769
1.8329716118819948
2.909445192875071
1.5562126165930414
2.3658416752501887
2.28334230866738
3.461680224956277
1.5737460232458829
1.8558047740429584
3.1486973707380255
1.9897217648163248
1.4961619548754181
2.522622065852277
2.3484380748974063
2.235710593610681
2.264353045647391
2.09360534721569
2.0236819563693724
3.5246393604812565
3.028124810372725
1.8635229571974465
2.185709792525371
1.556366823282079
2.4786467658051854
1.7321830215321676
2.370878858323654
1.8304392832931022
2.283901471450686
1.5719875814100444
2.2836086837436453
1.439333676923223
3.8199363944233
1.307101560581554
2.8086070610852674
2.140134799848719
4.05664752228325
2.611093615447636
1.3874700832167164
2.826937817530848
2.713844689211336
3.1183500837507196
3.318829739406363
2.4471599528831414
1.3171863621510058
1.5350692683923983
2.306085214573942
1.4084685283274694
1.9905840910907837
2.3243862132052366
1.5550851350092485
1.9920579949095338
1.9686297943579472
1.9366157575389278
2.46681652869679
3.1341813352961925
2.3378302114223457
2.204156600217454
2.1615309333252823
2.6027623870917442
3.343429873439771
2.9653249863479565
2.4574989937850327
1.4588680302876582
4.115927022640492
0.9885162771944324
3.969186035036939
1.670529322824912
2.278837210685741
4.2540151294781525
2.9206239492111927
1.3393992062486382
1.8545185257526022
2.492434258504896
3.850541524352969
1.598103694536061
1.34797513904991
2.1683920509654313
2.751023816684413
0.9380074203610217
2.6359332661453814
2.3009688837239968
1.845453145244987
2.2881594686438773
1.2478179916128453
1.7698304239939326
1.7913878843203113
1.2166185960993705
2.1197213274419004
1.1938249560017886
1.5756119732190281
1.6759136589907593
1.8107497455858677
1.7896159210808045
1.6250206789095227
2.513292257212188
1.6425639011531832
1.8522809448615534
2.195240143458552
3.0094933543120668
2.6656859380056206
2.338307672156169
1.5815117929562736
1.637600055022294
2.546204871535659
2.667768280575218
1.9771822707484994
1.9233588955324377
2.127338004454353
1.9073737075404704
2.79444846927648
1.9900087513663152
1.7410785346527597
1.932832414699448
0.9658055152743906
2.1893686381912802
2.3688687340402064
1.2616813961379758
1.1290098768583008
1.7717287234399532
1.557274470463764
2.9974642096012953
1.4159956374254805
0.9885676216533579
2.128277845033036
1.5145649289410326
1.5120289990598528
1.0153302692588146
2.386004015465433
2.441409630744982
1.1718158870305047
2.0702833263922376
2.7072848744399276
1.4351939775854636
2.1375593465645952
2.6065464705223125
1.3935313328187988
1.388431883370918
2.2936317318999375
2.132075818707266
3.377916217625396
2.0938190792675386
3.355967399211253
1.752587549351612
1.4006122081994803
1.6253327670864133
2.446814060723256
1.297126706255346
1.8375123994401283
2.3447640180911136
1.7743880604748765
2.7831757664005554
3.292231134551983
2.016126078719953
1.7521540719140027
1.4748327779759622
2.2652275370605435
2.337775438794474
1.8781302880792845
3.3394139558134133
1.9695157973596997
1.3421075557014537
1.8718122662785743
2.042442058920493
1.4373556585661593
1.7849199811280552
5.356592931523963
1.8244907053762287
1.7754849360784057
3.064562074660883
2.3692794320235637
2.1181526234924264
1.709885515258977
2.110695131649183
2.1095443797257403
2.109437687237417
2.124176500063326
1.9706274903336602
2.088122208077449
1.6242446468182392
1.7011899698602975
2.479545824202087
2.2953438216221946
2.5109396122885723
1.2775838976077976
1.7612431159523685
1.7572132227025616
2.7183137470159684
3.1449916667422944
1.3921265778401068
2.02704211591493
1.1839887667189402
1.7227045086675394
2.2101840928781042
3.7902775592394358
2.268474416104869
2.0354299972192353
1.2860591317783867
2.8442176641118855
1.7346149732304688
2.704110035518851
2.6388794676067957
1.6802629397884876
2.051871580693603
1.9677300482130509
2.4389852696414955
1.2179069217480305
1.5859574617484664
1.7805040867460138
1.017962604917346
2.3502810732129844
1.4217779459578375
1.5228500680487054
1.9082197845476279
1.2483785988901541
1.13268693159515
2.199737660651289
1.7442885326643485
2.398405237868307
1.05311374492996
1.0932657691504064
1.4469978137708168
1.4839829634027102
1.1209122524096546
2.853153862433807
3.16917769040226
1.2342768486291544
2.193635551721298
1.504803485140046
2.015002808455607
1.5961683346981432
2.633285249513209
2.2037148196367005
2.596258722527394
1.9501940381872924
1.7676884129004302
3.0981941961315442
2.720594857076034
1.8339718206438875
3.0421517645768676
1.543746135958187
3.4679506187453044
1.9549750612206163
0.7114449013950029
1.3029284625629045
2.3094243010414783
2.999049450655863
1.061159934759491
2.450097817487936
2.9713590197251762
1.7191883652864812
1.140372618518171
1.6875218152973672
2.252503780052551
1.6332961938146051
1.3375034106994659
1.7147756980073547
2.238245696286029
0.7871259479428107
1.6196137312189494
1.3854166912077286
2.070191767626351
1.6374750526667097
2.240867160001855
1.5347237337893604
3.0892989580356227
1.315103251654669
1.243386874716421
2.0808346758461562
1.9645222813000665
1.3881340493137326
0.7099504075120061
0.9912208953792917
2.350946763090423
1.1661918494501637
1.7658325547802223
1.6290424172648645
3.471728628463303
1.754813874270422
2.4752115142268285
2.7102397733254993
3.842022636102121
2.3457440631309177
4.088319671696209
3.0609028854215308
1.165553740178907
2.2866758443370654
1.9274001354392856
2.141278319629938
2.8552000637884336
2.1776534372603384
2.877476631302429
2.384966199480546
1.310455138391287
1.3344954209723403
1.5296521574916835
1.436729799462059
1.400550724904162
1.1743961704750208
2.6681268914211826
2.7879075558398885
2.228972960871026
2.3372756426314196
1.0329694607206825
2.9710290863286155
1.9936573190990263
2.626548369424115
2.033436581070955
2.8108284687403087
1.33004652878905
3.0613055838841072
3.4908901459351496
3.6219004946547204
1.8320869988436024
2.3265574748267834
2.963492506252995
1.1722902879054826
2.808208179116516
3.3954665913994826
3.0950607677597564
1.0634562954316404
2.629615789896974
3.4018456654098927
2.159164724030663
1.2176410075179478
1.2200484064640587
1.9812949838840443
2.3217828978510986
1.492972002444715
1.6406601934598937
1.7150461018398786
3.4228907044770573
1.6441274062521436
3.577744477666406
3.292612991022861
3.015514848815014
1.954273845998274
2.03241393813365
2.7782377119887665
4.4346730590877215
4.095921662824588
1.7581967173117479
2.774645215362638
3.3860548918317814
2.9692952280186895
3.2184806761771427
2.4480204795850886
1.6786761960756695
3.2980945350571456
2.332680091765338
3.6190765350748335
2.5532211402122442
1.1788697262158077
1.4566072387635276
1.6272831622501993
1.3306084595018985
2.6197185748464364
2.048080767082057
1.18829155588238
1.4425219612306939
0.9957406351250874
2.0248291916468317
2.21653920936505
2.2457544970502523
2.5307996962565693
2.3835847073309915
3.838099398700617
3.062423891102346
2.435763498909419
1.0493046998574096
0.9862439028875293
2.015414895950003
1.494217762538444
2.0998939205433866
1.3166596148858873
1.5693732126284794
1.9218787275403588
2.772778515441084
2.8542172983320357
1.8200535254182906
2.4252004496824076
2.768733537123393
2.652982288993015
3.247374128710536
2.8689606637004412
2.8170507899642208
3.1845064217472325
1.541630075878006
2.950368047506731
3.0452692775190875
2.240003989465435
2.058546732618945
1.4412841551678204
2.1498416759627386
2.0797602662059225
2.388018519365962
2.6107210726670234
2.5667306549756135
2.7081687589809404
3.591713827191233
3.645044462865753
1.3521771601828152
0.759095000992568
2.266542052502296
2.771355054362566
2.443490904204641
2.3016281776333676
2.5682282538642536
2.08873471607166
2.5423762209430047
3.120465353614462
1.9690665426865022
1.9734998368731989
2.920635986159863
1.7003817151728864
1.4906752876135312
1.9831444690521143
1.338242399904735
3.69527054455304
3.033082589389244
2.1237550303131347
1.4924624778083895
2.143110110422398
2.8787117313409145
2.7121617216697516
2.444092221376631
2.654068660494243
2.2890944198475967
3.0407380561628656
3.086450619824538
3.2534819188672706
2.5320697716190548
3.194678338596041
1.833555277414096
2.163708552524056
2.5293454975476486
3.8819074872857806
2.554628952566916
1.4468567099086345
1.5192497701373198
2.45042218204644
2.036425905609362
1.7110269769091444
1.9694645528870334
1.5600461340746823
1.4299080323513724
1.7046072264236198
1.2847871142847491
1.0372052784690715
1.8250409146700182
2.478651850360751
1.9997949804746427
2.3447020375804444
3.346920387683154
3.0863672841167227
2.309957480344506
1.887237434746292
1.6832453822938847
1.5964849237385887
1.0796407331131832
3.215247110680417
3.2676967183857273
1.7359805763705092
2.733077420331831
2.520090089600857
3.0721022012030454
2.5819206077158956
2.0934817246835977
1.39720906419074
1.2375310709641194
2.289212295063415
1.0455768128497458
1.6768426220020813
1.8741006631540094
1.7908291291632763
3.2346984780747516
1.2213029580627583
2.278151293943733
2.5521113722099362
3.264392344955141
2.909239441549741
2.1782720261336173
1.0581192082390558
2.0067020547898347
1.7053486406231806
1.4211112929021268
1.8583192805823046
2.35450529308892
1.9423134969571287
1.0613923872511632
2.644189940791314
4.858623223914098
1.0354763375851241
1.6958942101137238
2.62570328735487
1.7429730513771946
1.1103804143879135
1.8059312965012628
1.9164069823135317
1.6704447864524834
1.3032864158266304
2.036267212114223
2.2429312987170826
2.9180346105304102
2.080346750484445
1.6986087883593028
1.7244535107029884
0.9189513724956695
3.0881655000376655
1.697464349270167
1.4480997490127183
2.6847833205965124
1.1326622678036147
2.759706198780674
2.5888363605925075
2.6575880537423315
2.620581047927785
3.89413911016734
1.678562194540866
1.4846848369422767
2.4907718385746263
1.5925974219427412
1.5625295049289794
2.4637199675822683
1.9725462466322663
1.925572645124733
1.4862531969247648
2.5192276983405533
1.8672958071502277
1.823904714954831
2.6864353788704136
2.7457236380126493
1.868954887805081
2.7102392058952285
4.029786419310078
2.101386248318772
1.6488344693004495
2.9600965136648134
3.121323999238135
1.9354945953866254
2.431227671213813
1.8768297150321134
3.0331096389198997
3.4248096438283264
1.9822456826722281
2.426111127328787
2.1619673927433616
1.4743501942344703
2.284688356566922
2.74329950283659
2.2445230597736185
3.092381526467671
1.6435291953333806
1.6602714746322458
2.239241089692515
2.0208056250502486
2.9551768184538836
2.3106294646124046
2.780657244381078
2.1753767045914736
2.4977635628044315
1.4487472496189715
3.739624091250375
3.071400865247906
1.797192070645203
4.88765891847063
2.09188818075351
1.4451742620798833
2.90230223239349
1.8989576533040362
6.577409842062843
3.5995430103619626
2.2304487036849854
1.8830128010938179
2.5453334769925315
2.861418925147475
3.126145263889971
2.5224441139210967
1.4908441275077176
2.9373183441937565
2.953371323237317
3.1077921151067853
2.4899263961417883
2.0596300193504344
2.8082761905428963
2.655652686183211
3.2101714974036786
1.9882854716309117
2.1715790596741873
1.7784497890329722
1.7845485712526814
1.6901439023927414
1.3397097125846713
2.4270624590595373
1.5912900948074222
2.4517748441838974
1.1878858739466331
2.3071323636208794
3.4414241278143485
2.46296512293812
2.4910713058924285
2.1729434972585646
1.9005036943614997
3.139683983344337
3.496057883370735
1.987903750300095
1.9517035492396382
2.4226234270666778
4.460403549995785
2.349104287621913
2.858008431510525
1.852001653013862
1.4325379819889743
2.866779569725369
1.7739894311816473
2.8477255231788665
1.5760536482399812
2.010434108731303
2.7705440813227984
2.1667138711279716
2.3314520998743897
1.5988198759982593
2.4337412107215233
4.081628820139283
2.248585581070009
1.7700680481954103
1.2660039028071106
3.0365913919976526
1.258488271294957
1.1471737749465845
2.194520309984565
2.033646798497807
1.6790780024574081
2.0181426369526467
1.0239450283050247
1.3657859549298366
1.7733813729271444
1.847332518147025
2.3732873414234614
1.0452398399390717
2.484589969235401
1.6388587478681522
1.184050926580761
2.2929970788581766
2.9016099538026046
2.021304846845491
2.5649994927526003
2.3734646917923823
2.438197181093089
2.062867502886316
1.6271961806587636
3.945006242956118
3.864541639337652
2.96643820037828
1.6971019527833417
3.1843953459212635
1.96111328275297
1.771235087649441
2.5605604756876588
3.2576539267094167
4.401362357634502
2.073359127599492
1.725656410551089
3.4645224164532373
1.679321784990169
3.8294734927966014
2.604263152518164
1.5051254478760598
3.605925646304078
3.0273942944797883
2.5886479449094617
2.8003916047275337
2.2479448110613736
2.723640011753184
2.8128556884557487
2.4221647892417266
1.922884317525889
1.3532537519287642
2.5991356857015675
1.5621798651365841
1.826780916074679
2.1112635520638046
1.9265925434484865
1.5492658827333046
2.517156385987728
2.062696824903109
1.3933582925325383
1.792858455298976
3.0787855247999802
1.1564862033760779
1.6325258212745946
3.523560128486817
1.9399069213083133
2.6418321811762326
1.958401492140874
1.7444165226444943
2.7092853176648153
2.538404295193411
2.119108079068156
2.932839785508872
0.9245686788169536
2.1554586640373206
1.8299566918122434
1.3568918108797428
