1.9290062833110906
2.0528320467550594
1.9959331442484285
1.8828047349016654
2.2336794781676206
1.8860323954930518
2.03215501381586
2.2134062749512164
2.101867381175817
2.47940381386542
2.0132131366528827
2.575089132440675
2.4848662249574422
2.5146564852292443
2.434822977013003
2.2537816813476366
2.2152705410996685
1.9424464277499007
1.9271386078783597
1.6087837903620448
2.1157507361781627
2.1955827960303287
2.2954014454994014
1.7489407813518516
2.3581133508989276
2.186094001185479
2.795333855009802
2.5655941404017057
2.1516556845527086
2.0994570590583534
2.008645138455068
1.6255021767580047
2.298737643719995
1.7965051942533212
1.8683498278791801
2.183190056734367
2.2675296174601725
2.220535750136415
2.04204888911131
2.04038408457726
1.8290394717232632
2.187983658186271
2.0825613849672133
2.100910620244121
2.4990427149756997
2.2318225823171796
2.5338600960465714
2.2994148375901498
2.705251854063251
2.254582052497647
2.3248944305732513
2.3491976832894554
1.7943413820823269
1.879221161400835
2.128428384037855
2.1960382019729465
1.7504957502128158
1.555424120930966
1.8747140274187473
1.7081121620236892
1.7432553269388886
2.18611488293323
2.4988642202021634
1.9053767865529023
2.916014170629174
2.0399614115248226
2.367099117099402
2.44335789811221
2.3380681226343505
1.9848241951543262
2.2321621481156715
2.302162156135312
2.03760087894351
1.7645821855954116
1.9813045428403127
1.5399745317727964
2.274584461317222
2.7189490465349486
2.1683568755990463
2.215668872115219
2.118472227156195
2.2103581379709585
1.7436237245731483
1.7207721260192215
2.2283195921661934
2.7308401640632214
1.733345422182793
2.2121693532913445
2.209807406203687
1.9101254891906676
1.9627394630127957
2.134445146700151
1.9948025298884875
2.003435301992639
2.9145257970272076
2.5066309036901195
1.6816505488197397
2.0653619874424645
1.9283074652309566
1.9228786633923745
2.2413024734691183
2.160579162491691
2.6285678496520095
1.550989988000798
1.711769097787277
2.5967335345353826
1.396880329986542
2.1228397528902696
2.060429281742504
2.1045026556159803
2.19008739668482
1.8514745532325634
2.217063103147269
1.8447834263437204
1.9715632506513303
1.740315334231163
2.113760300471935
1.8472750694467988
1.9214707537631213
2.1775184778361565
1.974157615225963
1.9368832545466252
1.7536832232433204
2.081031475705622
2.0399057116811763
2.062121777693377
1.7973146139587044
1.8115717382083214
2.179090012941577
2.3388202731853402
1.390657532376727
1.856465016828733
1.9908833797212535
1.7784018483683455
1.6035062172102774
1.1750205756325078
2.377951848081572
2.2965215593425112
1.738526683735979
1.4931141352587085
2.027183376948476
1.938823056215774
2.1506336732689477
1.8947644983378418
1.3744550894546137
1.656572002017012
2.0749718895916662
1.8568365299097183
2.445373477066409
1.5321711433567458
1.750536553375531
2.4184467905068616
1.9857761104692875
1.9346034064662636
2.1331827490520068
2.5179843839617813
1.6640615061424486
2.4316261554622542
2.064765075453345
2.157958896682336
1.89831713363931
2.079862176406538
2.1945546980760122
0.8413053261009407
2.3937279017246857
1.1906317443444099
1.7941365792710815
2.0580024499294343
2.192973927833872
1.8354335325901754
1.8306232588669187
1.3382169797658054
1.8869632338349598
1.9672439041723109
2.436394177158156
1.9884707141260136
2.104238202588048
1.5963649641444773
1.8649469247427184
1.3942932892132758
0.9793874827681271
1.7803780601298749
1.762434321332364
2.4871396047691023
1.6188160040065203
1.618996408907404
1.8065720493333879
1.5585455793042304
2.427550510411874
2.308617609010034
1.9793603307912078
2.2189395006785233
1.4824160500392018
1.9617664303992055
2.0700279350339588
2.7157465154912144
2.11600444688541
1.8644929273059008
1.8304918362312117
2.0090522602612286
1.4547388208290677
2.5381456476377524
2.5643960042843945
2.6653621069597415
2.0652606695437217
1.750347203431037
1.8030408030389207
2.1256596711765576
2.034908160431885
1.8623984624820344
2.0491988829601415
1.7940014494652723
1.8760357835661443
2.3516586641853268
2.4393230567513196
2.11074836031894
1.9509874092788988
1.3434749635663534
1.9653954427670077
2.559000482146284
1.9024634856265392
1.9957446234064193
1.9050009177835687
2.6099697655533842
2.1219009233551094
1.951363342724863
1.7330793670234437
1.8141400743669773
2.1971455041267216
1.5538684673207712
2.7953116203112574
1.91818435642766
1.8906469652300504
2.304667918129837
2.2246486092183018
1.818083494091841
1.3241041822374162
1.3663442121166613
2.4239705658621973
1.4772618012902832
1.979809280471575
1.9860868724013376
1.3464605210725236
2.1911724010610727
1.7297738640507938
2.3343008604586455
1.8586824028724287
1.95656581069177
1.4223797409906624
2.3563354748452268
1.504840163877379
1.43526030951316
2.0396631072779425
1.8589518844456965
2.144991855810989
1.7987739215889524
1.8795641392247262
1.4022501127470717
1.8774144652079439
1.6058737855232281
2.0787117379342845
1.5356720369998538
2.1239023403646833
1.469175735443009
2.106682796899231
1.9592431854642895
2.291672473186584
2.3805030051724065
1.7238189420597816
1.9080953394790345
1.8171512142186335
1.3900745317432164
2.128433667449399
2.12475766174973
1.7154836761317886
1.3222533219246602
1.9839708746351759
1.488369060822342
2.295734117768365
2.006005719875905
2.1537940934035396
1.6971448339548478
2.217013364247462
1.4453582321985863
1.8338719935363268
2.12365640894319
1.5456927074568227
1.846457000594336
2.124392086983736
1.8844913423460605
1.4030240341106528
1.8591456272828677
1.0355136715924749
1.6916670924779433
1.863307479607784
1.2133810569991943
1.6225293458232146
1.8542319954083184
1.9716234299985664
2.1700904196977837
1.6941159400560133
2.1796851818041625
1.7611447195207948
2.1296873911804792
2.2147615096566344
1.48212953799875
1.7990961733249478
1.9512883701208068
2.2280320066307797
2.385224206410272
2.0250348948095485
1.7920780943670327
2.1858118644056264
1.9204605633825775
2.0401060943281646
2.3461617650558866
1.6522755887234395
2.0547497600046047
2.2610594835498294
1.6276071539977308
2.058058798735067
1.9021107988426014
2.183072057411103
2.3445808391892453
1.579882040642022
2.081087098213507
1.310076962559686
1.9731607315275026
1.7390154153185344
2.1870553146292084
2.0147745365867156
1.9857782845689596
1.899990411549702
1.8815652550880224
2.1479590028551803
1.848743745366752
2.2689095221320796
1.690902055491292
1.9566603535801341
1.6043367873789345
2.1340869206788966
1.7690331595940847
1.76800572334123
1.812278087003698
2.436370326516831
1.8835440662932492
1.9010611711184748
1.9537732858078443
2.182528674075569
1.7597309186330663
1.729713369031586
2.1667637010871683
1.1906571894455555
1.9001114135332864
1.4290786159536237
1.5319611343434123
1.3081294684303773
0.9948315500091045
2.02001296215769
1.7862680459192608
1.4578439809640988
2.1670261152842376
1.605584370865774
1.5935846067792823
2.08226960558053
1.5265230735476594
2.087967159855926
1.8227482158280413
2.0855564932566697
2.082447385301601
1.7382681243721636
2.150532738424388
1.6964105779532852
1.8972370022033422
1.980340748173292
2.1438968366529956
1.8840062039967873
2.214968825629628
1.820979371300701
1.9897179608419444
1.8782281494821484
1.7762752706484202
1.9000550154968836
1.8187887445370552
2.2041133899311074
1.6039248872835727
1.829911292246523
1.6765674228351553
2.3590810935801247
2.2196403249318513
1.8809253260730447
1.910642855585578
1.4019091194703925
1.2995093482476205
2.2457065433744257
1.6590832137938538
1.7057576700872108
1.2521871499652921
1.8428549818395101
2.0526938039263545
1.2511412120392924
1.6048675976245472
1.9120481775902347
2.3605538432926796
2.0539440429817435
1.7418012941863983
2.0973272801636687
1.8738815601973235
2.0464681054744873
1.9201282245321873
2.3920378080645643
2.310703680502886
2.2197473959799687
2.075698215855649
1.8191414537132518
2.41374520114415
1.8122300531155056
2.3544736676827673
1.7520563498941302
2.8977910030785177
2.121735193027296
2.0787719471913157
2.096884736252979
1.6293748338933294
1.6258346163885677
1.7599837692485463
1.1374992166878148
1.4693017347141208
1.5545812265975019
1.3669278624037564
1.596608219590006
2.01997258177319
2.072734164933858
1.5572101606897202
1.4525739138930347
2.062105684772684
1.9449293169997464
1.5082501136070579
2.047613869721915
2.020163221596963
1.8520013318889987
2.085834493909442
2.002505832913303
1.536416409939767
2.0679090745938793
2.044167112227419
2.9186615018185806
1.9953602026550654
2.1457589372338743
1.9772052933058286
2.244395639924827
2.213264892176532
1.9629327272234058
2.2249769355755795
1.7730359173477843
2.3345026802996394
2.1905557513687572
1.444393462974336
2.0057421263922555
1.9095709236555014
2.0734449542261713
1.8751434209589266
2.064766661440339
2.375357834830338
1.7268530507799214
1.793616392923965
2.148409652174145
1.8883422884205308
2.095298251839681
1.4102797276491659
1.9929902283609218
1.9395508780075859
1.9860216659325272
1.4957448935172992
2.054714324809258
1.791744021258043
2.037950262946809
1.9993208403746836
2.0363906929529576
1.7277871232645625
1.6364005665480168
2.1779892214944225
1.9631473971711382
2.151655882402774
1.9721306007241983
2.3473189340563083
1.6375937855717477
2.0411333977155763
1.7871941032920686
1.5568639820614558
1.7136192229026714
1.9568535504908984
2.2796559947464643
1.7709583217444496
1.9082389890356506
2.149132234389057
2.0709769844777886
2.233132034966182
2.233132034966182
1.9084033839689343
1.6993894004318415
1.9137878745534167
1.008538428044048
1.0014408300920303
1.693016143464217
1.9288427727840158
2.011576637745663
1.5640926200741507
1.6658990725000211
2.2138164367058346
2.0405768310822294
1.7718435307542202
1.8381277845565047
1.5856427185506408
2.222230422300415
1.946965653950542
1.7787552194944158
1.4998869667421189
1.7797503334017044
2.4270061473942244
2.4613106923477965
