5.008070459331299
5.0099068116258545
4.86565090623368
4.813216207781919
2.0549495933297903
2.0778750974278926
19.87460098617234
19.864929433067985
4.967134837777769
4.9177592888426815
12.806649200158251
12.866966870666765
4.837227434177978
2.983007076698849
3.029564461877451
2.0521695879422692
2.085830090351523
4.995797860498903
4.952329635196457
8.024224501006351
7.9340587498416815
1.9999266047179625
2.0033525539435
5.063289802781841
5.010847688621997
2.0742203071799694
2.076599256136281
7.864226544929368
7.932803476882446
2.100048570784254
2.1651018601455236
3.053490691485354
3.1254058263408835
4.896490236087189
4.907161006578238
5.009662013984621
4.969542139363364
4.91085925112908
4.91428690268737
4.956706217203487
4.918305531788839
4.9601403418456815
4.9431869319578405
2.079167732384531
2.0235237335233354
7.928613251778021
7.921066529098085
5.055135785937504
5.080218449657212
5.012947801962853
4.992098045066537
7.922094085766642
7.926863033365937
4.9163229424730535
5.002839159095687
1.080227496825238
1.0988871214139102
7.951278318534734
7.952850815638418
3.0843159003680367
3.09714038632911
3.063421222059434
3.018814051362684
3.0637147273841374
3.065315410572313
1.1258397011630001
1.0759942363097408
2.054939569370144
2.063338843512852
1.1270433249190206
1.0958311070504152
2.998590823673932
3.041821109658358
4.832720667253135
4.832720667253135
5.045448758366961
5.041244781652343
8.122300905058003
8.122300905058003
2.916541277041005
5.081362409572139
2.0572117309494704
2.0390559169165794
3.122672882979737
5.2729875523266925
1.0701466684970276
1.0228359252257395
4.006537146987583
4.006537146987583
3.974929618009096
3.3244304394236117
3.1258908245577772
2.99548631944574
3.577267806542383
7.93630457131771
7.914259266947199
7.616821845033886
3.043454453326712
2.085415351141055
2.063608850434635
5.011936310992224
5.028173834699134
3.202480197573028
4.805529767118964
7.198479924059292
3.922129028684817
2.88361238200603
12.581975384808901
3.4808955466991667
2.71374432588202
12.89819605557244
12.901485670740284
8.567291546741595
4.5499123317891135
8.013140295703293
3.137314602305088
4.034129648340717
2.411317307725317
3.251897551780562
2.5073693708320386
1.8642782686921702
3.707016495014785
6.876482558223099
3.7505183857822226
6.100549002658221
6.7621593962089825
8.744502369921209
3.9753982655824833
6.675113431766182
8.094855480214806
9.213196297914871
4.2140607746160335
5.0570082026338685
5.0570082026338685
3.975136976757504
6.8705347811443485
2.5811183533286615
11.258293691293852
5.854479266886807
4.020276556885769
3.9245559920701854
3.7643881596439273
7.974596169157589
7.951799694247501
5.151998237362257
3.3809798395007946
2.949501489564027
5.383852457442055
3.8353785793250754
5.335252576866386
7.902365058279862
7.901965431549392
6.419912370096141
4.909327179478891
2.8047543576860514
5.609018025753209
12.941671593960729
12.92114065694018
3.2726625709129937
7.9957723144296775
6.795691139254968
4.930145425137634
2.4314242250080373
2.6270526141654664
3.692372535437104
4.952454194825795
4.899632101801584
4.928903734921098
4.9316503830692975
5.2535056136917335
4.684483391174258
3.985237928668576
4.954924575850993
5.947021995886956
4.52888104223968
2.918012372326298
3.2172814729429495
6.040674137527879
5.9284954340001095
4.142749709947538
4.889056964918625
5.310469901374579
3.144156923150299
3.0479167526848334
3.2242413194688346
3.5473637342470496
8.008068228285666
7.915417163653648
4.371745886061104
3.325179657609022
6.678073934396994
3.8159580126604244
2.9287371276173033
4.918543204163754
4.985878895140679
4.993763408054452
4.990263510702228
3.822734533029463
4.787458625658751
5.5123870375523385
3.121686630030178
3.82364650726005
3.2389075568037407
3.5340885512802647
4.7268025369578615
2.9823722137689668
9.532986330197163
6.399998213350686
3.5151804903987958
3.6961704652389233
2.385142432223219
7.128175865765489
3.052380394029272
2.535235822971865
4.216922270208372
5.6688377207838245
2.303842887059645
4.990931695262983
4.94349318060162
4.316857517467257
3.456078827775458
2.5189671092799064
3.0215226625895735
2.1836591293929564
2.463249769209938
4.716661563429165
2.827872379368842
4.062298502292106
4.1808933954278835
2.758270195136626
2.000575482127046
1.6400378930244548
4.56567825102534
6.134723493795534
4.433223921269751
6.105783955408
3.1611882811962
2.677375458833178
3.241661887522762
4.0877664029133065
3.2058376099481403
3.026359267016105
4.124834505465002
3.330593128101299
3.821644455348338
2.303696692185384
2.1765779484898706
1.9440942828481638
2.6870154349917685
3.662790933776257
3.042952054643354
2.218505284983686
5.004198479192455
4.974658817077469
3.7157836031751743
2.0814157872984254
2.0669015638383517
2.371237046848813
2.600079667612687
5.822771289908536
4.164170146139802
4.95851013990513
4.985482812602294
5.2106091502533305
7.897440316057243
8.945635707610336
2.5773535583099836
4.626979857994553
2.5974669836006137
1.7848127420785789
4.496111379932422
6.09836373044535
2.8953560522421453
3.18817406204046
2.448979157835179
3.570472498003858
4.424410204912554
3.0855364081618397
3.2307323937472088
4.565497308191696
1.1164021976178866
1.107566913680039
2.8800713668790525
4.996198365036258
3.1983139837093346
5.960226902296991
3.0157866893704686
3.1274388843626535
4.275278610943453
5.014897785253041
5.050486973399104
4.514363466837775
4.253791763233776
3.681257037171846
3.0293621844907035
3.022467053970427
3.5899500618589952
12.867918491073652
12.918031337261253
4.749702339540851
4.9247745549774535
3.1518584388551565
1.4532873131399175
4.971488316780722
4.440569685081432
3.169882358324119
5.403616006604244
4.081676620569312
5.46990249678317
4.759363001542325
2.7794577109844423
5.374311365504382
2.642596358422725
3.914303892601958
4.611899490518671
3.9072428399120014
3.7961019129041804
4.03951698432379
5.233832755266551
2.5491657028691725
5.812834308237184
3.64806205626649
5.150744969576804
3.0827253343343073
2.316070760771652
2.5893170605314935
3.3006544339583685
3.7669146045425097
4.569449391018792
3.8953809639970602
3.15095244094964
4.707699207657811
4.237013774733794
3.7973981509861914
2.0811004676735774
2.122118785698979
3.4325600587930096
3.8353649951548774
3.901677265098587
5.07306313667373
2.8994349506961665
2.644770794324498
2.9740136761585885
3.0401895698626857
1.9693052674194556
2.4416728402461207
2.746631640414305
2.143417977085704
5.153058657034482
4.047352428901674
4.036894557127812
4.089060730608204
