4.780701754385965
4.652631578947369
3.9785714285714286
3.6943231441048034
4.2
4.2444444444444445
20.0
17.764705882352942
4.649038461538462
3.9838709677419355
10.564705882352941
9.904761904761905
4.206422018348624
4.078853046594982
4.206422018348624
3.9285714285714284
4.108108108108108
4.367469879518072
5.549382716049383
4.921259842519685
5.088235294117647
3.9946236559139785
3.8055555555555554
4.8264462809917354
5.02928870292887
4.083333333333333
4.282178217821782
5.714285714285714
5.378787878787879
4.2
4.2387096774193544
4.330188679245283
4.766355140186916
4.765258215962441
4.621468926553672
4.828054298642534
4.8429752066115705
4.449074074074074
4.645161290322581
3.9838709677419355
3.9044368600682593
5.196911196911197
5.285714285714286
4.0
4.108695652173913
4.601593625498008
4.835616438356165
4.923076923076923
5.659574468085107
5.098765432098766
4.5058823529411764
4.07027027027027
4.634615384615385
4.593023255813954
4.390350877192983
3.6684782608695654
3.9808429118773945
6.511111111111111
5.402439024390244
5.3
4.921259842519685
5.428571428571429
5.428571428571429
4.483870967741935
4.390350877192983
3.7848605577689245
3.4296875
3.905263157894737
3.8706896551724137
3.8698630136986303
3.9785714285714286
4.409691629955947
4.085365853658536
4.078125
4.045454545454546
4.795454545454546
5.0
3.8513513513513513
3.622950819672131
3.9785714285714286
3.9322709163346614
4.3625
3.9808429118773945
3.906832298136646
4.006622516556291
3.423611111111111
3.516949152542373
3.6943231441048034
3.25531914893617
4.635
4.006622516556291
4.8264462809917354
4.8264462809917354
3.722433460076046
4.828125
5.083333333333333
3.9808429118773945
3.8421052631578947
4.363636363636363
3.8551401869158877
5.0
5.098765432098766
3.8958333333333335
3.533333333333333
5.5
3.9212121212121214
3.722433460076046
13.481481481481481
3.9440993788819876
3.5179856115107913
10.121621621621621
9.814814814814815
6.104651162790698
4.346153846153846
3.9025974025974026
3.906832298136646
4.319796954314721
3.7239583333333335
4.478813559322034
3.8513513513513513
3.723926380368098
3.9785714285714286
5.291666666666667
4.330188679245283
6.441558441558442
5.017857142857143
8.1875
5.747747747747748
7.548672566371682
6.827586206896552
8.342465753424657
4.108695652173913
6.5
5.9
5.020242914979757
3.7470588235294118
4.595121951219512
6.795180722891566
4.828054298642534
3.261111111111111
3.7327935222672064
3.9025974025974026
6.425
6.6571428571428575
4.158227848101266
3.6129032258064515
3.722433460076046
3.871794871794872
4.486910994764398
4.638888888888889
6.444444444444445
5.368421052631579
4.2272727272727275
3.943396226415094
4.0
4.652631578947369
10.279569892473118
11.23076923076923
3.7983870967741935
3.6707317073170733
3.9889502762430937
5.196911196911197
3.5968992248062017
3.722433460076046
3.9044368600682593
5.378787878787879
4.635
5.384615384615385
4.486910994764398
3.943396226415094
3.83030303030303
3.9838709677419355
4.548387096774194
4.75107296137339
4.375661375661376
4.675675675675675
3.8195876288659796
4.2011494252873565
5.037383177570093
4.835820895522388
3.9322709163346614
4.649038461538462
5.2
5.428571428571429
4.2444444444444445
3.9583333333333335
5.088235294117647
6.5
3.9946236559139785
4.006622516556291
5.841121495327103
3.722433460076046
4.113300492610837
4.575
4.078853046594982
6.142857142857143
5.868852459016393
3.4879518072289155
4.548387096774194
4.235294117647059
4.3428571428571425
3.9889502762430937
3.702127659574468
4.405405405405405
4.555555555555555
3.9808429118773945
5.048780487804878
4.3076923076923075
4.3428571428571425
3.9060402684563758
3.9044368600682593
5.020242914979757
4.223744292237443
4.383720930232558
4.006622516556291
4.765258215962441
3.6366906474820144
5.791666666666667
5.166666666666667
3.7470588235294118
3.8421052631578947
3.6885245901639343
4.282178217821782
4.011363636363637
3.9060402684563758
3.7094594594594597
4.109677419354838
4.3428571428571425
6.818181818181818
3.867021276595745
3.6366906474820144
3.7103448275862068
3.943396226415094
4.158227848101266
3.892857142857143
4.362790697674418
3.8421052631578947
3.811320754716981
3.947089947089947
4.338461538461538
3.7885714285714287
3.65
5.286919831223629
4.113300492610837
4.2727272727272725
3.5481481481481483
3.798206278026906
3.722433460076046
3.3333333333333335
3.4701986754966887
3.7772511848341233
3.7327935222672064
4.704453441295547
4.8076923076923075
4.078853046594982
4.035087719298246
3.9473684210526314
3.947089947089947
3.5968992248062017
4.338461538461538
4.0
3.7103448275862068
4.939024390243903
4.761467889908257
4.811764705882353
4.362790697674418
3.9615384615384617
3.730496453900709
3.25531914893617
4.266666666666667
3.7239583333333335
3.6830188679245284
4.217142857142857
3.7419354838709675
3.8684210526315788
3.8055555555555554
4.601593625498008
3.390697674418605
4.0
4.513513513513513
3.459227467811159
3.564885496183206
3.9025974025974026
3.8
3.7239583333333335
4.478813559322034
4.761467889908257
4.812206572769953
4.3428571428571425
4.223744292237443
4.411483253588517
4.352678571428571
3.65
4.601593625498008
4.385365853658537
4.122222222222222
3.6366906474820144
9.375
10.542056074766355
3.510204081632653
4.078853046594982
4.346153846153846
3.947089947089947
4.016393442622951
3.8055555555555554
3.7252747252747254
4.575
3.8958333333333335
4.338461538461538
3.6830188679245284
4.019354838709678
3.722433460076046
3.722433460076046
4.532019704433497
3.7470588235294118
4.362790697674418
4.043478260869565
4.2387096774193544
3.8195876288659796
3.702127659574468
3.6943231441048034
3.8421052631578947
4.035087719298246
3.8421052631578947
4.078125
3.723926380368098
4.454545454545454
3.8421052631578947
4.172413793103448
3.6366906474820144
4.3428571428571425
3.7252747252747254
3.9025974025974026
4.787037037037037
4.346153846153846
4.346153846153846
4.2011494252873565
4.011363636363637
3.867021276595745
3.6885245901639343
3.7772511848341233
3.6830188679245284
4.0
5.076923076923077
3.722433460076046
4.0
3.730769230769231
3.606060606060606
4.575
4.223744292237443
4.269230769230769
4.294117647058823
