5.7628164
4.113822
5.044649
4.376212
5.5076723
3.3004234
4.2974987
3.4230065
6.1869864
2.5893943
4.553265
4.530855
5.8054996
3.7616365
3.2827067
4.1952724
3.1290092
4.631236
5.061123
3.466877
3.8638282
5.3283553
3.5062337
4.0024805
7.988557
2.6940818
5.3363886
4.4815807
4.5979295
4.123868
2.9025915
4.2811785
5.721227
6.00942
4.226557
3.6726356
4.6028824
4.805383
3.4142065
3.6951168
3.8558939
3.9783406
2.77922
4.3507032
5.4007144
3.468094
3.9566102
4.0414925
3.8622599
4.8904047
3.4877515
3.671224
3.2775073
5.35911
5.06692
3.7857945
3.6753774
4.220896
3.5178351
5.6282697
4.1567297
4.1348495
4.0992904
4.0380325
3.2707226
6.851013
3.5534525
6.94742
4.1149187
3.830536
6.4898014
4.000691
2.9408743
3.3067062
4.13688
4.973144
3.8719382
4.238063
4.4585085
3.5909572
6.419924
4.0949516
2.807369
3.031874
3.4983842
3.803195
4.62537
4.012082
3.7053738
4.3079777
6.20449
4.1349077
3.3002324
4.0473633
3.9847887
3.4201486
3.4719892
3.3814547
4.4894266
4.9778285
3.4665937
3.3131838
3.2152934
1.876387
4.070346
3.745059
4.7174687
3.5599165
4.237654
3.5161986
3.6084383
3.5635777
4.842934
3.6466815
3.6019962
6.3972545
3.9245245
6.1993375
3.0933495
4.25115
5.322489
3.5583014
3.8090096
3.5771036
3.8027654
3.662751
4.0213065
6.5077252
3.7737827
5.449978
5.651017
5.403228
3.678195
4.267786
3.231504
2.4494653
3.8423507
3.7277265
4.7941446
3.7210374
3.9278328
4.248259
5.671246
4.1571503
4.0057893
5.306102
4.1722775
3.9008224
4.21975
4.579263
5.3430758
4.1626863
3.6287124
4.1059546
3.3918526
4.0924034
4.4532623
4.60042
6.0150223
5.813945
4.6864624
4.7565694
3.9608104
3.1303627
3.6819642
4.1926603
4.371269
3.1543474
4.2503424
3.4710143
4.513468
5.671163
3.5945807
3.9931703
4.647509
3.3452637
2.4734468
5.2969694
3.928001
4.096299
3.7811663
4.618638
3.6726341
3.8730543
4.4593782
3.1245842
3.552524
2.8985994
2.5497067
4.827225
2.9804301
5.789487
3.0593078
2.696685
4.5135484
4.002667
4.5263357
3.5659032
3.3588061
3.5494616
2.8592467
3.5225623
3.6943266
4.70188
4.5206237
3.7896264
4.0434155
4.8081174
4.0469346
4.4694004
4.3683023
3.3898072
4.644558
3.8540866
3.5727692
4.090518
4.122464
2.9813938
4.607498
4.134988
3.7096734
4.450751
5.2303557
3.4315846
3.975306
3.073891
4.0649166
5.4035153
5.065447
3.45115
4.0540004
3.4852018
4.138447
3.3412461
2.6127803
5.1962585
3.6262755
3.7932763
5.0288644
3.6851184
4.614487
3.713165
3.3320413
4.4237537
4.481949
4.4259806
2.7237225
3.801586
3.448706
4.7338495
3.4954
3.9284072
5.1225934
4.6211104
3.807067
3.734905
4.3974237
4.4773273
5.253079
4.937005
4.402979
8.786633
6.1697083
3.6813648
4.72067
4.394285
3.7002752
4.861402
5.330398
4.646671
6.1865773
3.6102538
3.8694706
3.7980657
4.2068586
3.8686063
5.2155175
4.297553
2.8800716
4.961058
3.8772516
2.91426
3.9984214
3.1787474
4.2184677
3.5484538
2.9342394
4.1792917
3.5446014
5.3594685
4.0212674
3.7785583
3.0552547
3.5896745
4.0270414
5.271551
3.538591
2.9673386
3.5605197
4.04149
3.6974282
6.711258
3.2801402
4.308524
3.3925924
3.6783252
3.5987568
3.7784424
4.7553744
4.055209
4.279114
3.7213845
4.448037
4.5217667
4.521861
4.87439
3.9994705
4.294754
3.837712
2.6628828
3.4505901
3.8463225
3.5062673
4.1052303
7.787841
4.6431675
4.1646585
4.0555887
4.409619
6.54822
4.5098495
5.076328
3.3503723
3.903132
2.7427022
3.5957947
4.568392
5.350054
3.2740588
3.7313702
4.137267
3.1963768
4.5208836
4.5871897
4.2306046
3.3665328
4.080529
3.5206773
3.5583408
3.3504474
4.9535
3.8350732
3.9549668
3.7459545
4.5605025
3.6095097
4.3215756
3.9060023
3.9178672
3.4882624
3.6968932
5.9801474
5.229381
3.7370644
4.1016483
3.6324666
4.121299
5.185781
2.9614758
3.1396372
4.8000436
3.728637
4.3770494
3.3007967
2.6742594
3.5136292
2.4857059
4.148743
3.8639355
4.9651194
3.5920687
3.8085675
5.369823
4.498759
3.1930456
3.9891284
4.2873554
3.6295564
3.8120294
2.6999156
4.5438967
3.6933296
3.8479896
4.2084837
8.229972
5.6
3.062873
3.809522
4.7919717
3.5510895
4.4443083
2.5148768
3.292108
3.2358868
3.6034315
4.9106536
3.6420324
4.3523426
3.5689185
3.581114
4.1618104
3.927629
4.4754806
3.3625572
3.315679
4.7303157
4.340318
5.624835
3.3269575
4.354101
4.210002
3.7895222
4.6185246
4.3639736
4.0613
1.893248
4.3052483
4.128769
3.799746
3.9055502
3.2072008
3.233021
1.9628352
3.4345214
3.2455916
2.6754565
2.6636086
4.387449
3.5971699
3.308157
3.9001124
2.6263554
3.4020984
3.6504679
3.9207768
5.363433
3.5672696
5.6676064
3.5433545
4.25429
3.2230663
3.0431828
5.599131
4.2877483
3.92665
5.419331
3.1156929
4.89465
3.747838
4.3605175
3.7840092
3.4015322
2.7235475
4.5300097
5.623513
4.633587
2.9565878
3.5043354
3.1492267
3.6660426
5.1160808
3.9596066
4.8738894
3.860822
4.150619
4.4230037
3.593647
8.33691
3.3965597
3.9281955
5.081514
3.8205254
4.0164433
4.0362883
3.8684452
4.7007794
5.423812
3.9185998
3.281053
6.1964307
5.271246
4.403425
4.261324
4.1759925
5.7533913
4.0655293
3.986066
4.57763
5.4116173
3.3166518
5.2819734
5.071245
3.272773
4.622083
4.308703
3.4665997
3.5129862
4.1433163
4.2568264
4.07059
4.275446
3.8234665
3.576336
4.3918543
4.068015
3.9490511
3.2251384
4.6133237
3.8123674
3.439825
3.2188692
4.9092097
3.5736709
3.566754
4.0246534
4.230809
3.6402297
4.094953
4.51009
3.7329283
3.7278764
3.9356694
3.485584
3.8933442
3.5880113
5.9765115
4.2056136
3.2043498
4.363427
3.4500773
4.0843725
5.128747
4.2002907
4.355027
4.9002247
3.6651871
5.2444916
3.8044825
3.6127844
3.6034245
3.7729647
3.890414
3.9796834
3.2086554
2.8903453
4.478892
3.3333464
4.5963144
3.3935478
3.134004
5.045302
3.3564968
3.8873224
3.9928248
4.4285583
3.7666879
4.441515
2.654128
4.4217114
5.4027414
5.464515
6.5097656
3.0771286
2.5498662
3.4529908
3.2727923
5.286491
3.4296372
4.2023973
4.5909076
4.7577524
4.7637715
4.2177258
5.584601
4.014568
5.1534176
4.012926
3.6444454
4.9952545
4.297085
4.362791
4.1658616
3.7074623
3.2087643
3.4993927
4.4144545
3.7671638
4.041616
3.4310167
5.1116085
3.2834609
3.7401094
3.9161897
3.2256656
2.9903002
4.471532
3.4076357
4.171916
4.1087523
4.158587
2.586013
2.781412
3.5185165
3.090451
3.1835892
4.8072643
4.0042815
4.909897
4.2937593
5.3114443
3.8313663
5.22667
4.297551
4.057123
3.6221979
4.1220627
3.2889333
3.9791431
3.6217036
3.7372472
6.4593067
3.253122
4.35044
2.2807252
5.0413413
4.4275284
5.062884
3.9156654
4.1979494
3.4812577
3.743813
4.4770675
5.0708156
4.161468
5.205401
3.556665
4.0355015
4.859553
4.559572
4.010408
5.5467453
5.102848
3.8303218
3.7701347
5.6796546
3.3889532
2.4016697
4.3939495
3.934419
3.8675916
3.4927552
3.9830503
3.6031942
3.7049706
3.6730554
3.2030306
4.7334375
5.192478
4.125494
5.938183
6.6334796
3.7672744
6.090021
3.1674223
5.4470377
5.160383
4.04811
4.0015135
4.1499033
3.6879277
3.611239
4.6372538
4.0994368
3.1032214
4.7680445
4.413322
2.8406568
4.8570085
4.162266
3.5616944
6.2908015
5.3490095
6.448249
5.7449956
3.3227534
4.2787714
4.822272
5.5314245
5.8952465
5.9869504
3.6440773
4.0716734
4.408699
5.001242
4.1527395
4.2030034
4.101618
4.2079945
4.2705593
3.6932855
5.378186
4.8291693
4.7413793
3.3206298
5.140202
3.4409552
4.980238
4.8231587
4.294902
4.9085064
3.2313778
3.791082
3.8953397
3.7285757
3.9909878
3.566958
3.5609179
4.6238894
3.8906984
3.828645
4.005724
3.4543118
