5.578414839797639
6.872093023255814
6.180897250361794
4.289972899728998
4.934523809523809
5.902120717781403
5.601869158878505
5.802650957290132
5.429597701149425
6.552748885586924
5.738345864661654
5.845124282982791
5.429597701149425
4.571808510638298
5.405189620758483
5.736185383244207
5.813229571984436
5.493243243243243
6.285031847133758
5.961538461538462
7.066914498141264
6.811827956989247
5.845124282982791
5.842105263157895
6.234126984126984
8.0
5.159090909090909
5.292783505154639
5.741007194244604
6.2492447129909365
4.976401179941003
5.5
5.507666098807496
4.976401179941003
5.745318352059925
5.866300366300366
6.2492447129909365
5.741007194244604
6.065454545454545
5.745318352059925
5.279816513761468
5.2521008403361344
5.463768115942029
6.178282009724473
5.713709677419355
5.6617021276595745
5.509532062391681
5.765232974910394
5.766848816029144
5.863013698630137
5.7976190476190474
5.463768115942029
5.628070175438596
6.541984732824427
5.5075
6.193236714975845
5.5980952380952385
5.206208425720621
5.863013698630137
5.666666666666667
5.572183098591549
7.454545454545454
5.927619047619047
5.934083601286174
5.572183098591549
5.821428571428571
5.947994056463596
5.476923076923077
6.050295857988166
6.190993788819876
5.449596774193548
5.741007194244604
5.943708609271523
5.821656050955414
5.655172413793103
5.15954415954416
4.976401179941003
5.5
6.20578231292517
5.902120717781403
5.572183098591549
5.943708609271523
5.845906902086678
6.190993788819876
5.7492012779552715
6.072916666666667
6.033333333333333
6.944672131147541
4.579136690647482
4.690851735015773
5.571428571428571
6.253012048192771
5.493243243243243
5.429597701149425
7.316939890710382
6.459770114942529
6.424050632911392
5.341040462427745
6.1796875
5.713709677419355
7.131336405529954
6.278177458033573
6.1
5.250684931506849
5.720879120879121
6.285031847133758
6.334494773519164
6.439297124600639
5.902120717781403
5.866300366300366
6.285031847133758
5.572183098591549
5.2024539877300615
5.738345864661654
5.6617021276595745
4.934523809523809
6.237871674491393
4.571808510638298
5.250684931506849
5.013856812933025
5.736185383244207
5.3362989323843415
5.736185383244207
4.958656330749354
5.982547993019197
5.745318352059925
5.766848816029144
5.397177419354839
5.203501094091903
5.927619047619047
6.665718349928876
4.94375
7.234375
5.326465927099841
5.326465927099841
5.766848816029144
4.571808510638298
5.354838709677419
5.370277078085643
5.752883031301483
5.273333333333333
6.043402777777778
6.736918604651163
4.932504440497335
5.6617021276595745
6.650406504065041
6.40625
7.479400749063671
6.050295857988166
5.853260869565218
5.507666098807496
6.424050632911392
5.627478753541077
4.9971305595408895
5.326465927099841
5.326465927099841
5.572183098591549
6.160056657223796
6.153846153846154
5.4
5.326996197718631
5.765232974910394
5.250684931506849
4.791327913279133
5.279816513761468
5.842105263157895
7.180904522613066
5.666666666666667
5.720879120879121
5.452312138728324
5.38680926916221
5.766848816029144
7.550522648083624
5.963414634146342
6.391176470588236
5.954773869346734
6.160056657223796
5.802650957290132
5.411247803163445
5.326465927099841
4.955905511811023
5.279816513761468
5.250684931506849
5.5
4.959715639810427
5.601869158878505
5.439839572192513
5.556962025316456
5.1524663677130045
5.934083601286174
5.845906902086678
5.397177419354839
6.193236714975845
5.927619047619047
6.552748885586924
5.439839572192513
5.611111111111111
5.971473851030111
5.720879120879121
7.016161616161616
5.2024539877300615
6.850533807829182
4.955905511811023
4.791327913279133
6.163076923076923
5.367537313432836
6.280467445742905
5.947994056463596
5.8816
5.998251748251748
5.943708609271523
5.341040462427745
5.628070175438596
5.916058394160584
6.243971631205674
5.493243243243243
5.476923076923077
5.326996197718631
5.279823269513991
5.5980952380952385
5.845124282982791
4.849484536082474
5.685714285714286
5.15954415954416
5.279823269513991
4.844827586206897
5.250684931506849
4.8246445497630335
5.802650957290132
6.541984732824427
4.780701754385965
5.2
6.108153078202995
6.872093023255814
6.439297124600639
5.110655737704918
5.326465927099841
5.273333333333333
5.452312138728324
5.745318352059925
5.752988047808765
5.15954415954416
5.766848816029144
5.769461077844311
6.028315946348733
5.947994056463596
6.944672131147541
4.955905511811023
5.170900692840647
5.349442379182156
6.033333333333333
4.981873111782478
5.279816513761468
4.72972972972973
5.686186186186186
4.934523809523809
6.2492447129909365
5.2024539877300615
4.8246445497630335
5.752707581227437
5.685714285714286
5.397177419354839
6.190993788819876
7.69949494949495
5.982547993019197
4.932504440497335
5.845906902086678
8.028846153846153
4.844827586206897
4.958656330749354
5.736185383244207
6.072916666666667
5.685714285714286
5.752883031301483
5.601869158878505
6.280467445742905
5.429597701149425
5.741007194244604
5.686186186186186
4.9971305595408895
5.752883031301483
5.159090909090909
5.971473851030111
5.2024539877300615
5.998251748251748
5.411247803163445
6.135642135642136
6.94364161849711
6.02
5.926014319809069
6.3168
5.439839572192513
5.408560311284047
5.765232974910394
5.9906976744186045
5.571428571428571
5.292783505154639
4.932504440497335
5.686186186186186
7.083333333333333
4.9971305595408895
5.273333333333333
5.741100323624596
5.773547094188377
4.843881856540085
7.5152542372881355
4.958656330749354
5.509532062391681
5.720879120879121
6.294117647058823
5.273333333333333
5.15954415954416
5.2024539877300615
5.341040462427745
5.255905511811024
4.571808510638298
5.570469798657718
5.926014319809069
5.845906902086678
5.752707581227437
4.8246445497630335
4.934523809523809
4.8246445497630335
5.507666098807496
5.203501094091903
6.3582510578279265
5.279823269513991
6.334494773519164
4.72972972972973
5.601869158878505
6.572289156626506
7.189035916824197
5.765232974910394
5.765232974910394
5.766848816029144
5.1413276231263385
6.7406143344709895
5.279816513761468
6.152727272727272
6.043402777777778
5.984848484848484
7.455445544554456
5.452312138728324
5.516245487364621
5.349442379182156
6.135642135642136
5.15954415954416
5.808149405772496
5.273333333333333
5.367537313432836
6.423913043478261
4.876453488372093
5.971473851030111
6.541984732824427
7.385665529010239
6.452173913043478
6.6231884057971016
5.129032258064516
5.752707581227437
5.439839572192513
5.013856812933025
5.333333333333333
5.627478753541077
6.178282009724473
5.572183098591549
5.982547993019197
7.5233644859813085
5.769230769230769
6.135642135642136
5.601869158878505
6.40625
5.38680926916221
5.971473851030111
5.943708609271523
5.683870967741935
5.452312138728324
6.135642135642136
5.8816
5.963414634146342
5.738345864661654
5.752988047808765
6.424050632911392
6.234126984126984
5.858870967741935
5.723270440251572
5.752707581227437
6.163076923076923
6.5396825396825395
6.391176470588236
6.1796875
5.452312138728324
5.452312138728324
5.845124282982791
5.429597701149425
5.954465849387041
5.808149405772496
4.912524850894632
5.982547993019197
6.02
5.572183098591549
5.2024539877300615
5.916058394160584
7.167224080267559
5.627478753541077
6.033333333333333
4.976401179941003
5.736185383244207
5.507666098807496
6.260700389105058
6.420792079207921
5.713709677419355
6.152727272727272
5.945762711864407
5.250684931506849
6.2492447129909365
7.066914498141264
14.796610169491526
5.954465849387041
5.863013698630137
5.013856812933025
4.849484536082474
5.685714285714286
6.072916666666667
6.552748885586924
6.7406143344709895
8.975308641975309
6.568992248062015
6.38124054462935
7.142857142857143
6.178282009724473
6.234126984126984
6.424050632911392
9.145922746781116
6.9855072463768115
6.568992248062015
8.658088235294118
5.926014319809069
16.875
4.94375
5.572183098591549
6.260700389105058
4.4324324324324325
5.685714285714286
6.8478260869565215
6.793220338983051
8.153846153846153
5.709832134292566
5.971473851030111
5.250684931506849
5.862595419847328
5.713709677419355
6.423913043478261
5.110655737704918
7.274193548387097
6.111111111111111
8.128571428571428
6.665718349928876
8.7875
6.24191063174114
6.3168
5.927619047619047
5.947994056463596
5.570469798657718
5.571428571428571
5.349442379182156
7.265560165975104
6.193236714975845
5.911330049261084
5.902120717781403
5.516245487364621
6.033333333333333
7.517171717171717
8.314496314496315
6.518573551263001
6.525
6.151260504201681
5.902120717781403
5.884353741496598
6.94364161849711
5.814953271028037
7.2155688622754495
6.451690821256038
6.535987748851455
5.38680926916221
6.541984732824427
6.160056657223796
6.178282009724473
5.570469798657718
5.279816513761468
6.135642135642136
9.294117647058824
5.808149405772496
5.1413276231263385
6.180897250361794
6.423913043478261
7.11344537815126
5.685714285714286
5.408560311284047
5.2274881516587675
5.741100323624596
5.571428571428571
6.541984732824427
5.902120717781403
5.911330049261084
6.518573551263001
5.578414839797639
5.769461077844311
6.404444444444445
7.1
5.741007194244604
6.572289156626506
5.911764705882353
8.332720588235293
5.449596774193548
7.189035916824197
5.15954415954416
4.571808510638298
5.1413276231263385
5.5980952380952385
5.507666098807496
5.916058394160584
5.686186186186186
6.689732142857143
6.424050632911392
8.771771771771771
5.853260869565218
5.947994056463596
6.535147392290249
5.736185383244207
6.3168
5.934083601286174
5.279816513761468
5.808149405772496
5.418181818181818
6.535147392290249
5.1524663677130045
5.724832214765101
5.963414634146342
5.429597701149425
4.849484536082474
6.5625
4.94375
5.863013698630137
6.160056657223796
6.736918604651163
5.8816
5.0
5.279816513761468
5.720879120879121
4.976401179941003
6.424050632911392
5.578313253012048
5.367537313432836
5.51931330472103
4.866807610993657
5.2
5.741100323624596
5.572183098591549
5.203501094091903
5.279816513761468
5.7976190476190474
7.196078431372549
7.5233644859813085
7.1875
5.411247803163445
6.72972972972973
5.449596774193548
6.938983050847457
6.665718349928876
5.769230769230769
5.766848816029144
7.449458483754513
6.050295857988166
5.765232974910394
10.641399416909621
8.352380952380953
4.955905511811023
5.863013698630137
5.405189620758483
4.817507418397626
5.255905511811024
5.273333333333333
5.769230769230769
8.53305785123967
5.1524663677130045
6.166666666666667
4.90990990990991
5.429597701149425
6.260700389105058
5.686186186186186
5.349442379182156
6.278177458033573
6.1796875
6.072916666666667
6.685800604229607
5.741007194244604
6.801515151515152
6.278177458033573
6.76138147566719
5.170900692840647
5.934083601286174
6.117647058823529
5.411247803163445
5.628070175438596
5.709832134292566
5.627478753541077
5.943708609271523
6.944672131147541
4.282608695652174
5.765232974910394
5.327586206896552
5.853260869565218
5.954465849387041
6.489675516224189
5.405189620758483
6.135135135135135
5.516245487364621
5.945762711864407
5.685714285714286
5.730769230769231
7.5246800731261425
5.769230769230769
4.436337625178827
5.516245487364621
5.273333333333333
5.813229571984436
5.367537313432836
5.509532062391681
5.206208425720621
5.845906902086678
5.5980952380952385
5.752707581227437
5.741007194244604
7.957446808510638
7.835725677830941
5.525167785234899
5.493243243243243
6.072916666666667
5.234848484848484
5.863013698630137
6.47900466562986
5.853260869565218
6.450858034321373
6.535147392290249
6.260700389105058
5.5
5.945762711864407
5.927619047619047
4.981873111782478
4.932504440497335
5.452312138728324
5.507666098807496
5.273333333333333
5.452312138728324
5.666666666666667
6.24
5.769230769230769
5.6617021276595745
6.243971631205674
6.476608187134503
4.535911602209945
6.535147392290249
4.958656330749354
5.8816
7.449458483754513
4.535911602209945
5.8816
5.203501094091903
4.629545454545455
5.5980952380952385
5.769461077844311
6.3582510578279265
6.7406143344709895
4.912524850894632
5.934083601286174
5.129032258064516
5.110655737704918
5.525167785234899
5.012658227848101
5.159090909090909
5.106995884773663
5.170900692840647
5.934083601286174
7.427350427350428
6.0
5.926014319809069
5.982547993019197
4.955905511811023
4.991189427312776
5.2895377128953776
5.628070175438596
6.334494773519164
4.991189427312776
6.1796875
5.7492012779552715
5.255905511811024
6.3168
6.072916666666667
5.507666098807496
5.206208425720621
6.243971631205674
5.279823269513991
4.849484536082474
5.449596774193548
4.912524850894632
5.342629482071713
5.013856812933025
5.745318352059925
5.745318352059925
7.515151515151516
5.408560311284047
5.769461077844311
4.535911602209945
5.752707581227437
5.741007194244604
5.752707581227437
5.685714285714286
6.237871674491393
4.932504440497335
5.601869158878505
6.420792079207921
4.724665391969407
5.326465927099841
6.135642135642136
4.844827586206897
4.844827586206897
5.6617021276595745
5.203501094091903
5.327586206896552
5.279823269513991
7.5152542372881355
5.769461077844311
5.493243243243243
5.911330049261084
5.429597701149425
5.745318352059925
3.933139534883721
4.768595041322314
5.013856812933025
5.578414839797639
5.769230769230769
5.509532062391681
5.724832214765101
5.814953271028037
6.439297124600639
5.685714285714286
6.065454545454545
5.493243243243243
5.234848484848484
6.518573551263001
7.211469534050179
5.862595419847328
7.385665529010239
5.429597701149425
5.279816513761468
6.160056657223796
7.568115942028985
5.954465849387041
6.065454545454545
4.934523809523809
6.2492447129909365
5.203501094091903
5.449596774193548
5.342629482071713
5.998251748251748
5.709832134292566
5.253731343283582
8.547677261613693
5.110655737704918
4.571808510638298
4.912524850894632
6.2727272727272725
5.6617021276595745
5.279823269513991
6.451690821256038
5.341040462427745
6.152727272727272
8.332720588235293
6.2492447129909365
5.604651162790698
5.129032258064516
5.110655737704918
5.741007194244604
5.411247803163445
5.627478753541077
4.981873111782478
5.6617021276595745
6.108153078202995
5.845124282982791
5.342629482071713
6.180897250361794
5.971473851030111
6.043402777777778
6.3582510578279265
4.843881856540085
5.848484848484849
5.449596774193548
5.963414634146342
5.866300366300366
5.405189620758483
4.934523809523809
5.814953271028037
5.15954415954416
5.769230769230769
6.135642135642136
6.24191063174114
5.769461077844311
5.292783505154639
4.90990990990991
4.852
5.2024539877300615
6.065454545454545
5.655172413793103
5.862595419847328
5.507666098807496
5.250684931506849
5.866300366300366
5.752883031301483
6.163076923076923
5.752883031301483
5.452312138728324
5.578414839797639
6.065454545454545
6.050295857988166
5.945762711864407
5.006622516556291
5.971473851030111
6.439297124600639
6.489675516224189
5.911330049261084
7.1707988980716255
6.424050632911392
5.408560311284047
5.2895377128953776
5.516245487364621
6.659125188536954
5.845906902086678
4.932504440497335
4.866807610993657
5.1413276231263385
5.902120717781403
5.326465927099841
7.048257372654155
5.814953271028037
4.876453488372093
5.342629482071713
5.934083601286174
5.013856812933025
5.961538461538462
5.341040462427745
5.858870967741935
5.863013698630137
5.902120717781403
5.493243243243243
4.817507418397626
5.902120717781403
6.33
5.741100323624596
6.072916666666667
6.160056657223796
6.1796875
5.752883031301483
6.24191063174114
5.449596774193548
5.15954415954416
6.02
5.982547993019197
6.423913043478261
6.065454545454545
4.9971305595408895
5.866300366300366
6.324324324324325
6.76138147566719
5.2895377128953776
5.8816
4.8246445497630335
6.178282009724473
5.845906902086678
5.686186186186186
6.152727272727272
6.065454545454545
5.429597701149425
6.391176470588236
5.765232974910394
6.391176470588236
5.947994056463596
5.927619047619047
4.713270142180095
5.572183098591549
