2.5159817351598175
2.3267326732673266
2.354898336414048
2.5652173913043477
2.3456090651558075
2.463157894736842
2.706896551724138
2.514588859416446
2.5454545454545454
2.36
2.389261744966443
3.01
2.6739130434782608
2.2609970674486806
2.7004716981132075
3.1022044088176353
2.4024767801857587
2.6003184713375798
2.4591104734576756
2.533980582524272
2.6439024390243904
2.6083150984682715
2.699769053117783
3.0256410256410255
2.3838383838383836
2.7995495495495497
2.971830985915493
2.6003184713375798
3.224852071005917
2.6115537848605577
2.3072625698324023
3.3333333333333335
2.5201149425287355
2.5735849056603772
2.6153846153846154
2.8012048192771086
2.5625
2.418006430868167
2.4245014245014245
2.992202729044834
2.643478260869565
2.4101123595505616
2.5092165898617513
2.3456090651558075
2.821656050955414
2.515151515151515
2.6003184713375798
2.3463855421686746
2.354898336414048
3.1772151898734178
2.8905263157894736
2.3838383838383836
2.3759398496240602
2.3464566929133857
2.5213270142180093
2.4713375796178343
2.455242966751918
2.6739130434782608
2.8374760994263863
2.4834123222748814
2.5845697329376853
2.3855072463768114
2.473684210526316
2.8051948051948052
2.730769230769231
3.6145251396648046
2.581578947368421
2.5159817351598175
2.5454545454545454
2.4057971014492754
2.495798319327731
2.3457142857142856
2.7004716981132075
2.6003184713375798
2.5116822429906542
2.8012048192771086
2.418006430868167
2.210526315789474
2.3267326732673266
2.198501872659176
2.7329317269076303
2.394578313253012
2.5159817351598175
2.5959780621572213
2.9173387096774195
2.1678571428571427
2.533980582524272
2.5345345345345347
2.2295454545454545
2.5159817351598175
2.739795918367347
2.6115537848605577
2.443396226415094
2.407766990291262
2.464594127806563
2.8374760994263863
2.418006430868167
2.302158273381295
3.455012853470437
2.699769053117783
2.7995495495495497
2.727906976744186
2.7333333333333334
3.09009009009009
2.525562372188139
3.635499207606973
2.244047619047619
3.1818181818181817
2.4563106796116503
2.418006430868167
2.332394366197183
2.3456090651558075
2.3072625698324023
2.5454545454545454
2.2609970674486806
2.699769053117783
2.4834123222748814
2.4006622516556293
2.9609375
2.416445623342175
2.2785714285714285
2.3482142857142856
2.4057971014492754
2.1493055555555554
2.442934782608696
2.3072625698324023
2.4713375796178343
2.6439024390243904
3.417624521072797
5.3039647577092515
2.724056603773585
2.3775280898876403
2.495798319327731
2.5213270142180093
2.8976377952755907
3.055956678700361
2.4591104734576756
2.5584415584415585
2.242744063324538
2.332394366197183
2.75
2.336426914153132
2.4299287410926365
2.5159817351598175
2.4834123222748814
2.8984198645598194
2.3072625698324023
2.4066852367688023
2.464594127806563
2.371584699453552
2.3464566929133857
2.2635658914728682
2.514588859416446
2.515151515151515
2.821656050955414
2.5845697329376853
2.7551724137931033
2.418006430868167
2.88
3.193832599118943
3.031779661016949
3.417624521072797
2.7063492063492065
2.3267326732673266
3.016
2.67680608365019
2.514588859416446
3.672212978369384
2.525562372188139
2.425837320574163
2.9814814814814814
2.6739130434782608
2.7104761904761903
3.46474358974359
2.8374760994263863
2.3435114503816794
2.515151515151515
2.75
2.840085287846482
2.4411764705882355
2.545275590551181
2.6219512195121952
2.4878048780487805
4.297872340425532
2.677685950413223
2.8472803347280333
3.6497005988023954
2.3904761904761904
2.7063492063492065
2.6153846153846154
2.455242966751918
2.3457142857142856
2.4057971014492754
2.6144578313253013
2.311688311688312
2.525562372188139
2.5357917570498913
2.3855072463768114
2.7244094488188977
2.434907010014306
4.024390243902439
2.246153846153846
2.533980582524272
3.198
2.935146443514644
2.6749521988527722
3.4
2.8536082474226805
2.5625
2.8374760994263863
2.6153846153846154
2.4358974358974357
2.371584699453552
2.4405797101449274
2.294573643410853
2.6083150984682715
2.3463855421686746
2.3775280898876403
2.5735849056603772
2.6219512195121952
2.8374760994263863
2.533980582524272
2.4502369668246446
2.5845697329376853
2.941877794336811
2.3464566929133857
2.407766990291262
2.3435114503816794
2.311688311688312
2.425287356321839
2.1944444444444446
2.4339622641509435
2.5552884615384617
2.514588859416446
2.8214285714285716
2.2997762863534676
2.5345345345345347
4.588983050847458
3.103448275862069
2.3661971830985915
2.257617728531856
2.434907010014306
2.515151515151515
2.198501872659176
2.1944444444444446
2.2786177105831533
2.3850574712643677
2.9153318077803205
2.312977099236641
2.354898336414048
2.2786177105831533
2.8374760994263863
2.244047619047619
2.6115537848605577
2.7675350701402808
2.416445623342175
2.3094059405940595
2.7329317269076303
2.2903225806451615
2.3775280898876403
2.6115537848605577
2.389261744966443
2.2903225806451615
2.763440860215054
2.763440860215054
2.4713375796178343
2.5092165898617513
2.6451612903225805
2.5193798449612403
2.3066666666666666
2.229287090558767
2.75
2.8080229226361033
2.2997762863534676
2.3855072463768114
2.9829867674858224
2.3775280898876403
2.6020408163265305
2.4066852367688023
2.455242966751918
2.3615384615384616
2.36328125
2.3267326732673266
2.242744063324538
2.5092165898617513
2.545275590551181
2.4024767801857587
2.4834123222748814
2.2295454545454545
2.354898336414048
2.678383128295255
2.6091127098321345
2.305389221556886
2.354898336414048
2.5625
2.9846153846153847
2.4591104734576756
2.7329317269076303
2.1152542372881356
2.3775280898876403
2.3959731543624163
2.223552894211577
2.8080229226361033
2.4066852367688023
2.3094059405940595
2.515151515151515
2.9153318077803205
2.515151515151515
2.64
2.4834123222748814
2.4713375796178343
2.5196850393700787
2.3463855421686746
2.4405797101449274
2.371584699453552
2.3615384615384616
2.312977099236641
2.6391752577319587
2.5959780621572213
2.423076923076923
2.4245014245014245
2.4066852367688023
2.2607260726072607
2.3072625698324023
2.4512534818941503
2.3508771929824563
2.2883435582822087
2.4878048780487805
2.4358974358974357
2.5735849056603772
2.545275590551181
2.8374760994263863
2.821656050955414
2.2222222222222223
2.4358974358974357
2.6091127098321345
2.8057692307692306
2.425837320574163
2.384
2.3463855421686746
2.5454545454545454
2.7063492063492065
2.6474358974358974
2.840085287846482
2.8080229226361033
3.0628571428571427
2.545275590551181
2.6439024390243904
2.5251798561151078
2.8844036697247706
2.4477611940298507
4.387878787878788
2.840085287846482
2.511111111111111
2.3855072463768114
2.354898336414048
2.4024767801857587
2.6083150984682715
2.2295454545454545
2.4124629080118694
2.5092165898617513
2.2634920634920634
2.67680608365019
2.3072625698324023
2.876155268022181
2.25705329153605
2.4446460980036298
2.706896551724138
2.4682926829268292
2.3176470588235296
2.455242966751918
2.5735849056603772
2.5959780621572213
2.371584699453552
2.2597014925373133
2.3463855421686746
2.495798319327731
2.5714285714285716
2.425837320574163
2.5105105105105103
2.2883435582822087
2.4024767801857587
2.224242424242424
2.4411764705882355
2.312977099236641
2.821656050955414
2.2295454545454545
2.4024767801857587
2.699769053117783
2.9305555555555554
2.4124629080118694
2.302158273381295
2.821656050955414
2.7241379310344827
2.7767857142857144
2.418006430868167
2.6115537848605577
2.5345345345345347
2.4682926829268292
2.2786177105831533
2.514588859416446
3.0249653259361997
3.103448275862069
2.442934782608696
2.5959780621572213
2.4101123595505616
2.4057971014492754
2.4591104734576756
2.5959780621572213
2.4782608695652173
3.25515947467167
2.3508771929824563
2.5159817351598175
2.8095238095238093
2.3066666666666666
2.4591104734576756
2.3076923076923075
2.464594127806563
2.463157894736842
2.2295454545454545
2.4446460980036298
2.724056603773585
2.36
2.2172701949860723
2.5491803278688523
2.407766990291262
2.3464566929133857
2.371584699453552
2.423076923076923
2.9967159277504103
2.8374760994263863
2.533980582524272
2.514588859416446
2.5116822429906542
2.699769053117783
2.332394366197183
2.5159817351598175
2.336426914153132
2.463157894736842
2.434907010014306
2.4245014245014245
2.8844036697247706
2.643478260869565
2.5201149425287355
2.3615384615384616
2.5959780621572213
2.455242966751918
2.6091127098321345
2.6153846153846154
2.425287356321839
2.4591104734576756
2.6749521988527722
2.9153318077803205
2.5552884615384617
2.4024767801857587
3.0249653259361997
2.6749521988527722
2.22
2.3072625698324023
2.4124629080118694
2.4339622641509435
2.2786177105831533
2.4057971014492754
2.996212121212121
2.425837320574163
2.6115537848605577
3.29776247848537
2.4446460980036298
2.6140350877192984
2.763440860215054
2.4411764705882355
2.5159817351598175
2.54320987654321
2.4360189573459716
2.3676470588235294
3.4
3.4
2.336426914153132
2.4245014245014245
2.8536082474226805
2.4339622641509435
2.198501872659176
2.7466666666666666
2.533980582524272
2.242744063324538
2.2609970674486806
2.6739130434782608
2.5213270142180093
2.4124629080118694
2.2635658914728682
2.4405797101449274
2.532934131736527
2.5092165898617513
2.514588859416446
2.7196969696969697
2.767175572519084
2.1372549019607843
2.792682926829268
3.0
2.683111954459203
2.5203252032520327
2.312977099236641
2.5
2.6439024390243904
2.8057692307692306
2.612472160356347
2.7551724137931033
2.88
2.901315789473684
3.1022044088176353
3.2610229276895946
2.5116822429906542
2.5959780621572213
2.354898336414048
2.8984198645598194
2.464594127806563
2.5491803278688523
2.3457142857142856
2.1493055555555554
2.3615384615384616
2.681159420289855
2.6749521988527722
2.612472160356347
2.224242424242424
2.332394366197183
2.3838383838383836
2.532934131736527
2.683111954459203
2.1944444444444446
2.3904761904761904
2.4484848484848483
2.5959780621572213
2.3855072463768114
2.4446460980036298
2.545275590551181
2.545275590551181
2.244047619047619
2.6020408163265305
2.229287090558767
2.299227799227799
2.8051948051948052
2.515151515151515
2.7333333333333334
2.4502369668246446
2.88
2.580246913580247
2.8735632183908044
2.739795918367347
2.332394366197183
2.876155268022181
2.7241379310344827
2.2609970674486806
2.9609375
2.5552884615384617
2.354898336414048
2.7350993377483444
2.302158273381295
2.5491803278688523
2.2164383561643834
2.394578313253012
2.3675213675213675
2.545918367346939
2.8020050125313283
2.5552884615384617
2.6439024390243904
2.3775280898876403
2.5159817351598175
2.442934782608696
2.3615384615384616
3.440677966101695
2.3759398496240602
3.0249653259361997
3.088607594936709
2.442934782608696
2.371584699453552
2.3072625698324023
2.4446460980036298
2.8735632183908044
2.4358974358974357
2.5491803278688523
2.4672131147540983
2.305389221556886
2.434907010014306
2.515151515151515
3.01
2.407766990291262
2.82897384305835
3.654891304347826
3.1672185430463577
3.3189102564102564
2.211221122112211
2.8020050125313283
3.103448275862069
2.495798319327731
2.5
2.7767857142857144
2.7329317269076303
2.434907010014306
3.355725190839695
2.5203252032520327
2.5491803278688523
2.495798319327731
2.3838383838383836
2.2903225806451615
2.418006430868167
2.5959780621572213
2.724056603773585
2.384
2.6091127098321345
2.443396226415094
2.533980582524272
2.2034261241970023
2.2034261241970023
2.5845697329376853
2.2295454545454545
2.4834123222748814
2.699769053117783
2.6128266033254155
2.8536082474226805
2.9153318077803205
2.3904761904761904
2.6003184713375798
2.3457142857142856
2.4216867469879517
2.4360189573459716
2.2786177105831533
2.5357917570498913
3.1672185430463577
2.8844036697247706
3.3189102564102564
3.016
2.8333333333333335
2.394578313253012
2.6091127098321345
2.7104761904761903
2.223552894211577
2.263013698630137
2.5491803278688523
2.678383128295255
2.494949494949495
2.354898336414048
2.7329317269076303
2.363157894736842
2.5845697329376853
2.7767857142857144
2.7995495495495497
2.336426914153132
2.3464566929133857
2.3759398496240602
2.2786177105831533
2.6128266033254155
2.5845697329376853
2.3904761904761904
2.525562372188139
2.4713375796178343
2.6159420289855073
2.4591104734576756
2.463157894736842
2.82897384305835
2.455242966751918
2.463157894736842
2.5735849056603772
2.36328125
2.2635658914728682
2.5116822429906542
2.6144578313253013
2.8012048192771086
2.810810810810811
2.3676470588235294
2.3333333333333335
2.3463855421686746
2.4713375796178343
2.5105105105105103
2.5105105105105103
2.4878048780487805
3.198
2.302158273381295
2.6749521988527722
2.3615384615384616
2.2666666666666666
2.3072625698324023
2.7216494845360826
2.4927536231884058
2.4591104734576756
2.7333333333333334
2.407766990291262
2.4878048780487805
2.5552884615384617
2.4834123222748814
2.3759398496240602
2.678383128295255
2.6439024390243904
2.371663244353183
3.25515947467167
2.6666666666666665
2.515151515151515
3.1818181818181817
2.699769053117783
2.763440860215054
2.2785714285714285
2.6115537848605577
3.4878048780487805
2.4591104734576756
2.6083150984682715
3.355725190839695
3.198
2.4446460980036298
2.532934131736527
2.9814814814814814
2.8057692307692306
2.4502369668246446
2.5092165898617513
2.699769053117783
2.840085287846482
3.37888198757764
2.6003184713375798
2.9153318077803205
4.910780669144981
2.8076923076923075
2.767175572519084
2.3267326732673266
2.9173387096774195
2.6749521988527722
2.5092165898617513
2.336426914153132
2.2758620689655173
2.4682926829268292
2.5159817351598175
2.7721518987341773
3.29776247848537
2.365079365079365
2.4360189573459716
2.4834123222748814
2.312977099236641
2.992202729044834
2.4124629080118694
2.532934131736527
2.8472803347280333
2.8844036697247706
2.8905263157894736
3.0714285714285716
2.8057692307692306
2.1715328467153285
2.3457142857142856
2.4444444444444446
2.5735849056603772
2.6391752577319587
2.4339622641509435
2.299227799227799
3.323717948717949
2.3072625698324023
2.6474358974358974
3.0249653259361997
3.1772151898734178
2.6116504854368934
2.371584699453552
2.537037037037037
2.294573643410853
2.514588859416446
2.4713375796178343
2.781456953642384
2.354898336414048
2.643478260869565
2.363157894736842
2.6003184713375798
2.821656050955414
2.678383128295255
2.5159817351598175
2.545275590551181
2.3482142857142856
3.2674418604651163
2.6003184713375798
2.305389221556886
2.242744063324538
3.198
2.294573643410853
2.4024767801857587
2.9507042253521125
2.4057971014492754
2.5845697329376853
2.5491803278688523
2.387978142076503
2.3855072463768114
2.354898336414048
2.5625
2.4339622641509435
2.4446460980036298
2.9173387096774195
2.4693877551020407
2.4834123222748814
2.3066666666666666
2.5196850393700787
2.681159420289855
2.4571428571428573
2.4713375796178343
2.678383128295255
2.2635658914728682
2.6159420289855073
2.1912442396313363
2.4124629080118694
2.5822784810126582
2.3066666666666666
2.2701612903225805
2.418006430868167
2.4245014245014245
2.2327586206896552
2.371663244353183
2.464594127806563
2.678383128295255
2.5845697329376853
2.4124629080118694
2.740506329113924
2.699769053117783
2.4834123222748814
2.5735849056603772
2.6391752577319587
2.8181818181818183
2.5092165898617513
2.5196850393700787
3.043222003929273
2.4339622641509435
2.3094059405940595
2.8125
2.8080229226361033
2.2295454545454545
2.3675213675213675
2.5454545454545454
2.642857142857143
2.5845697329376853
2.3457142857142856
2.3463855421686746
2.434907010014306
2.515151515151515
3.01
2.391156462585034
3.635499207606973
3.25515947467167
2.4591104734576756
2.3456090651558075
2.4360189573459716
2.3855072463768114
2.2695652173913046
2.4782608695652173
2.2883435582822087
2.5092165898617513
2.4682926829268292
2.354898336414048
2.2294520547945207
2.8557114228456912
2.4405797101449274
2.371663244353183
2.2786177105831533
2.5491803278688523
2.730769230769231
2.4475524475524475
2.407766990291262
2.4878048780487805
2.332394366197183
2.305389221556886
2.525562372188139
2.2164383561643834
2.363157894736842
2.3463855421686746
2.5142857142857142
2.3838383838383836
2.4066852367688023
2.3
2.371584699453552
