9.4
8.64
6.28
12.32
5.0
16.315
9.88
5.06
10.92
23.3
8.64
15.1
26.88
9.44
24.375
30.06
6.24
6.48
11.94
3.64
7.06
4.34
5.34
17.688333333333333
6.2
6.84
3.54
10.96
6.76
7.2
3.26
11.64
6.88
14.68
12.876
10.84
12.36
7.38
7.16
25.18
11.4
9.44
11.92
7.46
15.9
21.4
19.78
25.16
6.08
2.98
18.84
11.58
10.26
21.88
4.1
7.51
2.88
4.92
12.5
21.94
14.92
10.935
4.6
9.88
8.72
14.1
2.6
8.9
3.6
4.76
5.24
9.986
7.86
3.18
8.82
6.16
3.76
12.32
13.14
10.12
5.54
12.24
7.42
11.38
4.08
9.68
3.6
26.92666666666667
4.06
4.24
4.62
9.173333333333332
11.32
12.675
11.406666666666665
13.14
7.94
13.6
4.78
5.4
9.88
4.18
3.88
11.597333333333335
2.86
14.55
2.66
10.66
2.24
4.22
9.06
8.78
8.8
6.66
7.0
13.36
3.54
17.74
11.36
11.62
15.7
11.95
24.34
14.06
17.5
4.94
5.28
5.38
6.62
5.82
11.46
5.36
12.18
6.1
18.54
15.98
33.44
27.76
5.52
2.6
11.14
5.14
4.58
6.14
16.98
10.14
4.28
8.12
9.62
7.86
7.06
1.52
7.64
11.52
10.56
9.7
10.3
16.86
10.42
7.38
3.46
39.91
5.22
7.14
7.66
6.28
6.0
4.54
3.6
9.64
1.96
6.16
6.8
4.08
4.82
4.5
7.303999999999999
5.58
6.9
4.24
20.01
2.5
3.52
16.58
10.92
9.78
10.72
10.7
4.66
13.3
4.24
2.22
9.14
4.5
7.54
7.12
5.56
17.04
18.62
11.906666666666668
9.08
4.92
7.68
3.1
5.5
3.24
5.12
12.64
8.48
9.54
8.48
6.34
19.88
18.56
4.54
9.08
15.9
4.24
35.2
4.66
16.11
7.74
2.46
3.6
3.3
2.46
22.36
8.06
25.54909090909091
8.36
8.36
5.68
7.66
6.92
6.76
3.52
6.86
3.08
10.74
4.92
10.78
4.4
2.4
5.8
7.68
5.2
7.92
12.38
5.24
13.44
14.16
1.74
11.32
2.0
2.26
11.92
14.82
10.62
26.54
4.66
2.94
7.4
13.18
8.06
5.06
14.34
3.02
7.02
17.44
16.28
7.92
8.44
5.66
7.5
2.02
17.76
6.5
4.1
8.44
5.66
2.84
19.74
18.24
24.753333333333334
8.4
14.0
20.06
7.702222222222222
11.72
2.98
19.16
20.658965517241377
22.195
9.8
13.42
18.12
7.68
1.8
4.9
4.8
9.4
6.36
27.7
4.14
3.12
7.12
9.34
4.46
5.58
5.36
7.92
6.5
6.48
8.42
2.44
9.48
8.86
15.74
26.92
14.2
5.58
3.96
6.94
7.96
2.76
8.8
6.36
3.18
2.98
5.58
17.5
12.02
5.6
6.42
4.56
13.44
12.6
3.22
8.654285714285715
3.84
3.487073593073593
6.62
3.181502164502165
3.3219581529581528
3.181502164502165
2.8753116883116876
3.345580086580087
3.0135569985569983
2.8753116883116876
11.62
1.62
12.22
5.5
7.245365853658536
6.18
8.9
8.986666666666666
4.74
14.24
9.966666666666667
8.38
3.84
15.38
15.74
2.54
2.52
5.3
7.0
12.5
14.4
20.54
7.52
25.36
7.326666666666666
7.44
11.6
4.1
2.0
8.66
4.22
3.58
4.58
13.1
3.34
12.9
11.94
7.96
18.08
11.94
7.8
4.28
6.28
3.82
5.8
7.3
3.58
3.5
3.06
3.5
2.38
2.28
18.75
12.1
15.66
14.64
7.44
10.48
10.34
12.68
3.44
5.94
9.52
8.28
16.26
5.62
6.3
5.66
8.14
10.22
8.24
8.0
6.58
3.36
11.52
9.08
21.98
14.14
12.74
3.2618181818181817
3.08
7.54
15.18
13.94
6.44
5.88
10.7
13.82
20.82
25.62
23.44
22.855
18.606666666666666
6.88
10.22
11.936
21.04
12.24
21.444000000000003
12.34
9.38
3.38
7.4
12.126666666666665
11.42
8.8
7.36
23.56
14.72
10.12
8.706666666666667
7.6
14.74
7.82
8.12
13.62
10.08
19.58
10.38
7.4
16.58
5.3
12.94
17.86
8.28
12.06
8.9
6.48
14.5
6.86
17.94
12.36
11.1
19.9
26.4
8.82
5.38
2.8
2.98
22.48
25.36
9.44
20.58
24.9
32.68
22.34
14.58
8.1
7.96
5.58
8.84
4.54
8.83
4.7
5.62
2.5
7.0
2.5
8.78
6.14
6.94
2.94
5.8
12.7
4.7
2.24
4.12
2.76
11.26
6.44
5.94
21.72
13.586666666666666
9.36
6.48
7.26
8.21
16.12
16.56
7.525
8.46
10.32
11.12
11.58
9.16
19.02
11.64
7.973333333333333
10.38
4.94
19.26
22.08333333333333
11.28
14.448
17.26
21.62
8.34
20.04
20.52
11.08
22.0
20.68
22.46
23.798000000000002
15.473333333333333
26.5
33.74
18.12666666666667
11.86
32.18
19.2
51.22
35.5
23.26
34.74
28.0
40.72
33.94
41.1
27.22
13.213333333333335
8.088888888888889
7.7
10.24
7.3116666666666665
8.315
15.7
10.92
9.42
11.78
24.84
7.24
5.76
9.06
12.04
9.82
10.38
2.9
5.48
8.98
3.0522580645161295
9.6
5.14
6.94
5.92
8.1
12.38
9.46
8.14
6.58
11.5
7.38
15.16
7.3
15.92
4.8
6.1
9.14
26.5
7.38
2.8
4.28
10.5
8.615555555555556
7.52
10.44
3.1
11.82
11.58
7.72
10.34
14.86
11.78
13.36
5.3
16.5
16.54
5.26
5.3
12.193333333333335
2.84
5.62
6.58
3.6
6.88
8.92
5.2
10.78
8.76
2.32
10.38
11.74
5.96
23.94
3.78
12.453333333333335
10.28
5.56
5.0
11.8
10.38
12.96
6.44
19.92
11.52
9.94
8.6
7.3
13.155
5.86
13.92
12.8
15.32
10.14
5.3
5.72
6.58
5.04
7.18
14.74
4.9639999999999995
4.14
4.7
3.52
2.06
18.31833333333333
9.08
7.441565996428705
6.753904940701193
11.74
13.92
6.173333333333333
5.74
16.42
5.72
10.88
5.84
12.12
6.64
13.12
8.28
12.52
6.68
17.26
13.38
12.74
4.8
7.66
7.3025806451612905
7.8
1.48
6.02
3.52
9.44
7.56
1.84
3.5
11.16
3.24
6.38
4.94
2.86
8.4
5.06
15.76
5.94
13.2
6.76
13.015
13.343333333333332
8.8
8.38
13.1
6.82
15.1
3.84
3.16
11.586666666666666
12.82
12.13
24.555
7.6866666666666665
10.02
10.62
14.66
20.48
16.72
9.8
9.14
17.7
14.12
8.48
6.561119351627957
7.14705036349417
6.996525747612874
6.561119351627957
11.5
18.06
15.7
7.16
5.2
2.62
4.9
12.24
12.28
4.1
7.34
3.58
6.44
12.38
15.18
8.0
11.54
3.88
10.18
7.4
19.82
7.126666666666668
1.38
6.7
8.72
6.34
3.48
6.02
7.68
18.46
10.32
14.4
13.64
11.32
11.316666666666668
6.72
9.82
20.4
14.66
17.5
7.8
11.984000000000002
11.08
13.38
11.42
9.78
14.18
5.26
5.82
1.58
12.82
6.6
17.72
4.46
7.084369023369533
9.26
11.22
22.84
14.78
8.0
9.82
5.128571428571429
7.14705036349417
5.02
7.1
8.1
4.74
6.44
3.52
16.02
9.94
2.72
6.58
5.822068965517242
9.88
18.866666666666667
25.83
25.160999999999998
15.98
2.6
4.66
33.89
21.48
11.1
9.88
9.06
20.48
29.7
10.796666666666665
15.56
18.0
16.153333333333336
22.66
15.569333333333331
22.2
5.3
5.14
9.64
11.1
25.43
6.8
11.02
14.32
16.94
10.87
13.44
3.88
8.44
10.0
3.82
4.26
1.0
6.94
4.26
21.54
4.6
9.42
2.88
1.72
11.513333333333335
11.34
6.98
2.84
4.42
4.52
4.1
8.52
48.08
14.58
4.48
5.4
6.38
9.32
8.06
8.14
12.72
3.8
8.1
10.846666666666666
6.54
9.7
7.22
10.62
8.56
8.82
12.46
20.006666666666664
27.26
7.16
9.22
6.34
4.88
4.58
8.64
11.26
3.88
10.92
12.48
2.12
8.623999999999999
10.56
4.282666666666666
12.096666666666668
5.92
7.4
13.54
10.76
26.74
7.96
5.36
6.5
16.82
12.68
6.06
3.07
17.3
6.62
13.68
27.261428571428567
26.24
14.22
9.32
12.593333333333335
14.26
19.188333333333333
9.72
17.98
14.132
22.84
21.28666666666667
4.26
4.02
17.06
20.7
11.82
8.76
9.486666666666666
8.46
7.61
8.74
11.5
8.26
17.0
6.56
9.04
14.553333333333333
17.384
5.89
16.44
24.608
13.453333333333335
18.62
16.16
9.22
15.7
15.28
8.08
17.63142857142857
11.56
19.093333333333334
23.66
14.9
10.1
9.28
7.96
9.52
8.5
25.38
7.44
19.64666666666667
25.16
6.9079999999999995
29.44
22.42
7.68
9.48
12.56
7.86
11.26
14.82
12.48
20.6
5.2
9.44
8.54
7.26
28.22
28.0
23.517222222222223
24.96
11.48
4.9
11.14
13.82
8.06
4.88
9.32
21.546666666666667
23.98
9.54
33.18
27.66
15.88
7.441565996428705
6.753904940701193
6.996525747612874
7.084369023369533
6.772127648000455
7.084369023369533
6.772127648000455
6.7077996815722125
7.06
6.08
16.975
16.42
5.72
2.14
5.48
7.44
7.69
27.806666666666665
14.7
18.446666666666665
3.44
2.64
8.06
25.56
13.06
14.68
33.32
18.72
14.92
8.38
9.82
11.18
16.38
10.02
1.0
6.58
11.18
9.88
12.46
24.033
3.68
6.5
12.24
7.72
10.36
12.88
17.0
21.2
4.14
13.06
8.78
9.58
17.28
20.28
10.86
11.26
41.26
11.34
10.16
4.9
15.36
4.62
8.84
14.9
5.06
9.48
8.48
6.04
4.88
5.26
5.46
29.88
6.0
20.44
10.78
38.58
16.365
50.72
23.048000000000002
5.68
5.24
12.32
17.52
37.16
19.36
8.09142857142857
19.06
49.7
30.2
9.34
20.38
6.045
7.586666666666668
21.54
15.58
15.52
17.76
16.04
31.08
5.16
25.5
16.04
9.21
6.325
5.4
8.36
7.02
9.54
7.88
11.6
36.74
9.72
18.18
6.4
13.34
36.501666666666665
9.04
61.56
9.388
15.021333333333333
19.94
58.44
31.9
21.75
25.447619047619046
20.452
26.28
10.74
21.16
18.62
8.87
7.74
17.52
6.62
4.64
21.44
1.9
37.9
19.153333333333332
39.527833333333334
33.91
6.94
52.4
38.9
5.32
8.313333333333334
22.12
49.68
19.76
19.375
6.06
10.986666666666665
36.2
10.76
52.32
2.5
11.14
20.14
9.74
9.8
4.42
21.1
16.886666666666667
20.293333333333333
20.89666666666667
13.486666666666668
12.015999999999998
2.58
3.74
5.62
6.64
3.88
21.42
11.08
8.112
7.34
6.64
10.844000000000001
10.5
4.94
11.5
9.41
5.3
9.02
10.32
33.425
5.8
9.98
10.16
11.42
5.78
3.04
14.44
4.72
7.72
9.66
22.78
1.0
6.04
5.02
5.3
6.08
19.06
36.62
33.52
40.66
24.64
11.18
26.68
33.78
32.02
20.52
32.84
31.78
12.72
40.2
33.5
41.84
28.1
8.4
13.56
11.96
6.483772888348437
6.72
6.753904940701193
6.539658798248944
10.555454545454545
15.9
15.66
42.92
25.84
8.92
6.94
4.94
10.58
6.12
3.64
6.76
4.92
6.26
5.32
8.96
6.86
5.58
8.4
22.38
9.76
7.38
19.26
8.3
14.04
8.64
4.92
24.98
5.66
10.5
14.7
8.42
21.9
8.56
17.6
11.98
7.24
7.4
17.04
28.36
8.64
5.8
8.26
24.58
10.38
16.34
20.44
19.62
5.02
10.14
6.62
5.68
2.24
5.12
12.862222222222222
14.6
8.36
6.56
6.14
5.92
4.98
10.76
10.98
19.58
30.378857142857147
17.383333333333333
6.2266666666666675
19.142666666666667
8.52
12.58
7.32
10.96
18.44
15.34
12.48
9.32
11.4
21.34
6.62
5.26
5.0
4.82
6.56
6.5
9.72
3.48
11.1
6.74
5.293333333333334
9.76
5.7
7.1
5.18
14.76
6.3
27.42
6.52
20.04
18.74
67.36073809523809
67.97922222222222
43.46
43.46
28.36
6.0
14.24
6.76
10.02
2.28
10.826666666666664
6.72
10.86
5.16
2.74
7.92
9.06
3.84
5.16
19.08
8.98
6.16
8.28
5.04
2.44
4.16
10.74
11.9
10.913333333333334
5.82
9.3
2.86
3.22
11.82
6.84
3.1
12.72
4.3
4.88
2.42
15.82
10.66
7.44
18.8
23.37818181818182
12.446666666666667
12.5
19.001333333333335
3.48
8.786666666666667
9.302833333333334
6.26
11.36
1.0
7.16
18.72
8.96
8.42
6.0
5.36
5.26
8.68
32.14666666666667
9.82
7.36
13.46
7.1
13.873333333333333
20.34
11.72
24.96
3.9
4.4
12.04
12.94
36.68
11.4
9.698125
22.76
22.12
8.16
2.1
4.064
13.34
11.64
6.98
5.72
10.44
14.2
11.44
7.32
11.78
5.38
5.8
3.115
11.64
8.98
3.72
11.1
15.2
16.18
12.88
3.18
11.085
9.6
6.98
2.34
1.56
5.31
13.92
14.22
9.56
27.54
26.86333333333333
6.06
10.28
5.38
6.87
3.18
9.64
2.6
6.9
36.54
18.3
23.703333333333333
11.82
14.046666666666665
12.76
9.4
7.56
14.74
6.16
18.68
4.14
17.07
2.56
11.98
24.24
8.74
3.44
28.0
71.95
74.38
13.78
7.02
7.95
3.82
13.06
9.215
12.9
5.32
4.92
13.14
10.26
12.08
14.26
3.68
14.56
6.56
18.72
14.18
17.1
13.52
6.32
13.0
14.266666666666666
6.14
36.0
5.36
17.56
10.043870967741935
7.46
9.917142857142858
8.64
16.76
11.84
12.76
8.66
8.98
5.06
8.04
8.36
6.56
9.54
12.44
20.96
12.18
7.513333333333334
7.66
1.0
1.0
6.1
19.34
4.14
7.84
6.16
4.04
4.28
13.185
4.16
4.84
6.016666666666667
7.0
8.56
26.506666666666664
12.38
13.36
8.84
4.94
2.28
6.52
16.14
51.94
7.82
10.74
10.9
11.466666666666667
9.22
12.64
15.44
3.22
4.66
13.426666666666668
6.26
6.7077996815722125
6.7077996815722125
6.753904940701193
6.7077996815722125
8.32
2.9
10.3
9.64
8.08
2.96
5.4
3.8
2.48
5.32
7.06
8.0
16.848333333333333
4.34
4.04
12.18
1.9
10.32
11.62
28.303333333333335
23.96
14.255
19.82
3.86
14.16
12.06
19.2
7.86
17.32
4.08
2.66
3.48
7.26
7.02
8.76
9.48
14.396666666666668
10.82
7.78
14.8
10.96
6.96
2.58
9.226666666666667
3.76
15.1
5.76
20.3
7.54
9.42
1.68
9.88
8.64
12.126666666666667
18.84
9.0
24.13
17.67
9.7
14.557407407407409
19.58
18.5
12.6
17.2
19.7
19.28
13.12
21.9
11.32
21.02
13.72
20.56
16.58
18.72
15.12
16.84
6.62
5.54
7.14705036349417
6.7077996815722125
7.14705036349417
7.084369023369533
9.46
17.36
2.1
12.88
13.54
9.74
17.1
7.726666666666667
5.96
4.54
3.7
7.58
19.46
4.66
5.66
5.38
5.14
11.84
4.82
6.88
11.3
5.12
3.08
8.42
2.98
2.0
2.0
1.98
2.98
19.44
3.62
6.56
2.4
6.2666666666666675
11.02
13.0
6.48
8.96
3.56
20.92
4.18
9.38
18.86
5.98
30.78
7.12
33.3
10.78
6.54
2.3
5.18
2.3
3.2
1.0
31.56
9.86
7.64
2.3
5.56
8.38
2.69
14.22
18.54
6.66
1.98
5.48
1.32
3.06
3.22
19.7
20.38
7.84
5.52
2.78
1.98
9.52
2.18
2.44
12.066666666666665
6.82
17.66
10.84
7.4
16.84
8.88
13.18
11.3
13.485
6.4
9.1
9.22
3.48
13.1
8.86
9.56
20.28
8.64
4.48
9.58
2.24
14.66
12.24
55.22
8.06
7.27
4.1
5.06
5.5
6.66
2.72
5.58
6.8
6.34
9.02
9.722222222222221
11.98
12.9
9.86
9.4
19.88
9.44
14.76
9.79
23.9
16.6
21.25333333333333
12.817450980392158
13.8
14.44
18.92
8.24
8.5
3.68
8.0
11.56
3.78
24.56
2.94
8.2
8.88
17.4
13.16
2.7
7.441565996428705
7.441565996428705
6.772127648000455
7.084369023369533
5.224
7.58
16.48
7.8933333333333335
7.0
19.66
5.58
5.24
11.28
8.5
4.86
4.46
35.84
7.0
16.66
16.305
21.81
40.4
11.72
6.2
9.5
11.96
12.96
9.64
7.38
7.1
15.4
6.9
4.02
5.52
6.76
18.64
20.72
23.58
3.54
10.14
2.98
8.053333333333335
38.08
3.8
14.9
7.066666666666666
7.0
22.641285714285715
8.58
15.12
47.473333333333336
8.26
3.86
5.32
1.0
2.5177142857142853
2.5177142857142853
3.24
2.599141414141414
3.24
3.24
9.66
3.96
13.08
6.06
3.04
6.8
4.22
15.08
22.41333333333333
26.98
1.84
8.36
9.54
23.90333333333333
12.68
6.16
7.86
6.7
19.3
5.12
3.44
25.76
20.92
16.12
10.2
11.5
10.6
7.032666666666667
11.9
7.16
16.52857142857143
15.98
14.87
2.7
10.64
14.44
5.22
6.984
4.78
9.48
5.48
4.94
8.48
31.9
13.82
24.66
21.7
10.78
1.74
6.12
21.24
11.04
5.84
7.18
11.14
27.54
6.98
25.124000000000002
6.32
9.34
2.36
5.4
8.3
7.62
9.0
7.2
5.18
13.746666666666664
8.06
10.98
13.733333333333333
3.3
35.486666666666665
21.196190476190477
9.66
7.08
2.22
2.16
23.66
4.7
6.86
27.02
6.34
6.58
7.46
12.74
7.0
4.4
2.24
11.8
8.04
9.8
6.9
39.025
3.86
4.862857142857143
18.52
8.08
7.36
16.34
17.98
10.94
11.426666666666666
1.8
15.933333333333332
6.78
4.04
6.38
12.45
7.426666666666668
8.56
5.6
8.9
8.88
12.22
12.68
9.64
8.1
7.86
24.08
20.56
25.78
7.82
10.52
8.12
16.38
4.02
30.68
10.52
4.64
9.17
3.06
4.56
2.38
7.082222222222222
7.22
5.66
7.02
3.8
10.44
23.74
4.1
1.4
4.14
10.68
21.02
6.16
1.96
7.7
2.98
18.666666666666668
19.55085714285714
1.78
14.1
20.16
8.78
6.56
6.74
7.96
7.38
10.64
6.517777777777778
7.04
15.08
4.82
7.9
12.586666666666666
6.6
9.88
7.18
4.52
14.86
1.68
10.7
14.7
10.076
7.24
13.1
25.02
12.705
6.74
13.58
11.88
18.18
6.775
7.86
10.98
10.92
28.28
4.22
14.364
28.78
8.32
17.127
28.829333333333334
21.38
8.28
6.42
6.753904940701193
7.084369023369533
7.28
19.26
7.02
10.045454545454545
7.42
5.4
6.12
12.76
11.04
8.3
6.78
7.14
11.02
7.94
25.96
13.32
11.06
13.16
5.84
4.66
16.6
12.3
13.16
10.52
10.04
13.1
30.873333333333335
14.97
15.96
17.52
8.54
17.046666666666667
6.92
12.72
8.12
10.88
15.175999999999998
16.5
35.695
11.18
20.28
18.16
16.56
33.06
19.933333333333334
17.186666666666664
7.28
10.52
8.68
23.26
25.58
23.48
9.61
20.48
15.28
14.24
4.3
16.04
21.36
14.52
4.64
7.4
11.76
14.38
8.846666666666666
13.16
7.68
21.7
18.0
8.706666666666667
15.4
22.648000000000003
14.36
17.74
6.72
11.86
12.46
22.34
7.76
6.56
7.68
11.98
15.32
2.3
12.806
7.04
2.82
16.1
2.24
6.92
8.24
1.9
10.56
13.8
13.48
13.94
5.44
8.2
8.66
20.82
17.94
32.06
3.34
2.5
12.24
8.08
9.98
4.22
9.08
17.32
7.46
8.853333333333333
13.36
9.62
8.32
6.44
10.02
19.43
1.68
6.14
19.0
10.6
12.666666666666668
16.685
15.3
5.28
7.48
25.64
26.67
13.28
21.38
10.86
11.04
14.796
2.92
7.308571428571429
3.5
8.34
3.93
4.28
5.54
7.26
6.66
9.02
11.68
6.58
2.34
7.06
14.16
6.12
12.94
19.72
32.92
9.18
10.306666666666665
18.02
19.78
10.14
18.28
25.88
5.66
13.46
3.12
3.88
3.26
10.78
6.26
11.76
14.66
3.94
11.66
1.76
4.92
5.48
3.22
4.34
10.28
5.24
22.58
25.34
10.96
11.76
14.705
9.06
15.58
12.38
12.04
11.433333333333335
2.9
27.69
4.02
4.98
6.38
12.32
2.62
2.68
17.06
10.164
4.04
10.5
6.6
1.78
10.236
7.397435897435897
17.16
11.913333333333334
5.82
15.14
18.68
3.68
4.7
25.55
12.14
7.96
26.9
14.26
9.74
26.32
7.1
14.48
14.84
14.34
7.6
27.144000000000002
16.12
14.52
13.264000000000001
5.02
5.28
11.64
7.14
5.34
6.12
4.58
20.805
16.92857142857143
9.76
25.78
9.7
23.7
11.16
35.22
20.9
45.04
3.72
19.62
20.18
3.72
11.04
7.04
7.12
11.76
10.1
16.28
8.56
20.98
8.54
6.96
13.126666666666667
14.84
7.5
20.52
8.82
12.54
17.34
16.42
9.175
3.98
13.96
9.96
9.44
6.82
5.36
9.9
9.42
2.7
6.58
14.34
2.94
19.64
13.16
8.7
29.52
6.793333333333333
38.58
22.58
8.7
5.7
5.466666666666666
9.16
9.54
9.08
7.18
12.72
4.2
6.16
11.8
31.04
14.84
7.7
41.54666666666666
5.8
13.42
4.14
5.62
2.8
13.78
6.66
31.12
14.02
2.3
7.48
6.1
9.24
4.82
14.03
27.6
13.4
6.2
9.74
19.1
14.913333333333334
6.8
3.2
7.38
16.6
18.83
5.7
17.092
26.6
24.06
11.52
12.98
10.96
10.36
3.58
38.12
17.866666666666667
23.40666666666667
12.48
28.26
25.64
8.86
9.82
13.66
10.4
5.04
6.7
7.82
2.62
19.18
4.08
18.195999999999998
3.9
6.1
18.7
16.02
4.44
11.9
4.04
5.98
5.46
12.44
10.26
5.42
5.28
5.16
21.84
10.04
13.64
9.3
8.8
13.63111111111111
1.8
5.38
6.76
10.12
12.96
6.28
6.84
5.58
9.72
14.64
2.28
9.32
9.2
7.48
6.14
10.04
16.42
1.84
2.36
5.7
16.04
8.58
12.66
10.86
21.27333333333333
13.74
28.72
8.906666666666666
12.16
18.08
5.64
7.68
14.98
27.6
5.86
8.76
11.16
20.78
25.06
18.82
7.38
2.06
25.58857142857143
22.08
13.44
16.88
16.1
6.18
5.4
10.56
8.2
9.4
7.84
8.56
9.0
17.12
6.708571428571429
7.4
7.22
10.455
9.28
12.32
5.7
6.9
4.72
2.86
27.86
15.78
14.1
13.072000000000001
5.58
9.98
5.88
6.46
21.12
4.56
16.68
7.8
1.54
9.62
7.16
4.3
2.24
11.3
11.14
5.5
10.16
16.54
9.54
2.72
10.52
14.31
12.92
18.74
12.06
7.56
9.06
6.34
11.44
14.56
6.22
2.98
2.24
13.44
5.04
21.64
8.66
6.04
3.6
16.9
8.34
17.72
22.64
17.476
13.59
11.14
6.46
3.38
9.66
7.16
7.786666666666666
23.986666666666668
18.91
25.02
2.08
5.32
6.96
5.0
4.16
10.18
11.42
7.6
7.54
9.12
14.34
10.14
12.28
7.46
12.14
6.56
3.5
5.046666666666667
7.5
19.9
2.36
8.58
12.04
14.48
7.66
11.88
15.56
4.6
15.533333333333333
4.26
4.84
3.24
3.68
4.22
12.933333333333335
15.66
16.34
20.04
21.42
5.48
2.92
3.88
6.7
4.84
3.92
10.28
8.34
9.24
10.62
6.96
15.76
13.5
28.4
3.34
7.881428571428571
10.38
17.28
3.66
4.48
7.58
4.66
3.44
3.9
4.08
4.761142857142857
8.22
14.38
10.9
9.76
11.33
8.266666666666666
26.02
13.48
4.5360000000000005
21.6
8.9
6.06
26.04
17.98
7.58
10.72
27.21
12.54
5.24
7.92
3.36
20.2
10.28
6.72
10.84
12.62
4.597142857142857
8.96
7.78
2.2
2.58
4.4
6.38
8.28
7.4
12.9
9.62
2.28
20.08
11.06
6.16
9.46
8.74
4.28
13.34
9.02
17.4
19.0
14.699809523809524
3.96
4.8
10.84
4.56
5.08
6.48
11.22
10.86
13.176666666666666
10.973333333333334
11.815555555555557
31.666666666666664
7.413333333333334
2.82
21.46
18.92
32.4
5.44
6.926666666666666
6.92
12.8
6.16
4.52
2.6
1.86
19.62666666666667
12.76
10.18
11.68
5.0
4.98
2.58
3.18
2.1
14.38
6.4
14.76
4.86
5.82
8.05
6.6
39.18
26.7
10.474285714285713
6.0
3.7
9.02
10.5
8.24
8.336666666666668
11.16
15.84
19.9
7.886666666666668
4.02
11.68
8.9
14.86
18.68
12.34
14.04
15.96
4.24
6.3
15.1
22.14
24.12
12.55
39.94
39.46
8.3
9.96
8.853333333333333
7.12
9.86
2.98
14.4
20.7
13.86
8.46
7.0
9.14
16.601904761904763
5.4
7.22
5.68
3.28
8.42
9.32
6.8
3.7
3.78
3.68
10.66
12.9
9.2
12.2
15.21
16.96
13.6
13.22
13.72
24.54
5.78
13.546666666666667
9.82
16.8
8.7
8.22
13.198181818181817
6.24
6.22
5.8
9.76
6.56
8.18
10.4
9.04
15.0
11.05
9.9
10.22
11.996666666666668
4.88
7.713333333333333
4.42
9.1
6.32
6.26
13.74
15.636666666666665
8.26
4.386666666666667
4.62
7.66
11.973333333333334
10.34
6.62
4.82
9.48
1.98
10.76
6.74
10.44
7.3
13.4
16.42
7.9
2.88
5.48
10.6
10.52
13.44
11.08
5.12
5.04
10.2
13.34
7.6
3.22
6.1
6.36
9.3
10.08
7.7
16.71761904761905
12.06
9.8848
12.74
8.02
8.485
10.04
6.66
8.56
6.28
7.54
5.74
7.64
8.26
28.46
17.82
8.04
13.72
5.82
33.08
9.86
8.28
10.1
9.14
7.08
8.7
7.56
7.74
10.96
12.42
11.78
9.3
7.36
2.04
6.52
2.98
13.44
21.48
14.12
18.025
27.634
8.64
4.74
4.78
11.64
9.04
22.04
8.98
9.42
3.36
2.4
11.16
17.72
6.86
11.7
18.82
6.72
2.62
4.96
7.3
18.36
25.38
16.18
6.78
7.56
7.54
7.54
9.213333333333333
5.26
6.2
8.46
29.926666666666666
13.02
2.56
14.02
9.29
12.12
20.96
23.36
7.32
19.26
15.842
15.91777777777778
9.54
16.48
11.331
13.34
7.755
2.42
5.72
6.24
8.16
6.36
3.2
2.84
5.86
13.08
4.5
7.24
8.26
6.3
19.16
16.284523809523808
5.1
7.58
9.156666666666668
6.16
9.76
9.5
10.32
4.86
27.92
7.8
7.24
2.78
8.28
8.62
9.9
2.64
11.58
1.72
15.38
5.52
2.34
3.94
8.54
12.385
2.62
16.02
15.74
11.44
36.12
9.7
20.46
8.08
3.18
12.16
24.44
9.92
12.6
6.96
13.78
8.82
14.18
7.54
11.048571428571428
8.7
17.517714285714288
14.892000000000001
7.82
4.52
3.88
11.75
10.6575
9.06
11.82
11.66
2.36
3.72
11.52
7.18
15.74
5.62
10.096666666666668
8.76
8.08
25.0
10.52
10.96
8.6
6.86
22.21
5.6
4.453333333333333
9.12
4.16
3.64
19.36
40.8
8.04
7.38
13.54
11.28
5.16
19.64
7.52
8.04
3.38
12.6
3.52
9.04
4.06
5.98
3.9
8.24
13.2
5.36
5.16
16.72
3.54
13.18
2.16
4.58
9.92
4.72
2.86
44.16
8.96
1.52
7.78
1.68
2.78
5.1
8.6
3.56
2.9
4.98
9.78
17.24
6.18
9.34
9.72
9.98
10.1
4.34
7.66
13.48
5.64
4.82
10.2
3.68
16.04
22.287333333333336
8.22
4.64
7.22
6.7733333333333325
7.16
3.22
4.36
6.64
12.02
10.46
7.38
3.26
19.6
6.0
5.86
15.42
11.78
9.82
18.743333333333332
14.073333333333332
5.36
3.8
7.18
7.24
7.4079999999999995
4.28
1.94
2.08
2.6437837837837836
4.16
7.86
9.006666666666666
8.22
9.566666666666666
2.28
5.92
2.38
4.38
3.86
7.92
24.48
3.98
9.76
2.24
8.06
1.88
4.52
7.0
5.9
8.06
1.9
2.1
16.34
7.72
8.4
3.1
6.12
10.44
7.4
9.16
9.242222222222221
8.96
10.96
13.26
6.86
18.44
25.96
10.88
14.166666666666664
5.38
10.74
13.34
6.38
4.7
11.28
5.68
6.96
14.72
4.02
22.24
3.96
9.742222222222221
6.46
3.1
3.82
21.86
10.28
14.62
7.56
2.78
2.44
4.44
4.98
2.02
18.85904761904762
8.016
9.86
2.96
12.12
23.04
15.12
3.56
11.7
10.18
11.72
13.426666666666668
20.13
16.22
16.62
17.72
13.28
9.173333333333334
3.08
12.04
9.66
14.16
10.04
17.173333333333332
20.36
16.04
19.24
9.82
4.3
3.6
2.96
2.241142857142857
14.6
9.12
8.48
16.66
11.14
2.06
22.46
15.32
2.42
7.36
16.76
8.18
9.26
7.76
14.86
17.1
3.26
15.28
4.78
6.56
9.773333333333333
4.88
10.34
2.72
5.934285714285714
8.76
5.54
3.08
1.7
5.34
11.28
67.46
58.38666666666666
26.06
67.06
57.24
72.7
25.56
26.16
26.14
75.18
7.82
6.06
1.66
6.1
2.4
10.28
4.9
13.76
6.88
9.4
2.2
5.06
2.16
3.92
10.0
9.8
3.36
4.94
8.8
19.56
22.52
4.36
8.94
2.16
7.32
14.248
16.38
8.66
9.36
6.8
11.74
12.64
7.42
5.4
9.06
3.96
11.58
17.18
5.56
5.4363636363636365
21.16
4.906666666666667
7.24
3.54
1.82
3.22
23.950666666666667
7.3
8.52
3.32
15.12
13.08
11.1
25.3
7.1
6.34
7.02
6.34
6.36
11.28
7.72
2.6
2.82
4.96
5.98
6.22
2.14
6.12
9.8
10.9
5.8
4.24
11.935555555555556
12.2
8.2
10.8
17.74
11.548
5.82
7.0
12.08
2.98
3.38
8.12
8.44
1.8
7.36
11.94
2.96
10.793333333333335
4.82
17.46
7.88
10.26
6.32
5.74
3.36
4.98
7.34
5.88
6.9
6.42
7.92
6.28
13.0
5.12
9.6
16.48
6.66
13.04
12.02
9.76
3.06
5.42
8.9
11.24
18.48
19.4
4.12
8.88
40.60666666666666
9.02
7.28
14.2
12.78
1.5
14.16
4.06
29.38
16.7
10.82
28.46
8.42
14.056666666666665
17.5
6.8
6.3566666666666665
8.1
2.46
2.66
4.0
2.92
13.14
12.08
7.66
14.906666666666665
12.34
12.16
5.04
15.786666666666667
16.44
9.932
25.164
4.24
6.36
12.04
33.82
3.86
3.2
4.073333333333333
8.08
5.953333333333334
7.38
7.64
7.68
1.56
2.16
1.84
12.73
3.72
9.24
10.26
12.72
4.16
6.78
3.92
5.78
14.933333333333332
8.86
4.32
2.86
4.5
4.02
6.58
16.84
14.12
9.28
9.4
14.72
17.74
13.16
16.38
6.06
1.84
7.54
3.06
2.06
12.06
9.92
6.12
6.06
11.82
21.76
1.96
10.46
12.38
13.32
3.92
2.42
13.42
2.22
2.0
25.5
9.0
4.4
4.8533333333333335
6.04
7.24
8.88
17.14
18.94
13.36
5.42
15.72
3.9
9.78
10.426666666666666
36.04
24.72
16.2
11.63
8.2
12.78
4.56
5.4
8.72
6.56
14.6
17.04
6.42
2.92
3.08
5.2
17.87
2.02
13.18
9.84
5.48
14.26
7.78
4.52
10.02
9.48
4.84
8.68
8.1
6.08
10.08
8.78
13.08
12.136
8.08
7.52
12.0
8.92
22.4
21.86
24.8
5.74
7.8
5.26
18.826666666666668
20.48
5.9
15.04
14.32
11.16
5.36
9.54
12.253333333333332
28.5
9.2
5.94
7.06
24.74
6.2
13.5
9.366666666666667
9.32
10.28
4.76
12.26
8.212857142857143
15.92
23.04
21.64
9.46
19.38
7.6
10.66
3.85375
4.2
7.7733333333333325
10.748
8.013333333333334
11.76
6.22
9.72
12.46
7.96
13.52
22.58
10.2
8.008571428571429
8.26
9.06
5.36
1.66
3.3
9.44
4.08
6.1
9.24
8.535238095238094
8.1
4.4
7.96
11.28
13.72
15.46
9.98
9.7
1.86
4.54
6.54
7.04
4.96
7.76
3.4
8.08
2.14
2.22
4.46
5.82
22.12
21.96333333333333
20.88
17.72
9.24
12.965
23.82
13.62
20.8
29.42
15.636
24.16
17.36
25.84
21.38
25.04
9.22
13.06
3.04
9.106666666666666
4.66
9.26
10.28
9.92
8.56
14.84
11.473333333333334
13.02
12.22
10.32
9.12
3.52
8.1
1.94
6.56
6.52
3.86
6.438571428571429
2.0
2.0
2.0
8.66
2.0
2.0
2.0
2.0
8.51
2.94
11.04
6.44
9.726666666666667
9.68
5.44
5.48
3.36
14.22
15.62
7.52
13.18
3.3
15.8
7.98
11.58
9.16
12.0
10.8
11.1
13.0
13.72
7.34
7.28
5.06
5.95
8.11
10.044
11.38
5.78
8.82
4.78
2.42
4.0
6.42
3.08
25.26
27.99
12.02
24.293333333333337
23.22
11.3
17.86
24.32
6.5
21.98
2.66
3.96
9.986666666666668
4.74
20.66666666666667
8.4
6.48
11.242857142857142
10.3
4.32
3.64
7.88
4.08
6.92
5.76
4.3
12.54
8.88
7.84
14.2
7.72
2.76
11.36
14.0
3.72
12.28
23.26
13.06
5.06
1.9
10.2
8.3
5.22
6.28
8.22
17.04
8.9
8.522
13.37
4.08
2.48
4.28
2.08
2.24
7.1
2.14
9.32
16.68
18.3
8.64
13.34
14.38
10.773333333333335
9.36
7.84
2.76
9.64
6.8
6.04
4.68
7.808571428571429
1.44
8.62
11.18
2.86
10.58
6.82
6.2666666666666675
15.7
5.68
4.2
6.78
22.62
17.1
12.78
9.2
9.64
4.38
3.56
4.22
7.32
5.96
6.0
16.28
9.66
12.32
3.48
9.26
3.4755555555555553
6.06
2.86
5.48
5.42
8.92
11.26
6.338125
9.68
11.62
9.74
10.62
6.86
3.12
7.72
7.82
7.96
10.62
5.32
12.66
10.88
11.4
8.78
3.1
3.76
7.78
12.92
11.84
3.6
4.26
10.153333333333332
27.76
3.72
15.76
8.206666666666667
15.04
13.135
4.3
11.16
21.22
12.33
7.92
6.48
7.92
5.84
4.36
6.02
28.62
15.52
40.586666666666666
36.65333333333333
4.04
11.48
12.88
8.92
11.2
13.38888888888889
8.63
11.52
23.04
15.744444444444444
18.12
9.44
4.92
9.24
10.54
12.84
9.24
10.76
6.3
2.72
18.62
13.04
4.82
9.130666666666666
6.06
11.86
14.68
25.2
5.04
10.84
10.3
13.6
15.56
17.86
11.802222222222222
23.26
17.66
8.44
8.96
14.78
6.073333333333335
6.570190476190476
17.04142857142857
17.47
11.845000000000002
8.786363636363637
7.8336428571428565
8.416603174603175
6.840166666666667
8.122857142857141
26.346666666666664
17.47
11.845000000000002
12.779523809523813
10.050833333333333
13.58849206349206
13.66
8.3
3.28
6.22
5.82
6.54
6.08
8.1
3.64
7.48
7.02
12.48
11.126666666666665
13.08
14.42
3.98
6.22
19.92
4.28
13.7
3.068571428571429
8.28
9.54
9.4
4.5
16.78
26.62
26.94
10.16
11.72
6.6
4.8
12.98
9.4
3.08
6.313333333333333
10.57
2.5
12.06
5.76
7.16
5.14
17.48
5.166666666666668
3.14
5.612
7.92
18.98
18.56
3.5
4.06
2.4
10.22
5.04
3.22
5.94
12.02
12.68
8.56
5.8
5.44
7.06
10.2
1.92
9.1
4.86
10.32
6.1
5.64
5.52
9.6
9.8
5.96
5.06
6.14
1.68
11.38
1.44
8.18
8.3
10.58
21.5
9.687999999999999
10.54
9.6
5.9
7.12
19.6
9.24
7.74
5.3
10.24
6.14
20.905
26.12
10.9
7.4
14.32
19.44
4.82
4.1
6.7
6.24
5.36
3.78
2.32
6.66
6.5
6.72
8.58
25.86
12.88
9.826666666666666
9.376
10.4
14.02
11.62
5.98
8.77
31.14
28.48
26.8
31.48
11.98
16.06
7.18
14.62
15.32
7.843999999999999
35.79333333333333
30.18666666666667
40.98333333333333
11.78
39.008
36.68
16.91
35.019285714285715
32.486666666666665
61.56
20.42
34.214
39.44
12.92
8.22
8.12
21.22
26.878888888888888
30.82
17.08
25.7
33.18333333333333
40.644
1.0
1.0
1.0
24.166666666666664
13.84
6.2
12.4
15.68
11.72
12.9
7.073333333333334
2.9
10.3
5.086666666666667
19.78
15.04
5.32
12.54
14.84
9.96
8.52
12.32
10.556
7.14
7.543333333333333
6.3
8.3
15.876
12.12
9.58
5.74
4.84
7.4
7.54
7.72
4.847333333333333
10.68
6.153333333333332
7.72
10.2
16.1
2.32
3.04
10.04
3.26
7.9
7.74
8.04
3.28
12.32
4.48
6.17
12.38
2.54
20.4
9.26
4.72
4.72
5.2
10.16
5.86
3.58
5.1
6.94
4.2
8.853333333333332
5.36
6.72
13.0
7.98
7.3
2.96
2.68
3.34
3.56
3.98
4.4
3.4066666666666667
4.74
7.58
18.78
6.96
13.230588235294118
5.5
10.88
10.36
7.0
21.24
8.72
7.78
6.52
11.16
17.36
1.0
1.0
1.0
7.56
12.58
14.36
15.2
19.23209523809524
21.1
13.36
11.4
10.84
18.593333333333334
13.7
29.78
10.92
7.02
15.02
8.270588235294117
19.36
12.5
4.5
10.48
16.84
14.82
18.74
7.44
17.72
24.14
11.48
8.76
8.62
6.54
11.08
14.08
12.63
10.46
15.86
14.1
11.22
22.82
10.98
13.7
14.8
18.64
11.7
8.493333333333334
6.74
11.6
15.24
7.1
13.3
7.06
8.106666666666666
9.82
13.96
13.14
11.7
16.86
10.7
15.06
13.22
10.98
29.0
22.94
11.5
10.92
22.64
28.96
5.76
14.0
12.58
12.74
12.64
31.58
27.75
5.14
14.19
26.32
38.6
31.66
25.6
8.24
10.18
9.72
13.26
16.88
21.06
9.42
4.18
12.56
10.6
12.04
7.87
11.6
10.52
12.04
3.68
4.54
3.46
4.22
9.78
13.46
3.22
4.84
4.22
4.74
13.88
1.5
5.78
8.76
6.34
14.12
8.946666666666667
13.28
18.32
24.870666666666665
40.94
12.71
1.92
2.92
26.02
9.28
7.7
10.74
7.12
6.7
11.526666666666666
7.377000000000001
2.92
9.06
5.68
10.72
3.22
10.6
13.9
15.266666666666667
5.52
7.929230769230769
8.56
12.84
1.0
1.0
1.0
1.0
1.0
1.0
5.06
4.68
14.784
7.34
5.34
11.14
8.8
8.48
14.7
4.18
5.9
6.76
10.64
12.72
7.14
7.78
13.04
8.54
3.96
11.9
15.8
17.04
19.066666666666666
11.72
11.72
5.92
4.62
1.26
2.34
3.62
6.78
9.28
9.42
8.76
2.6
11.44
6.92
9.46
2.94
4.06
2.36
9.94
3.02
2.88
11.96
12.0
7.44
28.84
6.22
8.02
6.84
8.22
5.6
6.5
6.9
6.24
3.34
2.46
10.74
4.6
13.84
10.64
14.5
8.46
7.68
8.64
7.9
10.66
5.1
14.42
8.64
12.4
8.24
4.62
6.7
12.28
8.2
13.04
9.66
14.32
4.82
13.7
4.36
5.54
6.18
4.38
8.68
15.32
3.02
8.66
11.8575
23.08
19.22
17.928
17.88
6.22
6.36
12.3
25.12
7.58
7.18
12.34
12.4
12.38
9.1
8.98
11.42
29.24
3.28
12.58
9.94
16.06
17.12
9.06
7.98
10.28
4.38
14.840714285714284
8.125
10.9
13.970537634408604
8.568666666666667
14.22
17.326666666666664
20.75
5.74
7.0
41.49333333333334
8.844848484848486
6.2
10.6
8.56
9.2
15.8
11.26
17.74
10.81
7.62
2.3
3.38
3.9266666666666663
4.66
6.32
7.68
11.98
17.76
22.45333333333333
11.577222222222222
9.94
8.075
6.026666666666667
3.4573333333333327
4.354
8.293333333333333
8.413333333333332
9.56857142857143
6.026666666666667
3.6060000000000008
3.6100000000000008
3.428000000000001
19.81
4.14
6.52
5.68
7.46
5.92
23.03
21.12
11.067714285714287
9.983690476190478
13.552738095238094
8.797714285714289
11.957714285714282
19.58
24.84
14.849333333333332
13.76
25.096285714285713
24.28
18.61857142857143
18.61
6.073333333333335
5.95568253968254
17.782857142857143
15.136
9.302833333333334
11.573333333333334
6.665309523809523
11.695666666666666
2.9
6.54
11.64
6.22
8.7
33.12
8.42
4.68
23.36
9.32
12.46
7.74
8.26
11.54
3.5
13.44
9.2
13.5
10.26
11.52
11.48
5.78
13.295
14.36
13.54
9.9
6.66
10.82
14.92
17.84
18.06
19.16
8.4
8.04
16.68
10.85
12.43151515151515
9.28
7.7
6.34
12.02
7.66
9.72
11.3
9.38
13.48
14.86
16.58
14.58
14.806666666666665
12.436363636363636
13.72
18.174285714285713
32.088571428571434
12.34
6.72
24.673333333333332
13.84
21.66
10.58
8.806666666666667
7.3
4.44
9.52
8.22
33.779666666666664
10.08
2.06
16.92
10.18
8.8
5.68
6.96
13.62
17.84
5.92
3.5
4.82
10.22
9.88
5.4
6.12
4.16
3.2
3.38
4.08
8.08
11.18
6.3
4.38
6.96
4.46
5.54
6.8
11.78
14.54
6.56
7.46
11.42
6.74
8.96
6.28
3.94
12.3
17.66
5.76
6.26
4.7
4.44
5.8
6.18
4.38
8.72
9.72
7.2
21.94
14.347999999999999
6.72
11.58
5.4
6.526666666666667
6.18
8.38
5.0
11.06
12.06
9.253103448275862
5.96
3.18
5.72
4.44
14.086666666666668
11.06
5.3
3.08
3.54
16.28
9.5
11.22
5.753333333333334
8.58
4.6
18.7
5.52
5.78
6.0
1.28
17.64
10.12
3.6
8.8
5.78
4.54
3.06
8.86
3.92
3.54
1.34
18.54788888888889
6.96
22.3
23.54
9.16
12.06
12.16
7.42
8.48
6.16
14.24
12.16
6.8
9.92
4.06
12.29
5.54
7.02
9.82
15.484000000000002
13.04
12.86
4.9
14.36
4.98
4.92
5.9
7.94
10.56
7.66
7.4
7.54
2.7
5.6
11.6
2.74
5.78
15.045
5.58
3.32
5.98
8.38
5.376666666666668
9.0
8.66
9.58
5.06
16.906666666666666
5.04
10.06
10.74
17.24
14.14
16.86
11.56
14.06
11.88
13.28
3.7
12.5
35.02
9.9
4.28
13.84
12.34
12.210857142857142
8.64
8.34
14.68
21.32
19.88
11.54
9.06
