3.1772086415377614
2.796831384198478
2.830241667263733
2.2327535482999656
1.5722981803110962
2.075180525024411
3.24000731110665
2.096617204731371
2.819674807328655
2.6873317527263403
1.9895276854033626
1.6133874386758023
2.75931126344429
2.5202020471251427
1.9821329016389928
2.2018704903782886
2.1692672864849847
2.137843790248252
2.152532643735168
1.7144444848688427
3.0095212785229726
3.6524859582503186
3.168026456412006
2.965436378565091
2.757837109255836
2.8215489062963175
2.1730573020504647
2.7791201116059274
1.998589885669982
1.8784087206723918
1.896679783186409
3.2446312383248666
2.2355987740686807
2.875680434368398
2.859812724523409
3.074450593005758
2.1272140918652918
1.3205024281257296
2.311576860795664
3.834987758837914
3.0110702209718125
3.263216684285509
2.0118705220492865
2.000534756153878
2.5250473598156913
2.249882917002496
2.6805740682183767
3.8707784138293455
1.8057463808652796
2.940830986101263
1.6009933810072932
1.6957916351310145
3.3642636292373385
3.525493085298807
4.491555692388555
2.1792848227764035
3.3557670034218576
2.5710733065853066
2.3995192048671536
2.5981453512064254
2.9501938630422426
2.5061118958948225
2.590401482092498
2.1836667165288857
2.0686728501206635
2.469927861236207
1.7501116250958064
3.6784520687569926
3.224850332091423
2.863361426268132
1.9784694644714436
3.592147275519956
2.17380932670161
2.41802206620756
2.8866765793706133
3.3552883618456892
1.7685107616863596
2.5012162875189885
2.039661419641238
2.7552283917877527
2.150803335219082
3.0853882762796196
2.9862863491959444
2.6558447713852935
3.169883623981053
2.5609770928414504
1.9323410564587467
2.9024507321608324
2.014238197837595
2.1146300690151123
3.7440335428685567
3.1956484749808216
2.750091486319696
2.006967520582794
2.500335689255575
1.6787000081328196
3.0470472026155795
1.9224976186629952
2.010404281931063
2.8260259087778
2.738818164449528
2.6225903574393286
3.4384788562002915
2.0042856770127497
2.293068006932755
2.9381523722253444
2.867880298991585
1.7428328921528453
2.3319291169791407
2.4040806344078054
3.2219071413049507
2.5161638929387706
1.9838686403219015
2.3246040345074515
2.093742949745375
2.9019880919161682
4.034692965103856
2.905389155627297
2.1383226347808653
2.7802565851495267
1.994023048556203
2.955894098863673
2.554833094140848
2.2250598327211746
2.6621303848608324
3.1561156623860667
2.0785502648329715
2.929249617741113
2.677310140300597
2.966071293060674
2.262938374449909
3.063685174891411
1.9919199317487264
2.8264616622827674
1.728925573596494
2.4408743985686816
2.9671071090707795
2.1832416062989393
2.293079080864283
2.234640715265366
2.278660463015447
2.2107001552938645
3.250552067492163
4.640153413315501
2.890032034854821
3.895050554002602
3.062783722902454
2.658097753929849
2.1303248128713825
1.5562258216371474
2.725366393618694
2.9736609663813853
2.603510037819464
3.573143335170114
1.4922758215195906
2.317260764416568
2.084332906686231
2.0760129940886394
3.108510323870681
3.2463172361114196
2.696925055547601
3.1515668866344426
2.1112085417359574
2.443527057955217
2.38747200943285
2.2482966481776567
3.296108263678363
3.7465594215185236
2.1348246184039095
2.251271939662592
1.9620915999461912
2.5114030016097977
2.6661001912106808
2.68736609305537
2.417009952792468
2.5774026576268083
2.7016365350725353
2.654655094526792
2.6967555303963344
2.1718364009243323
1.9304298950167194
2.5633459685031754
2.6127210850144067
2.585995971461934
2.9291920718802342
2.71946852860289
2.8433342677296904
2.175698361698909
2.8407312753361156
2.682808787787582
2.993425134169579
3.459382143345615
2.9695915477983617
2.3328151349880106
2.963357684457518
3.0162509843678906
3.1235257816111015
2.412404132684463
2.614158150061992
2.5039103612305165
3.557260499036866
2.7804228027584323
2.7619874712181876
2.9873014124175272
2.5912022296192863
2.1340765296553776
2.828252959299162
2.959244660221657
2.65328564415871
2.2130219440943284
2.875221173012781
3.6886688003247032
2.1353287055067423
3.0273628066361375
2.7035982252746793
1.6021680958658389
2.6009502743755766
1.9718083875180699
2.13055702891893
1.9390886687874778
3.3878070064737185
2.5959612962959877
2.4156414807242936
3.6276761072730928
2.187862808950316
2.210272093725715
2.250700844166333
2.604232996666947
1.7826440526841019
2.8621150404456372
2.098682205139662
2.0076650952291737
2.72818869334972
2.3007433955098247
2.5782306523147698
1.9166904855184328
2.1141569988143023
2.2085931958025977
2.889461496404417
4.178186737499976
3.182443158333789
2.8399371300390754
2.817233286502419
2.8808846083096222
3.509500694390369
2.201358832139823
3.212600179568855
2.0676111101956707
2.242341735876395
2.3934302481796546
1.9379769243748615
2.3172943545402918
2.15899885165268
2.2045752162103462
2.172140290004597
3.3702626720181734
2.1267303887265454
2.1978840117094083
2.819160344737747
3.1357313094574755
3.3646093065559226
2.4821225571593537
2.091208425530781
2.7033094602337835
3.0939079606457636
2.4512979998016298
2.142493176141601
2.1768266289540925
1.8377730117615294
2.025826932595472
2.7173915392697934
2.0884143004034814
2.0507726357851013
2.176749580733328
1.9315791170190204
2.2056415150962714
2.957912887447957
2.0018687485098314
1.9782943523631031
3.6491515638662038
2.623676274065866
2.465876063752415
2.6336345046788088
1.6093143474109861
2.241623523229908
3.118516269660094
2.598614358883575
2.8169641726686034
3.030667321652682
2.248281448465336
2.338379029569158
2.8454300317094567
2.5101585190713678
2.63130448204756
2.9066656614851887
2.8267225039947363
2.529217342297443
2.803234187787522
2.5931165907315883
2.7149370608522485
2.960722252425049
2.541535683868716
2.3012091019791154
1.9237100092845076
2.3062993860769248
2.5548239190249253
2.9089899086285618
3.77778255366149
2.0471128152601
1.9289504718122175
2.4736407786793566
2.654799022957867
2.0794761572979055
3.0351653010144424
3.212904229544083
2.749735473275451
2.346636491795097
3.0936374377351004
2.8693894018683324
2.7175036705133073
3.2214620427987803
2.5794071168653114
1.6863274276132558
0.6625712591439534
3.009170142433672
2.8664212839655443
2.5719122638632466
4.0525976850826115
2.697123388830353
2.3249770529061196
1.8998676499984655
2.49190576173626
2.5609872250277723
1.8833633194299686
2.773064000645512
2.524760479078124
2.0457583481186874
2.2949722000406
2.077226849826786
2.190451709948015
3.0644391513233686
2.133340693707466
2.5237483391207096
2.6864965975753146
4.056955462334994
2.891996899104451
2.8714746658703674
3.5804624419203743
3.2871167720743872
2.9477891380132872
3.530742015757603
2.5558963655592914
3.9193386382620954
3.583614806791113
2.054509814794054
2.6279524217097054
2.5942323271719054
2.50246660120102
2.1178948312175256
2.487190892265384
2.471037142371694
3.34107949421219
2.4849270542559037
3.2050649467079575
2.797027189586644
3.210028137563634
2.9638803733114636
2.9261951888286415
3.3149559759293297
2.5739691608353787
3.0858757563962866
2.449200887240508
2.6424557048532886
1.7062651463680507
1.955755075437577
2.6659855075809267
2.87772391611042
2.747348338317487
3.899455166550775
3.353226617991514
3.0906311724900366
2.8014307655236026
3.150583637008883
2.555951045987487
2.8400591331564433
3.1429973011910346
2.975559831595465
2.7429486638374647
3.1383854929003743
2.4955385742100784
3.4785623927381186
3.7519780530889886
2.5971055940703875
2.6273600661541323
2.3025160975110683
3.035242675654045
3.2410410938767154
3.0583880729131687
2.807544108096736
2.6275834784184493
2.545003555067074
1.539371923993171
2.5443947358326744
2.3535860064046434
2.4633824341959016
2.825778337968883
3.026013153215179
2.2447516779066725
2.8067755460648893
2.8351203493743435
2.3674766524269657
2.942479336272249
3.7088210210201367
3.5359234907767414
2.1489159721346334
2.221154705658212
2.9932857121916348
3.0645318034847757
3.137851329820525
2.7567058595543603
2.8289746354097294
3.4264662859951396
3.589463856464982
3.0268539134510632
2.193901579205561
2.548334746744559
2.6380889687292424
2.775079551432128
2.238306313327087
2.158321368612368
2.6371106309154655
2.5695607995096994
2.347647523414612
2.0294663124146037
3.6430309808563504
2.5593964618517093
3.7226706545532204
1.8010238957529854
2.7651473296350932
2.4820941461546724
3.1256234492276076
3.2035945486218522
2.5438772891046493
2.6789698082310385
2.6993383568733376
2.8604949032936835
3.4122112371512614
2.8080030320482914
2.8370738159843554
2.5352532201462554
2.823037704283417
2.456979168931851
3.154322094834706
2.3799635230869844
2.019983300439568
2.6158902022550334
2.2217566456003075
3.1721256671880886
2.0443659121112545
2.0982507788930778
2.914344476244139
1.7664426036074334
2.5676631465428423
3.1579640903270647
2.299208798257806
1.7520580325238313
2.5125382658965574
2.684426069925866
2.235324542097782
2.79414364753666
3.0017470167264926
2.8444684879573865
2.4024885129517553
2.288951205254539
2.8398210872079503
2.625382669990682
3.312639281741193
2.6830018850131854
2.8531640607262934
2.7439379539476034
3.058951445827617
3.092335740810202
2.0090223958114364
2.3844208516646366
3.0054342329565467
2.5339658819864237
2.1237066450263358
2.512629417837612
2.294115879041776
2.2186495898924377
2.7053151703108687
1.6398066873714658
3.4052925150594078
3.306968048074756
2.014693127402027
2.4904274273043066
2.8763706928334294
3.4105947245316326
3.63679562285811
1.9496191504242804
2.116987602040064
3.899267378890353
3.8269383247253455
2.66336641795955
2.7548068964929264
2.892723255649642
2.1055894842917704
2.6841589519835156
2.6803714565271566
2.9272487886665672
2.056095142195307
3.5958481227079853
1.9478537425316123
2.4839816775055175
3.024655897707544
1.9136529636305184
2.765500783208285
3.43257975192722
2.9073825175314254
2.1834031693995706
1.812484762122081
2.759365746926194
2.4718093368851934
1.6006532958329176
2.279831141453478
2.6171411430217724
2.1025480054766557
3.7528866108128582
3.7933339447527508
3.425090052937446
1.7756146038304874
3.2116286089206456
1.9821834731824957
2.860218949858398
2.466608274887317
2.713118994731074
3.0043391527931114
2.168712732073717
2.56546518051504
2.599280397245564
2.7333879283888685
3.624445504391119
3.3977137443360266
3.880369598482401
2.740547056220726
3.1204048951493366
2.6829277734206984
2.701954729869582
2.4052341593097415
2.710252326273335
2.8931896288504184
2.4545425196905026
2.8318711788980306
2.5956200400866187
2.808424921771099
2.5503692695241114
2.879355996169213
2.7487987025429277
3.279303637856228
3.0502016733583117
2.0688646976766276
2.3587940427676544
2.766972006919243
2.5810211699319847
2.077385523095183
2.626241371452034
2.6321598889102598
2.047098015152664
2.8499093794492896
2.415607091843671
2.347207681111105
2.897403574293811
2.605432062146322
2.2376447729430002
3.0000795400575524
3.076332863766094
3.433550007321897
2.9344978630242995
2.7611148073657685
1.4352081202601497
2.04305627740136
2.5486097410280837
2.957047024589954
2.7227523080807594
2.9238794004691013
2.6583271942120867
2.6272845178770043
3.093277148882925
3.4607149773100936
3.4538624601732133
2.2437225567452206
2.516451562942585
1.8657106215623238
2.5220410981304817
2.5227033409259025
2.188824752765176
2.033146483940342
3.03099078335104
2.9959571350072873
2.367395349430769
3.1296479679093308
4.042573441594391
2.826156067188525
2.0901579396371828
2.6171639546088556
2.282649557592891
1.4937713969685937
2.9829133076202585
1.102687565156885
2.3387592702103275
2.872467025768809
2.872467025768809
2.315177909538862
2.5083262681541245
2.3703753897834936
3.107155488401098
4.238584286369389
2.4767541204912487
2.833116134848799
2.336485035650956
2.51713324109607
2.805872170467694
2.5077444143456824
2.1693783977049352
1.8608739766029825
2.6501759471720625
2.302744807166453
2.054491043183078
2.121733325939286
2.8332674530967186
2.340253669393365
2.3310267845989667
2.3701883859172854
2.1078674453443114
2.9297032338740925
2.65277469952623
2.2692285149968865
3.353199058119717
2.310593483252482
2.960176431250471
2.265889480583017
2.8629822494826134
2.8191282057144336
3.3994877767539338
2.748542048143227
2.1730462361252543
1.8839338317430525
2.2949294915536274
2.6800475141090363
1.8754742231362753
2.8138572434254514
2.681312943383384
3.0691682190302165
1.656574427561379
2.776252161619054
2.266548626245155
3.2534792135493307
2.2350485305662926
2.6001778997772704
2.524080191179433
2.8684267555746503
2.419508598649735
2.1403349300654546
2.632119295191319
1.7172770954321663
2.3525670914407995
2.094426771791612
3.041942878160601
1.7316263394293707
2.5182216214561564
2.7747713594067145
2.8903846231018724
3.673763380434555
2.5481148192013685
2.7000242080197845
2.7133421528259625
2.166586342889943
2.5032400008761697
3.1352282228349875
1.8568602793269886
2.5493851153362086
2.3925544760931867
2.4999092818506496
2.1570487011667057
2.3239359418974517
2.149489307058842
2.688382055132924
2.792944968642662
1.373666373134063
2.091600472423197
2.2696046200064157
3.1295006783801522
2.1571679914584965
1.9431783751527547
3.630412416456097
3.534091610682519
2.3119174017864506
2.2956882704378367
2.235058524869292
2.233586466291618
2.235058524869292
2.2678271267023584
1.9952033135296414
2.6154971150740955
2.3948439753218853
2.83071890929353
2.7138809642972515
2.031274939521965
2.140734063446966
2.5022758444506294
2.5645865321919987
1.6418068546248823
2.1371344271762354
2.9332503638909015
2.652357179705076
2.8144712856620466
2.3176401777909446
2.6575956134664587
2.1747993495222984
3.3987792884842314
2.097782399301251
3.268837185545852
2.7860418705477246
1.9345008443982703
2.3328724133690235
2.8009274054876956
2.065259646826342
3.13418241003626
2.843834484124914
3.6841750669909774
2.4351198116137196
2.001580239651017
2.756723115971831
2.4150566805680214
3.2725282146581343
2.0533546397955798
2.322861207748276
1.615278353242842
1.6435647787734773
2.237628422722379
1.66913107485006
2.599945604761946
2.5024347844650032
2.2947340554010704
3.0086626637553344
1.9205262654075195
2.9888450069699517
2.5044332351778107
2.0698436364823714
2.22810586081284
2.435412918621375
2.126263583621797
2.756145564505489
2.379969453072425
3.2114791046871067
3.086027634394746
2.727982649514005
2.528621449099319
1.8900567752000326
2.2864768457962823
2.5724984554076182
2.3529727381382317
2.676892127917074
2.3229336777029106
4.039182725392276
2.4604042026795434
1.8665599757090532
2.5379528526716526
3.0042232965565283
3.908750035806441
2.481728857487938
1.608478740807624
2.989150388252826
2.2458604926020933
2.811756642670609
2.3671690260213882
2.298678637711412
2.2573877475965936
3.4653585188930593
2.9071443256828173
2.248429429275901
2.295587234592232
2.6227474321899162
2.4327368976639336
3.0224967197193364
2.2960427633528377
2.7056458624106647
2.2653582132111665
2.9129969858580442
2.4987573505518514
2.1757432947550868
2.8153127817460453
1.8541443770453376
2.5941785190876567
2.8700726366119724
2.3337704632458034
3.4985289359332157
2.606886534501867
2.061284037096377
2.1023020036505997
1.8762355261175026
2.4712360919701046
1.9134729502136791
3.24189270761467
1.9509854373710873
2.8991756966777604
2.354414620184696
2.4008162506791564
2.0745963228024356
1.575069333680934
4.016427384341068
3.1308441568669556
3.271079213140487
3.520193556427806
2.6851612503822855
3.3869936386564214
2.8377624562524835
2.734608037859349
2.852230345687124
4.857592462249501
4.441055326596123
4.389835439073402
2.8200223637673663
2.733122471533533
1.7005108505671032
3.0287079282676297
2.2041460521187566
1.0373433988136005
2.0130660967501086
2.260353465141547
2.965148482402313
3.386408857144658
3.0876550949376735
3.299348119290261
2.292247423203221
2.638332513014772
1.664921672274289
2.053905472660942
2.639378340141966
1.4380956393630802
2.773406911453029
2.322667037833514
2.298613166530956
1.9769488332916008
2.705188247632225
2.477769561346905
2.9640879206972675
3.205476137786299
2.6070138185903793
2.0138526618423884
2.008076476089719
3.026834210872807
2.432503065502559
2.0878563905027345
1.9218604653969626
2.0829795761050436
1.9743068796707446
2.603408359530232
1.5938939238529823
2.1023885205144013
2.1093896914081327
2.9230846622284754
2.5031530500989683
3.100361229745415
2.836098775682143
3.7731729548536133
1.994509660658533
1.876859046903316
2.937211105790653
2.4384502644003114
2.3800849454401183
1.6834435947066697
1.535153331247201
2.0543026280625885
3.8893686358790576
1.3498622571749805
2.853249606437308
2.831226246693476
2.899721677160257
1.971021256235287
2.513647102855622
2.161228743683632
1.8269139037551114
2.5679599526099914
3.237632417220081
3.3865726689793476
3.439344992295514
2.843237018046292
2.9044440459964775
1.9693695056413612
2.315093036909206
2.3473534145031776
1.95212351596278
2.2200700414374817
2.4360516440050537
3.4853925785759277
2.6593852465776564
2.78943557760884
2.4112965493233265
3.399345707318977
2.6466852421763396
3.161284941249698
3.497297826300599
2.421928692639756
2.820915207130385
3.242037764505155
2.975257066061058
1.7981068717672162
3.5617911185573705
2.4461030550043956
2.617675985565241
1.840031424662275
2.045431366648567
2.577988667597743
2.95848416715171
1.718843374721401
2.018701446748728
2.4693431891527347
2.3822255187592596
2.6337858677356625
2.1525328088301494
2.7161740149634124
2.317318100597142
3.33608143641903
2.127623791390103
2.8613965601398483
2.2806589818769876
2.651041368229046
3.5229974620880653
3.4096490228461445
2.357646467321172
2.5148545162824565
3.246211943618179
1.8607474788740639
2.2808503676406557
3.501334819769176
2.300151450453418
1.5929125498293484
2.036214599442964
2.8999188018333175
1.8785376288317193
3.8498165568371054
3.5570649652152113
3.073486955971929
3.1224872087964277
2.855210636762852
2.667517615336802
2.0392463697516647
2.469702734788133
2.0658311776280014
2.1314161736235055
2.63433610382528
3.192536303099807
1.4683784237793636
3.3542869920269256
3.370894934619338
2.586395903451077
2.7921836720431967
1.9441768409046865
1.8593448139739825
1.9305803860134076
2.7700816527765637
1.9635926480447228
2.028537552939825
1.9463581082587247
2.8620257042983086
2.5234768016867077
2.9273106299391474
2.485082098258758
3.5552395652221853
1.90839291555787
2.638313638376939
3.4998206570391934
2.218956535699417
3.0744446181206886
2.9539686941470533
2.9499547388204057
2.877732379974386
3.1331901557817776
3.2840750212878094
1.9500430644330462
2.2881244393479476
3.8137993685360634
2.0493933750386297
2.856491279697358
1.9841133702333504
1.8722684029366643
1.6667563532497849
2.5974593327872344
2.1713590406305383
3.7200010681222855
1.7403771940373796
2.046680891939392
3.2053520191166434
2.470652147826267
3.0630205353918516
2.255140630486953
2.6405724030355495
2.2670401031901797
2.502341709531987
2.797013931455245
2.0939330237117306
1.6951290089777824
1.6241563869683642
1.7011888754033206
1.6168604417204566
1.5147643965891815
1.5729069382533671
1.5085521308561078
1.684187995464316
1.5106183747284372
2.9301527370521585
2.4219203619201477
2.283648325066006
2.3115876815450864
2.4097266050896033
2.2649781990184583
1.96442264079222
3.2941747887818926
2.9291089880607704
2.9384421846489506
0.9795809411443807
2.206028969314073
3.186499284327021
1.8822433206541345
2.197023614013416
2.9267933273973776
2.071636200594631
4.350369507521351
2.8727801065765854
2.4436853900625444
2.108637303040456
2.749883148633052
4.343069600742604
2.8642637055345466
3.187227051091992
3.197578964081794
2.5450417823641702
2.623571031633624
3.2243674962129463
2.5221894111162024
2.7969353893161886
2.1498412420201456
2.275068185259231
2.0586095021999458
2.8981978323156046
3.9140783455146213
1.8496824777163616
1.884242323069889
2.2728447880682596
2.840668099162752
3.301240059532248
2.622969381614517
2.770189189781264
2.654970166259684
2.76561280160775
1.7011571252425832
1.9301701498359183
2.9352228279796813
2.294111522978641
3.639638798245761
2.260774027982678
2.0504228372593323
2.8519320462458375
2.5911916299185735
1.7216101388257092
2.662302012949506
2.8186953001920307
1.6492478783360887
1.8046870921273326
2.922438224847842
2.019739146780553
2.7359963613348497
3.1830448034449828
2.7671569520789308
3.109689326543184
3.4451143336083723
2.033804660413287
2.075158872715668
1.899806989347181
2.118119239782815
3.079461571859985
1.888798372971466
3.136947140390359
1.608275533915041
3.454016600708825
3.163160918046492
3.764970748656367
2.2668750146670487
2.4090366840536817
3.828982955899173
3.7497613935751333
4.074986417353253
2.3788743600013977
3.7535420516871545
2.5110827877944044
2.9632863893731254
3.3912329466138136
4.045264745092517
2.6336789128863574
2.5265817033083233
2.0277537433447925
1.6560714436212831
2.8083628519602977
3.0187877437082555
3.0535846075571014
2.5506382080996826
2.175428095045839
2.436807159635133
2.287455530934196
2.6408661188313216
3.0444335957676736
3.2854362640355923
3.7176138033132684
2.0219959838051627
1.9638494848879926
2.0103524640027777
3.0764213370124818
2.374682407476734
1.7845227756465278
2.534071465701517
2.3483323285031625
2.391319180106964
2.924527169850725
2.223739195727223
2.137813859115624
2.2458133838280805
1.7718005549194378
3.2758325683522322
2.60029049770697
3.1584748374919673
3.2475537941015267
3.142503124874051
3.2501783237987856
2.2455808543807287
4.364241288739314
1.6770320893488249
3.126578196194501
2.933049574357773
2.6702793403569354
2.904960201060693
3.113708390904826
3.1993733963774527
2.491199198723809
0.7689391974218566
3.260430174886147
2.683462747676294
2.883753189056991
2.842687556354071
3.079821883377585
2.186402221218215
2.090597591461073
1.8276672628687476
2.360019359038344
3.1418578034162983
2.608406411026204
3.3156394045166877
3.172995968581511
3.259829982429909
3.3990648704046227
1.9768284380763792
3.6797007336469107
2.4484896577839965
1.9656889312921504
2.164717949607351
2.4081200109159475
1.956997653097331
2.073937144836485
2.7062209710697376
2.800500791466285
2.1914885243398827
2.0234632450362007
2.7880662149652333
2.4488174097560056
3.01519951217936
2.91955932207534
2.573011475618686
2.153772137128372
2.45935818951445
2.0862076057264036
3.2703583261001157
2.1242304633558735
2.1271921659730375
3.837018219374059
2.1252942805949995
2.9975401827472865
3.0527754988902
2.544780606840085
2.736711687833851
2.4066505006842336
1.9219909885441309
1.9863699737491254
2.130694698226808
2.1948203448250134
2.2030480592964583
2.0604560323388883
2.024686068700749
3.2776065691616996
1.9378053732576601
2.5851872682316923
2.45020186093278
3.4753952041638962
3.2503862255684934
2.479893618279233
2.61569247662281
2.1269834384117003
2.0535815463686022
3.0598747077300343
3.2884537346397185
3.1038285059415225
3.567099980257571
2.9986096891599496
2.5407445923611416
1.8927951544784243
2.537874041486087
1.8921386873558441
2.0484645997020494
2.075476479353666
2.9794511379136823
1.6771432640518773
2.784441314714452
2.5450146864135643
2.4611088526517424
3.4313884404814923
2.709509097988593
2.7319440268499413
2.5224945283091484
1.9361136132518
2.0140090495717202
2.9816943779169973
2.1089910280744406
3.081385593373077
3.211166006767929
2.520868962006002
2.89742762739084
2.5431879598914318
3.1045097639516435
3.4111273292886883
3.0944574424394267
3.2884468786748178
3.686616134389343
3.586629329633638
3.134503240701245
3.0154027067471536
2.2155264234750525
2.1863543099389267
3.950180121286466
2.2367586354973987
2.365501849752041
2.7393245188959883
2.3909722422077735
2.001482037508529
2.5484830775914804
2.8776752327990387
3.0017131239000316
2.578172506790117
2.6757613796650475
2.8833022030311843
2.2249812507324953
3.2046679631980908
1.7867754923160564
2.6505573278607892
3.2936543825907574
2.4869237181368216
2.226944863551438
1.909863616591421
2.2947971292221276
3.0238786771853636
2.306427780076812
2.5809521271464133
2.4335408738188002
1.8570783929187287
2.26437073363041
4.119940350159087
2.473615394790048
3.0497738397624867
2.0956639107930832
2.2083210913190148
2.158057702604493
2.2553898829166026
1.5263429961121684
3.121552405491979
2.7587328701314524
2.633454644480322
2.8043901326105134
2.215092942475734
2.632286719537068
3.135702164486786
2.3994895864737082
2.3801937120852674
2.159087503511093
2.1605748690951447
2.697559727217029
1.9551406500869333
2.3696486169541977
2.6955769773976845
1.8492860533999997
2.2839702209006507
3.6326449472725226
1.8026029848194323
3.1470270781808045
2.841751626634027
1.94390920189546
2.841672172182713
2.0157185982872465
2.718213584985167
2.6573180512021137
2.9933723200672855
2.906180924910914
2.743291613233045
2.587565916220586
2.743156552082108
2.651986522545456
1.9921475201109584
3.118794534271699
1.6489463019582098
2.250948185177986
2.628782423314511
2.4957480343323746
2.8200807696630226
2.1587018033453025
2.486954607281849
2.56174551269314
2.8904099384957274
3.277043969656674
3.0470715009212546
3.839758779741304
2.412256056102561
2.498194562122215
1.8021658395363858
2.3453016569835974
3.1108721535807
1.310104071141959
2.554736034365252
2.8959202846523926
2.181817260349117
1.5393288588471035
2.3514927209762337
2.955160879202661
3.279414665048569
4.112801717025529
3.018953167646699
3.8005248987939413
2.915570421053097
2.83151549610485
2.4711275754716895
2.845558791112838
2.7188514866598723
2.4847747734934176
2.626966661276414
2.5775727877488257
2.957171990296559
1.6379739411260357
2.5759076505361835
3.1145526231196765
3.1893927417731645
2.5953372835141053
2.246590486840129
2.448694272754009
2.6677127135660594
2.9719425873427374
2.8883827982183394
2.3609836376242845
2.2061834855619478
2.0770442012950627
2.7842135936169874
2.4663244424942223
2.484218484873889
3.4051823164613264
1.8694332398869586
2.3264846997517807
2.0381931827066637
2.4571883157567576
1.9001154667199023
1.9606020762921792
2.776735102219778
3.2265612347036297
3.3727970242623275
3.6347351439987374
1.616779255233801
2.3691594148436517
2.287319127445573
2.178082364059687
2.970545870533826
2.2351995827496043
3.05312527433538
3.85199167834356
3.2788573951973357
2.6225933313958523
1.7903435294741485
2.0029582129691077
3.2844008744750592
3.9605142953902233
1.78428286356809
2.0990455316806864
1.9686318570474903
1.9540221722473186
2.5529743360824946
1.9617108816016906
3.0933954457432122
1.8768770718712522
1.9414366730766646
1.816222598841946
2.1611891714842644
2.669629314600874
2.0378266968997965
2.471157957552591
1.6985469432455251
2.2640091769755317
2.6007355833448296
2.8601897229138826
2.3263575198486337
2.744925133977044
1.788625315156249
2.276823050542602
2.6510317302202955
2.089390601351073
2.784073106981184
2.87764858734094
2.805307363454931
3.018267775048233
3.2184529651054428
2.0553602270364655
2.5968357695712627
2.2337100599509334
3.0175214011263547
2.597630604515862
2.6330336982115154
3.917234942206984
3.1270233827801315
2.8536614522983736
2.0985027119362485
2.9271844192310468
2.7784331390894357
2.455816839380405
2.455099513752735
2.9625288722275926
2.5023286062458334
1.3483202027190682
2.687478993643757
3.2731244211565906
2.7015725536031936
2.6807398160885647
2.298571260530421
3.070551589908506
3.2866289427563204
2.7016390758362263
3.6956637287329865
3.9202488591975158
2.121336848217552
2.084831634683889
2.6038781572697904
1.9381136041279945
1.835832847629337
2.0329315910691315
2.0072585601390847
2.46335067285645
2.555223040546671
2.914388526954496
3.263431849297194
2.5752136461247606
2.4295719458208347
2.059152934977264
2.297640998136594
2.1153349110652515
1.883978492911802
2.0474977780399213
2.371531033165226
2.1765443708451557
3.1972359418778513
3.65704650940647
3.290794581866952
2.579233741817804
3.182439536591769
2.779866624042903
3.009265809638516
2.687203769313375
2.4433265237039596
3.0872246970303467
3.2325592732674937
2.904029341654915
2.131380707769186
2.455877020752249
2.0400816577989787
1.886104813601234
2.1997862087085096
1.937799806628093
1.3070596176934512
2.6620793696382945
2.6253400062915864
2.826465760788598
3.408244050903733
3.6165750212211676
2.2093126344928606
2.8068000109205324
2.2030443914228885
2.3971345523711873
2.0806247726514306
2.1379680304135955
2.534490814935529
3.1123138324882555
1.872705226816568
3.2408718342506466
2.036054129391818
2.130841991651975
2.3774438179607746
2.7658253753989728
2.5302927600729355
3.833930247649184
2.798092390196633
1.9539079142092914
3.077173335859835
2.7796678540104693
2.9811653377464773
1.8134440445307916
2.8835584516176445
1.5599214215525372
3.8315067531711304
3.3257181242546947
2.012920363709056
2.4028165695068093
3.0452436042641975
3.0690935446433008
2.9817480616231573
3.0410914071668467
3.308967013360264
2.4180498763856013
2.226266564251272
2.448905344255461
3.1303690235046187
2.7285421843636475
2.888860389240364
2.2879817788896872
2.7262459357612085
2.8708972549503304
2.9859259729698886
1.7005602656944876
2.883196836664574
3.2443828618803403
2.6608358672859413
2.741119863606867
2.6105630883998456
2.8023568550835876
2.142847223550137
1.8470393504266382
1.9485558161972047
1.78723069097808
2.5021842548724105
1.333503526345395
2.7388200405857486
2.5982920157563205
2.1629219678335456
2.733908875882925
2.217041992260816
2.9075890692901476
2.5164070357558077
2.8581099168494335
2.1735916234417614
1.6959294084369854
2.4482437336112017
2.976520769908971
2.3145253984228695
2.9992248253464213
3.014615629309568
1.3562121019090718
2.337278029934384
2.493774325916889
2.8589416088369
3.0478059998659077
2.4647173663577884
2.398000585726302
2.7404006221148034
2.2175985554909374
2.677456181113099
2.25548211847929
2.565992936274722
2.6052746615264817
2.6948929135780095
2.0703364870189302
2.9135399287919137
3.687997209806756
2.2437352723102517
3.3352813683318443
2.404252987670066
2.653591221982481
4.479829283154196
2.0060479617216775
2.687132136607381
2.399837639971967
2.8453556600025434
1.935913311548906
2.7080017856475496
2.3445512367937393
2.079498123612606
1.628745017154944
1.8327509497894243
1.6855386678255284
1.5894705033107164
1.6483800645241802
1.4880237093486155
1.4202138793735437
3.074414514359368
3.053981735938062
2.4475264097745275
1.9711446588943615
1.9110997383686639
2.6830705927514096
2.377851175801089
3.6870071388946517
2.6318429689923137
2.321145873177556
3.0063910300347505
2.3577473435994047
3.287363456487928
2.969262013010189
2.7676195663070082
2.9612902122169307
2.451863857005722
2.5715030931521086
4.385140142188368
1.8969362106532737
2.351427050940075
3.0566164260004727
2.127999850917936
2.803410668737304
2.3708117426650515
1.7818725919033562
2.819883829930972
2.7310568046531096
2.013001722443519
1.9091307715124937
3.4665187199308827
1.9771735069711571
1.1561116519996537
2.4819415022516482
2.6139266616309773
2.9716730343962547
2.375459028306153
1.7172297745164644
2.851925792542244
3.3667902920697452
4.192198226698995
3.6298519734432726
1.8211069013350483
2.672810611760511
2.037260674116126
2.985920158686331
2.7371541978094283
2.409934733772071
3.210758120470321
1.9321750966404991
1.9842252693141322
2.7596013541432636
2.619606021488545
2.32934516475835
2.3173724982166424
3.1615513344250643
2.333660028531299
2.4792424791881253
2.4409438947000566
2.9507641349493845
2.5802970358874995
2.6832845034988035
2.1759089214725176
2.5311958945112605
1.8541310918214777
2.1227073832956593
2.1963019901930676
2.016714612669249
2.3959185080048826
2.0660418422855007
1.647029303745193
2.2421089943160366
2.3872839772010064
2.2592681714787592
1.9353172747394156
2.481895372855774
3.2516955977024358
2.4476072302854996
2.108748235856143
