14.816486521205956
18.249127596546312
20.633863702123296
20.35938750841682
11.32550438775342
17.713523903670755
20.92464059918419
16.9767323725705
17.950364217110927
25.205669382074195
14.77360321967096
17.2963805808029
26.27947492918328
19.010105509565722
21.83298647525653
20.796024431338964
18.99538567206167
22.961469442738824
15.530907458007796
21.83815128462285
13.817194301992227
18.529115863915404
21.915772481136162
12.616281545411612
21.58482677161938
16.588741501552548
13.571127695680177
21.1783674481825
15.05328057858342
9.831181481802624
21.897686029574597
21.35309900308225
13.641285736851065
12.927580986967941
12.73970354545239
14.22729295590214
14.872014650748053
21.949061314025588
11.562366239149691
22.50289560938157
13.831973749057592
16.654005510840815
19.08285249642635
11.840160449120626
20.118840984985837
13.5843748912785
10.948574304694514
17.12963621012893
20.450340018611033
18.157900322506336
21.163324343520056
22.63601130290106
14.502981658114564
22.90416619781859
19.520656594672293
21.0034012027509
12.298060270543797
23.256746974466164
18.11176809234176
14.71434325551195
17.948345168221294
9.345041949302013
16.13248371233709
10.614773777060314
17.770832715663445
19.186687067611587
17.54151776039948
13.990851006867715
12.296262387425806
6.889773062517157
16.063941049687035
20.673591058671168
12.570669250462242
24.793471469653706
16.239246717649706
15.518051968826107
14.608567052397603
13.404707043925631
13.539286016176774
22.605018651495715
16.079689423232846
17.562428166683162
14.96126857500354
8.70383596742785
1.4031501715362469
18.101391550608152
10.184844129206766
12.263371565741465
14.121194887901689
7.342605244981693
16.61123442035623
17.26040443772827
13.684955665940407
12.646465336018172
9.962292723495835
11.129679058511272
10.18845739816414
15.000029011638741
11.066124991363523
14.93001599631088
6.012437229294236
14.764011395178208
10.618072903070054
9.003836444440253
13.591818805726817
7.858826470615703
14.094312969777619
4.072320654288526
19.300200733408023
16.456942130352584
20.68972352931653
11.425207809863748
15.666080866679934
12.031532413198834
18.75422521680656
18.75297716317362
11.269170015054346
11.988105070137632
13.110400846104445
14.593722329660189
14.99497774513164
19.84355576581585
13.536781492654734
15.900607091604485
21.57333634839885
17.47476882118539
22.584689388042648
14.462886507417776
11.271067479765719
8.139336488536783
9.003499470681938
17.47902134239086
19.498811806577912
12.820779787714537
13.88150588530761
7.144666071286439
13.991566367475883
15.668983566444059
18.29202300618067
10.284990660720469
10.05509984654162
20.303683408787677
16.484396694561667
17.16841762036513
15.73578087263771
6.340223869679779
17.627444144659798
14.392234550188778
13.61500788097166
15.905683886924088
17.075535648161445
13.225313726673168
14.607562048246814
15.387961658130067
21.67796844990298
9.818337869624667
14.326177978136041
15.391990877954917
18.429894939670373
17.242264704685496
10.982375080335371
13.708512281955507
8.252603813712872
10.604070803631743
19.387469103069183
21.62227266017026
16.031205944836298
5.994893482921985
5.7509679758230385
6.538668082506878
7.923940785780615
13.301233930602933
14.698807667408841
8.856232963204928
16.864931239146106
27.30729604648932
10.737940411287141
12.218089383626902
11.833293389083348
17.998059026864954
17.284994964392602
17.780844835703192
10.898366868302869
18.98152051624986
19.742290489394012
16.63559246921304
15.588475836107062
16.08781315069628
20.159457627031646
15.877403316322324
19.327160744258872
18.057848088187736
25.31002158238564
15.74697717458543
19.519892455428753
29.1510120539894
22.139358410168512
15.446509901390737
27.185686561262543
14.434377211867439
17.347529258702902
14.972442842573406
6.980532600477791
16.10503530468611
24.819878401775643
11.900297218841715
8.509049747004642
19.245551173316173
14.585019647278546
14.227361558825802
14.648959240833044
12.003965683542743
16.486540944039138
16.2245909142099
13.46072409760034
24.500915692339696
24.8507273358839
20.51108292024189
19.801921481980877
21.397592412182078
22.881937453980562
21.95663083491636
21.498713534667036
19.56885727657629
25.56473711940762
16.269075217115297
10.717594687222611
14.613942146602461
14.741686802179858
9.085317774045569
24.172558509657513
23.43594732713473
17.7401142441526
20.695115120077684
19.140618391632714
23.2951970886384
19.71647366976355
19.844616607420864
21.434422121652045
21.884168498318907
14.802529739378546
18.53676124229326
19.554865959189147
21.674728102928885
27.48495794402183
17.365582123780662
17.725972463652937
19.771889616197566
15.699361163394457
21.14799818587389
16.967543853546896
22.29527844698715
23.243326616503463
18.528246555328664
17.448675964418154
12.183650569475613
17.71524481017497
10.429040183637042
11.535389856408607
14.482040746083753
14.159847945301923
17.3532554276182
14.662309703915886
20.155092864492836
28.801939540189633
14.227437980032112
15.80896403683472
-2.3113145928106227
16.924540539622416
21.29215686894689
8.229679216953167
15.50642524150266
18.610539929207356
9.157402976534476
18.915862481322907
15.087654776333512
14.644360080840306
15.602527571041659
8.631187130491162
20.07212932817219
13.2848881280721
20.528702080614348
11.83084432353376
2.9839792307553883
20.921071682498656
18.08725029522592
13.946982763125574
11.558168116494889
16.6923700334078
19.863723941930864
18.08985450050201
23.61420993623638
19.513042926176485
15.393403768767186
26.420188084776637
19.737760171771114
21.866801376393067
19.844616607420864
19.246808868475572
13.053454140091706
16.070644025016207
19.246808868475572
19.184443908607268
20.110214055373238
20.927144426980963
9.41571699210738
21.699781725148096
21.012911431168124
8.545890127380146
24.13779612643107
17.907883881910116
9.343087007962307
12.039099527302257
15.232357586127232
16.310320816066742
16.601845241766647
14.523262176839502
17.192746826978023
21.91972357611464
12.597601406429458
12.080075369324021
22.251446736775186
12.14850267675419
28.550358790189346
24.587259096164964
15.616790376316454
19.32234997576348
14.437224429053938
18.809688606027407
22.981091935227735
25.000360060555124
15.836977809705314
14.733859397929299
0.26344948650425337
12.041474124525827
13.224624780678402
14.15737715706842
14.577658879328093
13.76854542188828
12.725944765028816
18.46950328868872
5.0654901792620874
13.29850122196413
16.023028116703912
18.230118926086508
9.675501294769282
10.747849630323412
14.177019291322404
17.539946942869207
23.37680022241179
20.159905044980192
15.871113018327236
20.88369064072155
20.36642056411574
25.645745888474234
4.604543286891803
22.606223719303852
21.275650604462015
21.821146655394678
14.410041042695555
11.142059845718066
8.13240215421088
18.686257085543044
17.108876353748386
24.709667883401032
23.05834302051255
23.023123699630325
26.84846502425161
13.778240084994932
12.535094558444015
17.950965078366707
12.71806563879714
19.95010110127306
16.39556522928291
16.068792320472035
15.784271373668716
8.565558109365028
7.971772456564665
1.1789394606073254
3.8029237836766283
12.210869524015843
4.200893213025213
18.74204061513997
12.846383583779962
17.25884083607334
8.19922213176169
3.9177012514118434
17.27568169055645
20.42333189583439
16.96872853622325
15.79899293166683
18.58663042751955
17.00437210145353
17.25042551955261
17.706893742123746
18.282936880884076
17.309252262721397
9.387705670553393
5.094327427354462
12.742000040174528
15.812492121094989
12.042716098108489
20.77826933053363
8.554246637047775
21.30468767715794
6.567894928476319
15.677758531866612
13.82173074191922
26.103649075936275
3.668271240235239
7.365658015279175
20.94070342418453
18.901022262397127
15.852246611419234
17.389135471489663
16.380359667497892
22.19665829135436
7.820750216782584
16.564569505429183
17.170391909242937
10.024409394715981
7.666794809959855
22.1573980721923
24.701791995834665
20.980690644728245
15.852484889752663
19.878854391139964
24.126316316390668
11.378377392078326
8.737936777026357
13.740099025617065
11.560852596593737
13.82443650805187
3.0078107681240938
15.914528229751946
10.388231714638376
5.480061694168755
16.202464042595068
17.112827706898276
15.501813181744549
10.924969896615204
11.256936901525146
13.835681289631125
20.161713240663765
16.69675980847924
16.521653728894194
17.009043773800848
22.106044239410547
16.120116530703367
12.46233574798223
10.289293268559323
17.14969566679037
14.009798881837028
23.84021258374686
13.46420571735303
16.142989896560742
27.34764316361176
15.768201399211124
11.232582025945778
12.193732917730957
14.572800224711562
10.833081339994054
12.580016446924562
14.140009409709231
20.220022956819967
10.716735958485941
19.757946714229128
11.921548415636613
17.78875118112734
12.924332465933022
16.124538755448597
14.380198586951582
12.952040309912258
18.159227376265996
16.352442788697147
19.93331240330319
19.290744819370875
22.38310942360001
12.059043818991663
25.72740421241008
7.367759044466197
16.94046661557947
11.963484837764845
12.00961615951789
11.665453921634166
14.758201335542067
14.31052207728571
6.74656036377141
14.207205747709235
18.959318617878328
9.63907903014965
16.244336880015904
18.788053639767302
20.47608431232602
12.096675744488572
12.142347266360195
15.568603830673313
16.29051901385234
12.31421851137009
11.542970011470409
15.554000364959274
14.135230268464351
14.592031414893702
17.82768755509585
17.54714890961911
22.656317740447506
20.699664004322187
27.53986646883133
8.683271218394614
2.4333100837151043
17.347704748796286
20.19242842363477
27.469735981394127
21.990213060357693
13.75822010173389
17.67512715032935
11.770849418469552
6.142664936238155
11.445726634071915
8.836928683606004
19.070379274664855
13.286949496176163
11.398149850432349
20.37847848693083
12.936155270356439
16.51377033747887
7.594199028106274
9.186485988858092
13.794344077133262
9.708285682466753
10.921616693667806
13.126315200987246
17.380580399422893
19.613015212804772
7.230172338306365
13.939815413539897
14.811546422217258
14.525865654354202
18.713595968862762
12.41263027034684
9.306683704903342
20.76362271759924
16.58206095604291
15.9753115851607
12.884514844233134
20.298894844309135
6.109556437492816
22.856356664448125
20.1263122594403
19.010499039616487
15.376413872504457
24.474094571678513
19.574347499099602
12.193974584441476
18.537586033423604
18.10826217998683
16.2323623295716
16.486098722965504
14.3186667954869
14.331047453654941
8.045029680620026
11.564930343260752
26.67025096202954
24.63153558368801
22.193012371606503
20.129008266744744
16.607935972713378
22.09303802291905
16.97696682634314
16.554549714915094
10.62552780290971
15.143326242729211
17.10143782489115
15.815771503889898
14.746556302918005
14.97620306176078
15.954948523731797
29.16373618953552
14.689555860471092
13.803616310405257
21.420336997879726
15.932913517456267
12.50045047126304
10.499169176744
21.049685329491222
18.74231653209923
21.240222669309514
11.610226129084506
21.092820391312078
18.505507813853164
19.303105032889068
7.395291019501718
14.265177442783482
15.734963701832015
10.084844260215828
11.319905902548289
11.776194789998952
16.83785438953842
14.609699754933619
8.456624341499882
16.00895084798716
16.271436161768573
10.869529997478509
20.731603857532782
15.182090373513034
14.018016926399046
20.457751374762502
11.06474670149841
12.39726341614048
19.006018889340726
14.481520989868331
14.087910044754691
14.159953926124425
18.725576159787455
14.596247541377249
12.445366819831268
10.141438716654614
16.53886889666668
24.567256067389287
25.092500894710273
23.97670058433911
25.330915250777363
18.423904683455003
14.079036075950716
18.725576159787455
20.323617199798882
18.725576159787455
14.942452576519932
11.27627086302557
10.26407734149935
12.71446410637823
15.541556424901355
11.367935081197645
18.98950053874697
10.925937463085125
15.412237858013098
17.42142017102686
9.862567634346808
22.145524521212387
7.672805387981113
14.235453686167759
21.821316745564022
17.52067989198857
8.759588644500273
18.07154604294897
20.352815603058477
7.269205362211405
4.997846983128149
13.027549325652547
22.33139146632201
14.258397540245532
16.896184929882203
23.475333037251012
12.24547385569671
14.252293929828406
9.727372790320313
16.005998075531473
15.178768757711076
17.88605868965841
16.14159892715153
14.3985124619342
19.185985372233624
15.431261285652946
16.283873707693814
12.022918253613671
14.321925423259861
14.078168976767344
13.659104426715132
18.26619730763089
9.348798068833563
12.68993979970303
10.280335432834743
13.877638364362257
23.296722036040578
20.897138162186746
19.501965240062653
11.764574339279056
18.045170124913476
11.492448917146138
21.423588025338454
19.894391793067783
13.005221785602975
17.180488574248827
22.410195986246126
4.531239226657517
6.798717939855955
10.378475389750342
12.861688299904124
8.45123508825339
20.935604222489683
12.223123816068354
15.685503441292198
25.645460814439687
10.252628000106574
18.477188839623
11.485076421384901
4.859601225133862
9.083631806686055
18.51254814764619
7.823792149093821
11.257693342614923
24.950631046671667
32.910674446819975
18.38507002179538
11.638242531794234
10.839054404554947
11.258219821988117
19.877375956769605
21.710579585115614
13.140495562525242
18.647567416940152
18.22238225979498
17.77908580833454
13.158244899598628
12.624345546111684
19.611266113970565
16.70865209124526
17.017090389353957
2.4550894301854354
17.886466381342633
5.3702652824185435
20.798875707498343
17.50496267993469
14.693035490852068
11.32090876481117
18.161539714756042
15.613866427779756
15.515155027524091
11.993160808284756
12.211221375698688
17.710602782885605
14.66804297074242
12.936685926836315
4.012756667755136
18.75035859693816
16.55204074825247
9.972758030494846
9.483369252888616
11.089389929589823
13.595939945972406
6.725875624087367
21.242056775894053
14.32872025881127
21.159290935643565
4.104447226749904
12.807131545855496
4.208325320681516
9.891944643476911
18.690067989975827
23.359300513491483
22.090176207137127
14.243192937747779
15.158964118376096
19.807184260760412
11.596804672667277
10.883530106369962
18.768511393184546
13.630779722156177
15.45904964760121
14.852487880315635
15.589287167936439
21.94057264705561
20.763509202554683
18.913221110278247
14.982583498771042
15.733726400923073
12.632669541910218
16.012325869349006
16.719270869190243
25.5103318558366
12.712993959096428
26.023752482273206
10.55178501247451
19.653133487784704
9.886701343512522
18.083282482105954
18.549158450628177
8.84598645998476
8.10501480124087
9.479927029895716
13.35644285456364
18.87159309988567
5.333008873330278
19.115769079260954
20.10785843726738
0.5445047310714105
23.774821178054232
10.844094829143678
17.666143508881138
4.591364317275258
6.560354012903178
16.167484335927487
5.055978130568614
15.070487549474503
14.54434681958395
12.75764628497207
9.23412000988662
7.6033296026648145
0.7668360230101923
9.406865195585562
14.432076157141918
1.5138929779895696
10.939530907539778
21.47917869962386
17.249205155524017
7.19046694875312
19.885676780761397
14.707997777381218
10.186419073152663
20.994049997503854
3.421709599422527
13.316476826921903
13.758373686575256
14.24386505314624
8.779756444729731
9.872473755483625
21.13331467969538
15.310618726230278
16.433000846247356
14.032252041927777
14.834452112833256
22.415332886906995
18.13639885877672
13.476711308770838
16.946014568258256
17.512180360628175
13.125725537354521
15.882605500038457
7.7958760018856745
19.919183231948104
6.542151613419182
15.468872533645776
3.654789231115266
13.955749270540363
15.639271355954214
15.052635674563533
14.873662835807208
14.612129051169978
19.1137514206225
22.228171779662222
14.796851565825486
17.08759833318094
16.921133442039636
19.143805110020274
15.501318342899836
11.997910315141803
17.44374614830634
16.555167713563577
25.710017664933588
19.196664246637376
13.739391122218953
19.990597165328477
23.03035908338883
14.161857174183151
10.553732274472894
23.46375087435731
16.71846594164224
13.459292616885898
19.899616935091945
16.228260621423313
14.255995447439993
13.46755604727031
17.108587073949426
13.057750818219725
14.245602339424503
22.242389430638692
10.67320603235213
27.446215190658695
17.07245316052968
22.721361039612063
18.092950297856593
25.21881743716086
6.641206455927173
19.073961722365933
4.626901178189731
16.329422928957396
12.053354189085482
16.788973590617182
9.14922122519624
18.461652465527255
22.576396931546224
9.543256794237573
14.833747017730827
17.80065552674303
13.026475022827846
14.740661740572733
9.206329625477146
12.532018836161962
11.186814226802092
27.077203664429113
20.8134262085445
25.02865054768103
10.850880763355244
21.968956626877226
19.07434670432732
7.785954538247811
20.403467355376744
15.400560223312102
2.96539356190806
20.288285611984264
11.655002860268231
20.832285608428613
19.254665639120542
16.987815738316893
14.017532521266853
18.571062559865933
20.033091356859533
16.28847330592716
14.550625054039061
14.718335842628989
16.72810180818742
27.275833790342343
20.96160093911895
18.774740907439746
16.70966050938385
16.42694275431149
17.601760414576848
19.407741462182138
20.104744820040843
15.478971107790304
10.61719094244066
18.57115918404832
19.06535370212113
19.242546290783014
16.955701352396172
20.56318962046024
17.757735774859437
18.78649367133887
19.6191492404363
17.745092239712825
16.069359239818688
20.835754932670515
15.18389629995778
19.11918132604157
9.925375316123924
18.972526187262527
17.881199198105808
15.7888512912269
16.777094800123766
13.679687075236151
16.93443672267426
18.349514701100848
15.290061766116892
15.18806429933976
19.98165534947419
16.56460992795734
5.192837941679802
19.174551544646256
18.247803452115242
14.218826482404559
20.758873325850296
10.849704974878978
23.348334251590714
17.95043967960028
16.139481964702767
24.056284754168693
14.839796687809834
16.589545913989014
10.61999490764216
22.453114108005263
10.52784403226278
15.333956996546295
16.636510765357617
23.564680834207902
13.802174579322967
12.645145436917343
20.483624559215247
18.121315044551555
17.623689857146058
19.37992483857461
19.537255727771747
17.257140580976223
13.911298612767748
19.874845008671894
11.195079362151166
12.801599713836708
18.349186976677743
17.847357210024345
7.558900633664519
13.944415778972685
13.437712004827619
15.522318791934637
15.700796233297927
24.762747722972865
16.532896526627443
17.668696197661884
10.21053585370436
10.529662380383748
21.077103217890095
7.826381714849531
10.341735886563832
21.43360510212721
19.228050996752682
19.67512628882031
23.655504523930894
14.369156454951328
16.64400979476974
20.8149520268755
8.972130823599397
19.26352748247419
21.68923571391001
3.8860969518703636
16.29984575568562
24.15292776115469
9.412522153825988
28.52081063923808
15.004665885289398
14.422982233778558
18.12002558104704
13.190590045917636
12.981270535565438
9.969050596614837
12.191183206352544
23.186704834139302
16.64116179525256
16.756633886432244
22.299540634652992
11.66205946372718
20.320060434669898
14.01561089149574
2.2925378038655793
8.655229507196697
17.464225955312365
19.09811583318669
10.21825398497808
21.264058341118467
17.06974303865273
21.440975529525513
16.201255203404628
5.007853984145289
16.157717331567543
5.534261233936362
12.883489309513887
17.513848997989466
14.833889174087462
14.20596497348379
11.9669825872835
10.620529268573549
10.015000317739021
11.645161704576216
12.499549569058964
18.715598591216526
15.611954586228599
15.872995490695901
10.786643366533218
12.044722346627111
18.137834702768004
12.880631059932872
16.779940136036245
13.957889345669665
9.179288307484304
17.688691111041713
16.12211611758033
16.35817038986403
12.242638859764323
11.177301194242235
15.056352891112732
14.563152879382551
10.166973267523781
22.294198670268766
7.84975007866969
11.598845481854031
17.060138830551633
16.092740798406055
13.019736811659799
13.010404984306957
17.36410122823588
13.876178698221011
13.780063185433036
10.433171224739077
9.784478810030071
15.402247351982606
16.53995549198097
13.231847059398667
14.611768646887242
18.514113410090154
16.13078428214823
21.52059837989516
11.22012195819994
15.029395873183477
13.341072608234004
7.243400429325372
14.487107486533606
11.369970456814762
3.128863229204557
26.782211253587953
5.794269187829011
11.848634009532017
17.096905976530486
12.894854824434463
9.038204064075614
15.407947217378197
11.253123260078238
15.91839542151933
12.133866282244712
13.814654465480494
13.978348645329064
16.70089438881368
13.722490089931886
7.808829724218686
12.087576938307128
14.050857784643192
15.374072870750542
14.200637160338236
11.306980106991968
10.560279383445234
8.501692708866429
12.444320848277627
8.803414065716831
9.499911122058265
7.135470205086016
3.165098787699329
16.969504199627664
11.441129139933244
17.227441545274544
13.642414010187725
18.37826243814528
13.771876380723622
8.466065875921535
14.205909871975681
10.747408575554301
20.502635946438637
14.174373831837558
13.4903825331967
20.171363276440193
11.229834657933019
10.561528648891592
16.729541315799423
7.556026139476384
15.578586071636764
3.3266561715833745
8.14664732774543
11.598001044567203
11.552308987700979
10.416008085676522
12.996812937699096
16.54310967821955
9.528586308963302
11.464585556598895
13.839064943062004
15.535324440016238
11.3929130729992
16.103680473610215
15.622655925539412
17.03293129424654
13.17963187313258
14.284935678461999
14.24812641089198
12.607793850687798
12.704925928617897
19.96505215615618
19.500133508214105
17.838403427285005
1.4498178587346084
16.13252585884998
17.005699798467507
16.61455862894087
12.318261091914199
16.218549408688407
11.302232310215818
6.437932936127072
10.668568995670364
14.307488938417448
15.70292908438952
14.677161708346961
26.810533225309573
