4.266286995891923
4.09760048028885
3.7708537665806228
3.335998846550441
3.5815766298692973
3.1459723280129834
2.9784401154741604
3.4776633671319175
4.453143248146914
3.3822589122702675
3.8632780066054657
3.092494523324583
4.520904958756164
2.999035756136196
3.324622372731954
4.894152735204296
3.245897979058414
2.726915055382508
3.5566644003020365
3.330346255228112
3.7611731371301116
4.045837908079994
3.6112170545796993
3.408953783559147
3.4325293567258357
2.678148896559828
3.91942107608417
3.3172531069250883
3.3566927741837045
2.743962792286299
4.705442766157081
3.080700878779639
1.7427079139754138
1.150993690108993
3.701351270497394
3.807937815961327
3.9788034450362018
3.630853315749584
3.5069296657313473
3.0746217601453485
2.701897735189539
3.836810956025391
2.9303219700743823
2.7610457951523473
3.0845235605746733
2.2190915366578885
1.3894424405714965
3.4505795071191603
2.6899334209001693
3.6259212306792326
2.9496156597746963
3.425420731436143
3.459465815506067
2.77509677256333
3.1765829758647572
3.7649196049165896
2.6180244555673835
3.0191937507931144
1.9478209574512237
2.9004470259308714
2.28236780780966
2.343589283099779
2.3839551783448116
2.523260061837805
1.9765076882864427
2.3407672009293754
2.2830983964647293
2.6984355012067693
2.5686770243806154
2.304677474491333
2.448876144314931
2.6006184925380382
3.6348132531890567
2.160938471706093
3.4702561990050187
3.5495146155284836
3.737727971904189
4.225941887389676
2.857478415200977
3.4611501202959905
3.4808883237576262
2.5863924191057777
3.577345796435077
2.4719862089658586
2.1799127619482612
2.9400151177453036
2.877992282023611
2.8180353422524567
1.7448578323778454
2.7667205195117646
2.758593717045642
1.1448241127797893
1.8796635013195213
2.8323095872168147
2.401876768858148
3.205136656849647
3.55940471871372
2.4731488848738774
4.482249093977984
3.5922879566157695
3.0006928713505223
3.3390370216733576
2.6702056885794208
2.314607193687236
2.7775839807695952
3.3617576661949755
3.3422462282973635
4.520827681235965
1.3543108901764018
1.2985918079662766
3.610979005791275
2.709329466105759
3.8583548704154684
3.5408795841884517
2.631668257327125
1.3496608462693132
1.542651126909226
2.9208903066184506
2.8380520418715007
3.24739183242061
2.1711441908114164
2.9617586391098514
3.7289506688536482
2.7405581321678585
2.7277329627717455
2.6600235636975906
2.7939440193560574
3.580220505024782
3.1027278521735777
1.5363496373611072
3.3166205730765608
3.106082637993084
3.5960627795824793
2.9216780226823573
2.3208291602788114
3.461900324996365
0.6918661938972492
3.311440533332896
3.5654121778204493
3.231507709344962
2.079892621672797
2.8630268303945954
3.360575685193988
2.5097535629102015
2.1637888516735195
2.298980728049232
3.3381181617541293
3.187963272026145
3.7478246091963
3.053423185592443
2.89235653082496
2.9279756258484455
4.045895684288394
3.2274361980275215
3.49044626589623
3.0641511694349908
2.9749280411287455
3.133241699140529
3.0378629740217944
3.247671076683969
3.9447807284346785
3.768728794109255
2.8973830131506024
2.5541108594253084
3.104888611503678
2.035584507211755
3.4247936331686004
2.435227160884238
3.4336128707642497
2.9973121738337722
2.439302353121787
3.088638180272534
2.816214571817778
2.789751132593708
2.0389009160022686
3.214930185816721
2.281829040455453
3.3485683279084038
3.5194799292687415
2.682360269121844
2.967116134028019
2.651168598189662
2.5683461152358307
1.0020638786852503
3.4974160008342463
2.302928708195908
-0.06907988267132525
2.2798763130616204
2.9355469159129015
3.0474865731040492
2.6753089947050808
3.2590160962526618
3.1730377828738225
2.7104919679486197
3.2313100318354215
2.6729393403152617
2.4683389095101047
2.096603252149814
3.092894203731856
2.421743475657696
3.455410316525794
3.3777919606553493
2.4369747334183756
1.2197133144639354
2.814354990191277
3.1336225659951795
3.2744018989548915
2.5255150500164376
3.978034467318469
4.12022683406907
3.143197044698909
3.0728562763149188
2.9129002425510238
2.0085417086607067
3.6413935040169623
2.589836307319049
3.0881025100416313
3.2917908238150377
3.5904032584015253
2.705351799360406
3.1997536737111396
2.6308159946575977
2.7722954931259816
2.663147417384179
3.1404268870499203
3.2461859051732853
3.507093526380271
2.495466578691039
2.4076961975009996
1.4330233368234955
3.5894428094486726
2.6655404265875196
2.8348064049110473
2.671616278470478
3.148562526846578
3.6317677438779454
2.893806495230734
2.828246928665992
3.024548171022646
3.1791330647832146
3.300762831591113
1.2029552440596143
3.330359745222527
2.6039667573442355
0.9209000382715959
2.742580452537215
2.446690968343857
3.0591417438922783
3.4702023360012375
3.2759190205237827
3.2427820436097035
3.7088231730338137
3.4263791828099333
3.7073752586502575
3.3834186501445758
3.2604310937819423
3.951805544845544
4.434372903559121
2.8801605602738216
3.0805080751331877
3.639887208827531
2.6631016355806
3.361078808283593
2.7950290112424474
3.1766384624760846
2.6024275045421796
4.534069307240249
2.6811323306327375
3.078436332798127
2.9514230157602066
3.4050385339511635
3.189002408550567
2.973922284108719
2.936354507350174
2.9725448589443397
2.2231616088197304
3.237689748715506
0.7588950664716279
4.703903594318746
3.84948446771765
5.270058766961057
2.5917119836231235
1.8804931492084116
2.4964369414797796
3.458869188409623
3.9138724796629494
2.7696349416994717
3.3373586380904956
3.2325269392372245
3.7197272481161407
3.3603063472753325
1.6632199293191992
2.5732850977428647
2.9919546013558045
3.0120066696800167
4.227628157793696
4.114784695270397
3.75462674119979
3.970770675732668
4.639420448632253
3.9237037543696043
3.539376111596904
2.9863343213025377
3.7892409430464933
4.003184007413852
3.9678205235762745
2.666795451853444
2.8953061255559494
3.765065988189855
2.0705583809786954
3.1334134422984983
3.285904572830548
2.5529133906319683
2.834736417255937
2.468056106975257
1.8207445007208851
3.0810550039735083
2.7331096279471816
2.980202071286669
3.1938878304436633
2.9867933010499845
3.0310484194142444
3.866328018414092
3.2635786146038983
3.2385316385972653
3.2472871856093555
2.8554199029938467
3.6665702023118856
3.7040106331577056
2.728600918795154
3.4842995931268357
2.639022931003611
3.2822357028522493
2.4819468779151856
2.829390997347054
3.433997762322502
2.8965716806150863
2.5052288708212576
1.5487508168063238
3.0840143552723394
2.112417868293844
2.4652553232792536
1.6153737565668047
2.170365171234965
2.0995876023427584
2.087013316922735
2.852894696510753
2.123756221884028
2.084393117468625
1.5072159763048676
1.7728341518310362
1.9002897015626097
2.1117625830409805
2.050746910624406
3.395546313557629
3.30274110280312
2.9564339723974595
3.527663027545438
2.6776159129126724
2.879458296823806
2.899448784627558
3.281562131153152
2.4873644015125866
2.5566704235039923
2.6839573755268633
1.8217922988617181
2.66871159391792
2.6483402563970753
2.3912357739485492
3.7742357521052896
2.1639013284159345
3.1638925957733828
3.2292247729680543
3.57078424411207
3.1166091927914437
3.0552136770590317
1.5453207293106008
2.6633016790854045
1.997273613529784
2.187716022649627
2.3836833095456735
3.2699121123927943
3.0979889497783475
2.65031822486015
2.7106634218282157
3.29699102237731
3.133839443721408
3.6531596322200675
4.224714686029374
4.440175025562573
3.344305813266222
3.252746536601804
2.7773454653072767
3.765595255403947
3.585435601382134
5.05926950516435
3.3077824282083843
2.468648296086779
3.3070305998368372
2.680438461969615
3.279277210025401
3.8365483669663654
3.027724135200113
3.3778829542690376
2.7350820590048084
2.8030799739438783
2.7098484296324643
2.285622147813418
3.3509937343336924
2.8150796625548637
2.8577547468406572
2.6427011523575885
3.5298671519855356
2.694047222273539
2.932056586894749
3.89392448237452
2.7228013940350024
3.135603347368715
2.9652082472913888
2.973485072331546
3.29622980722395
2.514621132812431
2.7777924483493335
2.623072115648955
2.7825658947667415
3.2837501544699847
1.85774305736765
2.5446729015461655
2.5801357838211505
3.317230344370807
3.510784083939233
3.580281302520814
2.8644980931463997
1.656265010056921
2.4210829864556915
2.2010722945163836
3.2012396214343033
2.88051909284792
2.768177623993092
3.095745914058626
3.3261254967557585
3.9073155621444604
4.140918624607846
2.8587906252630835
3.3276359187597127
3.7246918467112584
3.1240264052464846
2.178178631142493
2.539195184276032
2.0338203136732647
3.3185188719288385
2.721150020750089
2.5332546105369493
2.4339868421137463
2.8691314698526935
1.324910528993839
2.921637909156224
3.1057397176232153
3.713731715609944
2.086441293820536
3.26091665199269
2.865288741664034
3.5624049425270083
3.372293919612557
3.4567576623686724
3.966894125874201
3.9408520055783804
4.10803393469368
3.5522905842889347
4.240243342069015
2.219451383562619
3.1732871708381314
4.139069570982926
1.089559257363297
3.6756535578429332
3.6179178239885013
3.6822368697777197
2.609173924247606
2.579286132992828
2.906898777811653
3.216397281940615
2.002077874843911
1.8967194166263417
3.069572805578679
2.8954447755965678
2.1440219372368383
3.019162250332082
2.5381826544909893
3.3163741732819854
2.6381057835827444
2.99339852839551
2.388308131195816
3.178782920477927
2.6699659472432944
2.831842124435136
4.263240511474266
3.1802334330432984
2.7607400431550793
1.789670327051423
4.1260170960237685
2.9010339925442055
2.015357530058946
2.1139974191022675
2.636037229187771
2.318482119975818
2.526482720583441
2.3318474912798584
2.4298574062730944
3.165316821019947
3.503662670516209
3.2230165310242516
2.844106459249343
2.7961710485150206
3.62177324350906
4.219590376628667
2.7813393242279956
3.7391383872412294
3.2916302302569074
2.7429579524368886
1.3176570032511823
2.8047258483240696
1.3561639843089164
2.53119561444231
3.621534504655254
2.1587506147565523
3.1657327077097026
3.795074161053078
2.8851194059654857
1.7927833775267537
2.1096724165170606
2.5628881074949836
2.180705477944782
3.7419154289625878
0.8064273151781047
2.635093534011392
2.563977544776265
2.4981299941451964
2.9229898556698823
1.5049410367198435
2.5934259186213002
2.457181450685254
2.243709796477165
1.154206897338189
2.3827926480520487
3.857813710122308
1.9684420988939095
2.2986174945763294
1.9695539820326355
2.4194403311541697
1.399235808503499
2.616863670703872
2.3057341636327773
3.3517630054651284
2.7016762436810695
2.510743278603157
3.196934105719563
2.203633684108637
2.2097166698269755
3.362333928908332
2.5648309669713076
1.992865608877752
2.651910728182863
1.7182182914458286
2.3848938829886537
3.0626790270137962
3.089395779843702
3.085040643041832
2.3551760210738775
3.374084134109427
2.9226740248414513
4.348554535029173
3.041283097132755
2.7842133035218786
1.551659213028367
2.677729729073992
2.9675856738629958
2.7764897168659393
3.1524560732891422
2.028000613929522
3.0874274041757372
1.7780864815851227
1.163376222207889
3.0944149223743356
2.4097488396249256
2.6680487214505395
1.7658454425140948
2.844499864415379
2.156911829119192
3.9812302288356984
3.1946138428385877
2.3188085884861565
2.511913239993927
3.1548316174053688
2.382073074752583
2.01512228657876
1.8652051967846082
3.3631210782912033
2.3526723142644963
1.8660924436236184
3.3278032669567232
1.808500353622164
2.0273876419071666
2.2223264930354922
2.7027141770839593
3.2530156100793812
3.7811039972769214
2.2920379910161675
2.996476233943578
2.8575294411953993
3.705700237435198
2.3671627906691812
0.7270211728335587
3.7067158447190214
2.1899924158911004
2.6224722839091372
3.625023198930881
2.763661484867692
1.6270962911478848
3.1304292183811637
2.5056847961914834
2.9367770949254646
3.4136906508582197
3.210833797082362
3.3966645635643746
3.5857725160754574
3.9284468408328044
1.626025177802274
3.0570228027803332
2.1445963057376844
3.214442998478934
2.7081630961201486
3.0196502044651394
3.219974975124993
3.4501747006637933
3.036080864408884
3.0732278843396723
3.5358259541060555
2.805083568643513
3.012293455056271
2.8101485158331845
2.6066336992202794
1.9632373100570184
3.1902282392769816
2.2808269239562655
3.1253576178133637
3.493201494099099
2.9156936192296907
3.0107523493952217
3.1609966591676986
3.063793685889741
3.2979040692770445
3.497161579344334
2.9312683648480107
3.2813837261062755
2.851551737069901
1.2840252870203062
2.7145547408824635
2.6291571789894483
2.2927936635407713
3.148339940707119
2.048729221327873
2.8220041524386725
3.133725927743208
3.250841024083523
3.81033663541949
1.9610372836134236
3.3281649537987175
3.0473052933797726
3.3704186635889193
2.968531412289442
2.196421128319013
2.668653312894569
2.9110260540079946
2.513563713052041
2.942476561314274
2.7089320614263723
2.153967866351206
2.4208843053850893
2.5466007122951946
2.0354978998221966
1.6523233334728968
3.0575768787743614
2.9129661095718453
2.392352245765587
2.7332079449718503
2.8554629158637046
2.736703941282804
2.88362353266433
2.2994651971484434
2.593069645854874
2.8578954873413562
2.523993738500582
3.373204994436987
1.5758100519103424
3.682978460228557
4.23476734858251
3.1058011393976876
1.5704853771479013
3.065053591361732
3.9052304594154674
2.180552619803099
3.028943104469059
1.6204840095049724
2.7420233375509264
1.3844392410562945
3.4726120711036375
3.5117883049574825
3.0532009691836546
3.1836331943725713
3.7737234036654823
3.0206200609198737
2.787334826466945
3.1001296127858433
3.2159735951796335
2.333005753226803
2.9356078793463
3.2074553881294805
2.6849177964250828
3.033265019441237
2.7527721998486143
2.7497405459229474
2.9508467544943238
3.0893036181444704
3.445586940992242
2.9356203672063326
2.907708096887625
1.884951161487522
3.678021436445444
2.8268232084397527
3.2695293406629764
2.8165821745726065
3.134521021692913
1.9508812175749757
2.856003507665422
2.8797703220294952
2.3719183005585642
2.968486056961894
3.0451660761800197
3.0085081769943414
3.1334179198244803
2.270255045714344
3.085640180446994
2.46497654832538
2.633429822492789
3.2257057395583235
2.595468955595804
1.9654870665663569
3.071370679162114
3.5992693052548326
2.9588859641705394
2.294752697045636
2.905017235430864
1.9107410005631782
3.3873714584185644
3.081867330280973
2.7652638860793055
2.7087521121369464
2.648835483979909
2.2719136803451407
3.4174579508641707
2.7042410348189105
2.6836905515870555
3.1346833534304404
3.1084471805330622
2.595934611773284
3.7043665591657895
3.363053752728171
1.8523457147737745
3.019587771530237
3.2295429187487135
3.5311570223857
3.4893088704971813
2.8242697097677385
3.2964302443494047
3.078158128995217
4.717273824595805
3.2594494283803552
1.3720595177230164
3.495044980911904
2.228469896814213
3.1878522971167067
2.816526211501702
2.974918090444348
2.4514851668237077
2.62330181861392
3.43521074426079
3.3398902775734833
2.873710217533301
2.3255749395897727
2.65573515870938
3.081702886116823
2.4495649681931946
3.2471469227885974
3.136461625539865
2.471993505381295
3.1950740667173245
2.525580687580021
2.5608637066934197
3.206330346744149
3.770160803483688
2.597077975068949
3.5970214624499603
2.7430104856488917
3.82821804659731
3.2399027139562513
4.743041549602299
2.9854202537930945
2.9209529935908405
2.45118218109773
3.266453652323855
3.8357049173862645
2.257591358878949
2.992446150395272
2.6384715730299537
2.8578884057804204
2.720735250506334
3.5946878555656125
3.0666889179965273
3.336034362858631
3.503428154292828
2.6937322213201442
3.0530758633020905
2.7466479323031203
2.497907943280535
2.273632598257435
3.497371041700152
2.147439113368359
2.6248326932487163
3.2403855855002615
2.9200047689176327
3.46052824011035
3.5880390393723447
2.9200514393424184
2.3097867145190216
1.7617594230522065
2.0090744118514987
2.9205125504503653
2.876010829877314
3.1739284974552855
2.5621502415259982
2.225033005495512
3.525223938471679
3.4734439675620203
3.2594836206334428
4.330053399826538
2.7285623600112103
3.443085451024005
1.9147473847869199
3.519332697945012
3.3221751028331163
3.1394153658557316
3.744178302905219
3.2495852299687984
3.208625767402886
3.041079744811714
1.873835835986133
3.33639351979739
4.429441941381184
2.1429108769651584
2.718811413332432
2.6378279046739745
2.606538575281476
2.191435421881544
1.2174348167503344
2.9845288203030513
3.8436669716153777
2.356730277932646
3.2759961786102583
3.984265417303271
4.635020648258219
3.3170580489879393
3.450709738865699
2.243569964697875
3.1809437912282115
2.812832320135354
2.1433525385232546
2.735000205958971
3.1129499608839137
3.3087299001936508
3.329707512718019
2.603908365335602
2.3982435911860227
2.4143907125079336
1.787017552931463
2.8706908278831897
4.242873899349698
4.219186687015921
3.3191853541133
3.5263356484170156
2.803073277549848
2.8478762579870134
3.626494576120628
3.498527040669423
3.575342572883666
2.8352310219716284
3.1949197962663716
3.706950060274218
3.5576700285979768
3.0416900048752256
4.01202541196499
2.679486087986134
3.08554361614298
3.0489951552241235
2.951384110251112
3.193313384484795
3.116064619389681
3.3070896158316687
3.5930693217618512
3.178064891799107
3.0260192171421787
3.5031318993042406
2.2601469655563964
2.9703465604172523
2.7284389903274175
3.155055871447681
3.1161561807625557
3.15478671843302
3.4256532979036174
3.1960843509110615
2.5927801480263835
2.6800265493381117
2.025899839360604
3.568565567673504
3.701272899667286
2.9398424816243187
3.598569530502735
2.8057828938858407
3.0362906533618967
3.863866713289667
3.0708590882173747
1.39309834701546
3.666720202841665
2.2845699904545924
3.2401920714086923
2.708663935087206
3.7492306725859015
2.6183139078871664
3.7274419643825913
3.0541844891741596
2.964209387003281
3.3302755416492165
3.678197337718161
2.831899868081294
3.5463307209805226
3.8868500785072837
3.4719816902116203
3.0851463431895936
4.089598338072074
4.117736235474185
2.9201625692536815
3.136890516511227
5.149363734954378
3.119998643848443
2.8452594732982193
2.816279030688181
2.7069224499466165
3.2444825187590953
3.0806981256546617
2.742156501807375
3.5433796410585634
3.187974272083879
2.8024695560534645
2.9467980472859363
2.945703746833467
2.0609608614029087
2.9440911833109835
2.2264870259619842
3.0355860731769284
2.9173906000072165
2.838627585100005
2.422448030389355
2.118823375516532
2.8136931734388435
2.9531829643366914
1.593001990501
2.3448804914855312
1.533630441841413
2.9597013319511927
3.6169311307489207
2.03526807026717
3.266779726966313
3.3356526937687887
3.3890101605274214
3.399838412291981
3.457313655005944
3.105615242355235
2.8280612071821056
3.13061806623464
2.954469204529329
3.0269415478440664
3.478684390864954
3.3700542884897446
3.727738697812308
3.6209026429126943
3.6236758491259176
3.4364018187812757
3.579825772010929
3.5632851589232963
3.750925421352978
4.058390169504117
2.626510033754316
3.587331593060134
3.1666811999180604
3.825389654141924
2.7567012391211065
3.423190425034654
3.123867262705004
4.11224245351025
4.142374379871886
3.194504048597074
3.3236970449464813
2.6413014834005093
1.9800191939928942
3.1735999435928823
3.230550705186284
2.455625522993857
1.9031456176840882
4.050497714758746
3.707366191856107
3.215400322600688
2.8396735047778305
2.280775683077098
2.3597117009759825
4.506055816323343
1.62664362230614
3.8381945925300025
3.003472437887917
3.6470830212807037
4.066174205551231
3.141197902403403
3.4940920692653514
3.8990541910246055
3.789515560179115
2.953227292270241
2.360897054794382
3.608714111346389
2.6100945010200225
2.8564695056603404
3.949761645616773
2.6842698352552747
2.5507226499685562
4.016021651391678
3.591517403208398
3.812816193418625
2.414861705332452
3.391185387211131
2.736103305400914
2.4058610472977806
3.7988904418817553
3.3734088143344296
3.4561199419738613
2.8718855730943607
2.966546225700871
3.015142793300862
2.7556422289423073
2.359457260308135
3.7888677093209795
2.704427145373202
2.9705745945265596
2.3928216464302174
1.823804367708584
1.9978703063597023
2.3829937860736505
2.679301186476037
5.997141773752396
3.320986870780622
3.4025934999553313
2.3825483599468105
2.572499600488365
2.1074381692452104
3.004769256747962
2.790666173609094
2.064112513627535
3.0711345308846014
0.8770240247097607
3.1120131316280224
3.1432492396259284
2.7806817702040165
2.449945837912897
2.6747241534711086
2.582710286082407
4.101114907225732
3.1390529882728173
2.9524208824537483
2.7948178814532816
4.0335169088177985
2.581430835232714
2.722888165617181
1.9963456815632519
2.009752034338347
2.3148636605077786
1.098126936448678
2.7726063650433335
2.9675866722982067
2.9147093736548655
2.843147735757734
2.3995335792913077
1.9724930915590648
2.4759662717386486
2.834861953254248
2.155715988558057
3.040543639526244
2.1066444477908286
4.032511540864578
2.281992984279131
2.6058755249464323
3.93495085999378
3.4606398227040107
3.334380336684963
2.3129516302357875
1.9158850101608147
4.68553181231368
3.3323141884437018
2.7186940611562336
3.7652661471290765
3.4719110684576453
3.4295942835570674
3.8492643301278404
2.980315388437487
2.906673018521683
3.378285729745001
3.3513320574453367
3.0663451107091424
3.099978467171675
3.4790344487798084
3.669274204710376
3.354337653080261
3.8600693760665785
2.225992200533012
3.6285716990716415
3.3008413349105976
3.308547375175639
3.9194701232439186
3.1624201374998746
3.385208626212548
2.801500893297434
3.178835663244772
3.7490192616734945
3.6474675391749694
3.850746682324142
4.177364936851282
2.8605602060772677
2.2880422585810947
3.6856967115367882
3.172986206106726
3.7940145986843943
3.6440081734599836
3.1050433538340902
3.5709577076880574
2.2615821107630216
2.6109103453522824
2.3863355960884025
3.2344379184162024
3.2515215547584346
2.997637992861147
2.9445747086656198
3.3797103444106726
1.8212728327808088
2.6653760384078082
2.7431871597588455
1.686271946967893
2.3177417743648814
3.3643115923883298
3.2973106569584942
3.1961156047090498
3.1487070414703284
2.702685778670725
2.0550204619975485
2.788309000396858
2.8317806835291552
2.8383214278811377
3.2931043720892186
3.4552863863268013
2.7355015555275357
3.5816528635464913
3.526636000210547
3.5068672006581876
2.8380422536557006
3.399006221532304
2.4559877300050394
0.9403908528659535
2.6476636976599632
3.146036375504525
2.7796006494646015
3.193228290043271
3.1380707230531644
3.170378184291719
3.0109694793047383
3.293327116301098
2.847440399475085
3.0092630074773923
3.188581845778169
4.111694503640785
2.8092305180170953
1.9683360027831496
3.4741205182511665
3.5364147865587188
3.197675416182623
3.049295924009267
3.0319431334794604
3.1614405923136557
3.4280568896128685
2.549411234135924
2.950624859148935
3.018076560234598
3.1819447963290193
3.5537237210282178
2.4859236838827625
2.5180923505872186
3.6495145029410265
3.1575789866154214
2.7039375377054227
2.838127476841137
2.5043615981359704
3.879394906870524
3.453454731330837
3.175980846156466
2.952631977905532
2.8736621888901763
3.236933875100145
3.1756442499122173
3.176988973116668
2.4447622845876293
3.3718055243644436
2.491593395945639
3.405149817280313
3.4409291567405864
2.8928484309402624
3.3207751037355693
2.538534729764934
3.7421090675935917
4.087679012375547
2.9891087647811805
1.6030300355363034
2.920764628683657
3.86162972171224
3.124619416041346
3.1605218375615705
3.1470928934529327
2.125974868437688
3.3067462538997887
2.88384571173391
3.016944081758951
2.930667811630118
1.7174778707095548
2.282398651459207
2.7943824927587215
1.7282541512921767
2.2799829648496988
3.1522619524703175
2.899495224178597
3.2404549725879104
3.4888074799954447
2.5267576192061783
3.2468883490346347
2.7743136362983964
1.9336397142934694
3.5559295803680326
2.443387563606007
3.024325308301309
2.5804952206586913
3.0685890475311206
1.6256928072683419
4.049819249093253
2.4187961535780738
3.13027978329455
1.9682581118082907
3.1132148480086053
2.6951561904512142
2.733613529122124
2.8313101523034354
3.0094687970457676
2.9421355607471344
3.1094285292816592
2.722863837789687
1.7819542535148414
0.9453282337176339
3.0818156685159144
2.873341003872023
2.4308561216025155
3.821176275506242
3.41051335419021
1.0759644978567076
2.5388762918164662
1.9686366276651472
3.2398641827431924
2.9773114555672313
3.4213606145308866
2.8492261477814584
2.875071748942281
3.3251654294866704
3.2164509729582824
1.8225784009631756
3.2763190317826636
3.0751544821904773
2.9954489786924237
2.8934383858210864
3.121757148861487
2.871506276244469
3.552995812148611
3.5946207144339426
2.955323481366049
2.9662253056371144
3.4189716534848302
3.5152517366974365
3.205737533317659
3.554252318928885
3.7224383436881743
4.763455107901244
3.7843680074323047
3.5259489569605145
3.6953293595964825
2.761359455556167
2.047163326540227
1.8339879619476054
3.4312731252849726
3.252206454081848
3.593233433981133
3.209541442822896
0.22891302747612308
2.7910976558624108
2.53796047368158
3.0494195487261044
2.915882526763496
3.2160323658377585
2.789460649738151
2.305754320187374
1.7837907995619824
1.4498254864661755
0.532545776130112
1.501359535311095
3.1735526450953824
3.0263883836678924
2.705469876242255
0.4511532809555119
2.879901667851791
2.818161411021561
1.130560409176985
3.1483457846492637
3.294970046234149
4.032931742740503
2.0639455196936627
1.7576827425258532
2.8662987323040863
3.1553706711778
3.5266887405437224
4.0128629131506255
3.502048521448126
3.1880479642066795
2.5317160439054467
2.390425871879425
2.704154555901659
-0.17668377541360103
2.3734156319606807
3.5584799220336794
2.235995339527152
2.863462921588505
3.311262570759597
3.257392434785073
3.291466351712896
3.3709501690164756
3.5699879721511394
3.0569980845174145
4.409055628316118
2.7522870071596874
1.9495894110746899
2.7338242351156317
2.688265266654022
2.603039082248742
2.7363820206409137
3.5627125659978636
2.3307136142278533
2.8895270153948798
3.5714077548429075
2.755488444099688
2.4450079962030586
3.2032212116821457
3.2970560757708096
2.1025919822479557
2.2816112557014057
3.39129780833609
2.9165655751313615
2.9988857056063902
2.7065177649319745
4.282076341507793
2.933025174477102
3.114521506465777
2.6915975442362923
2.5223876668138887
2.9383053845945395
2.0638660042688297
0.4099060693095913
3.292035745549683
2.7480763668668837
2.9094715024035476
3.279960666597104
2.8998379272484662
2.693539709899008
2.719509253273944
2.392356738260339
3.03590066644309
2.814797814405142
3.4059240209639103
4.103519639111011
3.2624299950935427
2.487152075733914
3.655171044252184
2.970561677758152
3.36636680778164
3.305600061334738
2.4297795316686908
1.9617664324406547
3.6386751809773212
3.604706572594897
2.112917087385634
1.941679487591721
2.150845127471196
2.808196357253916
2.6217779651020665
2.7400234163756556
2.5662490937780382
3.431730432512899
4.346033338747441
3.13339448109348
2.7565593833856163
2.685171749641512
3.5242086924738985
3.127882667566542
2.4846209082778468
2.762482381798026
4.017334999776973
2.443869443196752
2.6049244127511866
2.4411668290334347
2.490281033625551
2.2863586322662806
1.3448340678511812
2.7285497951612054
2.1381280140569796
2.7818442255695106
2.78317381710375
2.7192979737441
2.830257268578521
1.8330938294134602
2.7397348208535766
2.607659959269178
3.0466931506025223
2.447856156603665
2.94921159301254
2.5970377477600675
2.6065892468201075
2.994899773721373
2.049679521124402
3.2546966050915582
2.7891388264947814
3.145678035962182
2.5518526718444106
2.950348538567254
3.302673645041658
2.828456848339702
2.3216260521523293
3.0658118266548087
4.086344818452746
2.5681586970022194
2.9450224474568745
2.959551382774225
3.1932531007538247
4.156289575037908
3.322623380990109
2.4431552415411892
3.483785781342541
3.1260723814500846
3.0955799540505624
2.4133228755338028
3.2295237904307
1.8665072264313647
3.280440089929515
3.017673241245947
3.4650665562593255
2.5492478917548
3.585522415420006
1.577490286964543
2.6032120893040993
2.880130901256033
2.9695805066604883
3.121337001710531
3.3550348555063003
2.08395936031847
2.918868706154287
4.232482184125764
3.042943489343945
3.979260610778734
3.904854215598717
3.600942279425131
2.6388245219500654
3.2419336580178877
3.1071350979690973
3.0084766932242584
3.79711874652438
3.77382753838727
3.6895422375173723
3.2011028619099138
3.4148084168197737
2.335628342114009
2.0992132607467626
2.4603518037975904
3.440675747090876
4.268638619561102
2.3130658974457483
2.821071906250056
2.6182749516009625
3.0835370302465717
3.193145357903644
3.0514452609127707
3.4185357595532735
2.8449127706995125
2.7256178286006634
2.9042388438647673
2.9525028658700725
2.4690208816600845
3.262159617866229
2.696516437085523
2.3665601814954185
1.897283968933953
2.8242694010986535
3.1388490604859594
3.1979944766342046
3.1870198243013745
2.8404785651742346
4.973188304077404
4.745545820489246
3.100390891210783
3.020296421453243
3.209022750780219
2.963180550579503
2.993738115467868
2.7674120705500025
1.4649831567252987
0.5816308726271604
3.3266109814213327
3.733320291220559
2.332173072917966
2.6127916960462474
2.872128684780131
3.2123088251485976
2.78391900066135
2.6353548334686674
2.4388533016001004
3.971441207814957
1.8069085399175533
2.6475785946373245
2.7745534320881897
4.293889644942144
3.1128252099363323
4.243965145624609
2.8173871571139792
2.5904158813002236
2.469941864968675
4.131611413451043
4.016980948119456
3.758895602205054
3.6370915804568718
3.7893012424252293
3.3814825038048606
3.488623905537349
4.038876802407062
3.6085271616452754
3.104143776987346
3.4368050794097735
4.573369880013812
3.0810984111115025
3.318097163947464
2.4305545679161145
2.77057150916754
2.794113381487738
1.608089456865071
3.0411759193334476
3.2110048108025233
2.7113913703671724
2.7078573168268742
2.8478131239370112
2.4425002144832595
2.2988453626960705
2.2373795576783664
5.078495424639183
2.5550486018979837
3.311208204195909
3.4612549976550055
3.2962845960276805
3.461707611189727
2.954304989463102
2.149913984853596
3.1111196067597966
3.3317505808692065
2.7889651470166235
2.8272638528128287
3.374760747505993
1.8288605595446152
2.679284033386192
2.2116732111758157
1.660843923672207
2.9919311482408055
3.353180728677743
2.8726431097175196
3.1413342941218714
3.3563229565186097
2.6717985684638283
3.800970757334854
2.5999751751794395
2.5840226341053323
2.6440080496592557
3.0936927257043796
3.0074009033750246
2.598914663682047
2.823319020774701
2.5871280241774124
2.976777350394876
2.5216092329358064
2.976103614175847
2.4007981047609723
3.148137941310938
2.625509570582884
3.668106002352432
2.819691488653439
2.5022439840647293
2.3791987117662527
2.5493860463862013
1.9996616588535077
3.2202774250590247
2.753606850300203
2.407057606993524
3.2964696532271125
2.899121090553863
1.857704524740336
1.8010388453147737
3.6198842342113116
1.7756318237413098
2.7487922635031548
2.9425287759518484
2.730613752892206
3.299554068732726
3.0108160309354925
3.1378870101600347
3.057899329244945
2.3461561737338976
2.055060358527455
4.500376313381973
3.399464070361285
2.9096901842857825
2.536805666665751
2.5517082836633276
2.5737779971453647
3.849815343951664
2.6256065752372573
2.781530780645057
3.511072491254302
2.8727479192493663
2.842747771624394
2.5497659311338414
4.295383097896213
3.3672465018566253
3.579976962561438
3.8733644275194474
3.080282421878922
2.3001164610923728
2.633910589294214
3.4797187251208284
3.8795015694016106
4.499206273315755
3.486485820349472
2.920149963074495
1.85911134349844
3.0385343471422317
4.151310920544434
3.317947906584509
3.696570998567444
3.0726178251848832
4.397231748076289
2.29392754113514
3.817998565844736
3.0245883342847164
2.8240605968055252
3.3653770406564147
1.4375880565457537
3.7597043694642656
3.7547372402983847
3.5286703494905813
2.7303787517292233
2.3226743364067852
3.898344583926874
3.4452679099325643
2.9766081040209076
3.0989618025634105
0.33870456521206993
3.155284571331178
3.799854050397646
3.249469980307484
3.8233849639688975
3.0742104944121915
2.8349295951398408
1.7036642326045643
2.469971195513399
3.920254749157767
2.287032859371122
2.3818319565702506
2.8989301834671446
2.9593737930703004
2.6924498675374116
3.041596825634239
2.8560696429745502
2.2343138438406567
3.3480465957994854
3.4101263031646805
2.684573764210617
2.960363281465346
2.6136878079894426
2.7237325813201987
2.8165881726757993
1.5009219967670209
3.1421861938785667
2.6364945762945347
2.982176090040337
1.7062340531360594
2.8116723431152817
2.173110826248907
1.0598123648452702
3.1329157913358974
2.3818570789135047
3.697765199656538
2.5363021405753647
2.474505362761978
3.4203385670191966
3.584895637874417
3.207027720048035
4.130131552696906
2.741121265574395
3.1505022778375653
2.8800462098804536
3.1214147667431806
3.4046566159101177
2.497553915763799
2.2574424029344
2.5282702333626803
2.817981220390436
3.4148726847478486
3.437753540181046
2.9867029413930863
3.183613742666303
2.564687744304485
2.2268828222704866
3.8410418309437944
2.303757939886022
3.2064617712896157
2.6888276412025958
3.35174318650282
4.117618442592491
2.0177466262296706
2.37467289817675
1.7109139624861702
2.944398666501434
4.288797784793961
3.7001533624769123
2.816337465470927
1.9942208783622968
2.4709702253726715
2.5941123335811467
2.9910309262876376
3.1190750280147177
2.629728058622097
2.599818287535143
2.1460445757763846
3.1108900503913963
2.535563977562558
2.1974449772317275
0.4175870199662368
2.979007729138846
2.8021782348928914
2.8005012000435494
2.914708165708011
3.3829690562858517
2.2045447587410765
2.2845875742361272
2.3856803253213235
2.2457972806326096
2.178786623993799
2.460272724144707
2.6900841821891355
3.2487341562669494
1.1819768391757384
3.8967694688963457
3.1113336240880525
3.8281078076421053
2.0378855678053904
2.4817725933593477
3.0459390470530856
3.7461742607233646
2.385198059973178
1.3876641597188395
3.0490934041718742
2.1712693499436084
2.6929924315724794
2.48209098417046
1.245160047155278
1.370211338996118
2.3495435888117644
4.26364818563785
1.0055721967937665
2.3328319802875703
2.782270891046793
1.6847866808729028
2.0726031547724024
2.50859767187341
3.307152159245974
2.89706541518863
1.9360032968460688
2.8766466769608687
2.0101090686045056
2.6794028717777305
1.9333091239633682
3.0385334723509847
1.4905191290777415
2.7028106405758656
2.1631965577215624
3.6485151647337455
3.1119023055738864
3.2270920920069206
2.1772174096358246
2.634989638077723
2.6016900480932215
2.5759058432875364
2.633406075007389
2.9321630682896025
2.7072204897644547
3.0203118734177132
2.7002188896519126
2.3430251314189436
2.531325118368482
2.233211249835168
3.1613537268449576
4.384005929328941
2.2369518821976673
2.1840444519916806
2.9186557480191477
1.929782653666162
2.883704148483702
2.340203957784804
3.1043160184274745
0.5882147802351041
4.158516752518917
3.0995572134278846
2.521564722341039
2.188899188647026
2.9585916985918828
2.3157300719563025
2.7042543877771696
2.639284515426362
3.916736451618367
2.058152289942793
3.1623481655273866
2.321443636990942
0.9626571785057867
2.0109174375030263
2.4216523246700525
2.9133922132652987
2.6090712994657346
2.3694329346178096
2.408584437004775
2.5525889191363085
2.6437361079204655
2.1450566525155406
2.6435416405560455
-0.6365723591437185
2.3569303246640647
0.4674210168608264
2.890943520707573
3.0167577071153446
3.1437965581394187
3.0799368917312977
1.4707115862954483
2.2551440139869787
3.641406322615862
2.5012040934888113
2.1075459653189608
4.887210537814243
1.900050390386154
2.3429988795481647
2.5691924052280193
2.156665451323299
2.6559624177819527
3.1151990719921834
2.8932891800625233
3.3140726281825135
2.548891503670121
1.649908663125048
2.261746811509018
2.4898138080962946
2.6602621378450615
2.5080396567315795
2.4101152463159026
2.416004853590603
2.5426514555544393
2.162661852264296
2.7846404210731035
1.8330341755595758
2.8418574926315783
2.803202143090063
2.7641613801105875
2.0191944504904384
2.847246278297173
2.653255632589616
2.475102681223103
2.0019781252963105
3.3387890661552126
3.235416522484116
3.2898619586821254
3.33075758657672
4.1800731273321805
3.462789872847339
3.354953187748508
3.810044734858253
3.0484603547620615
3.8141290988101257
4.170167424988867
2.428745891970686
1.3623004283995548
3.435303155319471
2.6562087702981643
3.3764934857253808
2.2529336490288534
1.7110292149666688
3.6663946977469757
2.790660059279453
3.580071988685102
2.650861198324151
2.142668190875718
2.4490381299372825
3.2361995952753904
2.88025929433523
2.8757921910824296
2.5499185852173194
3.897630814646152
2.744680203559029
2.482444503245642
3.705675088248531
3.8281189686359838
3.173711886467565
3.0655849490731466
4.410097191814451
3.683752198531643
4.093737197611376
3.599359446673491
3.8231603566546317
3.712968989478112
3.2662614077807723
4.891579409607763
1.7582638425413655
3.5170313117667527
1.9851331827032992
3.451783137601386
2.9166722622324484
2.592404830945608
2.8610010012095004
2.4125377490519644
3.640047867509325
3.449199869533717
2.893987994022267
2.710962805222614
2.44284803951494
3.0469794526772085
3.27915340763937
2.3477727405151425
2.4712179743068416
2.886581023772158
3.603502269767726
3.796226265422172
2.7123684233900125
3.323533376018633
3.11635073826383
3.8193562959262657
3.0235845804140915
3.7608056042328615
3.367684502772691
2.4578799115893624
2.9950828671647036
3.8867502929525397
2.7873933009428056
3.495719498862585
2.3982953045735007
2.8462750850431133
3.2914711063054343
4.485656151521537
2.8776101559068117
2.436884863360907
2.408067398315065
3.445981990768028
2.478387393974824
2.6320830166155025
2.279006447451789
1.6897468805250233
2.6123952260095713
2.9464555691003422
2.686509208125505
2.6316533239917588
2.839000571748175
3.4620268021078093
1.3101718182361903
3.028428778073498
2.4871515344924364
3.403019408297476
3.0406826655175783
3.5675149755533546
2.675849849609068
3.329945887702963
4.8169460881795985
3.031672508731547
3.054113358697345
3.477027122019225
3.3539072127641534
3.611289570518202
4.074705296986153
3.65581986658139
2.501169454741258
2.606702555325886
1.1060532186318521
2.5981501365137483
2.783256678367944
3.35401631993099
3.236499615645526
3.2246394583808256
4.203463461713019
2.8488434031637366
3.060169283158295
2.6346372314912405
3.3875076683962817
3.2687636376133726
2.5673809284937383
2.5871814353426656
2.5976301675172
2.5871814353426656
3.065128681905367
2.6911397117006
2.571523191821029
2.8896258987577292
2.0443058987621487
1.7435867959548588
2.8917499256083916
2.572645998950565
3.2704761640477766
2.7200272902956337
3.475568047120155
3.811052336047811
3.0252902674562967
1.7735541391748995
2.6212337207940184
3.9935813606838932
3.7170566723107514
3.5674922004863303
3.053710512233317
3.3665584079246886
3.208320678334852
3.609289110025686
2.8807893617678855
3.8564491080447487
3.386719874466314
1.7445856651766432
2.9511347400820123
2.6937315955643304
2.527279931611326
3.005420796982348
2.7445055033210646
2.863412261147498
3.49898929864001
2.8989380285736646
2.483170974928618
2.5882297140172366
3.186804621496872
3.4805551311837832
2.130630061824738
2.48234887411227
3.5561399865235845
2.8846620833493617
2.825400909013891
2.56805028545076
1.7430345848372615
2.5552180950284167
4.655275051923056
2.9585178375888947
2.365868812028179
2.6136561265603224
2.5419819605735046
3.1532733705647447
2.587035916797916
2.887147318906172
2.013616930894142
2.757869661048176
2.441296636104886
3.1597778589063994
2.933671282779815
2.9217748010597697
2.894963316453411
4.7028333679177745
3.3483543626725734
3.432808035167955
3.3644093156584383
3.47449377212258
3.358039819310111
2.819886545558852
3.19549635108259
3.618248070858642
1.4952178335383177
3.057806240982189
3.475386059190895
3.3634125698018473
3.1548494126044795
3.16673010126195
2.2924004799293343
3.053443757663476
2.973793783886384
2.441594465509262
1.7887140515793312
3.326057004041314
3.507670468701153
3.406710958957618
2.864040078924764
3.4779148592825524
3.3719322980891846
3.309472019630826
2.9579862868217117
3.69548323963263
3.3846473121260945
2.9175024362552535
2.525562564276296
2.7829326989639003
3.2078641212821495
2.824296073585352
2.8874760999837097
2.99283820475367
3.2139616671163487
2.4386003940645407
3.781803927300129
2.814253218340036
3.6315610848119055
4.098867937154666
4.065430174255881
1.3595829916863114
3.3107924923265855
3.499472755109569
4.216315313495846
2.5146213275618114
3.446808402276397
3.105390843146695
2.579222410975853
2.591335197910696
3.2047689370501575
2.5626771187288213
3.9151815252506985
3.974351498321667
2.967636742826467
2.5396966307093547
2.9501295073771914
4.023402877561609
2.939075938655861
3.5489678878424455
3.6191581092601735
3.0798045159151135
2.9708316104979144
2.758342870297416
2.5849701558371274
2.446285804653304
1.6709188945302784
2.9183193703056265
3.055511499165874
3.367560879887741
3.6368063437716325
3.549882675587497
3.021877238840225
2.5151436573757353
3.485684196510287
3.2109973103743883
2.836475596552837
2.439437057570774
3.3203947903535154
2.635752991559755
2.9634286383225774
2.777365237739388
3.025978264925489
2.6309408754586463
3.6405516685690102
2.9444033312951365
1.8792868649100294
2.4044847431829233
1.795936708744478
2.775083346033773
3.1280208612046057
2.8508427130605742
2.5332456347917653
3.6809609540544703
3.197977229213997
2.6220904473370887
2.318036084381891
3.0466405274946218
4.501152691366065
2.3656841046026607
2.8855468889287117
2.853817690458562
1.9364926294235068
2.094708865300091
3.419266374676459
2.923797343222076
2.9770206410538558
3.420741715038574
2.686882452354448
1.7165378400043325
3.2137600616652717
3.462353347001085
2.616189406173789
2.4491472001625922
3.2516094751691575
3.6771007428924225
3.261533189692915
2.668124462787738
2.689760059642991
3.1503603137243728
4.1398899022640965
3.092238433927046
2.994594154618604
3.382384758495859
2.31942713964062
3.25605922891018
3.3252284727087864
2.6226884520840312
2.861036732394023
3.5839655278719764
3.4945034156252603
3.889353736127389
2.6486835948749796
3.4703809457682278
2.606184897893495
3.182173866602546
3.4055221422185724
3.1067215156045362
3.645495458524017
2.1788162396488957
2.9591827681341405
2.3700728317039226
2.611172462532608
2.3831603738600315
1.575896414680778
2.925170890542773
3.060683500736805
3.1939486643825172
2.8566065476713383
3.329224815877778
2.6175303099075653
2.6959495931070054
2.20817643311931
2.8224357739273467
2.920076384770498
2.3709813779356685
6.17149273427759
3.462788731305021
3.1203143886000277
3.340345132295586
3.252757814308609
3.270375438411889
3.4827660860284313
3.3143033661021546
3.098661727923712
3.4216671341952276
3.334833700787781
3.49684899819209
3.3492396096754478
3.0892211960073146
3.198146382688341
3.191030217625009
3.1364113700489864
2.916693532036856
3.1040650739340707
3.200781706631194
3.1728605431154593
3.058862918141099
3.1714389567803614
3.197907698132682
3.2080160572441097
3.194364444896486
1.7030038247228019
3.9287544092894215
2.9840042333605923
2.997918627328782
3.1842068926525564
5.161401547513313
3.799769979999845
4.081182612627658
3.7117486259489336
3.385465411670885
3.331155055423511
3.4341371230183397
3.756502333587483
2.9881666504463777
3.5275314654512284
2.9090653129081776
3.0162440950068596
2.9760890910108
2.617789976367861
2.542607574309016
3.378127543996601
2.1723089450252964
3.1607995775898092
1.5960228961415521
1.9993048713968715
3.163366108249794
3.6962904520744777
3.867362544096669
3.092506662786759
2.724972912070712
3.074514898456515
2.9835729804466244
2.9323331385061318
1.7488402531768399
2.7934838817198417
3.3940460282881815
2.5254595290984367
1.81221874917152
2.5545776296738323
1.14704078479392
2.819656893988365
2.9839104799169354
2.9672433005035064
3.0774722953544096
2.496129693731464
2.9536397060298984
3.016170594160216
3.1917633158685814
2.8683549879438432
3.0782148131447733
3.1180581587709595
3.5982921294092396
4.240953817252005
3.0940825480849905
3.0171127213068623
3.1459796323154485
2.2117027054855085
3.4266840433344687
3.6192350486706735
3.3676522729164375
3.1857896004569186
3.0603920490194474
2.7007620919363102
3.0313308586890244
3.3885490183639
3.0226842880359603
3.1002717813302496
3.6747003393852427
1.0797350688470464
2.8640780327524906
3.8308930097444196
2.681262403940842
1.880155526110749
2.698179333124657
1.8752158213861434
3.940647252557027
4.259357311530902
3.31130511680578
4.021516617448704
3.72360910271973
3.1806062986044172
3.0638793248435467
3.453610695527119
2.2079757573461487
2.6790788629945514
2.5864659138788446
2.801851687779223
2.9457615089318194
3.0563566108950875
3.721302208803051
1.9483451476895262
2.4758179790196433
3.1099531360699055
2.6051193345868597
2.6978969458830067
2.6107156492935055
3.4611641717129404
2.5229304656784146
3.4189009913856814
2.366100024162076
2.958382832712236
2.3601122926623175
4.173535834903753
0.5953813408748427
3.8132623270430352
3.153258787271031
2.792800933974994
2.701453879464205
3.2921062497613907
2.552646392211718
0.8049009366617896
2.1090036480938283
2.21955936023999
2.610562678152087
2.8879906058741702
2.1764645738945747
3.0019418464579206
2.616335979470039
2.1224666981505
1.708652417185219
2.1302296187638627
3.658652775341107
3.061785868113612
2.6293270670905757
2.769302556861683
3.229690570114561
2.438450652019229
3.5524436453775383
3.142973036524835
2.692776977485082
3.388839788204392
3.6933284709407213
1.5690557573110875
2.3674384133534305
3.8865026644213883
1.824566941757836
2.765729175880902
3.0505811005887344
2.792005934993582
2.806983067792934
2.6004481964097126
2.8577414414971893
1.1341237314147679
3.2750260885869005
2.4976854725696667
3.086980912033398
3.7460690093034645
2.7807203283710176
3.3863763311333503
1.1819261754884949
2.0333005063585894
3.480763087855772
0.3950345298982052
2.4955728908226926
3.094165059021729
3.0258470972248785
2.516662556536591
2.756052909971381
3.2857928072745874
3.0586402918659488
2.9351332882405616
2.206343221223087
3.1858712536166123
3.8366981681378935
2.7850337531706266
2.7481540919961343
3.539020352026281
2.0343152708246235
2.3353919027536008
3.5676531923681436
3.367257106820757
2.4552605535538152
4.284488144837533
3.338266814118372
1.9089453618061745
2.603421437672859
3.412828949188589
1.4559191824649045
2.686081414874453
3.2318919319559463
3.511749344351896
2.99996412373902
3.2068319718150633
2.756500655671402
2.6013388022381205
3.281347687711922
2.48310659864057
2.7290107654077143
2.9794217351337315
3.113112388907984
3.1642351060925926
3.601743009027778
2.4888368298834864
2.302270494076393
2.7013522788866
2.695666085146004
2.644128781900161
1.5942328349281683
2.320178171986848
4.460664956152012
3.4982673097621793
2.6201653836892103
2.658566460326107
3.5587098105864508
2.35703833640303
3.2934788004875926
3.6678125613283057
3.7202648286174367
2.7864370078511054
1.8264550156813875
3.942212827229373
3.176019256524294
2.4135687872416343
2.4328914109570583
2.051344202690373
2.875057156785429
3.0418794146864667
1.0578202180311795
2.2566818783260834
3.745198700757358
2.383339656699522
3.4661675403632235
2.0629265773074876
3.362978114480247
3.343534197823927
2.6523420020645543
2.766340540855595
3.810344804434162
3.0383539242733786
3.554181781799606
2.4460201029748148
2.423724409085727
2.1332852576366905
2.606051753357296
3.274182490365143
2.384258944013871
2.6866672671649767
3.850070619898517
3.320720069527937
3.018212011596285
3.37828955956275
2.799047269222671
3.884090152953336
2.3961408701135314
3.0718935794093207
2.9606498082539643
3.1610797889406
3.377755818844974
2.8475170420629383
3.3496365584296153
2.9093948890075443
2.0803703085471783
3.4419168862638916
2.7962981854744173
2.9261738872524536
3.7973739716635366
3.270212290571598
2.533258859705422
3.1281739252512635
2.42580786487575
3.064704456913989
3.407577604854124
2.7442691208501615
2.86601998944357
3.6283740080933264
3.034105155734867
3.230644573654156
3.140025546482182
3.82438805320183
3.713487789077172
2.7748932348132413
4.69798518812137
4.16311207124282
3.2438623119068732
2.6814673103811817
2.1849967335452636
2.437166626273058
2.432170071097215
2.5898769173863
3.6216601864437403
4.988062329580524
3.126184744780593
2.4758633730426687
3.4139170813563045
3.30759226654637
2.7684327348114337
1.8120087329732917
3.273008232953303
2.510532267161564
2.750063300283498
2.73979943495362
3.9943105825219583
3.335712405545042
2.6916887281396655
2.8629062814471355
3.5220031721193745
3.7941289975307226
3.261787014311521
2.861456053656465
2.4446172550913854
3.003924541662867
2.382387230593412
3.3162490805549147
1.5893641213066576
2.411429640929765
2.796239474242955
2.433085231119938
2.5814966568594415
2.081255488861577
2.292119741372054
4.026941481747132
3.7673750186407253
3.2284329834492542
2.7299781648277253
3.1572871571456855
2.613192800383826
2.416842533438693
2.582864528529503
2.3120728616981654
2.6165073406943384
3.1380261008284585
3.73308529706608
3.6415684203018346
3.4184678045026606
2.7237421353401583
3.416835591296997
2.326365198101059
2.652115625198411
2.922917869563514
3.4356498054616575
2.3475728065100716
2.5155217972618575
3.018536230204436
2.963381796986268
3.0002338507847712
3.044743780670099
3.1936220404538043
2.4568876337617986
2.9939373628918484
3.222922047243921
3.152302968835793
3.1358756650577417
2.817344447771536
2.626613727928358
3.0934850831835137
1.8807836695072007
2.6012943921419214
2.750438339926353
2.856630155503534
3.857416391547925
2.704376326731704
2.6417768583518706
2.1935025192272777
3.188588225259705
3.6980587345261746
2.4266880995952844
3.519151433518762
3.143248912193518
2.548640836536703
1.151074648287682
3.3396093612269824
3.7508040801119016
2.9385569657342927
3.244688130100837
3.4382767910734975
3.536162832147977
2.6150986704972983
3.467714954325583
3.352393908672952
3.468166891361893
3.663533480007855
3.401324091030097
2.566976900813075
2.624497822387543
3.6271024798869362
3.831934051088517
3.0801241287370864
2.8351701218136935
3.7051464209270506
2.92254489994313
2.691466107441888
2.653677719208873
2.6033315423612255
2.8167125223481464
2.445098363972947
2.646452482505221
3.4250849007396456
2.934372489808734
1.5577162318040771
3.402115315326519
2.687516040909097
2.780814452367945
3.0044392781720566
2.906523356288489
3.064199233041605
2.9766364238256777
2.886438090376966
2.6129432164422863
2.369496958291768
2.7290130635833423
1.9900434402980647
2.2404648089123613
0.19839188384676953
3.6622935893791815
3.3110186358427396
2.726404420916957
3.264687462700509
3.0463397448663914
2.922181428159668
2.4987037914456782
3.6950640331774176
3.042504068121482
2.892209036107772
2.7847531745003917
2.921575850045996
3.064204222311632
2.31481485969639
2.854931915943602
3.443986054348002
2.8378310390081976
3.452883625216951
2.826078081778124
3.1653784296037695
3.754744826286403
2.3491033170757345
3.097015178994792
3.2042402135447974
3.0900002825157533
2.4750278428019095
2.6548120686876735
0.7458401765457889
3.367318393900913
2.932611857408978
3.2481333116236515
2.994441000108016
3.4871466758375123
2.8216457863263966
3.4401725267289764
3.87223141442686
3.1898790832704402
2.957315838638367
4.549592217698954
2.703415082152548
3.375618290323115
2.809033089252889
2.4621558118601143
2.290539606304574
3.1030004989029316
3.5031197329743873
4.27111138766874
3.3041909257777613
2.8743115668812393
2.6327260425729637
3.0790120026270973
3.6306848092788924
2.1548026998864445
1.8233215274495536
2.3873161873362565
2.997694238069795
3.196141609112634
2.3248851693474513
2.5234347658769574
3.205071602507492
3.465754840776432
2.7297280068084153
2.7402429443898457
3.601124128687077
2.3019355609293757
2.9890036481498403
2.8233603305625277
3.7787261789343027
2.4797860688899784
2.5436519425893196
2.2744575822425905
3.1420784761831952
3.1999058829579297
3.0121300415260426
3.4173267189446768
2.8879058132667184
3.6177810074450334
2.9972780341356104
3.4630367313921475
3.9156567666191577
2.691096835621186
2.739925880948957
3.5565746679073476
3.3594768566236164
3.1403995446769213
3.391863732052344
5.253239104207802
3.439127564031046
2.9473904917346587
2.6130457217175946
2.100958766318741
2.737262921854506
2.18411890580597
2.5215613461601656
2.7127853800108785
2.5714247719532093
4.813135679267834
2.8484630196200897
3.176557247312627
1.4640465123590802
2.9332985567418786
2.428892152912349
1.6043981049352771
3.791795267523737
2.4407621075143098
2.73017053944382
3.1819879830287534
3.0165045861989452
4.046087468282529
2.337326568504143
3.356128635574728
2.115902217917414
2.854849924644284
3.49229756590943
2.454655186134766
3.1741781202157284
6.867012088007987
2.9507923682631696
4.118045093207424
2.6801636444632164
3.0071212697230245
1.7243548373294484
3.0116921168463575
3.0218727657779394
2.6121573013021737
2.391367467543406
2.4534939415680723
2.8929353003461022
2.5607798363290053
3.2083483023339583
1.8437396938502992
3.115594134121813
3.0906463921427894
1.024318666592715
2.224883558687708
2.8806274356302684
2.6076213016562746
2.237609029136125
2.9398191604306163
3.52071720900753
2.943279624572615
2.685624251107316
2.713704097844616
2.499076795207934
2.0843087902351827
2.3408438133861633
3.1502533252372844
1.0991167997492262
2.9651481153482395
2.732386185763742
1.8870147017943073
2.198601235791223
0.9171783076863449
4.14374834912274
2.621677296837284
2.9050439316245114
2.9806024529629687
0.4548117414266577
2.456279754097381
2.9373808903237832
3.406876875249072
2.3456016250991394
2.68352417880928
2.2128079634370392
3.3880034378888233
2.9336522481661085
2.7569471679108433
2.5602692316820477
2.9248403273240133
3.198818895146414
2.523005148431646
4.394287431755464
2.5464260991465264
3.056027984348484
3.5237549921278033
2.9029193910140823
3.262680932617017
3.132518464564979
2.5552643325474027
2.3547796122691413
2.950629959830806
3.348355057717824
2.7215542460485715
3.605902504025016
3.031438798455256
3.4765709696455827
1.7310837397965493
2.8296485744702675
2.469945638585099
2.853373550974196
1.6339315243561714
2.759291582441092
2.9180140842631235
2.753849664909863
2.675058206885455
2.592642912578061
3.468797770760057
2.527186654977669
2.6261103164477366
2.793421847914169
2.828846907757023
3.034176171261598
2.205066879658182
1.8899843765985613
3.239915813161072
2.8494483632106404
3.1915416229078266
0.12476028214059998
4.727467517948885
2.4035974107927656
2.8333801535105736
2.827371206587994
2.529365413889859
2.7689168838092777
2.7797901072632616
2.7185770668482574
0.21050689596426952
3.440080585938868
3.0205633906283427
3.2679497252918903
2.1530611884823405
1.7866224971430311
2.4056418630808336
2.0790464292871538
2.5508467957205743
1.1936654362734054
2.8006642841172424
5.231945231355898
2.7477439852483805
2.1167410454467137
3.0623663212479695
3.2424016711717982
3.1752667112066586
2.6729457000763466
2.955159959718991
1.944201244271921
3.059522925360567
3.807196233904391
4.037189210700582
2.905046228416993
2.701731238045882
2.5174335552257334
2.9118918815006642
2.4984022248462936
3.9997758967071144
3.353475529651698
2.8540684130967646
2.962879340900529
2.3126585242867392
3.6901942208346417
3.6342623770578966
3.470810288870193
2.7160562688579164
2.862305687841623
3.5995569400318077
2.3970421666402513
3.5376298726179987
2.5330780953943255
3.221234576384648
2.1180978178004106
3.1179902854898063
2.9017457166451344
2.9401134904479904
2.4147033807597067
2.158349903038517
2.1714528521418472
3.121027976187934
2.9298450950648958
2.990396499116071
3.5287362083658813
3.07827216623317
3.422604198411795
4.28748561634601
3.351020288840919
3.604897400798899
3.368900659675332
3.150288043221628
1.9281199169209624
0.9897210738254771
3.4171807869380624
2.9320646957999776
2.8095978608384993
2.6153598992719087
2.7368913969936846
3.591209417309277
2.7379845172694046
2.4894853090168474
2.2076346132162947
2.056502435619786
2.1689346240316087
3.678558134635111
2.6598700378861593
2.7613108098459422
2.675472901981327
2.838639881082938
2.8654290012276924
3.282709433360263
2.470099967740748
2.535957705713999
2.6317331309330534
2.4328158876554418
3.250105088638189
3.279152569247927
3.783794149417842
3.6691292797298485
3.019757827479863
2.6657644809840852
3.990000515982259
2.9854712878178344
2.1237759518023593
2.1887617825574304
3.9612643261480356
3.433065950237414
3.101688446345918
2.4684645809306556
2.4389980925948334
2.3082379626953977
2.3482208183023587
1.9138899313321005
2.013609844668203
3.0969236225791454
2.557163178703936
3.5054601954439524
1.9038709629680992
3.382490158785303
2.835108433599709
2.4051363708515465
2.9534516280839402
3.5072275581083057
2.310347962061967
2.625952448541985
2.7031569402932023
2.331037860368661
2.2034831928076217
2.302275004885565
2.4174428962849857
3.150172859214178
3.62513581530185
3.7371024324802185
2.179541602892685
3.081665282847949
2.613866053859255
3.5189192054224065
3.102630674251225
2.8827047740611214
2.248739027705694
2.9695689081070573
2.4960954490078224
3.0898862697958904
2.2085135786708108
2.9140476916347606
2.4294639839844456
2.334365856491286
3.05979542112605
3.2428808756167182
2.8180240546409183
2.7685060611976904
3.3844949091539007
3.2961655810278145
3.673004823363989
3.1157712034330194
2.5961421547888173
2.4274263345349367
3.4036278275296454
3.5360381231464775
2.2046994009325056
2.5649673512899143
1.8531627757824312
2.5233391916323633
3.027855460123073
0.015294984758926322
1.852877438349151
2.712696333067407
2.6124341016077595
2.299219452994221
2.9882207789345805
2.675862838521496
2.851557484355724
3.1910986051847194
2.445614866015398
2.8800908655469777
2.9156386201430515
2.1531906170749715
3.0940167537431145
3.0506090528069167
3.326235459574095
3.413075763262336
2.378787955256068
3.2034783421598227
2.315991053119399
2.6828491990502426
2.791148197179314
2.8381538391573615
3.286114470229689
3.4943012711170276
4.135761396198163
1.986806958355265
3.359801189335189
3.346103437607418
3.5387978645712144
3.1000325817449377
3.9144370032496374
2.755766739772298
2.500303758898968
2.5357836077311964
3.518125992231897
3.224358235348903
2.825196324652431
3.4760047366424094
4.029196322984888
3.5574784282240235
3.325880353672166
2.819772665460558
3.2422092955303805
2.333766264445957
2.712499288246514
2.87518511645617
3.4172074890471373
3.0362709161759187
3.1455031448715665
3.3231330783258026
2.300531895598077
2.8311127218825187
3.2529983601286254
2.9687873711828514
3.3183743175440994
3.6669782050513904
2.160304181398003
2.1938487398190727
3.601319137197657
3.561300300893347
3.053501203080837
2.8414121369796037
2.6900147820915166
2.100011158027266
3.204542981764093
2.941332169532347
4.124369322608831
2.7566181593667936
3.507616214244308
2.816886564520242
2.999967763548004
2.759245968876616
3.926787013500098
2.9956646694704254
3.64166768619254
3.1441197197552033
3.1633153304571593
2.9498718884553443
2.873064791030307
3.196066150907899
2.450876556924531
2.71709541725714
2.7271850620896654
2.384389603275698
3.1390457425395506
3.83749318184577
1.9239350946507923
2.1825444143243247
2.435994477791633
2.435994477791633
2.1530232707742027
2.3923092300529873
2.0383780471223614
2.005070188035984
2.090328973769378
2.6784479628466262
1.9149810704393269
2.0493960424823507
2.05751374549083
3.213701933873001
2.675624209529268
2.380286418295622
3.062871024881067
2.900539065034413
3.525349956816756
3.674564655059247
2.02548302755571
2.931218866801097
3.0070500689202166
2.30337052839024
2.937893703963589
2.5641748226094787
2.78302661227701
2.761064290165264
2.7302937770381277
3.1254228245871323
3.0333278798625347
2.826606180948702
2.9670464929148013
4.115690698533188
2.9280933358268713
2.987414196741418
3.0677538902574097
3.593067332707415
2.9539781095405484
3.31993898803527
2.215919199568317
2.8098579228534257
3.466371601546055
2.80949867893548
2.941705707319046
2.653368690998008
3.1537503072675714
3.098910795464179
3.5228239482077934
3.6187078127022287
3.369399867136793
2.5062538732094923
2.6874460164680176
2.6437788638355286
3.012717818204161
4.511737492379616
3.046911772267447
3.118970156475426
2.613392910105181
2.857741016850333
2.539018499892803
2.186453071533519
2.3411369359525724
3.2980644679432407
3.4173265725522426
2.795323903498421
2.8544702352398956
2.7423738867476386
2.985987601108018
3.9219676411313857
3.876839204358344
2.8279123155631063
3.6644955293830748
2.90184410353151
4.051389969528925
3.4476222531185816
3.534559828491531
2.7903704195201646
2.9677441829753066
2.775196285372805
2.7253737356559022
3.123141763711514
3.559390595251601
2.9801011636155255
3.253927013873287
2.741176954578464
3.2593614264614637
3.4115949013441726
1.1735580027701304
4.132236121136835
3.049176245617581
3.065782994660883
2.5440891101077843
2.663583074835694
3.990422563741588
2.378563617452866
2.2535128275027576
2.008511972678562
2.7300166835953394
3.2114822281951434
2.7729440533062495
3.195608502995331
2.3359833559473864
2.93174539459647
1.7609073624521736
3.0252591950511
3.3124617675831973
2.6880761851464894
2.82990230747004
3.9730446133752
4.271656795141201
2.9011301056872862
4.429693112835148
2.1444283058924953
1.9486589596473056
1.8663458890412081
2.0184943266885687
3.2680835181948646
3.3377813922792074
3.5060702064475295
3.341046581141949
3.801904614465131
1.517587677775745
2.418097208036482
2.5425887987041
2.9832211702206077
3.458085958722892
3.552932895817325
3.514815786770558
2.9627307426170537
3.2659153421675393
2.3427296747840884
1.3590738377825116
1.7059007350344062
3.342597380358429
2.4660989379950395
2.4841490587056323
1.2445277944245685
2.3099728531468915
2.167253310380395
3.921760012704085
2.9088665608174216
2.583822375123753
2.71784586582
2.8310051793583426
2.057109457369301
2.914038029896902
3.16155710112527
3.2190760617289382
4.006434013836492
3.4038363211165334
2.115025520086953
2.094641965355234
2.2800284236831665
2.185901394551922
2.235022742097401
2.1461048974484447
2.342614035404881
2.2079320271963736
2.2889314792791544
2.2290757026458654
2.0596419159781827
2.1640698184833314
1.868279465974306
2.164829207443846
2.086717067898525
2.0743949610773496
1.944202525517166
2.0546459301083355
2.18834005853449
2.273867490640956
2.267974578724088
2.1197181774738496
2.176032666764946
2.1948910968845348
2.097444225228027
1.9666634885474878
2.1239028370321344
3.2187631733466553
3.006372597012736
3.4454656746995336
2.6975580336806946
3.830625019507224
3.8547645380851514
3.9749178169973702
3.7704191066489026
3.340107092959187
2.7747915612452787
3.379526850908002
3.9011411012363113
3.4931905705403232
3.5512385719688893
2.8871377080311715
2.6046057920979804
2.164614298912094
3.003551096978489
2.1426793991636974
2.1457796870995174
3.6427727175466877
4.38576595754273
4.106860824375324
3.264345151277622
4.011652517853092
3.204210265408941
3.764175083750045
3.694688208073955
3.376224173079955
3.2180255519770835
3.047698464478265
2.6571419773756895
2.714384338276644
2.4447841440150055
2.6466485771159043
3.5306574577850935
2.339002982039295
2.7023436528886164
3.5723544541172374
2.6149554972299214
3.374811558727041
2.4287860929889495
3.037233871958407
3.766911271056251
1.5073023561465448
2.222883397943842
2.084186437884233
2.8149515023754805
1.8001939407541965
2.41191720682113
1.9323072976227178
1.9811422877559826
1.8405840486226084
1.9807691990172946
3.63749565876914
2.29156410065082
2.6048605134426746
2.7288699529893576
2.609396587141535
3.8376927582109026
1.9805095746132497
3.425754995352639
1.611128210442633
2.280327598871533
3.192586289909412
2.941438490320624
2.994598740210079
2.038551759602957
2.536309841217135
2.8214512018811693
2.650885223287253
2.9794911418820913
2.3038728636434893
2.792604481422525
2.193715179049052
2.673935038853277
2.547926732650448
2.7827848314098813
2.7379348954571734
3.3006673391936405
2.7421485429935517
2.4096480277332066
1.7929802774915289
3.1434163056184934
1.609416757380122
3.2159073077412925
2.1927313480683517
3.0639980375481453
3.5512348723026106
2.5127129609002576
3.639181737712576
3.7528846224534798
2.587410715694813
3.6606907622493723
3.7239539220039917
3.18284735343465
2.5641502210197005
2.4920850726041386
0.20835313935750222
2.392623465159156
2.5497137713448144
2.4339847668235133
2.8383530871132834
2.9902048898260305
2.414006334460224
3.1816415668399767
2.5397824179503847
2.795250480261317
3.194776673670489
3.377558296636801
2.114003411516569
2.6046870239306097
2.9802907618125345
3.0959639453803356
3.625905434766938
3.1441699965483982
3.0426532570249747
3.2262594582999107
2.868496141653031
3.0400811709598745
2.978152306187129
2.4468935169973385
2.2830827024650926
2.807545773688401
2.4260027725383724
2.328195402176391
3.0815800216895926
3.9134634347613155
2.3164205469305195
2.252422126210672
2.7058065660780417
2.1727207872444367
3.4687201566626125
2.375155066384986
2.9981236027515856
3.701482672978174
2.2446111162001006
2.534001347621596
2.8211874257796956
2.3728601784494545
2.985897181969742
2.9039592735794386
3.209499433523643
3.1371794907303556
2.909272029302211
3.0999721422312487
2.234696715141468
2.7920883696020797
2.4061312880607444
2.3715072986745867
3.0265134533664546
3.044587424988744
2.2834934504245887
2.595837258382783
2.462564696473417
2.956298817904161
2.9319453587282873
2.656091887728699
2.8088444012497225
2.945295569113615
3.0944602667673293
3.1446828259830024
2.071350563722335
2.3465071341213295
2.661170952872047
2.7707858968613532
2.7708487988359622
2.529319846668201
-0.5050761696449082
2.596361960146841
2.0121935044141077
2.9412104873716793
2.931564611888637
2.4662258805421593
2.3236433474458256
2.296914107272348
2.6437178234515137
2.857935563499883
2.9193414860161693
4.463492726082109
2.748762667599699
3.0382825203722903
2.5435154899615
2.233138863681421
2.342690851308269
2.986243480658579
1.7480252635474818
2.338767616024561
2.7387433439076263
1.4978529415161785
1.764576450966275
2.294595319954051
2.233405624273991
2.562369423050019
2.537791929480394
2.452470219139267
3.166762145388143
2.5559839158707054
2.607513834955587
2.776879081336052
2.785539780835771
1.597475138315807
1.8538631370158563
