4.5094714
3.4616885
3.6615944
3.4094143
3.324519
2.9688706
3.8481658
3.3737922
3.1389399
3.2403932
3.3754938
4.591851
4.7027907
4.2857594
3.358801
3.7363424
3.8980236
3.4194968
3.694666
3.3630955
3.4135742
3.2603173
5.261472
3.4129138
4.245088
3.195978
5.72698
3.770526
3.2609076
3.4078379
6.033879
3.5718026
3.056482
3.864312
3.3441372
3.8493934
3.7867553
3.4962327
3.4820552
3.8537087
3.2170246
3.7498617
3.7863786
3.4135742
3.3497403
3.9916394
3.4502344
4.561435
3.5334272
5.1290417
3.5766795
3.8858795
4.738298
4.157048
3.6449864
3.7698123
3.5528858
3.669755
3.5808017
3.4664073
3.680297
3.7991226
3.6294363
4.7903724
4.041649
3.5412133
5.308776
4.0002575
4.1844606
4.4934206
3.9521346
3.666904
3.4716878
3.6615546
3.637157
3.32737
3.6176968
4.5006876
3.72917
4.145156
3.6583662
3.581188
3.9378097
3.5528858
4.474943
4.9229903
3.9272451
3.4462254
3.5888624
3.7854807
3.5353365
3.7314386
3.6379879
3.666904
3.5171797
3.2980788
3.666904
3.3424735
4.334985
3.581188
3.6517985
5.3109193
3.5009048
4.433731
3.7358775
3.4392884
3.4330997
4.9463906
3.5088637
3.581188
4.211149
3.6989288
3.8863494
5.7134814
4.337023
3.6318245
3.6104639
3.6105556
3.7333124
3.5928366
3.416907
3.4453743
3.488915
4.22881
3.623485
3.352437
3.6198525
3.6311045
3.8792963
3.666904
5.246352
3.6666903
3.8344846
3.3470383
4.0319414
3.5176814
3.6449864
3.164391
4.329593
3.4832006
3.5500624
3.6105556
3.6101804
4.586606
3.8138895
4.164884
4.0818033
3.7028587
3.64249
5.3574567
3.581188
4.081434
3.3199568
3.9662924
3.4332128
4.285968
3.9474247
3.6176968
4.1717825
3.4892983
3.564049
3.6567357
3.6021464
4.208663
4.745687
5.698064
4.884349
5.0700912
4.65188
4.6049194
4.7733107
5.0813694
6.9651723
4.65648
6.269155
6.6616745
4.2620125
10.638519
7.382438
6.890885
3.5634282
3.4534755
9.360581
6.657523
6.921279
9.381786
9.662454
9.1973295
9.699359
3.8227167
4.66351
4.5567293
6.8894744
3.6253974
4.239271
4.467993
3.900857
5.004449
3.6793883
4.418313
2.4506464
3.4708881
4.1126523
4.682082
3.4502344
3.7187853
3.819082
3.4189901
3.581188
4.7410774
4.193289
5.174768
4.703005
3.9161758
5.2562985
5.9993753
3.351129
4.5423226
3.783808
6.2131667
3.846377
5.5380993
3.8936512
3.8253667
4.082061
4.729069
4.759165
5.6230745
3.8840494
4.1388474
3.4407172
4.091751
4.9419317
4.140275
4.4718957
9.7062235
5.904073
5.248874
4.082061
8.143017
5.1912246
4.7337914
4.9144483
4.4701996
3.8579376
3.0157769
3.872193
3.6104639
4.6548305
3.8330564
3.6241388
3.7572122
5.0960193
4.9574175
4.140423
3.5030994
4.8740997
4.3943567
4.1000705
3.4930532
4.0161715
6.3188405
5.189504
4.582101
5.6664934
5.1294017
4.720427
3.6300626
3.3703713
3.4521062
4.4113746
5.365141
3.24315
6.3586054
9.360581
4.082061
4.01952
6.3682704
6.212437
4.141959
5.167878
3.3265486
4.5329313
5.27563
4.3896294
3.6799536
3.566823
4.120202
4.7210174
4.252262
4.7417517
4.0590925
3.828897
5.1029415
5.6626883
4.036807
3.9537694
5.9236445
3.4576647
5.1943173
5.902692
6.083262
4.9678373
6.1440706
5.1333604
5.5006475
11.992177
3.8632338
4.4738617
4.727477
3.8345482
3.5082386
3.6983132
3.9161558
3.9609103
3.909881
4.0906897
4.1384115
3.9426522
3.3279169
4.0039783
4.592789
5.143592
4.235073
11.466467
7.919476
6.5490065
8.416483
7.648454
9.3604555
8.825201
7.2270365
9.0307
5.8705897
3.9218779
3.3754177
4.2236953
4.127919
3.666904
4.4289494
4.546292
3.4344165
3.9482358
5.7715025
3.9397423
4.986999
9.381786
3.5940707
3.571787
3.6104639
4.74731
3.39066
3.5926201
3.1903493
4.183552
5.8220415
3.516577
7.9466057
9.456748
9.1973295
9.662454
9.7062235
10.638519
3.3564558
9.579547
9.492875
11.421772
12.322773
11.519746
4.1352987
3.4462254
11.334091
10.829943
3.5122757
9.381786
4.003972
4.623902
4.4068894
4.896386
4.972891
3.5681434
3.6724834
6.120764
3.516846
3.6517985
3.5475776
3.9308114
4.23468
6.0219655
3.8423767
3.311349
3.4462254
3.5766795
4.3218694
4.058291
3.666904
3.462635
4.703875
4.6612787
3.1255991
2.5655088
4.3104944
3.4370906
3.5609503
6.194549
4.0217423
5.289385
3.6449778
4.745644
4.4165998
3.808549
3.211715
3.5879776
4.566291
4.004671
5.074989
4.47905
5.775447
4.1400967
3.1501884
3.6680615
4.0667925
7.4874434
4.848189
5.2266784
6.9541984
3.4983304
3.6527467
4.8228946
3.9084299
3.439411
3.0377927
3.1932878
3.6892495
3.3812242
3.4010427
4.036186
4.6100154
4.5731254
4.8465533
5.080733
3.303446
6.333305
4.6554832
4.916491
3.7441804
2.9952602
3.6615944
5.0261116
3.5148585
3.8529456
3.198036
4.228899
4.0151706
4.08029
4.8576
4.626391
3.7080905
3.876599
3.8537087
4.254423
3.9156272
3.3497403
4.081476
3.686235
4.9047036
3.707997
3.6183426
3.8799353
2.9430976
3.4135742
4.3423996
4.5778584
4.788546
3.1457183
3.5166636
3.0121748
4.5642576
3.84957
3.84721
3.796835
3.7579405
3.7500148
3.6105556
3.9453678
3.1347535
5.3596935
3.3602707
3.5475776
3.7792327
3.6263006
3.9633489
4.1519856
4.177372
3.2648683
3.713411
3.5176814
4.191702
4.2029796
3.9689114
4.3867884
4.0810237
3.5540192
3.570247
3.5500624
3.7703032
3.581188
3.4462254
4.9589763
3.6158638
5.2791443
4.070532
4.5967627
3.7941432
3.8413188
3.8964148
3.0158055
3.6557856
4.8310995
3.581188
3.6101804
4.5359135
3.4955876
3.4462254
5.0438876
3.3497403
2.6264906
3.6517985
4.272896
3.526139
3.673195
3.4924955
4.0196376
3.6379879
3.7879045
4.0796204
3.3227005
3.5740323
3.564049
3.6445007
3.841536
3.9329364
3.3441372
3.6973488
3.449844
3.4948113
4.847203
6.304143
3.7119684
3.7280676
5.4539056
3.365914
3.063401
3.6275284
4.3960223
5.874853
5.1556964
4.532518
4.049158
3.748711
4.6136794
4.9211907
3.7486742
4.3975344
3.3287206
3.7739344
3.6379879
4.315036
5.3796062
3.3733752
2.8850665
3.4522913
5.011986
3.5500624
3.7660866
3.6105556
3.686892
3.6668253
3.5787435
5.671197
5.298449
3.0629244
3.0808973
3.0629244
3.7219183
3.4522913
3.3845007
3.5440013
4.4731407
3.723688
3.7642019
5.6975923
7.1747136
4.8406696
4.904416
5.5135255
6.2915373
4.675106
6.3856845
4.6299233
3.5452292
3.0418463
2.834591
3.5412133
4.1799793
3.9654694
4.3369713
3.8713825
4.276739
3.9509146
3.5926201
3.5412133
3.8756874
5.367894
4.2697964
4.5454054
3.434229
3.8132584
3.894333
4.4559183
4.1301227
3.287114
4.365349
4.4178305
3.5926476
3.311349
3.2622988
3.9227178
3.4998891
4.478224
4.153142
3.0572557
3.6844554
3.6730566
3.7837179
3.8942654
3.6666903
5.4755945
5.9756885
4.72941
3.7432642
3.6615546
3.6517985
3.9629865
3.4603193
3.656318
3.3651433
3.6491678
3.6324728
3.6517985
3.2553432
3.6105556
3.3573287
3.7286043
3.5710194
3.4289865
3.5440013
4.2787466
3.581188
3.6380076
4.8109684
5.598284
4.156789
3.6379879
3.9799457
3.5412133
3.8190563
5.053083
3.4877098
3.4370906
3.1364677
3.42684
3.8833594
4.914479
3.746745
3.5353365
3.923028
3.4565585
3.5559504
4.193753
4.7447004
3.7266455
4.547062
4.6183815
3.5084386
3.886707
4.045166
3.7511222
3.634345
3.6101804
3.4307618
3.4458733
3.6183426
2.9829252
5.637206
3.6302245
7.387916
3.5008078
4.113151
4.1241508
5.2532387
3.6101804
4.27084
3.439677
3.8138354
3.6460469
4.0087776
4.1082077
5.214652
5.4292297
3.2645304
4.6214585
4.060526
3.5165553
4.51744
5.3235025
3.453909
4.914479
5.55224
5.2214346
6.725896
3.566202
3.6206057
4.152557
3.5879674
3.5246294
5.2237167
5.095169
4.1212807
4.2355847
3.5088446
5.4376173
3.6570723
3.3908439
6.4215083
4.3525534
5.416359
5.855851
4.2121406
4.873065
4.430296
5.1323223
5.0455046
4.9897094
3.552003
4.357569
3.9767675
3.406
3.7775815
4.6016746
3.5751753
2.9574249
4.104788
4.626597
3.8151472
8.3715515
7.588837
8.018154
6.2659807
6.4033413
7.573072
3.8419564
7.988422
8.277435
4.999968
8.277435
6.971582
7.3417277
7.573072
6.338441
7.3191996
3.6104639
4.811104
6.3409457
7.152678
4.8140416
5.073313
3.4294837
3.666904
6.751243
4.2978163
5.288879
3.666904
3.3249435
3.9492052
4.156271
4.2612734
3.680297
4.9175515
7.6769714
4.37185
4.129321
5.14395
4.0502605
3.6142538
3.3441372
4.663887
3.6312387
3.516846
4.022996
3.571801
4.6006675
3.637157
3.664186
4.293291
5.3788056
4.421426
5.1144714
3.473759
3.886914
5.763321
4.302579
3.570247
3.7521873
3.656318
3.3587441
5.8112435
3.5196235
3.5766726
3.5166636
3.6288443
4.2146196
5.0314097
4.130383
3.6104639
3.8442957
3.83057
4.61917
4.730916
3.286254
3.424122
4.181082
3.654146
3.3872077
3.984312
4.619164
3.6105556
4.0405855
3.5259724
3.5862362
4.636184
4.286746
4.876487
4.981482
4.1241927
4.637945
3.6538098
3.4139156
3.739693
4.3774176
5.6560264
4.6069508
3.9579158
4.614138
3.3654623
3.587176
4.064495
3.6517985
3.5500624
3.5269208
3.2776117
4.1076603
4.0081387
4.0569625
3.739693
3.4718032
3.536867
4.1027665
3.1566095
3.676132
4.1461687
3.609738
3.4186275
4.7515182
3.6517985
3.482616
3.6517985
4.5517097
3.3329823
3.4926918
4.8610682
3.5611618
4.6995125
3.776947
3.099491
3.599076
3.31788
3.4462254
3.919994
4.8912277
4.7708097
3.55526
4.0104
3.4462254
3.8755226
3.116796
4.337709
3.8612232
3.6163359
3.6517985
4.6531954
3.8886483
3.3739069
3.3534987
4.1061893
3.5291975
3.5310612
5.0155334
4.1099434
3.6257899
4.529813
4.117543
5.499223
4.349103
3.838695
3.794208
3.7006366
3.6414077
3.6766272
4.661135
3.3653748
5.4994926
3.6105556
4.6538763
3.5877054
3.5888624
4.558527
3.744254
3.4462254
6.3633184
3.5561335
3.9358442
3.453474
4.4511547
4.881435
6.586655
3.5003111
5.032219
3.7957337
3.5412133
3.8249989
4.533368
3.5499628
4.4163446
4.604935
3.0947242
4.4392004
5.2522025
3.9962416
4.9318266
3.6515665
4.143739
3.8583846
4.5160484
3.8312204
3.656013
5.04529
4.073179
6.240802
3.581188
3.162633
4.5608125
4.9988375
3.5353365
3.5724332
3.3320491
3.6104639
4.631445
4.4587164
4.723323
4.723323
4.185652
5.280548
3.5296626
5.652327
3.8180656
4.8361797
5.831045
6.0388603
5.2853274
3.7819781
4.7693844
3.3062706
4.7406096
4.1294084
5.096809
4.2825356
4.2373896
4.57233
3.5031576
4.4521856
3.7617283
3.8452296
4.6532607
5.7034044
4.134175
4.196628
3.869132
6.409806
4.919093
4.3949127
5.4726353
4.3434367
3.4154587
3.5310612
4.319312
3.3422968
3.4842198
4.2783513
4.6012554
5.01531
4.505121
4.292594
4.8978014
3.52814
3.5467224
4.1861258
3.9655564
5.43921
4.509798
5.408199
4.449461
4.923583
4.087896
3.5561335
4.888456
3.6105556
3.7440183
3.8224094
2.4265866
3.4892497
3.898383
3.8977358
3.442852
3.5166636
4.4727397
4.067772
2.597088
4.308181
5.298451
3.7972672
4.2426248
4.45988
5.105485
5.196019
4.5870714
4.0790734
5.2991095
4.5013294
4.1994224
4.565868
5.712692
4.1466093
3.641417
3.8874788
4.41434
7.527989
3.941726
2.9546027
3.3320491
4.6318946
3.473759
4.480757
4.2169
3.5085328
3.4458733
5.5766325
5.9319224
5.2393622
3.5849135
3.3786833
4.010475
5.011834
4.8322644
3.3491948
3.4553592
4.7876763
3.7328978
3.5588608
3.4709814
3.3249435
3.5888624
3.949408
4.5959992
4.20502
4.0537267
3.666904
4.0814714
4.0412993
4.317449
3.7265189
3.7220607
4.636337
4.162067
3.280946
3.7094069
3.416907
4.0842447
3.7429338
4.0616875
3.3419147
5.1508083
5.5009384
3.3798647
4.23464
3.3929672
5.1734138
4.406343
4.0293293
4.2983346
3.7916303
3.523454
3.9548302
3.502904
7.242826
4.2564707
5.4110065
4.7239795
3.834362
4.1421556
3.3511813
3.696848
2.956334
4.209996
3.4889965
5.4634585
3.4534755
3.4412231
3.6417816
4.9076543
3.2192552
4.866158
3.5500624
4.0137477
4.1638823
5.156089
4.714659
6.963502
3.9715083
5.6268125
4.571848
3.5630937
5.3714724
3.3116107
3.3956223
4.3944383
3.7263446
4.5194564
4.8946834
6.034875
4.3638096
3.758164
3.6379879
3.316125
4.79027
4.421736
3.5561335
3.6387424
3.5412133
3.6517985
3.4306433
3.5915227
3.2661042
4.9039235
3.940017
3.483222
3.4355571
3.6145844
3.4987407
4.3706903
6.769539
4.6556535
5.90346
3.902158
3.5868385
4.311612
4.021236
4.8769493
3.7529817
3.6040423
5.6080265
5.451448
3.5252345
3.1565819
3.6932755
3.9758153
3.7527933
3.652019
4.0790734
3.3599293
4.2585087
3.6717634
3.5166636
3.5561335
4.6976695
3.4668329
3.7294936
3.7720013
3.4462254
4.3425393
3.6101804
3.5796545
4.877668
3.5218332
3.5681434
3.9233456
3.5766795
5.1577196
3.740534
3.239695
5.2700257
4.3216763
3.5356858
3.8744674
4.2779613
3.7092042
4.26006
3.8677056
3.6288097
3.4458733
4.27413
3.600497
5.213831
4.806576
5.5427523
3.5166636
4.000948
3.5150044
3.554894
4.019927
4.0256066
3.6001172
3.146543
3.6890824
4.621056
5.199566
4.0578322
3.2952895
4.004779
3.7241445
3.9707437
3.6229465
6.4369483
4.447342
4.5509458
3.915648
5.392252
4.1506023
3.5307102
3.5166636
2.9978511
4.163847
4.229944
4.5204244
3.903971
6.0778604
3.8123658
4.519864
3.936858
3.4522913
4.354189
3.5218332
3.494637
3.581188
3.7431502
3.692532
3.641138
3.5353365
3.666904
3.860197
3.5135598
3.3173146
3.4728954
4.3279552
3.764267
3.5353365
3.507948
3.6225123
3.7547235
3.7244353
3.4472063
3.56564
3.5375109
3.177764
3.6517985
3.5281155
4.5557103
3.6615944
7.660855
5.2619267
3.653233
4.183609
3.4534755
3.8322914
3.7015948
3.8421464
4.3584595
3.8100703
5.1340723
3.1231549
3.7851915
3.4562635
3.468873
4.585639
2.8950365
3.7592666
3.4534755
3.7295682
3.6112437
3.2553504
3.4653223
4.521687
4.2244253
3.5766795
5.5792284
3.554106
3.5561335
3.3919158
3.2887182
3.873295
3.3224084
3.8976536
3.2903159
3.9823508
3.5708327
4.1460524
3.4496667
4.236702
3.5218332
3.8634708
5.140326
3.5926201
3.9546351
4.1694074
4.7330813
3.6109352
3.6566567
4.6413503
4.67585
5.6586666
3.434229
3.4522913
3.5500624
3.5561335
3.680858
3.5561335
3.6163359
3.5561335
5.1077075
3.9039884
6.064982
3.3979158
5.125179
3.9009368
5.336051
3.3382347
3.4668329
3.4344687
4.6588917
4.481909
3.5722406
4.195796
5.524034
2.661292
5.759345
3.833242
3.648959
3.1274533
3.3297472
4.177049
5.57738
3.4146206
3.6554124
3.4450128
3.3956144
4.5137153
4.925786
3.5469186
4.83347
3.5218332
4.1233826
3.7374318
3.536089
3.2008183
5.137099
3.846943
3.6553488
3.6236293
3.4553592
3.7180276
6.430267
6.011642
4.4844737
3.080202
4.31274
4.5274463
5.27344
5.843982
3.6667674
3.4961834
3.50011
3.2216387
3.559092
3.2757082
2.9402356
5.8828373
6.1577253
5.8608117
3.8481712
3.552581
3.4645388
4.398082
6.564234
3.8506985
3.7738311
3.146718
3.8469248
4.0957036
3.564049
3.8059795
3.8936825
3.4553263
3.5533874
5.168474
3.4975314
3.6313634
4.670407
3.4783025
3.918123
4.137382
3.9253573
4.845796
4.2425747
3.8763714
3.982504
4.356133
3.434229
4.1123457
3.2325065
3.960649
3.529165
3.7708578
3.707997
3.5353365
3.7817607
3.755747
4.9030356
4.2046976
3.649506
4.0448923
4.5646334
3.9824805
4.341013
3.5766795
3.4462254
3.1855648
3.6704752
4.5240455
5.680593
5.3586087
4.8264184
3.7277448
7.6769714
7.6386476
3.5166636
3.720649
3.4938266
3.793411
3.7774482
3.5168588
8.014202
8.3715515
8.277435
7.573072
7.573072
4.1495075
4.7530932
3.6275284
4.7247734
3.8992255
3.6232574
3.779727
4.0201435
3.7677577
3.8185332
3.1545904
3.5494127
4.524189
4.674444
3.4135742
3.8300128
3.9631252
3.5218332
3.3554368
4.705273
3.4076264
4.0883007
3.562516
3.5440013
3.4701698
3.725432
3.9297822
3.2800906
4.7067566
3.5748155
3.6935983
4.507886
6.4285994
4.791351
7.1151505
4.133777
5.6021757
4.120983
3.5679517
3.7136977
3.8302832
4.284348
3.4819179
5.34346
4.404808
4.375639
3.6553488
3.618914
4.6176705
3.3441372
4.1327705
3.7910113
4.532288
8.3038225
3.879455
3.194612
4.726899
3.936858
3.3892426
3.552581
3.6104639
3.9320095
4.458825
3.4117193
3.5766795
3.5986042
4.369651
3.986485
4.362687
3.8941915
3.5440013
3.9917111
3.2828908
3.5522623
3.8597047
3.4562635
3.4506106
3.7387505
4.387059
5.846847
4.144695
4.733342
3.9052744
3.7681243
3.6601913
3.5576653
4.523862
6.020053
6.984473
5.2387347
4.336553
4.2047834
5.413582
3.6434078
4.000451
3.9749892
3.8333318
4.031058
3.8953986
3.7606742
3.5166636
3.2648683
3.452213
3.707997
3.9982224
3.6866374
3.407244
3.3437626
4.5485725
3.5561335
4.6165175
5.2866116
4.089801
4.3987045
4.696225
3.5888624
5.2749095
4.0909185
3.3580248
5.2346625
3.6677341
3.942846
4.8497124
3.4561796
3.850656
4.553507
4.2309775
4.6311264
4.906894
3.6101804
3.4462254
4.014082
3.9022882
3.3441372
3.5144665
3.5440013
4.7643867
4.0612006
3.8180003
4.1048813
3.7158575
3.6707146
4.0407352
3.564049
3.4462254
5.1554704
3.534068
3.9485066
4.2142725
3.7701926
5.2958307
3.4877164
3.6636035
3.8808331
3.5888624
3.3576365
3.588692
3.6569226
4.3567076
5.2213187
3.893431
4.2367
4.7463136
4.720792
4.7553215
3.7350032
3.5560148
3.3686867
3.7929626
4.157297
3.461646
3.2400603
3.5467224
5.876073
3.7482917
3.3738534
3.726072
4.1756105
4.2427816
8.548719
3.667133
5.2452245
5.645461
3.6308079
4.2308464
4.0048265
4.0619025
3.8442352
4.145157
3.936858
4.4906244
4.3493767
3.54688
4.249919
3.0813177
3.8157675
3.8157675
3.9078248
4.2908516
3.2894979
4.365059
4.0155706
3.358801
3.9456904
3.5703537
4.967788
4.0052915
4.844267
4.795721
5.527421
4.0802
3.6397147
3.5561335
3.5926201
3.6957395
3.680016
3.4872022
4.1109176
3.5122757
4.0217423
4.5315986
3.753752
4.5902305
3.4907355
3.5383399
3.6919937
4.6818976
4.047612
4.208563
4.699869
3.663083
3.707997
3.3071544
5.7511864
3.7344272
3.4502344
3.4418566
3.707997
3.3573267
4.612286
4.4004526
3.5500624
4.169343
3.821206
6.1519513
3.382784
3.9583905
4.640691
5.5060434
4.2289
4.0977263
4.729153
3.9431472
5.45898
3.5947418
3.5321624
3.7519522
3.3284924
3.5561469
4.190033
3.4381564
3.638704
3.707997
5.0521173
5.0070343
3.666904
3.6112437
3.7468498
3.314477
4.295001
4.4109507
3.7735212
3.8408298
3.6895666
3.3049343
3.6405597
3.4402974
3.771945
3.6828945
3.7385404
4.6575747
3.5681434
3.6337605
3.4534798
5.4958487
3.4673824
3.173629
3.8295453
3.4562635
3.616505
3.7796066
3.8670847
4.0871153
3.8224957
3.5888624
3.9119918
4.07545
4.409748
3.6183426
5.277367
3.6517985
5.7482095
4.3478374
3.9399867
3.6693318
3.9934418
3.506577
4.2216563
3.4774268
2.9985971
3.8402157
3.6856713
5.05472
4.3837414
3.8387203
3.6105556
4.0636644
3.936858
4.573772
5.729234
4.8685045
3.6269038
5.027008
3.7866917
3.428837
3.5236099
3.7649803
3.8728657
3.7859933
3.9547274
3.698143
4.0074806
3.7002165
3.5752008
4.4228683
3.663355
3.9711936
3.6471775
3.1369255
3.829588
4.06567
5.3927135
3.6479886
3.6517985
3.4534755
3.5570846
3.148639
3.2109828
4.7043567
3.9921255
4.343931
3.3963401
4.2551217
4.495655
4.805561
4.503157
3.581188
4.35367
3.8684309
6.9363313
4.489924
4.5250793
4.817112
4.820446
5.593821
5.302493
4.382656
7.9305167
3.4603193
3.7296848
3.4802487
5.339533
3.1789336
4.5197268
4.4055424
4.2102757
5.1586885
3.7157922
3.581188
3.8204885
3.3949456
4.0956116
4.0709724
4.3558216
4.160141
5.5222344
3.5440013
4.987957
4.121279
3.914475
3.3822885
3.9848342
4.8079014
5.0589724
3.468873
3.5166636
3.7436056
3.6834385
3.9864385
3.5412133
3.4553745
3.9006925
4.223439
4.711796
4.20813
4.615977
5.114941
5.110222
3.731655
3.8634772
3.8627737
3.3371348
5.1479683
4.095661
3.5799718
4.4428253
4.202658
5.167058
3.8654203
3.6517985
4.2214203
3.4882126
3.0872958
3.545938
3.5412133
3.462205
4.5282903
4.260454
3.9091687
3.4332855
3.1723099
3.82135
3.5888624
3.3683233
4.0770254
3.480947
3.4360638
3.882971
3.3492684
3.4962327
4.160865
3.982196
3.3177586
5.1502337
3.4965203
2.798403
3.4458733
4.5567517
4.1513915
3.5220513
4.0801883
4.253357
3.5528293
4.013013
3.407355
3.26497
3.3549323
5.696113
4.54185
3.5082386
4.0661764
3.5559022
5.5358768
3.5947022
3.5681434
3.396168
4.018854
3.9356773
3.4974911
3.666904
3.4370878
4.2340927
3.2625473
3.7098222
3.6828454
3.8657424
3.6318636
3.2063503
5.2543373
4.0516148
3.4979897
3.9872382
3.8356857
3.5166636
3.5681434
3.5766795
4.713027
3.807123
3.3143988
3.8599513
3.7752194
5.646719
3.6101804
4.355368
3.7192516
3.1863716
3.2560453
3.947165
3.4952483
3.4882126
4.517978
4.2836924
3.5881915
4.899466
4.8328304
3.83149
3.7699032
3.738322
5.3425446
4.0707393
3.5210242
3.527371
3.6666903
4.14282
3.666904
3.6914747
3.9279456
3.3194335
3.926469
3.6817465
3.816133
4.5169907
2.93685
3.9544566
3.6809616
4.2417855
4.9071965
3.2726612
4.2931976
3.81489
4.322172
3.3278525
3.117128
3.2774687
3.886205
3.548128
3.7449784
3.2739065
4.8694234
3.6981661
3.8566616
3.0858693
3.8496308
3.7446773
3.9053426
3.4502344
4.3462024
3.7163405
3.5218332
4.2138844
3.5766795
3.704105
3.4754305
3.5986042
3.6517985
3.665446
4.040124
4.235099
5.681417
3.8546383
4.07209
3.3707294
4.148658
4.3762207
3.6105556
5.566839
4.41043
4.457345
3.1046965
3.686892
5.1763706
4.768435
4.0328894
3.656844
4.130987
4.216979
4.473635
4.509815
3.6109352
3.6688974
3.4867449
3.5500624
3.46944
4.392503
4.899159
4.1637816
4.8139596
3.506577
3.5766795
3.5561335
3.937562
3.491894
3.2346928
4.843575
3.2820826
3.4458733
3.4066932
4.138992
3.7643456
3.9521897
3.9706457
3.600497
3.3092067
4.1717415
3.4462254
4.0654354
3.6064897
3.4889936
3.5561335
3.4502344
3.8566425
3.4664073
3.6106143
3.3403919
3.7868557
3.1338532
3.7784061
4.4365916
3.936858
3.7770674
3.7929838
4.8980827
3.2206488
3.0111399
3.6936653
4.260821
3.0501254
5.1188917
2.9627213
3.6671255
3.4481623
3.5287473
4.1063128
3.8853388
3.4462254
3.5166636
3.5622256
3.965433
3.824718
3.5766795
3.6615546
3.8151472
4.014517
3.8796782
3.2804122
3.581188
3.328305
4.094037
3.8440812
3.9854593
3.6105556
4.028005
4.2882414
3.487747
6.091063
3.6920393
3.7163405
3.9103043
3.3376577
3.637402
4.6219115
4.064495
3.4847028
5.7606797
4.098403
4.0323763
3.8750315
4.773243
3.674616
4.3004837
4.4266353
4.136573
3.6989288
4.7436504
3.3576365
3.6175528
3.4107747
3.7078419
4.221838
3.6125941
3.5926201
5.1090903
5.2043977
4.9955726
3.8116436
3.3213181
3.8897567
4.1342754
3.6105556
3.191824
3.6567585
3.7454746
4.53573
3.3604994
4.5838103
3.9098501
3.4732509
3.8090906
3.9825294
3.410532
4.3283772
3.3948333
3.777926
3.8403728
4.6920953
3.773052
4.726939
2.5565243
2.8514988
2.8514988
3.1502216
2.8514988
2.7330792
2.5565243
2.8827143
2.7330792
2.5565243
2.6935585
2.8492875
2.5565243
2.7343483
2.7343483
2.8827143
2.6935585
2.6935585
2.8492875
2.8018203
6.641001
3.6104639
3.6900282
4.2318506
3.5888624
3.53902
3.87713
3.7911847
3.975666
4.768111
3.5353365
3.781418
3.9869943
3.527935
3.6666903
4.5398784
3.581188
4.2353835
3.6517985
3.5500624
3.3774679
3.6259317
3.8403728
3.6542442
4.494078
3.9283347
3.7555885
3.656342
4.3714514
4.285655
5.0945344
3.6709917
3.1334696
3.6139872
4.1210594
4.26033
3.666904
3.676034
4.2977233
3.6900282
3.6198525
4.0155406
3.5766795
3.7851536
3.5888624
3.5766795
4.8231077
3.440596
5.3540435
